10 7 0.001381 0.134583 2.959895 7.399736
11 8 0.001292 0.122542 2.953879 7.384698
12 9 0.001381 0.139643 2.946254 7.365634
13 10 0.001381 0.132045 2.937529 7.343822
14 11 0.001292 0.129759 2.930446 7.326114
15 12 0.001196 0.175021 2.917588 7.293971
16 13 0.002013 0.153412 2.909903 7.274756
17 14 0.001465 0.211320 2.900393 7.250984
18 15 0.000846 0.161198 2.894194 7.235484
19 16 0.000488 0.225526 2.881767 7.204418
20 17 0.000488 0.172985 2.869423 7.173557
21 18 0.001827 0.216114 2.860748 7.151871
22 19 0.002342 0.155313 2.857533 7.143831
23 20 0.002072 0.201460 2.857307 7.143269
24 21 0.001619 0.154163 2.865896 7.164741
25 22 0.001544 0.185205 2.876743 7.191858
26 23 0.001381 0.145310 2.889343 7.223358
27 24 0.002674 0.159474 2.905832 7.264581
28 25 0.001953 0.155185 2.929373 7.323432
29 26 0.001381 0.142073 2.957264 7.393160
30 27 0.001196 0.133428 2.972988 7.432470
31 28 0.002290 0.134258 2.986383 7.465959
32 29 0.002128 0.131257 3.008904 7.522259
33 30 0.001691 0.140915 3.043169 7.607923
34 31 0.000977 0.128350 3.081924 7.704811
35 32 0.001092 0.142112 3.119181 7.797952
36 33 0.001619 0.149507 3.156368 7.890921
37 34 0.002184 0.147036 3.194805 7.987013
38 35 0.001465 0.191589 3.234386 8.085966
39 36 0.001761 0.182323 3.274174 8.185434
40 37 0.001827 0.215020 3.312599 8.281498
41 38 0.001953 0.213826 3.349693 8.374233
42 39 0.001544 0.230440 3.381039 8.452597
43 40 0.001196 0.222443 3.407429 8.518572
44 41 0.001196 0.205559 3.427475 8.568687
45 42 0.000846 0.205027 3.453693 8.634233
46 43 0.000977 0.196963 3.491104 8.727760
47 44 0.001196 0.196416 3.545227 8.863068
48 45 0.001196 0.195084 3.611584 9.028959
49 46 0.000977 0.199526 3.683483 9.208708
50 47 0.000691 0.201875 3.749191 9.372978
51 48 0.000691 0.184952 3.816193 9.540482
52 49 0.000977 0.193222 3.880253 9.700632
53 50 0.000977 0.179324 3.952351 9.880877
54 51 0.000691 0.209637 4.022339 10.055847
55 52 0.000846 0.182913 4.090393 10.225983
56 53 0.000846 0.172105 4.153927 10.384817
57 54 0.001292 0.153233 4.213566 10.533915
58 55 0.001196 0.137496 4.277767 10.694418
59 56 0.001196 0.143086 4.336807 10.842018
60 57 0.001381 0.111874 4.399155 10.997887
61 58 0.000977 0.124822 4.461548 11.153870
62 59 0.001619 0.105240 4.527672 11.319180
63 60 0.002072 0.113728 4.592644 11.481609
64 61 0.001691 0.081126 4.651085 11.627712
65 62 0.001196 0.079823 4.719223 11.798058
66 63 0.001092 0.060363 4.782394 11.955986
67 64 0.001544 0.086949 4.848289 12.120724
68 65 0.001761 0.087250 4.900551 12.251377
69 66 0.001092 0.173659 4.945297 12.363243
70 67 0.000846 0.156083 4.987526 12.468815
71 68 0.001381 0.176327 5.027634 12.569084
72 69 0.001953 0.096003 5.072853 12.682133
73 70 0.002847 0.095709 5.121582 12.803955
74 71 0.001381 0.061455 5.169258 12.923145
75 72 0.000846 0.078264 5.219574 13.048935
76 73 0.000000 0.067873 5.265190 13.162975
77 74 0.000977 0.088788 5.308556 13.271389
78 75 0.000846 0.063223 5.349518 13.373795
79 76 0.001092 0.070641 5.388748 13.471870
80 77 0.000488 0.056095 5.439117 13.597794
81 78 0.001196 0.060228 5.486092 13.715229
82 79 0.000000 0.053906 5.535645 13.839111
83 80 0.000488 0.040178 5.575317 13.938293
84 81 0.001196 0.032848 5.622757 14.056892
85 82 0.000000 0.039716 5.666138 14.165344
86 83 0.000000 0.032585 5.709534 14.273834
87 84 0.000691 0.030806 5.744270 14.360676
88 85 0.001196 0.038555 5.771576 14.428940
89 86 0.000691 0.038330 5.801582 14.503956
90 87 0.000000 0.032981 5.829758 14.574394
91 88 0.000691 0.031735 5.866753 14.666882
92 89 0.000691 0.037621 5.900940 14.752350
93 90 0.001381 0.037089 5.937195 14.842987
94 91 0.000691 0.039561 5.970421 14.926052
95 92 0.000977 0.041052 6.000259 15.000648
96 93 0.000000 0.056959 6.026558 15.066395
97 94 0.001092 0.061764 6.051491 15.128727
98 95 0.000000 0.091962 6.083954 15.209885
99 96 0.000691 0.085523 6.117508 15.293770
100 97 0.001092 0.082330 6.145844 15.364609
101 98 0.000691 0.073395 6.173203 15.433006
102 99 0.000691 0.087288 6.198303 15.495758
103 100 0.001196 0.094313 6.233032 15.582581
104 101 0.000488 0.097344 6.258072 15.645180
105 102 0.001292 0.097693 6.289078 15.722694
106 103 0.000000 0.089138 6.313690 15.784225
107 104 0.000977 0.115398 6.348999 15.872498
108 105 0.001381 0.097059 6.370834 15.927086
109 106 0.000846 0.125634 6.399475 15.998688
110 107 0.000846 0.122433 6.422562 16.056404
111 108 0.001619 0.134866 6.449829 16.124573
112 109 0.001544 0.122277 6.473160 16.182899
113 110 0.001544 0.140472 6.504013 16.260033
114 111 0.001544 0.149120 6.529755 16.324387
115 112 0.001544 0.143809 6.557953 16.394882
116 113 0.000691 0.124201 6.575317 16.438293
117 114 0.000488 0.121201 6.600388 16.500969
118 115 0.000000 0.132440 6.628922 16.572304
119 116 0.000846 0.129829 6.656204 16.640511
120 117 0.000691 0.126948 6.686844 16.717110
121 118 0.000000 0.139403 6.709778 16.774445
122 119 0.001465 0.128989 6.737228 16.843071
123 120 0.000846 0.145113 6.763687 16.909218
124 121 0.001196 0.173633 6.788315 16.970787
125 122 0.000846 0.217152 6.813873 17.034683
126 123 0.001381 0.207094 6.838089 17.095222
127 124 0.001381 0.204456 6.862350 17.155876
128 125 0.001544 0.184076 6.886765 17.216911
129 126 0.001381 0.201007 6.914612 17.286530
130 127 0.000691 0.145511 6.939468 17.348671
131 128 0.000691 0.140345 6.958862 17.397156
132 129 0.000000 0.120547 6.986572 17.466431
133 130 0.000977 0.137094 7.016647 17.541618
134 131 0.000691 0.143049 7.044495 17.611237
135 132 0.000846 0.168318 7.069305 17.673264
136 133 0.000691 0.154457 7.071350 17.678375
137 134 0.000691 0.147419 7.099258 17.748146
138 135 0.000691 0.168385 7.095642 17.739105
139 136 0.000691 0.211550 7.122833 17.807083
140 137 0.000691 0.208651 7.125748 17.814369
141 138 0.000691 0.162704 7.148285 17.870712
142 139 0.001196 0.121406 7.153122 17.882805
143 140 0.000846 0.123751 7.163223 17.908058
144 141 0.000977 0.149651 7.185852 17.964630
145 142 0.001092 0.147123 7.188370 17.970924
146 143 0.000691 0.157447 7.193497 17.983742
147 144 0.000691 0.146691 7.187363 17.968407
148 145 0.000691 0.180201 7.202988 18.007469
149 146 0.001092 0.174625 7.211014 18.027534
150 147 0.000846 0.201076 7.212784 18.031960
151 148 0.000691 0.202870 7.215225 18.038063
152 149 0.000846 0.172503 7.219528 18.048820
153 150 0.000488 0.144445 7.222641 18.056602
154 151 0.000691 0.126497 7.227600 18.069000
155 152 0.000977 0.152343 7.222778 18.056946
156 153 0.001691 0.134802 7.218567 18.046417
157 154 0.000691 0.155062 7.213928 18.034821
158 155 0.000488 0.134229 7.209778 18.024445
159 156 0.000977 0.153016 7.212158 18.030396
160 157 0.000691 0.108225 7.205780 18.014450
161 158 0.001691 0.131305 7.210876 18.027191
162 159 0.001381 0.109672 7.216644 18.041611
163 160 0.001196 0.134919 7.231689 18.079224
164 161 0.000846 0.129122 7.242340 18.105850
165 162 0.000691 0.124948 7.245544 18.113861
166 163 0.000488 0.117171 7.270630 18.176575
167 164 0.001092 0.097133 7.268768 18.171921
168 165 0.000846 0.117740 7.292328 18.230820
169 166 0.001544 0.130930 7.307251 18.268127
170 167 0.001544 0.153482 7.345795 18.364487
171 168 0.001761 0.120967 7.383575 18.458939
172 169 0.000691 0.109360 7.410706 18.526764
173 170 0.000691 0.113128 7.462280 18.655701
174 171 0.000000 0.163202 7.476166 18.690414
175 172 0.001196 0.215301 7.506012 18.765030
176 173 0.001544 0.187115 7.531097 18.827744
177 174 0.001196 0.131363 7.578583 18.946457
178 175 0.000691 0.112145 7.621643 19.054108
179 176 0.000488 0.134622 7.648193 19.120483
180 177 0.000000 0.146441 7.687805 19.219513
181 178 0.000846 0.105545 7.710205 19.275513
182 179 0.000691 0.127862 7.745850 19.364624
183 180 0.001092 0.176500 7.769867 19.424667
184 181 0.000846 0.202528 7.809174 19.522934
185 182 0.000977 0.227474 7.844574 19.611435
186 183 0.000000 0.224911 7.883667 19.709167
187 184 0.000488 0.218589 7.919952 19.799881
188 185 0.000000 0.141207 7.949432 19.873581
189 186 0.000977 0.079623 7.973846 19.934616
190 187 0.000846 0.055388 8.001801 20.004501
191 188 0.000691 0.088838 8.036072 20.090179
192 189 0.000488 0.144972 8.061371 20.153427
193 190 0.000977 0.177458 8.075928 20.189819
194 191 0.001292 0.202434 8.075500 20.188751
195 192 0.000691 0.207428 8.084503 20.211258
196 193 0.001292 0.202613 8.092987 20.232468
197 194 0.000691 0.184874 8.103577 20.258942
198 195 0.001092 0.147110 8.109650 20.274124
199 196 0.001196 0.121512 8.112305 20.280762
200 197 0.001761 0.104873 8.125458 20.313644
201 198 0.000977 0.104293 8.135468 20.338669
202 199 0.000488 0.166720 8.146851 20.367126
203 200 0.000691 0.216017 8.151123 20.377808
204 201 0.000000 0.245259 8.151550 20.378876
205 202 0.000846 0.235438 8.164490 20.411224
206 203 0.001292 0.190165 8.164215 20.410538
207 204 0.001092 0.170447 8.168427 20.421066
208 205 0.000977 0.145845 8.170837 20.427094
209 206 0.001381 0.132357 8.172028 20.430069
210 207 0.000691 0.116575 8.173889 20.434723
211 208 0.000977 0.113421 8.161896 20.404739
212 209 0.001544 0.114805 8.161957 20.404892
213 210 0.000977 0.118784 8.153503 20.383759
214 211 0.000000 0.118516 8.151855 20.379639
215 212 0.001544 0.117188 8.151245 20.378113
216 213 0.000691 0.115452 8.129547 20.323868
217 214 0.001092 0.090063 8.117310 20.293274
218 215 0.002184 0.085342 8.104614 20.261536
219 216 0.000977 0.085906 8.128235 20.320587
220 217 0.001292 0.080414 8.137970 20.344925
221 218 0.001292 0.067000 8.139252 20.348129
222 219 0.001196 0.082625 8.123993 20.309982
223 220 0.000691 0.078286 8.101685 20.254211
224 221 0.000691 0.112008 8.087616 20.219040
225 222 0.001292 0.090357 8.084656 20.211639
226 223 0.000691 0.079724 8.088776 20.221939
227 224 0.000846 0.059266 8.087891 20.219727
228 225 0.000691 0.056586 8.076263 20.190659
229 226 0.000846 0.066545 8.078247 20.195618
230 227 0.000691 0.078575 8.075378 20.188446
231 228 0.001196 0.103216 8.084351 20.210876
232 229 0.000977 0.094258 8.079987 20.199966
233 230 0.001544 0.095190 8.073181 20.182953
234 231 0.000977 0.076517 8.076843 20.192108
235 232 0.002889 0.099954 8.068604 20.171509
236 233 0.002629 0.105928 8.067841 20.169601
237 234 0.003010 0.119634 8.053528 20.133820
238 235 0.000691 0.095751 8.051422 20.128555
239 236 0.000488 0.115793 8.055603 20.139008
240 237 0.000488 0.093900 8.052948 20.132370
241 238 0.001381 0.103425 8.052124 20.130310
242 239 0.000691 0.094976 8.038879 20.097198
243 240 0.001292 0.106343 8.038086 20.095215
244 241 0.001381 0.103424 8.026642 20.066605
245 242 0.000691 0.103621 8.026733 20.066833
246 243 0.002490 0.102430 8.018311 20.045776
247 244 0.002184 0.112117 8.007935 20.019836
248 245 0.002013 0.117489 8.012787 20.031967
249 246 0.001465 0.129036 8.018829 20.047073
250 247 0.000977 0.109752 8.033539 20.083847
251 248 0.001292 0.110146 8.022858 20.057144
252 249 0.000000 0.112376 8.010162 20.025406
253 250 0.000846 0.139215 8.008179 20.020447
254 251 0.000691 0.137099 8.011414 20.028534
255 252 0.000000 0.120947 8.015137 20.037842
256 253 0.001196 0.104390 8.007141 20.017853
257 254 0.000977 0.097393 8.002808 20.007019
258 255 0.000977 0.120428 8.003906 20.009766
259 256 0.001196 0.141061 8.003662 20.009155
260 257 0.001544 0.151496 7.998535 19.996338
261 258 0.000000 0.131858 7.993835 19.984589
262 259 0.001092 0.108750 7.985779 19.964447
263 260 0.000691 0.125252 7.992432 19.981079
264 261 0.001465 0.136327 7.994080 19.985199
265 262 0.001196 0.144049 7.999329 19.998322
266 263 0.000977 0.142844 7.991089 19.977722
267 264 0.001196 0.142823 7.989990 19.974976
268 265 0.001292 0.142624 7.987915 19.969788
269 266 0.000000 0.171332 7.991760 19.979401
270 267 0.000000 0.176995 7.987366 19.968414
271 268 0.000488 0.198656 7.985596 19.963989
272 269 0.000488 0.118973 7.987000 19.967499
273 270 0.000691 0.085980 7.987610 19.969025
274 271 0.000691 0.094041 7.989685 19.974213
275 272 0.000488 0.109120 7.984924 19.962311
276 273 0.000488 0.129801 7.977783 19.944458
277 274 0.000691 0.146853 7.988831 19.972076
278 275 0.000488 0.142460 7.990417 19.976044
279 276 0.001827 0.155682 7.997925 19.994812
280 277 0.000977 0.138295 7.987305 19.968262
281 278 0.002072 0.144215 7.980042 19.950104
282 279 0.001092 0.181326 7.986328 19.965820
283 280 0.000977 0.188601 7.986084 19.965210
284 281 0.000691 0.205978 7.992249 19.980621
285 282 0.000691 0.168008 7.984497 19.961243
286 283 0.001761 0.186351 7.983643 19.959106
287 284 0.001196 0.169146 7.988342 19.970856
288 285 0.000846 0.173665 7.989502 19.973755
289 286 0.001691 0.178475 7.988525 19.971313
290 287 0.002238 0.265693 7.983582 19.958954
291 288 0.002970 0.259441 7.976990 19.942474
292 289 0.002584 0.237678 7.986084 19.965210
293 290 0.001544 0.155121 7.985535 19.963837
294 291 0.001381 0.191041 7.992737 19.981842
295 292 0.000846 0.202798 7.988220 19.970551
296 293 0.000000 0.204346 7.993286 19.983215
297 294 0.001544 0.129853 7.998108 19.995270
298 295 0.000977 0.122625 7.994812 19.987030
299 296 0.000691 0.110215 7.994873 19.987183
300 297 0.000691 0.153993 7.985596 19.963989
301 298 0.000000 0.122795 7.995850 19.989624
302 299 0.001092 0.150609 8.000122 20.000305
303 300 0.000846 0.144676 8.005859 20.014648
304 301 0.000691 0.121948 8.000610 20.001526
305 302 0.000488 0.105244 7.994446 19.986115
306 303 0.000488 0.095142 8.004639 20.011597
307 304 0.000488 0.114092 8.006958 20.017395
308 305 0.000488 0.099096 8.014465 20.036163
309 306 0.000000 0.090984 8.007202 20.018005
310 307 0.000000 0.086926 8.002563 20.006409
311 308 0.001381 0.109384 8.006836 20.017090
312 309 0.001827 0.118620 8.010864 20.027161
313 310 0.001953 0.136396 8.014343 20.035858
314 311 0.001196 0.148107 8.007568 20.018921
315 312 0.000691 0.151487 7.995239 19.988098
316 313 0.001196 0.118477 7.994568 19.986420
317 314 0.000977 0.103485 7.985779 19.964447
318 315 0.000846 0.112640 7.997620 19.994049
319 316 0.000691 0.170155 8.018860 20.047150
320 317 0.000846 0.151192 7.976807 19.942017
321 318 0.000977 0.167978 7.965210 19.913025
322 319 0.001619 0.161711 7.932373 19.830933
323 320 0.000846 0.182757 7.972717 19.931793
324 321 0.000977 0.164393 7.971741 19.929352
325 322 0.001196 0.117312 7.970520 19.926300
326 323 0.000000 0.128131 7.970337 19.925842
327 324 0.000977 0.140091 7.973389 19.933472
328 325 0.000691 0.159113 7.980896 19.952240
329 326 0.000977 0.149811 7.976440 19.941101
330 327 0.000846 0.138640 7.980347 19.950867
331 328 0.000488 0.136200 7.979675 19.949188
332 329 0.000000 0.122584 7.978943 19.947357
333 330 0.001196 0.081009 7.978333 19.945831
334 331 0.000846 0.070690 7.973694 19.934235
335 332 0.001092 0.069378 7.981934 19.954834
336 333 0.000691 0.091693 7.982300 19.955750
337 334 0.000691 0.107996 7.985901 19.964752
338 335 0.001691 0.135569 7.986389 19.965973
339 336 0.002290 0.155274 7.980408 19.951019
340 337 0.001761 0.152116 7.987244 19.968109
341 338 0.001544 0.128585 7.983948 19.959869
342 339 0.000691 0.130992 7.989624 19.974060
343 340 0.001092 0.115315 7.972839 19.932098
344 341 0.000691 0.132587 7.972595 19.931488
345 342 0.000977 0.124856 7.968384 19.920959
346 343 0.000488 0.142475 7.972900 19.932251
347 344 0.000977 0.143998 7.970459 19.926147
348 345 0.000846 0.123736 7.965393 19.913483
349 346 0.000691 0.130647 7.963745 19.909363
350 347 0.000691 0.119305 7.966370 19.915924
351 348 0.000691 0.125667 7.963806 19.909515
352 349 0.000488 0.091706 7.964294 19.910736
353 350 0.000488 0.105430 7.953003 19.882507
354 351 0.000691 0.096056 7.949646 19.874115
355 352 0.000977 0.091122 7.955688 19.889221
356 353 0.000691 0.081111 7.962769 19.906921
357 354 0.000691 0.124269 7.965759 19.914398
358 355 0.000000 0.145360 7.960205 19.900513
359 356 0.000977 0.148285 7.961975 19.904938
360 357 0.001092 0.115512 7.964233 19.910583
361 358 0.000691 0.121753 7.969116 19.922791
362 359 0.001092 0.134998 7.965942 19.914856
363 360 0.000691 0.142794 7.969360 19.923401
364 361 0.000000 0.166564 7.968994 19.922485
365 362 0.000488 0.155968 7.974792 19.936981
366 363 0.000691 0.157165 7.974060 19.935150
367 364 0.001381 0.144710 7.970764 19.926910
368 365 0.000846 0.157814 7.963806 19.909515
369 366 0.000000 0.122817 7.965515 19.913788
370 367 0.001092 0.134857 7.967224 19.918060
371 368 0.000691 0.160132 7.974243 19.935608
372 369 0.000691 0.173355 7.972900 19.932251
373 370 0.001292 0.182563 7.969543 19.923859
374 371 0.000846 0.156796 7.971008 19.927521
375 372 0.000691 0.208281 7.970276 19.925690
376 373 0.000846 0.198319 7.970093 19.925232
377 374 0.000846 0.201069 7.965027 19.912567
378 375 0.000846 0.167050 7.968506 19.921265
379 376 0.000000 0.153387 7.968628 19.921570
380 377 0.000488 0.132383 7.964783 19.911957
381 378 0.001196 0.127693 7.950867 19.877167
382 379 0.001196 0.138068 7.944275 19.860687
383 380 0.000691 0.117294 7.938782 19.846954
384 381 0.000691 0.103104 7.942993 19.857483
385 382 0.000977 0.088752 7.945374 19.863434
386 383 0.001092 0.099493 7.949829 19.874573
387 384 0.000000 0.134309 7.950195 19.875488
388 385 0.000691 0.117773 7.948975 19.872437
389 386 0.001092 0.121157 7.942871 19.857178
390 387 0.001619 0.086974 7.941406 19.853516
391 388 0.002290 0.096651 7.939331 19.848328
392 389 0.001196 0.095427 7.948303 19.870758
393 390 0.001827 0.129187 7.947754 19.869385
394 391 0.001196 0.143409 7.949585 19.873962
395 392 0.000691 0.122518 7.943909 19.859772
396 393 0.000846 0.105268 7.945312 19.863281
397 394 0.000977 0.092049 7.946472 19.866180
398 395 0.001544 0.115472 7.951904 19.879761
399 396 0.000691 0.103910 7.950134 19.875336
400 397 0.000691 0.120445 7.952515 19.881287
401 398 0.000691 0.132128 7.947144 19.867859
402 399 0.000691 0.158443 7.948364 19.870911
403 400 0.000691 0.163245 7.954834 19.887085
404 401 0.000488 0.133943 7.959534 19.898834
405 402 0.000488 0.114871 7.963623 19.909058
406 403 0.000691 0.107061 7.960938 19.902344
407 404 0.000691 0.108486 7.959229 19.898071
408 405 0.000488 0.113224 7.961182 19.902954
409 406 0.000488 0.123015 7.961670 19.904175
410 407 0.000977 0.150669 7.962830 19.907074
411 408 0.000846 0.131824 7.954529 19.886322
412 409 0.001092 0.104258 7.955139 19.887848
413 410 0.001544 0.102574 7.953125 19.882812
414 411 0.000691 0.109473 7.953613 19.884033
415 412 0.000000 0.123843 7.947449 19.868622
416 413 0.000691 0.139740 7.937683 19.844208
417 414 0.000977 0.124007 7.936829 19.842072
418 415 0.000691 0.129078 7.929138 19.822845
419 416 0.000846 0.136104 7.930664 19.826660
420 417 0.000488 0.155396 7.921875 19.804688
421 418 0.000846 0.141503 7.915222 19.788055
422 419 0.001196 0.134139 7.906067 19.765167
423 420 0.001092 0.126562 7.899048 19.747620
424 421 0.001381 0.122097 7.897034 19.742584
425 422 0.000846 0.114887 7.899292 19.748230
426 423 0.000691 0.120083 7.898071 19.745178
427 424 0.000691 0.131823 7.902344 19.755859
428 425 0.001292 0.129095 7.900208 19.750519
429 426 0.000846 0.137604 7.907227 19.768066
430 427 0.000691 0.127874 7.904175 19.760437
431 428 0.000691 0.137346 7.908142 19.770355
432 429 0.000000 0.125828 7.913635 19.784088
433 430 0.000000 0.131826 7.918030 19.795074
434 431 0.000691 0.118508 7.921082 19.802704
435 432 0.001381 0.120924 7.915222 19.788055
436 433 0.000977 0.116351 7.921265 19.803162
437 434 0.001381 0.111692 7.932434 19.831085
438 435 0.000977 0.112593 7.945129 19.862823
439 436 0.001196 0.147869 7.948425 19.871063
440 437 0.001092 0.154079 7.947388 19.868469
441 438 0.000000 0.140189 7.957092 19.892731
442 439 0.000000 0.130677 7.966125 19.915314
443 440 0.000488 0.130208 7.972046 19.930115
444 441 0.001381 0.123367 7.968506 19.921265
445 442 0.000977 0.116269 7.966125 19.915314
446 443 0.000691 0.124601 7.978516 19.946289
447 444 0.000691 0.140422 7.981079 19.952698
448 445 0.000000 0.155559 7.989990 19.974976
449 446 0.000977 0.188494 7.984985 19.962463
450 447 0.001196 0.153768 7.993042 19.982605
451 448 0.001465 0.112561 7.999878 19.999695
452 449 0.001292 0.121456 8.000122 20.000305
453 450 0.001761 0.129283 8.000854 20.002136
454 451 0.000977 0.108745 7.988770 19.971924
455 452 0.000977 0.115303 7.973511 19.933777
456 453 0.001465 0.131824 7.966675 19.916687
457 454 0.001544 0.123331 7.962646 19.906616
458 455 0.001465 0.127890 7.967041 19.917603
459 456 0.000488 0.123935 7.953125 19.882812
460 457 0.000000 0.127560 7.946045 19.865112
461 458 0.000691 0.120596 7.959473 19.898682
462 459 0.000691 0.106297 7.922119 19.805298
463 460 0.000691 0.114409 7.908813 19.772034
464 461 0.000977 0.166409 7.865356 19.663391
465 462 0.000488 0.143167 7.886230 19.715576
466 463 0.000691 0.120440 7.871948 19.679871
467 464 0.001381 0.098908 7.866333 19.665833
468 465 0.000691 0.102552 7.852539 19.631348
469 466 0.000488 0.093279 7.838379 19.595947
470 467 0.000000 0.099697 7.842407 19.606018
471 468 0.000000 0.105009 7.829102 19.572754
472 469 0.000846 0.103178 7.826660 19.566650
473 470 0.000846 0.101992 7.807007 19.517517
474 471 0.001196 0.123649 7.797119 19.492798
475 472 0.000000 0.144560 7.792603 19.481506
476 473 0.000000 0.159582 7.796997 19.492493
477 474 0.000977 0.128364 7.803833 19.509583
478 475 0.001196 0.095165 7.807983 19.519958
479 476 0.001196 0.084341 7.788086 19.470215
480 477 0.001292 0.108953 7.774902 19.437256
481 478 0.001292 0.133130 7.768188 19.420471
482 479 0.000977 0.153025 7.781860 19.454651
483 480 0.001196 0.130859 7.794800 19.487000
484 481 0.000691 0.132060 7.782227 19.455566
485 482 0.001196 0.115825 7.781128 19.452820
486 483 0.000691 0.139963 7.778809 19.447021
487 484 0.000488 0.133237 7.790527 19.476318
488 485 0.000977 0.139398 7.790405 19.476013
489 486 0.000691 0.129536 7.789917 19.474792
490 487 0.000691 0.143499 7.796509 19.491272
491 488 0.001381 0.153304 7.799561 19.498901
492 489 0.000691 0.137658 7.809814 19.524536
493 490 0.001544 0.130540 7.809570 19.523926
494 491 0.000846 0.118078 7.809937 19.524841
495 492 0.000977 0.128132 7.815186 19.537964
496 493 0.000000 0.140176 7.816040 19.540100
497 494 0.000846 0.181151 7.823242 19.558105
498 495 0.000488 0.156751 7.816162 19.540405
499 496 0.000691 0.149358 7.829102 19.572754
500 497 0.000977 0.141731 7.823608 19.559021
501 498 0.000846 0.175608 7.822754 19.556885
502 499 0.000977 0.211663 7.811523 19.528809
503 500 0.000000 0.178235 7.812134 19.530334
504 501 0.000000 0.163544 7.816284 19.540710
505 502 0.000977 0.137998 7.819092 19.547729
506 503 0.000977 0.133198 7.824341 19.560852
507 504 0.000977 0.131144 7.824219 19.560547
508 505 0.000488 0.137198 7.824829 19.562073
509 506 0.000488 0.128765 7.824951 19.562378
510 507 0.000846 0.119287 7.828491 19.571228
511 508 0.000691 0.103569 7.830444 19.576111
512 509 0.000000 0.125365 7.829468 19.573669
513 510 0.000691 0.112652 7.823486 19.558716
514 511 0.000000 0.129572 7.822632 19.556580
515 512 0.000488 0.148697 7.816528 19.541321
516 513 0.000691 0.221836 7.812744 19.531860
517 514 0.000846 0.242619 7.803467 19.508667
518 515 0.001092 0.246952 7.802368 19.505920
519 516 0.000691 0.279740 7.797974 19.494934
520 517 0.001953 0.279680 7.791870 19.479675
521 518 0.000846 0.237653 7.779297 19.448242
522 519 0.000977 0.206964 7.770630 19.426575
523 520 0.001465 0.136562 7.764771 19.411926
524 521 0.000846 0.161549 7.761353 19.403381
525 522 0.000488 0.150100 7.752075 19.380188
526 523 0.000488 0.190096 7.739868 19.349670
527 524 0.000691 0.166614 7.724976 19.312439
528 525 0.000691 0.154931 7.718262 19.295654
529 526 0.000691 0.120277 7.711548 19.278870
530 527 0.000691 0.139534 7.702393 19.255981
531 528 0.000691 0.136001 7.689087 19.222717
532 529 0.000488 0.149144 7.669678 19.174194
533 530 0.000488 0.142714 7.666382 19.165955
534 531 0.000488 0.162292 7.663086 19.157715
535 532 0.001465 0.156695 7.667114 19.167786
536 533 0.001381 0.198824 7.661621 19.154053
537 534 0.001092 0.196998 7.656006 19.140015
538 535 0.001092 0.223946 7.647339 19.118347
539 536 0.000977 0.193281 7.640625 19.101562
540 537 0.001544 0.199703 7.635132 19.087830
541 538 0.000691 0.200370 7.633545 19.083862
542 539 0.001092 0.194290 7.636841 19.092102
543 540 0.002013 0.220849 7.640259 19.100647
544 541 0.001544 0.201440 7.637451 19.093628
545 542 0.001619 0.212823 7.625610 19.064026
546 543 0.001292 0.177173 7.613770 19.034424
547 544 0.001196 0.182663 7.611450 19.028625
548 545 0.000846 0.186452 7.611572 19.028931
549 546 0.001196 0.168193 7.611694 19.029236
550 547 0.001691 0.161024 7.614380 19.035950
551 548 0.001381 0.144432 7.610596 19.026489
552 549 0.001619 0.167824 7.619263 19.048157
553 550 0.001092 0.156292 7.614746 19.036865
554 551 0.000846 0.155346 7.611938 19.029846
555 552 0.000846 0.130359 7.599487 18.998718
556 553 0.000977 0.134028 7.593628 18.984070
557 554 0.001544 0.127637 7.605347 19.013367
558 555 0.001292 0.163625 7.604858 19.012146
559 556 0.001092 0.214458 7.614136 19.035339
560 557 0.001381 0.213514 7.615967 19.039917
561 558 0.001465 0.180097 7.618408 19.046021
562 559 0.000691 0.209364 7.619019 19.047546
563 560 0.001196 0.261466 7.604858 19.012146
564 561 0.000000 0.255296 7.605591 19.013977
565 562 0.000488 0.199774 7.600708 19.001770
566 563 0.001196 0.147496 7.608643 19.021606
567 564 0.000846 0.143675 7.607544 19.018860
568 565 0.000000 0.137837 7.611694 19.029236
569 566 0.000691 0.165940 7.609131 19.022827
570 567 0.000977 0.181119 7.605591 19.013977
571 568 0.001196 0.174145 7.611938 19.029846
572 569 0.000691 0.153170 7.624756 19.061890
573 570 0.001544 0.153372 7.638428 19.096069
574 571 0.001691 0.147611 7.640259 19.100647
575 572 0.001691 0.133413 7.637573 19.093933
576 573 0.001761 0.156764 7.643311 19.108276
577 574 0.000488 0.178177 7.649658 19.124146
578 575 0.000488 0.205039 7.661133 19.152832
579 576 0.001544 0.212508 7.667603 19.169006
580 577 0.000691 0.213367 7.671387 19.178467
581 578 0.001196 0.228766 7.679688 19.199219
582 579 0.000691 0.193502 7.683228 19.208069
583 580 0.001381 0.162591 7.689575 19.223938
584 581 0.001381 0.143299 7.691528 19.228821
585 582 0.001761 0.112341 7.694824 19.237061
586 583 0.001953 0.091459 7.701904 19.254761
587 584 0.001691 0.084456 7.701538 19.253845
588 585 0.001544 0.092837 7.710815 19.277039
589 586 0.001196 0.087587 7.713623 19.284058
590 587 0.001092 0.111040 7.718018 19.295044
591 588 0.001196 0.115720 7.723755 19.309387
592 589 0.001465 0.136293 7.731323 19.328308
593 590 0.001292 0.154930 7.744995 19.362488
594 591 0.001196 0.166856 7.750488 19.376221
595 592 0.001691 0.161495 7.755615 19.389038
596 593 0.000977 0.204703 7.831177 19.577942
597 594 0.000977 0.118883 7.785278 19.463196
598 595 0.001381 0.101577 7.804199 19.510498
599 596 0.000488 0.099375 7.744507 19.361267
600 597 0.000691 0.139870 7.830688 19.576721
601 598 0.001196 0.182506 7.835083 19.587708
602 599 0.000691 0.186893 7.845337 19.613342
603 600 0.000846 0.131520 7.841431 19.603577
604 601 0.001196 0.116474 7.863037 19.657593
605 602 0.000691 0.105436 7.871338 19.678345
606 603 0.000977 0.136780 7.880249 19.700623
607 604 0.001953 0.171919 7.889526 19.723816
608 605 0.001381 0.162516 7.901001 19.752502
609 606 0.000977 0.121157 7.901733 19.754333
610 607 0.001196 0.115024 7.909302 19.773254
611 608 0.001465 0.133585 7.915039 19.787598
612 609 0.000977 0.173569 7.927490 19.818726
613 610 0.000000 0.190141 7.927612 19.819031
614 611 0.000000 0.210369 7.939453 19.848633
615 612 0.000977 0.178850 7.947754 19.869385
616 613 0.000000 0.191298 7.953003 19.882507
617 614 0.000977 0.147123 7.960083 19.900208
618 615 0.000000 0.178960 7.968262 19.920654
619 616 0.000691 0.171391 7.971802 19.929504
620 617 0.000000 0.182839 7.986450 19.966125
621 618 0.000691 0.208359 7.996826 19.992065
622 619 0.000977 0.185111 8.009521 20.023804
623 620 0.001381 0.190789 8.006104 20.015259
624 621 0.000977 0.135190 8.023438 20.058594
625 622 0.000691 0.125917 8.031616 20.079041
626 623 0.001381 0.131257 8.050171 20.125427
627 624 0.001092 0.176490 8.051758 20.129395
628 625 0.000846 0.229307 8.063843 20.159607
629 626 0.000691 0.211789 8.076782 20.191956
630 627 0.000977 0.178064 8.091797 20.229492
631 628 0.001381 0.175813 8.106812 20.267029
632 629 0.001092 0.207935 8.113037 20.282593
633 630 0.002184 0.198247 8.110840 20.277100
634 631 0.001381 0.187828 8.138184 20.345459
635 632 0.001619 0.148793 8.130615 20.326538
636 633 0.001292 0.129196 8.149414 20.373535
637 634 0.001381 0.108332 8.142822 20.357056
638 635 0.001196 0.153706 8.167725 20.419312
639 636 0.000488 0.200248 8.186646 20.466614
640 637 0.000977 0.224772 8.192871 20.482178
641 638 0.001544 0.240632 8.202881 20.507202
642 639 0.001292 0.200471 8.198608 20.496521
643 640 0.000691 0.161424 8.197510 20.493774
644 641 0.001196 0.122388 8.197144 20.492859
645 642 0.001092 0.134050 8.194336 20.485840
646 643 0.000691 0.118874 8.194214 20.485535
647 644 0.000000 0.109898 8.194946 20.487366
648 645 0.000691 0.112940 8.195190 20.487976
649 646 0.000691 0.159305 8.198608 20.496521
650 647 0.000691 0.153928 8.198975 20.497437
651 648 0.000691 0.134973 8.193359 20.483398
652 649 0.000691 0.122247 8.182251 20.455627
653 650 0.000000 0.132793 8.182129 20.455322
654 651 0.000691 0.142421 8.187012 20.467529
655 652 0.000977 0.172174 8.193359 20.483398
656 653 0.002238 0.137064 8.192749 20.481873
657 654 0.002013 0.113092 8.183838 20.459595
658 655 0.001292 0.107103 8.182983 20.457458
659 656 0.000846 0.106714 8.178467 20.446167
660 657 0.002128 0.099984 8.188477 20.471191
661 658 0.002584 0.109837 8.188965 20.472412
662 659 0.001196 0.108701 8.185303 20.463257
663 660 0.000977 0.127635 8.181396 20.453491
664 661 0.001691 0.156262 8.181152 20.452881
665 662 0.000691 0.142575 8.183716 20.459290
666 663 0.000691 0.152465 8.178711 20.446777
667 664 0.001196 0.152867 8.170044 20.425110
668 665 0.000691 0.169059 8.175903 20.439758
669 666 0.000977 0.198557 8.177734 20.444336
670 667 0.001381 0.170574 8.182495 20.456238
671 668 0.000000 0.202981 8.178955 20.447388
672 669 0.001092 0.161637 8.173828 20.434570
673 670 0.000846 0.181132 8.173828 20.434570
674 671 0.000846 0.133241 8.161621 20.404053
675 672 0.001092 0.132297 8.152588 20.381470
676 673 0.000691 0.109643 8.137573 20.343933
677 674 0.000846 0.115226 8.128418 20.321045
678 675 0.000488 0.092902 8.123535 20.308838
679 676 0.000977 0.097392 8.118652 20.296631
680 677 0.000977 0.101602 8.112427 20.281067
681 678 0.000000 0.104020 8.101929 20.254822
682 679 0.000846 0.114327 8.098999 20.247498
683 680 0.000846 0.107080 8.096436 20.241089
684 681 0.000691 0.129588 8.101929 20.254822
685 682 0.001092 0.111474 8.094238 20.235596
686 683 0.001292 0.096250 8.094727 20.236816
687 684 0.000691 0.093454 8.095581 20.238953
688 685 0.000000 0.101646 8.096558 20.241394
689 686 0.000691 0.117198 8.097046 20.242615
690 687 0.000488 0.163614 8.093628 20.234070
691 688 0.000691 0.185205 8.086914 20.217285
692 689 0.000000 0.187852 8.083130 20.207825
693 690 0.000000 0.159930 8.074219 20.185547
694 691 0.000488 0.168273 8.070068 20.175171
695 692 0.000000 0.173025 8.055420 20.138550
696 693 0.000691 0.168379 8.038574 20.096436
697 694 0.000977 0.173845 8.029541 20.073853
698 695 0.001292 0.171900 8.020142 20.050354
699 696 0.000000 0.184936 8.016602 20.041504
700 697 0.001092 0.168505 8.013184 20.032959
701 698 0.000691 0.181851 8.010864 20.027161
702 699 0.000488 0.167398 8.014160 20.035400
703 700 0.000977 0.164856 8.010620 20.026550
704 701 0.001196 0.180337 8.009277 20.023193
705 702 0.001381 0.195038 8.001587 20.003967
706 703 0.000691 0.223148 7.999390 19.998474
707 704 0.000846 0.213056 8.001221 20.003052
708 705 0.001092 0.232830 8.000977 20.002441
709 706 0.001381 0.244017 7.992798 19.981995
710 707 0.000691 0.226571 7.977905 19.944763
711 708 0.001092 0.212328 7.970459 19.926147
712 709 0.000977 0.180435 7.966309 19.915771
713 710 0.000488 0.185785 7.960449 19.901123
714 711 0.000846 0.129414 7.950562 19.876404
715 712 0.001092 0.110472 7.937500 19.843750
716 713 0.000977 0.120845 7.931519 19.828796
717 714 0.000691 0.145568 7.913696 19.784241
718 715 0.001827 0.165549 7.901978 19.754944
719 716 0.001544 0.135190 7.888062 19.720154
720 717 0.001092 0.159094 7.878418 19.696045
721 718 0.002184 0.188838 7.871338 19.678345
722 719 0.000000 0.186530 7.855713 19.639282
723 720 0.000691 0.158432 7.843628 19.609070
724 721 0.000977 0.138574 7.827637 19.569092
725 722 0.000000 0.134774 7.807007 19.517517
726 723 0.000488 0.161269 7.792480 19.481201
727 724 0.000691 0.105107 7.777466 19.443665
728 725 0.000977 0.105529 7.767944 19.419861
729 726 0.000846 0.123882 7.748535 19.371338
730 727 0.000977 0.166570 7.728638 19.321594
731 728 0.001381 0.157099 7.708862 19.272156
732 729 0.001761 0.140100 7.698975 19.247437
733 730 0.001196 0.127436 7.677856 19.194641
734 731 0.000000 0.143570 7.655151 19.137878
735 732 0.000000 0.174499 7.639771 19.099426
736 733 0.000977 0.151354 7.632080 19.080200
737 734 0.001761 0.152152 7.630981 19.077454
738 735 0.001761 0.142180 7.611328 19.028320
739 736 0.001953 0.146629 7.593506 18.983765
740 737 0.002238 0.154590 7.582275 18.955688
741 738 0.002128 0.122245 7.577148 18.942871
742 739 0.000488 0.139397 7.570923 18.927307
743 740 0.001292 0.152012 7.557861 18.894653
744 741 0.000000 0.153162 7.543579 18.858948
745 742 0.001092 0.152090 7.534180 18.835449
746 743 0.000691 0.129586 7.517334 18.793335
747 744 0.001196 0.156683 7.505737 18.764343
748 745 0.000691 0.159605 7.491089 18.727722
749 746 0.000691 0.156569 7.484253 18.710632
750 747 0.001465 0.140431 7.476807 18.692017
751 748 0.001544 0.131487 7.464233 18.660583
752 749 0.001196 0.120478 7.450439 18.626099
753 750 0.001381 0.130398 7.427368 18.568420
754 751 0.001196 0.147978 7.406494 18.516235
755 752 0.001381 0.153036 7.396362 18.490906
756 753 0.000977 0.147161 7.383911 18.459778
757 754 0.001381 0.126812 7.374023 18.435059
758 755 0.000846 0.126728 7.350952 18.377380
759 756 0.000000 0.108938 7.338867 18.347168
760 757 0.000000 0.083991 7.323486 18.308716
761 758 0.000000 0.087140 7.308960 18.272400
762 759 0.000691 0.096441 7.290283 18.225708
763 760 0.000691 0.132023 7.274048 18.185120
764 761 0.001092 0.118196 7.266479 18.166199
765 762 0.000691 0.138555 7.264771 18.161926
766 763 0.001092 0.120594 7.260254 18.150635
767 764 0.000977 0.130241 7.250854 18.127136
768 765 0.000977 0.106084 7.233276 18.083191
769 766 0.000691 0.112874 7.234253 18.085632
770 767 0.000846 0.096894 7.229004 18.072510
771 768 0.000977 0.103869 7.227539 18.068848
772 769 0.000488 0.086774 7.212524 18.031311
773 770 0.000000 0.099563 7.197021 17.992554
774 771 0.000846 0.107330 7.192993 17.982483
775 772 0.000691 0.137590 7.178467 17.946167
776 773 0.000846 0.189557 7.169922 17.924805
777 774 0.001092 0.207221 7.150513 17.876282
778 775 0.001196 0.204998 7.136719 17.841797
779 776 0.001891 0.171634 7.124268 17.810669
780 777 0.001196 0.141566 7.107788 17.769470
781 778 0.000977 0.105561 7.096436 17.741089
782 779 0.000488 0.101780 7.082031 17.705078
783 780 0.000977 0.100052 7.063965 17.659912
784 781 0.000691 0.087690 7.051514 17.628784
785 782 0.001092 0.074031 7.034790 17.586975
786 783 0.001465 0.077904 7.023682 17.559204
787 784 0.001827 0.086154 6.997437 17.493591
788 785 0.000977 0.098476 6.982300 17.455750
789 786 0.000691 0.124743 6.961670 17.404175
790 787 0.001196 0.119238 6.947998 17.369995
791 788 0.001196 0.100875 6.925659 17.314148
792 789 0.000977 0.062357 6.908447 17.271118
793 790 0.000977 0.064376 6.895630 17.239075
794 791 0.000488 0.083122 6.878418 17.196045
795 792 0.000691 0.094136 6.866699 17.166748
796 793 0.000846 0.100771 6.847900 17.119751
797 794 0.000691 0.070889 6.823730 17.059326
798 795 0.000488 0.065039 6.809814 17.024536
799 796 0.000488 0.073683 6.792114 16.980286
800 797 0.000000 0.085282 6.785034 16.962585
801 798 0.001381 0.087554 6.766113 16.915283
802 799 0.000846 0.091511 6.747925 16.869812
803 800 0.000000 0.114375 6.733765 16.834412
804 801 0.002290 0.119877 6.706543 16.766357
805 802 0.000488 0.112172 6.685181 16.712952
806 803 0.000977 0.119370 6.661621 16.654053
807 804 0.002128 0.121540 6.659302 16.648254
808 805 0.000000 0.095229 6.656738 16.641846
809 806 0.000846 0.099877 6.655273 16.638184
810 807 0.001381 0.092622 6.647705 16.619263
811 808 0.000977 0.102226 6.634644 16.586609
812 809 0.000488 0.097530 6.621582 16.553955
813 810 0.000846 0.127292 6.612183 16.530457
814 811 0.000691 0.140003 6.617554 16.543884
815 812 0.000000 0.107620 6.604248 16.510620
816 813 0.000000 0.077705 6.586914 16.467285
817 814 0.000691 0.068876 6.568970 16.422424
818 815 0.000846 0.072406 6.569092 16.422729
819 816 0.000691 0.073512 6.568970 16.422424
820 817 0.001092 0.069292 6.559082 16.397705
821 818 0.000691 0.060865 6.543579 16.358948
822 819 0.000488 0.065285 6.526855 16.317139
823 820 0.000000 0.056847 6.512695 16.281738
824 821 0.000488 0.073878 6.506470 16.266174
825 822 0.000977 0.056473 6.495728 16.239319
826 823 0.000000 0.067985 6.490112 16.225281
827 824 0.000488 0.055444 6.490723 16.226807
828 825 0.000977 0.077067 6.476440 16.191101
829 826 0.001092 0.079451 6.452393 16.130981
830 827 0.000488 0.090298 6.434326 16.085815
831 828 0.000488 0.072138 6.426025 16.065063
832 829 0.000000 0.061320 6.421265 16.053162
833 830 0.000000 0.075584 6.402100 16.005249
834 831 0.000977 0.071747 6.398926 15.997314
835 832 0.000977 0.103792 6.389160 15.972900
836 833 0.000846 0.100865 6.383301 15.958252
837 834 0.001196 0.139934 6.370483 15.926208
838 835 0.000977 0.103604 6.364502 15.911255
839 836 0.000977 0.088862 6.356323 15.890808
840 837 0.000846 0.077647 6.338501 15.846252
841 838 0.001292 0.085877 6.319580 15.798950
842 839 0.001196 0.084335 6.310425 15.776062
843 840 0.000691 0.080704 6.277588 15.693970
844 841 0.001465 0.069389 6.255859 15.639648
845 842 0.001953 0.077176 6.205322 15.513306
846 843 0.000000 0.055434 6.188232 15.470581
847 844 0.001092 0.058215 6.148071 15.370178
848 845 0.001092 0.063309 6.118774 15.296936
849 846 0.000977 0.101483 6.083496 15.208740
850 847 0.000691 0.079596 6.050537 15.126343
851 848 0.000000 0.145208 6.033691 15.084229
852 849 0.000691 0.130434 6.000000 15.000000
853 850 0.000977 0.166164 5.977539 14.943848
854 851 0.000691 0.079759 5.944824 14.862061
855 852 0.000977 0.074191 5.920410 14.801025
856 853 0.000691 0.065944 5.904541 14.761353
857 854 0.000488 0.066821 5.882080 14.705200
858 855 0.000691 0.059271 5.868408 14.671021
859 856 0.000000 0.067004 5.835938 14.589844
860 857 0.000488 0.040156 5.800293 14.500732
861 858 0.000488 0.046612 5.761230 14.403076
862 859 0.000488 0.043652 5.721924 14.304810
863 860 0.000000 0.055610 5.677246 14.193115
864 861 0.000691 0.054230 5.629150 14.072876
865 862 0.000691 0.054466 5.580078 13.950195
866 863 0.000488 0.067173 5.537354 13.843384
867 864 0.000846 0.048778 5.499512 13.748779
868 865 0.000000 0.047515 5.460693 13.651733
869 866 0.000691 0.057104 5.419189 13.547974
870 867 0.000488 0.056620 5.374512 13.436279
871 868 0.000691 0.053041 5.327393 13.318481
872 869 0.000691 0.044548 5.275391 13.188477
873 870 0.000846 0.036604 5.216553 13.041382
874 871 0.000488 0.042374 5.161621 12.904053
875 872 0.000977 0.056950 5.110840 12.777100
876 873 0.000977 0.043700 5.062988 12.657471
877 874 0.000977 0.037223 5.009277 12.523193
878 875 0.001092 0.037485 4.958252 12.395630
879 876 0.000691 0.034007 4.895508 12.238770
880 877 0.000000 0.035957 4.859863 12.149658
881 878 0.000000 0.041176 4.825928 12.064819
882 879 0.000691 0.033008 4.780762 11.951904
883 880 0.001196 0.034314 4.747559 11.868896
884 881 0.000846 0.046725 4.714111 11.785278
885 882 0.001196 0.041056 4.684814 11.712036
886 883 0.000488 0.040580 4.661377 11.653442
887 884 0.000488 0.051911 4.603027 11.507568
888 885 0.001196 0.049328 4.615723 11.539307
889 886 0.000000 0.048696 4.600586 11.501465
890 887 0.001544 0.048917 4.584961 11.462402
891 888 0.000691 0.043932 4.577393 11.443481
892 889 0.001292 0.048373 4.573486 11.433716
893 890 0.001196 0.048530 4.555420 11.388550
894 891 0.000691 0.052311 4.550049 11.375122
895 892 0.001381 0.104479 4.481689 11.204224
896 893 0.000000 0.056961 4.541748 11.354370
897 894 0.001691 0.051539 4.544434 11.361084
898 895 0.000977 0.051775 4.539307 11.348267
899 896 0.000977 0.051312 4.533691 11.334229
900 897 0.000691 0.054185 4.519287 11.298218
901 898 0.001827 0.051472 4.514648 11.286621
902 899 0.001544 0.040608 4.506592 11.266479
903 900 0.000691 0.102714 4.439697 11.099243
904 901 0.000488 0.038515 4.504395 11.260986
905 902 0.000977 0.047365 4.506348 11.265869
906 903 0.000846 0.049369 4.502686 11.256714
907 904 0.000691 0.057895 4.498291 11.245728
908 905 0.001381 0.032695 4.486328 11.215820
909 906 0.000488 0.034715 4.497314 11.243286
910 907 0.000488 0.034811 4.492920 11.232300
911 908 0.000691 0.079382 4.433594 11.083984
912 909 0.001953 0.036552 4.483643 11.209106
913 910 0.001544 0.037560 4.474121 11.185303
914 911 0.000977 0.044037 4.481689 11.204224
915 912 0.000846 0.024023 4.481689 11.204224
916 913 0.000488 0.027186 4.484619 11.211548
917 914 0.000000 0.033819 4.484863 11.212158
918 915 0.000000 0.032944 4.479980 11.199951
919 916 0.000977 0.037994 4.482178 11.205444
920 917 0.001196 0.037530 4.486328 11.215820
921 918 0.001196 0.036801 4.489746 11.224365
922 919 0.001196 0.092014 4.448730 11.121826
923 920 0.001092 0.028770 4.493896 11.234741
924 921 0.001196 0.039875 4.496338 11.240845
925 922 0.001196 0.034152 4.506836 11.267090
926 923 0.000691 0.039620 4.507080 11.267700
927 924 0.000846 0.032112 4.510010 11.275024
928 925 0.001381 0.055452 4.520264 11.300659
929 926 0.001092 0.042949 4.532471 11.331177
930 927 0.001381 0.108595 4.513916 11.284790
931 928 0.000000 0.024923 4.553223 11.383057
932 929 0.000691 0.019872 4.559082 11.397705
933 930 0.000691 0.029189 4.567139 11.417847
934 931 0.000691 0.026493 4.565674 11.414185
935 932 0.000488 0.037851 4.567871 11.419678
936 933 0.000846 0.018541 4.581299 11.453247
937 934 0.000691 0.031029 4.584961 11.462402
938 935 0.000691 0.042858 4.581543 11.453857
939 936 0.000691 0.060167 4.585938 11.464844
940 937 0.000977 0.069016 4.582275 11.455688
941 938 0.000977 0.141618 4.578613 11.446533
942 939 0.000977 0.088953 4.588867 11.472168
943 940 0.000691 0.079651 4.592041 11.480103
944 941 0.001196 0.091342 4.601318 11.503296
945 942 0.000691 0.085258 4.595215 11.488037
946 943 0.001619 0.091757 4.587646 11.469116
947 944 0.000488 0.083828 4.588867 11.472168
948 945 0.000846 0.077870 4.579346 11.448364
949 946 0.000000 0.123186 4.591553 11.478882
950 947 0.000000 0.071089 4.573730 11.434326
951 948 0.000846 0.112277 4.571533 11.428833
952 949 0.000977 0.123579 4.576416 11.441040
953 950 0.000846 0.150860 4.576416 11.441040
954 951 0.000000 0.112835 4.580322 11.450806
955 952 0.000977 0.110366 4.591309 11.478271
956 953 0.000846 0.096790 4.598389 11.495972
957 954 0.000691 0.094970 4.642334 11.605835
958 955 0.000691 0.079542 4.620361 11.550903
959 956 0.000977 0.074841 4.629150 11.572876
960 957 0.000977 0.082547 4.639648 11.599121
961 958 0.000846 0.097750 4.652588 11.631470
962 959 0.001196 0.116514 4.669922 11.674805
963 960 0.001092 0.137550 4.685303 11.713257
964 961 0.001196 0.127608 4.700928 11.752319
965 962 0.000488 0.129367 4.720703 11.801758
966 963 0.001619 0.147846 4.739258 11.848145
967 964 0.001381 0.137766 4.758545 11.896362
968 965 0.001196 0.109688 4.805176 12.012939
969 966 0.000846 0.129363 4.792236 11.980591
970 967 0.000488 0.153322 4.816650 12.041626
971 968 0.000000 0.178911 4.829346 12.073364
972 969 0.000000 0.161958 4.852295 12.130737
973 970 0.000846 0.137155 4.875000 12.187500
974 971 0.001465 0.121193 4.891357 12.228394
975 972 0.001381 0.116160 4.915527 12.288818
976 973 0.000977 0.119859 4.938477 12.346191
977 974 0.000846 0.110800 4.959473 12.398682
978 975 0.000691 0.088752 4.982178 12.455444
979 976 0.000000 0.079539 5.014404 12.536011
980 977 0.000000 0.118287 5.020508 12.551270
981 978 0.000488 0.142793 5.054688 12.636719
982 979 0.000846 0.146290 5.070557 12.676392
983 980 0.000846 0.123129 5.095459 12.738647
984 981 0.000691 0.108983 5.101074 12.752686
985 982 0.000691 0.095431 5.105225 12.763062
986 983 0.000000 0.076856 5.110352 12.775879
987 984 0.000691 0.071713 5.113770 12.784424
988 985 0.000691 0.053092 5.117676 12.794189
989 986 0.000977 0.053190 5.120850 12.802124
990 987 0.000000 0.048530 5.117188 12.792969
991 988 0.000488 0.055890 5.121826 12.804565
992 989 0.000488 0.064644 5.122803 12.807007
993 990 0.000488 0.056122 5.131104 12.827759
994 991 0.000691 0.054412 5.131592 12.828979
995 992 0.000691 0.048802 5.135010 12.837524
996 993 0.000691 0.062076 5.138672 12.846680
997 994 0.000488 0.073098 5.142334 12.855835
998 995 0.000691 0.078867 5.144043 12.860107
999 996 0.000691 0.067848 5.143555 12.858887
1000 997 0.000488 0.064641 5.140137 12.850342
1001 998 0.000691 0.057537 5.139648 12.849121
1002 999 0.000691 0.063828 5.125000 12.812500
1003 1000 0.000846 0.063955 5.109375 12.773438
1004 1001 0.000000 0.068887 5.080811 12.702026
1005 1002 0.000488 0.054959 5.058105 12.645264
1006 1003 0.000691 0.052215 5.039307 12.598267
1007 1004 0.000691 0.054245 5.024170 12.560425
1008 1005 0.000846 0.055452 5.008301 12.520752
1009 1006 0.001092 0.049549 4.986328 12.465820
1010 1007 0.000977 0.038942 4.966553 12.416382
1011 1008 0.000000 0.038719 4.933105 12.332764
1012 1009 0.000000 0.032464 4.907227 12.268066
1013 1010 0.001196 0.035324 4.864258 12.160645
1014 1011 0.000691 0.047712 4.826416 12.066040
1015 1012 0.000977 0.064309 4.793701 11.984253
1016 1013 0.000977 0.074513 4.750244 11.875610
1017 1014 0.001544 0.064320 4.730469 11.826172
1018 1015 0.000846 0.049873 4.670410 11.676025
1019 1016 0.000691 0.074578 4.622314 11.555786
1020 1017 0.000488 0.070998 4.588867 11.472168
1021 1018 0.000488 0.094197 4.541016 11.352539
1022 1019 0.000691 0.087641 4.500000 11.250000
1023 1020 0.001196 0.074112 4.472168 11.180420
1024 1021 0.000846 0.080769 4.430908 11.077271
1025 1022 0.001292 0.075322 4.473145 11.182861
1026 1023 0.001092 0.077712 4.424316 11.060791
1027 1024 0.000488 0.079186 4.419189 11.047974
1028 1025 0.000846 0.083763 4.422363 11.055908
1029 1026 0.001092 0.099519 4.396484 10.991211
1030 1027 0.001196 0.102937 4.393555 10.983887
1031 1028 0.000846 0.095556 4.397461 10.993652
1032 1029 0.000846 0.136722 4.388428 10.971069
1033 1030 0.000691 0.156982 4.479736 11.199341
1034 1031 0.001092 0.146220 4.370117 10.925293
1035 1032 0.000977 0.125504 4.343262 10.858154
1036 1033 0.000977 0.137999 4.337158 10.842896
1037 1034 0.001092 0.124377 4.323730 10.809326
1038 1035 0.002013 0.107923 4.315186 10.787964
1039 1036 0.001381 0.090203 4.310059 10.775146
1040 1037 0.001292 0.087526 4.300293 10.750732
1041 1038 0.001196 0.109648 4.425781 11.064453
1042 1039 0.000977 0.105138 4.289551 10.723877
1043 1040 0.001544 0.121912 4.281738 10.704346
1044 1041 0.001953 0.145427 4.268555 10.671387
1045 1042 0.001292 0.110633 4.269531 10.673828
1046 1043 0.000488 0.137217 4.266602 10.666504
1047 1044 0.000488 0.090820 4.261719 10.654297
1048 1045 0.000691 0.138860 4.261475 10.653687
1049 1046 0.002072 0.051474 4.373535 10.933838
1050 1047 0.002013 0.174621 4.256836 10.642090
1051 1048 0.001953 0.118029 4.270020 10.675049
1052 1049 0.000977 0.105270 4.262207 10.655518
1053 1050 0.001196 0.084512 4.284912 10.712280
1054 1051 0.001196 0.081422 4.291748 10.729370
1055 1052 0.000691 0.094700 4.291992 10.729980
1056 1053 0.001092 0.091033 4.293457 10.733643
1057 1054 0.001827 0.127465 4.299316 10.748291
1058 1055 0.001544 0.116136 4.315918 10.789795
1059 1056 0.001196 0.147639 4.325439 10.813599
1060 1057 0.001092 0.025244 4.416016 11.040039
1061 1058 0.001761 0.127279 4.317871 10.794678
1062 1059 0.002238 0.124510 4.321289 10.803223
1063 1060 0.001381 0.155609 4.327637 10.819092
1064 1061 0.000691 0.126892 4.364014 10.910034
1065 1062 0.001092 0.137464 4.379883 10.949707
1066 1063 0.001827 0.111568 4.375000 10.937500
1067 1064 0.002584 0.126656 4.370605 10.926514
1068 1065 0.000691 0.077948 4.437012 11.092529
1069 1066 0.001196 0.125876 4.382324 10.955811
1070 1067 0.000846 0.152747 4.397217 10.993042
1071 1068 0.001092 0.158402 4.397217 10.993042
1072 1069 0.001292 0.176111 4.406250 11.015625
1073 1070 0.001465 0.167209 4.423096 11.057739
1074 1071 0.001196 0.182094 4.426758 11.066895
1075 1072 0.001544 0.167882 4.453613 11.134033
1076 1073 0.000691 0.124264 4.502197 11.255493
1077 1074 0.001292 0.169365 4.500732 11.251831
1078 1075 0.000488 0.180280 4.530273 11.325684
1079 1076 0.000846 0.201062 4.543945 11.359863
1080 1077 0.000691 0.187061 4.565918 11.414795
1081 1078 0.001544 0.165159 4.588379 11.470947
1082 1079 0.001381 0.169421 4.604004 11.510010
1083 1080 0.001196 0.139248 4.652832 11.632080
1084 1081 0.000691 0.159268 4.667969 11.669922
1085 1082 0.001381 0.125549 4.696045 11.740112
1086 1083 0.000977 0.163352 4.697998 11.744995
1087 1084 0.001292 0.132224 4.734375 11.835938
1088 1085 0.001092 0.148455 4.769043 11.922607
1089 1086 0.000846 0.137894 4.807617 12.019043
1090 1087 0.000977 0.158811 4.824463 12.061157
1091 1088 0.000846 0.191128 4.835449 12.088623
1092 1089 0.000691 0.175303 4.858643 12.146606
1093 1090 0.000488 0.181326 4.903320 12.258301
1094 1091 0.000691 0.145902 4.949219 12.373047
1095 1092 0.000488 0.169229 4.966309 12.415771
1096 1093 0.000691 0.151908 4.988037 12.470093
1097 1094 0.000000 0.144036 5.006836 12.517090
1098 1095 0.000691 0.108864 5.073486 12.683716
1099 1096 0.000691 0.159353 5.065186 12.662964
1100 1097 0.001196 0.185936 5.095215 12.738037
