10 7 0.000303 0.012634 2.789951 6.974877
11 8 0.000248 0.011674 2.783138 6.957845
12 9 0.000174 0.016427 2.804411 7.011027
13 10 0.000307 0.014717 2.758074 6.895185
14 11 0.000178 0.020612 2.745043 6.862607
15 12 0.000255 0.026857 2.702877 6.757193
16 13 0.000000 0.029383 2.723126 6.807816
17 14 0.000000 0.022774 2.713963 6.784906
18 15 0.000256 0.016402 2.702457 6.756144
19 16 0.000257 0.008608 2.689994 6.724985
20 17 0.000258 0.008211 2.681233 6.703084
21 18 0.000258 0.006326 2.671797 6.679492
22 19 0.000260 0.007213 2.660740 6.651850
23 20 0.000370 0.008998 2.642859 6.607146
24 21 0.000558 0.007032 2.624441 6.561103
25 22 0.000459 0.005654 2.606766 6.516914
26 23 0.000377 0.011753 2.589533 6.473832
27 24 0.000000 0.004726 2.578217 6.445541
28 25 0.000272 0.004878 2.541945 6.354861
29 26 0.000000 0.008152 2.509136 6.272840
30 27 0.000280 0.013222 2.465698 6.164246
31 28 0.000448 0.010778 2.435673 6.089182
32 29 0.000406 0.008957 2.404339 6.010847
33 30 0.000000 0.009253 2.375362 5.938406
34 31 0.000000 0.007540 2.350737 5.876842
35 32 0.000297 0.010346 2.324833 5.812082
36 33 0.000212 0.011134 2.299864 5.749660
37 34 0.000215 0.011379 2.272219 5.680547
38 35 0.000000 0.006921 2.243341 5.608354
39 36 0.000000 0.009901 2.211197 5.527992
40 37 0.000000 0.015231 2.208916 5.522289
41 38 0.000000 0.006685 2.161461 5.403652
42 39 0.000000 0.005678 2.126640 5.316601
43 40 0.000333 0.021957 2.072895 5.182238
44 41 0.000000 0.014631 2.059193 5.147982
45 42 0.000340 0.009820 2.028782 5.071955
46 43 0.000548 0.008090 1.993279 4.983196
47 44 0.000353 0.009820 1.953976 4.884939
48 45 0.000253 0.010556 1.928349 4.820871
49 46 0.000567 0.011501 1.925350 4.813375
50 47 0.000729 0.013398 1.893578 4.733944
51 48 0.000744 0.014906 1.855343 4.638357
52 49 0.000000 0.013289 1.790382 4.475956
53 50 0.000394 0.005527 1.753231 4.383078
54 51 0.000000 0.014916 1.702248 4.255619
55 52 0.000297 0.019061 1.644218 4.110546
56 53 0.000436 0.016090 1.583015 3.957539
57 54 0.000455 0.012387 1.518169 3.795424
58 55 0.000671 0.015815 1.455082 3.637705
59 56 0.000610 0.035031 1.387058 3.467646
60 57 0.000521 0.030737 1.325512 3.313780
61 58 0.000000 0.025289 1.259056 3.147640
62 59 0.000410 0.022138 1.191975 2.979937
63 60 0.000609 0.014220 1.133400 2.833500
64 61 0.000659 0.029755 1.047432 2.618580
65 62 0.000000 0.012580 0.974133 2.435331
66 63 0.000000 0.032690 0.886803 2.217007
67 64 0.000000 0.028595 0.843033 2.107582
68 65 0.001212 0.032114 0.805481 2.013702
69 66 0.000875 0.033519 0.789318 1.973295
70 67 0.000886 0.025319 0.779537 1.948843
71 68 0.001391 0.022600 0.784992 1.962481
72 69 0.000637 0.035417 0.767040 1.917601
73 70 0.000642 0.040515 0.760845 1.902113
74 71 0.000000 0.045326 0.749638 1.874094
75 72 0.001132 0.015341 0.747299 1.868248
76 73 0.000927 0.018711 0.744656 1.861639
77 74 0.000935 0.028208 0.738689 1.846724
78 75 0.000647 0.018758 0.754459 1.886148
79 76 0.000000 0.012619 0.763016 1.907539
80 77 0.001777 0.021368 0.777199 1.942997
81 78 0.001086 0.018992 0.778404 1.946011
82 79 0.000883 0.034234 0.781975 1.954937
83 80 0.000000 0.032136 0.785336 1.963339
84 81 0.000867 0.021640 0.796219 1.990547
85 82 0.000855 0.007259 0.807678 2.019196
86 83 0.001179 0.019388 0.828217 2.070541
87 84 0.001499 0.014648 0.861675 2.154188
88 85 0.001223 0.021402 0.892807 2.232018
89 86 0.000524 0.009028 0.931530 2.328825
90 87 0.000502 0.016869 0.973446 2.433615
91 88 0.000671 0.016237 1.029297 2.573242
92 89 0.001095 0.049477 1.091824 2.729559
93 90 0.001041 0.065049 1.148468 2.871170
94 91 0.001152 0.067185 1.198563 2.996407
95 92 0.001851 0.063610 1.237289 3.093224
96 93 0.001752 0.057600 1.277275 3.193188
97 94 0.001563 0.039482 1.325108 3.312769
98 95 0.000879 0.055314 1.360729 3.401823
99 96 0.000606 0.049134 1.395607 3.489017
100 97 0.001135 0.042225 1.427425 3.568563
101 98 0.000575 0.032843 1.470642 3.676605
102 99 0.000907 0.034241 1.522945 3.807364
103 100 0.001092 0.031056 1.549412 3.873529
104 101 0.000692 0.028735 1.576775 3.941936
105 102 0.000746 0.018038 1.603615 4.009037
106 103 0.001104 0.025327 1.654411 4.136028
107 104 0.000575 0.019203 1.698635 4.246588
108 105 0.000692 0.021568 1.728500 4.321251
109 106 0.000731 0.031449 1.767815 4.419537
110 107 0.000385 0.020395 1.791306 4.478264
111 108 0.000534 0.024491 1.828465 4.571161
112 109 0.000527 0.034278 1.854034 4.635086
113 110 0.000365 0.035626 1.892227 4.730568
114 111 0.000358 0.028626 1.926750 4.816875
115 112 0.000499 0.032206 1.958054 4.895134
116 113 0.000546 0.030849 2.000305 5.000763
117 114 0.000000 0.028009 2.033134 5.082836
118 115 0.000335 0.028529 2.062279 5.155697
119 116 0.000665 0.029253 2.077774 5.194435
120 117 0.000233 0.024992 2.093994 5.234985
121 118 0.000514 0.018310 2.123703 5.309258
122 119 0.000000 0.012797 2.164856 5.412140
123 120 0.000444 0.015106 2.199890 5.499725
124 121 0.000764 0.015099 2.214554 5.536385
125 122 0.000222 0.025404 2.203369 5.508423
126 123 0.000629 0.030480 2.194901 5.487251
127 124 0.000545 0.026091 2.196358 5.490894
128 125 0.000314 0.027109 2.199615 5.499039
129 126 0.000624 0.020403 2.212791 5.531979
130 127 0.000540 0.020882 2.215324 5.538311
131 128 0.000442 0.012464 2.209480 5.523701
132 129 0.000769 0.022057 2.200806 5.502014
133 130 0.000544 0.023237 2.199333 5.498333
134 131 0.000000 0.023140 2.215729 5.539322
135 132 0.000623 0.020591 2.216881 5.542202
136 133 0.000220 0.021363 2.214691 5.536728
137 134 0.000442 0.022973 2.209007 5.522518
138 135 0.000624 0.022496 2.213829 5.534573
139 136 0.000492 0.015105 2.219566 5.548916
140 137 0.000439 0.016215 2.223808 5.559521
141 138 0.000000 0.015940 2.226860 5.567150
142 139 0.000490 0.018363 2.229561 5.573902
143 140 0.000308 0.017271 2.239029 5.597572
144 141 0.000000 0.014384 2.241196 5.602989
145 142 0.000433 0.022583 2.253883 5.634708
146 143 0.000000 0.019848 2.260040 5.650101
147 144 0.000430 0.021784 2.270607 5.676517
148 145 0.000214 0.016983 2.276817 5.692043
149 146 0.000523 0.020209 2.288811 5.722027
150 147 0.000299 0.020118 2.307724 5.769310
151 148 0.000000 0.014102 2.323227 5.808067
152 149 0.000418 0.009244 2.336388 5.840969
153 150 0.000208 0.011480 2.348961 5.872402
154 151 0.000462 0.011879 2.364456 5.911140
155 152 0.000353 0.012465 2.395607 5.989017
156 153 0.000204 0.014427 2.388535 5.971336
157 154 0.000204 0.021426 2.389557 5.973892
158 155 0.000647 0.014346 2.387253 5.968132
159 156 0.000569 0.029785 2.428940 6.072350
160 157 0.000751 0.021408 2.433891 6.084728
161 158 0.000847 0.012852 2.446625 6.116562
162 159 0.000489 0.012359 2.447433 6.118584
163 160 0.000000 0.009567 2.473686 6.184216
164 161 0.000684 0.010923 2.474091 6.185226
165 162 0.000761 0.017572 2.483986 6.209965
166 163 0.000487 0.015073 2.453552 6.133881
167 164 0.000402 0.016818 2.431824 6.079559
168 165 0.000735 0.016065 2.394142 5.985355
169 166 0.000411 0.016100 2.373390 5.933475
170 167 0.000293 0.014392 2.353745 5.884361
171 168 0.000721 0.014092 2.347496 5.868740
172 169 0.000210 0.009804 2.330482 5.826206
173 170 0.001034 0.011205 2.313309 5.783272
174 171 0.000371 0.013348 2.280479 5.701199
175 172 0.000483 0.012625 2.261513 5.653782
176 173 0.000877 0.018542 2.227219 5.568047
177 174 0.000315 0.016501 2.189606 5.474014
178 175 0.000320 0.015897 2.158691 5.396729
179 176 0.000460 0.014988 2.123650 5.309124
180 177 0.000466 0.016637 2.095978 5.239944
181 178 0.000333 0.015821 2.071381 5.178452
182 179 0.000336 0.018253 2.053345 5.133362
183 180 0.000417 0.017727 2.030350 5.075874
184 181 0.000244 0.021913 1.999855 4.999638
185 182 0.000248 0.013430 1.967979 4.919949
186 183 0.000437 0.012057 1.936249 4.840622
187 184 0.000440 0.011562 1.922546 4.806366
188 185 0.000641 0.012463 1.867149 4.667873
189 186 0.000528 0.013455 1.849457 4.623642
190 187 0.000542 0.018698 1.802765 4.506912
191 188 0.000270 0.005163 1.806839 4.517097
192 189 0.000276 0.012261 1.768784 4.421959
193 190 0.000487 0.008727 1.738281 4.345703
194 191 0.000000 0.019168 1.700981 4.252453
195 192 0.000292 0.016002 1.672493 4.181232
196 193 0.000589 0.019831 1.657494 4.143734
197 194 0.000419 0.013534 1.648590 4.121475
198 195 0.000000 0.014740 1.650513 4.126282
199 196 0.000418 0.008683 1.653496 4.133739
200 197 0.000416 0.014621 1.660355 4.150887
201 198 0.000000 0.007989 1.665024 4.162560
202 199 0.000504 0.007134 1.678879 4.197197
203 200 0.000579 0.013821 1.685516 4.213791
204 201 0.000575 0.020282 1.699356 4.248390
205 202 0.001788 0.012354 1.727097 4.317741
206 203 0.000792 0.014840 1.742905 4.357262
207 204 0.000737 0.011678 1.752823 4.382057
208 205 0.001101 0.016967 1.773865 4.434662
209 206 0.000670 0.019365 1.786346 4.465866
210 207 0.000596 0.014395 1.832138 4.580345
211 208 0.000459 0.017292 1.840637 4.601593
212 209 0.000579 0.009921 1.886658 4.716644
213 210 0.000574 0.017330 1.901871 4.754677
214 211 0.000251 0.017956 1.943680 4.859200
215 212 0.000602 0.011235 1.985703 4.964256
216 213 0.000338 0.012684 2.042297 5.105743
217 214 0.000573 0.016712 2.087555 5.218887
218 215 0.000724 0.017830 2.133926 5.334816
219 216 0.000675 0.020428 2.169785 5.424461
220 217 0.001034 0.023095 2.215271 5.538177
221 218 0.000486 0.027530 2.247665 5.619164
222 219 0.000476 0.033374 2.293518 5.733795
223 220 0.001075 0.025638 2.316849 5.792122
224 221 0.000295 0.022229 2.341721 5.854301
225 222 0.000628 0.010800 2.334152 5.835381
226 223 0.000361 0.008104 2.341980 5.854950
227 224 0.000552 0.004531 2.340561 5.851402
228 225 0.000512 0.009091 2.335724 5.839310
229 226 0.000517 0.013709 2.313797 5.784492
230 227 0.000477 0.016178 2.287048 5.717621
231 228 0.000526 0.010285 2.273514 5.683784
232 229 0.000000 0.020249 2.234238 5.585594
233 230 0.000000 0.025775 2.218033 5.545082
234 231 0.000496 0.021384 2.199478 5.498695
235 232 0.000317 0.019531 2.179794 5.449486
236 233 0.000319 0.017282 2.167557 5.418892
237 234 0.000329 0.022073 2.100677 5.251694
238 235 0.000471 0.020667 2.073456 5.183640
239 236 0.000341 0.029072 2.022690 5.056725
240 237 0.000242 0.013267 2.014618 5.036545
241 238 0.000425 0.013604 1.991684 4.979210
242 239 0.000609 0.012019 1.964569 4.911423
243 240 0.000437 0.012204 1.934738 4.836845
244 241 0.000515 0.017060 1.897873 4.744682
245 242 0.000370 0.023656 1.868530 4.671326
246 243 0.000530 0.023886 1.841660 4.604149
247 244 0.000379 0.011507 1.823837 4.559593
248 245 0.000000 0.007237 1.796738 4.491844
249 246 0.000389 0.013523 1.776718 4.441795
250 247 0.000482 0.008618 1.756180 4.390450
251 248 0.000560 0.010804 1.744507 4.361267
252 249 0.000000 0.008552 1.738312 4.345779
253 250 0.000398 0.006670 1.734848 4.337120
254 251 0.000567 0.010147 1.721390 4.303474
255 252 0.000284 0.025218 1.719269 4.298172
256 253 0.000403 0.021905 1.712494 4.281235
257 254 0.000800 0.019981 1.725754 4.314384
258 255 0.000398 0.009923 1.736572 4.341431
259 256 0.000552 0.015682 1.769714 4.424286
260 257 0.000716 0.019102 1.804688 4.511719
261 258 0.000531 0.024496 1.840118 4.600296
262 259 0.000370 0.027725 1.868774 4.671936
263 260 0.000685 0.025392 1.886993 4.717484
264 261 0.000626 0.020742 1.909134 4.772835
265 262 0.000357 0.019442 1.934738 4.836845
266 263 0.000348 0.024331 1.981796 4.954491
267 264 0.000000 0.026773 2.029541 5.073853
268 265 0.000332 0.030402 2.079895 5.199738
269 266 0.000398 0.028625 2.124329 5.310822
270 267 0.000319 0.024150 2.163834 5.409584
271 268 0.000314 0.020163 2.199738 5.499344
272 269 0.000310 0.016261 2.227310 5.568275
273 270 0.000216 0.016490 2.260971 5.652428
274 271 0.000368 0.014869 2.299774 5.749435
275 272 0.000510 0.013524 2.345581 5.863953
276 273 0.000000 0.016054 2.386627 5.966568
277 274 0.000400 0.024712 2.442459 6.106148
278 275 0.000281 0.023981 2.454666 6.136665
279 276 0.000338 0.019823 2.500259 6.250648
280 277 0.000274 0.014227 2.521973 6.304932
281 278 0.000466 0.014356 2.564560 6.411400
282 279 0.000268 0.022504 2.576950 6.442375
283 280 0.000423 0.016384 2.581985 6.454964
284 281 0.000372 0.021929 2.625351 6.563377
285 282 0.000263 0.016302 2.628937 6.572342
286 283 0.000368 0.018624 2.656311 6.640778
287 284 0.000519 0.008965 2.662918 6.657295
288 285 0.000314 0.007404 2.697327 6.743317
289 286 0.000541 0.007034 2.706497 6.766243
290 287 0.000255 0.008595 2.709610 6.774025
291 288 0.000767 0.006054 2.702194 6.755486
292 289 0.000647 0.007021 2.719513 6.798782
293 290 0.000441 0.009081 2.711853 6.779633
294 291 0.000252 0.008297 2.737411 6.843529
295 292 0.000470 0.010903 2.746811 6.867027
296 293 0.000305 0.006067 2.776245 6.940613
297 294 0.000351 0.006711 2.781357 6.953392
298 295 0.000765 0.004946 2.782684 6.956711
299 296 0.000390 0.008733 2.797089 6.992722
300 297 0.000174 0.007008 2.810562 7.026405
301 298 0.000384 0.015747 2.841934 7.104836
302 299 0.000599 0.003816 2.825531 7.063828
303 300 0.000518 0.006657 2.828293 7.070732
304 301 0.000549 0.015922 2.812668 7.031670
305 302 0.000243 0.014295 2.839706 7.099266
306 303 0.000241 0.014089 2.862518 7.156296
307 304 0.000344 0.010506 2.841660 7.104149
308 305 0.000173 0.019227 2.826920 7.067299
309 306 0.000301 0.021586 2.814255 7.035637
310 307 0.000244 0.016992 2.829971 7.074928
311 308 0.000173 0.019735 2.824387 7.060966
312 309 0.000302 0.015772 2.804169 7.010422
313 310 0.000248 0.014845 2.781784 6.954460
314 311 0.000500 0.015238 2.764221 6.910553
315 312 0.000435 0.017586 2.751450 6.878624
316 313 0.000769 0.018989 2.768997 6.922493
317 314 0.001391 0.015762 2.764633 6.911583
318 315 0.000000 0.018949 2.776566 6.941414
319 316 0.000911 0.019800 2.732712 6.831779
320 317 0.000876 0.012680 2.730591 6.826477
321 318 0.000311 0.011147 2.715149 6.787872
322 319 0.000359 0.011021 2.721710 6.804276
323 320 0.000256 0.023948 2.699631 6.749077
324 321 0.000364 0.035120 2.679214 6.698036
325 322 0.000257 0.036964 2.682281 6.705704
326 323 0.000511 0.033272 2.703583 6.758957
327 324 0.000571 0.032721 2.704742 6.761856
328 325 0.000698 0.029145 2.709396 6.773491
329 326 0.000442 0.028945 2.707138 6.767845
330 327 0.000715 0.023105 2.730133 6.825333
331 328 0.000308 0.028412 2.741791 6.854477
332 329 0.000529 0.029114 2.771591 6.928978
333 330 0.000248 0.034187 2.782425 6.956062
334 331 0.000246 0.029890 2.801758 7.004395
335 332 0.000491 0.029144 2.811539 7.028847
336 333 0.000730 0.031058 2.837555 7.093887
337 334 0.000458 0.027017 2.818649 7.046623
338 335 0.000174 0.023745 2.804382 7.010956
339 336 0.000520 0.024493 2.817642 7.044106
340 337 0.000244 0.024461 2.830994 7.077484
341 338 0.000245 0.028908 2.823151 7.057877
342 339 0.001192 0.030039 2.778290 6.945724
343 340 0.000249 0.023919 2.775406 6.938515
344 341 0.000557 0.021771 2.771286 6.928215
345 342 0.001317 0.021175 2.749359 6.873398
346 343 0.000180 0.017075 2.718201 6.795502
347 344 0.000364 0.018194 2.681503 6.703758
348 345 0.001081 0.019069 2.671646 6.679115
349 346 0.000492 0.015606 2.624603 6.561508
350 347 0.000377 0.011116 2.588959 6.472397
351 348 0.000920 0.020326 2.544647 6.361618
352 349 0.000816 0.011913 2.539993 6.349983
353 350 0.000611 0.012754 2.527390 6.318474
354 351 0.000518 0.010374 2.496124 6.240311
355 352 0.000658 0.014307 2.459320 6.148300
356 353 0.000403 0.015401 2.422455 6.056137
357 354 0.000354 0.009416 2.390518 5.976295
358 355 0.000205 0.008640 2.378067 5.945168
359 356 0.000416 0.005371 2.347641 5.869102
360 357 0.001041 0.008402 2.344208 5.860519
361 358 0.001382 0.012732 2.316650 5.791626
362 359 0.000561 0.002252 2.302750 5.756874
363 360 0.001059 0.004064 2.258972 5.647430
364 361 0.000581 0.006730 2.225372 5.563431
365 362 0.000314 0.015328 2.200378 5.500946
366 363 0.000869 0.016470 2.176666 5.441666
367 364 0.000558 0.020721 2.143738 5.359344
368 365 0.000609 0.016744 2.119812 5.299530
369 366 0.000572 0.019299 2.090637 5.226593
370 367 0.000237 0.020570 2.063660 5.159149
371 368 0.000340 0.024019 2.029663 5.074158
372 369 0.000345 0.028135 2.002533 5.006332
373 370 0.000000 0.026613 1.985870 4.964676
374 371 0.000000 0.016242 1.974274 4.935684
375 372 0.000000 0.013026 1.981171 4.952927
376 373 0.000490 0.022433 1.991241 4.978104
377 374 0.000000 0.021649 2.012512 5.031281
378 375 0.000340 0.017327 2.028534 5.071335
379 376 0.000337 0.010513 2.049408 5.123520
380 377 0.000335 0.014198 2.064087 5.160217
381 378 0.000235 0.010960 2.080444 5.201111
382 379 0.000403 0.014260 2.097076 5.242691
383 380 0.000230 0.008178 2.121979 5.304947
384 381 0.000321 0.007661 2.152863 5.382156
385 382 0.000388 0.009608 2.181183 5.452957
386 383 0.000312 0.008637 2.212708 5.531769
387 384 0.000000 0.007566 2.242981 5.607452
388 385 0.000303 0.009081 2.280579 5.701447
389 386 0.000000 0.006143 2.317230 5.793076
390 387 0.000291 0.005700 2.369904 5.924759
391 388 0.000288 0.008668 2.399841 5.999603
392 389 0.000200 0.006510 2.435577 6.088943
393 390 0.000487 0.005300 2.454773 6.136932
394 391 0.000856 0.004623 2.485077 6.212692
395 392 0.000393 0.004719 2.485413 6.213531
396 393 0.000390 0.004249 2.502838 6.257095
397 394 0.000814 0.004695 2.544586 6.361465
398 395 0.000673 0.001292 2.615814 6.539536
399 396 0.000446 0.006764 2.678925 6.697311
400 397 0.000406 0.005463 2.686981 6.717453
401 398 0.000366 0.008360 2.671112 6.677780
402 399 0.000364 0.013369 2.683533 6.708832
403 400 0.000000 0.013580 2.697601 6.744003
404 401 0.000357 0.014292 2.738983 6.847458
405 402 0.000310 0.009823 2.731689 6.829224
406 403 0.000250 0.007453 2.759247 6.898117
407 404 0.000352 0.008104 2.772827 6.932068
408 405 0.000247 0.009513 2.795013 6.987534
409 406 0.000346 0.008636 2.819122 7.047806
410 407 0.000172 0.003219 2.840057 7.100143
411 408 0.000342 0.004792 2.852875 7.132187
412 409 0.000341 0.004800 2.865540 7.163849
413 410 0.000000 0.012328 2.875000 7.187500
414 411 0.000415 0.013939 2.882904 7.207260
415 412 0.000240 0.010992 2.879974 7.199936
416 413 0.000240 0.010028 2.874298 7.185745
417 414 0.000241 0.012661 2.870178 7.175446
418 415 0.000537 0.007753 2.877014 7.192535
419 416 0.001005 0.010154 2.875366 7.188416
420 417 0.000833 0.005622 2.873016 7.182541
421 418 0.001142 0.005695 2.867554 7.168884
422 419 0.001338 0.005806 2.874329 7.185822
423 420 0.000856 0.008875 2.852142 7.130356
424 421 0.000877 0.003584 2.837463 7.093658
425 422 0.000766 0.003062 2.849945 7.124863
426 423 0.000385 0.014484 2.837952 7.094879
427 424 0.000171 0.013278 2.855743 7.139359
428 425 0.000174 0.030754 2.807556 7.018890
429 426 0.000299 0.013322 2.824280 7.060699
430 427 0.000000 0.021551 2.803650 7.009125
431 428 0.000490 0.016323 2.820190 7.050476
432 429 0.000345 0.009272 2.834686 7.086716
433 430 0.000000 0.011117 2.839600 7.098999
434 431 0.000345 0.015973 2.831635 7.079086
435 432 0.000000 0.007674 2.818329 7.045822
436 433 0.000000 0.009476 2.819031 7.047577
437 434 0.000174 0.007370 2.813354 7.033386
438 435 0.000246 0.007972 2.803711 7.009277
439 436 0.000304 0.011993 2.779724 6.949310
440 437 0.000248 0.009285 2.780945 6.952362
441 438 0.000000 0.007908 2.783600 6.959000
442 439 0.000525 0.007485 2.791718 6.979294
443 440 0.000248 0.009733 2.788574 6.971436
444 441 0.000249 0.011099 2.776917 6.942291
445 442 0.000353 0.008817 2.765656 6.914139
446 443 0.000308 0.011222 2.749695 6.874237
447 444 0.000000 0.011666 2.735901 6.839752
448 445 0.000000 0.013878 2.730469 6.826172
449 446 0.000253 0.012750 2.730164 6.825409
450 447 0.000000 0.012187 2.730225 6.825562
451 448 0.000000 0.009041 2.709412 6.773529
452 449 0.000630 0.012674 2.686371 6.715927
453 450 0.000182 0.012912 2.680847 6.702118
454 451 0.000629 0.015430 2.691071 6.727676
455 452 0.001224 0.013168 2.704529 6.761322
456 453 0.000362 0.010823 2.700836 6.752090
457 454 0.000315 0.011567 2.684052 6.710129
458 455 0.000448 0.007687 2.669403 6.673508
459 456 0.000519 0.006268 2.659668 6.649170
460 457 0.000184 0.009676 2.655273 6.638184
461 458 0.000320 0.014304 2.643707 6.609268
462 459 0.000000 0.013973 2.629944 6.574860
463 460 0.000000 0.012174 2.617889 6.544724
464 461 0.000000 0.009494 2.618591 6.546478
465 462 0.000372 0.008812 2.621765 6.554413
466 463 0.000322 0.008273 2.623291 6.558228
467 464 0.000264 0.011274 2.616455 6.541138
468 465 0.000459 0.011881 2.603149 6.507874
469 466 0.000266 0.008566 2.598297 6.495743
470 467 0.000266 0.008028 2.597961 6.494904
471 468 0.000375 0.010887 2.603546 6.508865
472 469 0.000000 0.012604 2.600983 6.502457
473 470 0.000000 0.007812 2.597931 6.494827
474 471 0.000267 0.007608 2.589813 6.474533
475 472 0.000000 0.007608 2.582642 6.456604
476 473 0.000269 0.009192 2.571381 6.428452
477 474 0.000270 0.002105 2.559662 6.399155
478 475 0.000191 0.003910 2.555115 6.387787
479 476 0.000275 0.009552 2.509003 6.272507
480 477 0.000394 0.006583 2.480164 6.200409
481 478 0.000283 0.012838 2.436829 6.092072
482 479 0.000200 0.006310 2.436676 6.091690
483 480 0.000287 0.012540 2.403595 6.008987
484 481 0.000291 0.005925 2.373199 5.932999
485 482 0.000363 0.006000 2.331512 5.828781
486 483 0.000300 0.004881 2.300415 5.751038
487 484 0.000528 0.010184 2.266968 5.667419
488 485 0.000308 0.007993 2.244019 5.610046
489 486 0.000000 0.011938 2.210388 5.525970
490 487 0.000708 0.007886 2.182159 5.455399
491 488 0.000459 0.006902 2.128937 5.322342
492 489 0.000331 0.009467 2.084717 5.211792
493 490 0.000588 0.018684 2.034576 5.086441
494 491 0.000690 0.016571 2.000763 5.001907
495 492 0.000000 0.013194 1.966492 4.916229
496 493 0.000358 0.004864 1.929932 4.824829
497 494 0.000365 0.004948 1.893555 4.733887
498 495 0.000372 0.005585 1.855988 4.639969
499 496 0.000654 0.005585 1.829163 4.572906
500 497 0.000614 0.005628 1.777802 4.444504
501 498 0.000394 0.007425 1.751587 4.378967
502 499 0.000754 0.010221 1.712555 4.281387
503 500 0.000407 0.011846 1.698486 4.246216
504 501 0.000588 0.014064 1.661316 4.153290
505 502 0.000670 0.015241 1.629547 4.073868
506 503 0.000305 0.018074 1.599762 3.999405
507 504 0.000439 0.016805 1.571899 3.929749
508 505 0.000633 0.019248 1.542236 3.855591
509 506 0.000455 0.022490 1.516022 3.790054
510 507 0.000000 0.019484 1.490448 3.726120
511 508 0.000000 0.014004 1.479034 3.697586
512 509 0.000470 0.016990 1.470612 3.676529
513 510 0.000000 0.013164 1.478973 3.697433
514 511 0.000000 0.009628 1.489136 3.722839
515 512 0.000324 0.012991 1.505859 3.764648
516 513 0.000000 0.010966 1.520538 3.801346
517 514 0.000450 0.007771 1.533813 3.834534
518 515 0.000315 0.006890 1.551788 3.879471
519 516 0.000000 0.009536 1.571350 3.928375
520 517 0.000305 0.011272 1.603485 4.008713
521 518 0.000596 0.008231 1.638000 4.095001
522 519 0.000412 0.005489 1.677734 4.194336
523 520 0.000944 0.010497 1.715210 4.288025
524 521 0.000559 0.005987 1.746460 4.366150
525 522 0.000276 0.005406 1.771332 4.428329
526 523 0.000545 0.012243 1.792267 4.480667
527 524 0.000378 0.010557 1.826355 4.565887
528 525 0.000371 0.007824 1.863617 4.659042
529 526 0.000000 0.002963 1.904968 4.762421
530 527 0.000504 0.008024 1.937469 4.843674
531 528 0.001051 0.010881 1.971252 4.928131
532 529 0.000691 0.015053 1.999084 4.997711
533 530 0.000340 0.009198 2.029816 5.074539
534 531 0.000668 0.009617 2.067719 5.169296
535 532 0.000570 0.007626 2.097046 5.242615
536 533 0.000460 0.010391 2.124115 5.310287
537 534 0.000558 0.006446 2.141968 5.354919
538 535 0.000319 0.005375 2.165527 5.413818
539 536 0.000446 0.005122 2.191956 5.479889
540 537 0.000380 0.008277 2.223236 5.558090
541 538 0.000306 0.009062 2.259644 5.649109
542 539 0.000426 0.009995 2.289825 5.724564
543 540 0.000299 0.003178 2.312317 5.780792
544 541 0.000468 0.004740 2.330933 5.827332
545 542 0.000360 0.002896 2.352142 5.880356
546 543 0.000290 0.002487 2.378143 5.945358
547 544 0.000000 0.002845 2.407654 6.019135
548 545 0.000284 0.004672 2.430847 6.077118
549 546 0.000344 0.002704 2.459015 6.147537
550 547 0.000197 0.004347 2.476471 6.191177
551 548 0.000000 0.003251 2.504242 6.260605
552 549 0.000274 0.003927 2.523804 6.309509
553 550 0.000191 0.007147 2.551239 6.378098
554 551 0.000269 0.004490 2.570526 6.426315
555 552 0.000188 0.004414 2.592255 6.480637
556 553 0.000000 0.006460 2.619965 6.549911
557 554 0.000185 0.006983 2.642273 6.605682
558 555 0.000259 0.011359 2.662781 6.656952
559 556 0.000182 0.009353 2.678986 6.697464
560 557 0.000256 0.009800 2.696472 6.741180
561 558 0.000255 0.011691 2.712128 6.780319
562 559 0.000440 0.005590 2.720520 6.801300
563 560 0.000437 0.009409 2.734863 6.837158
564 561 0.000436 0.007056 2.745148 6.862869
565 562 0.000354 0.009367 2.756470 6.891174
566 563 0.000395 0.010784 2.762878 6.907196
567 564 0.000353 0.006924 2.768585 6.921463
568 565 0.000394 0.005675 2.769562 6.923904
569 566 0.000249 0.007227 2.771973 6.929932
570 567 0.000432 0.011500 2.770142 6.925354
571 568 0.000306 0.011792 2.768097 6.920242
572 569 0.000354 0.007346 2.759644 6.899109
573 570 0.000470 0.009095 2.748718 6.871796
574 571 0.000591 0.015591 2.742096 6.855240
575 572 0.000357 0.010611 2.737762 6.844406
576 573 0.000309 0.010863 2.739441 6.848602
577 574 0.000437 0.013541 2.737793 6.844482
578 575 0.000357 0.011632 2.737732 6.844330
579 576 0.000310 0.009238 2.729675 6.824188
580 577 0.000595 0.011727 2.720428 6.801071
581 578 0.000000 0.007671 2.710022 6.775055
582 579 0.000360 0.005878 2.710815 6.777039
583 580 0.000254 0.003887 2.716949 6.792374
584 581 0.001064 0.009718 2.714996 6.787491
585 582 0.000312 0.005318 2.710175 6.775436
586 583 0.000404 0.006342 2.702728 6.756821
587 584 0.001465 0.011005 2.707855 6.769638
588 585 0.000312 0.014823 2.710999 6.777496
589 586 0.000719 0.022074 2.715637 6.789093
590 587 0.000569 0.020790 2.715332 6.788330
591 588 0.000647 0.022483 2.721283 6.803207
592 589 0.000253 0.018845 2.724609 6.811523
593 590 0.000179 0.022760 2.730438 6.826096
594 591 0.000357 0.025571 2.732574 6.831436
595 592 0.000252 0.032919 2.741364 6.853409
596 593 0.000252 0.036673 2.743958 6.859894
597 594 0.000252 0.032913 2.744568 6.861420
598 595 0.000309 0.022941 2.738586 6.846466
599 596 0.000357 0.025421 2.736694 6.841736
600 597 0.000357 0.027684 2.735260 6.838150
601 598 0.000252 0.030658 2.734924 6.837311
602 599 0.000179 0.021964 2.731781 6.829453
603 600 0.000310 0.012809 2.731995 6.829987
604 601 0.000179 0.008803 2.721893 6.804733
605 602 0.000254 0.003909 2.719666 6.799164
606 603 0.000000 0.002266 2.710938 6.777344
607 604 0.000180 0.005930 2.713226 6.783066
608 605 0.000180 0.005800 2.712341 6.780853
609 606 0.000180 0.007379 2.714294 6.785736
610 607 0.000000 0.010173 2.721497 6.803741
611 608 0.000000 0.007614 2.728485 6.821213
612 609 0.000252 0.008648 2.739960 6.849899
613 610 0.000178 0.008078 2.744354 6.860886
614 611 0.000177 0.009923 2.751404 6.878510
615 612 0.000308 0.007425 2.749054 6.872635
616 613 0.000000 0.006249 2.743744 6.859360
617 614 0.000311 0.006737 2.722443 6.806107
618 615 0.000180 0.010292 2.707367 6.768417
619 616 0.000315 0.007614 2.687531 6.718826
620 617 0.000365 0.011368 2.673492 6.683731
621 618 0.000183 0.015782 2.662109 6.655273
622 619 0.000318 0.011805 2.660248 6.650620
623 620 0.000411 0.018472 2.657166 6.642914
624 621 0.000320 0.012317 2.645294 6.613235
625 622 0.000456 0.026352 2.621948 6.554871
626 623 0.000459 0.009749 2.606201 6.515503
627 624 0.000266 0.015235 2.595886 6.489716
628 625 0.000596 0.014951 2.589691 6.474228
629 626 0.000378 0.011594 2.584442 6.461105
630 627 0.000330 0.015378 2.563171 6.407928
631 628 0.000000 0.011684 2.544769 6.361923
632 629 0.000274 0.013331 2.521057 6.302643
633 630 0.000389 0.012259 2.512695 6.281738
634 631 0.000000 0.007937 2.517914 6.294785
635 632 0.000193 0.003248 2.525574 6.313934
636 633 0.000387 0.005549 2.525818 6.314545
637 634 0.000275 0.002651 2.510193 6.275482
638 635 0.000552 0.005219 2.500397 6.250992
639 636 0.000275 0.012071 2.513824 6.284561
640 637 0.000471 0.015091 2.537903 6.344757
641 638 0.000539 0.007000 2.561005 6.402512
642 639 0.000268 0.011642 2.572266 6.430664
643 640 0.000460 0.016248 2.602661 6.506653
644 641 0.000187 0.013063 2.606873 6.517181
645 642 0.000000 0.017915 2.666779 6.666946
646 643 0.000185 0.005054 2.645782 6.614456
647 644 0.000000 0.008844 2.682129 6.705322
648 645 0.000183 0.025552 2.663208 6.658020
649 646 0.000403 0.018288 2.711365 6.778412
650 647 0.000440 0.013192 2.716431 6.791077
651 648 0.000254 0.014486 2.722198 6.805496
652 649 0.000000 0.013624 2.716888 6.792221
653 650 0.000311 0.013597 2.723480 6.808701
654 651 0.000473 0.011254 2.729919 6.824799
655 652 0.000506 0.008953 2.730927 6.827316
656 653 0.000439 0.007377 2.726685 6.816711
657 654 0.000477 0.013260 2.711151 6.777878
658 655 0.000361 0.016030 2.706024 6.765060
659 656 0.000478 0.021304 2.704926 6.762314
660 657 0.000362 0.018754 2.697174 6.742935
661 658 0.000364 0.018919 2.682526 6.706314
662 659 0.000000 0.018001 2.650482 6.626205
663 660 0.000263 0.011471 2.627136 6.567841
664 661 0.000188 0.012217 2.595459 6.488647
665 662 0.000268 0.011090 2.579102 6.447754
666 663 0.000332 0.016427 2.546326 6.365814
667 664 0.000274 0.015268 2.516876 6.292191
668 665 0.000197 0.016661 2.474548 6.186371
669 666 0.000346 0.019721 2.444122 6.110306
670 667 0.000000 0.017953 2.409973 6.024933
671 668 0.000500 0.014832 2.389801 5.974503
672 669 0.000206 0.007419 2.372650 5.931625
673 670 0.000206 0.009736 2.365509 5.913773
674 671 0.000688 0.010906 2.354218 5.885544
675 672 0.000000 0.009323 2.341003 5.852509
676 673 0.000298 0.019082 2.318237 5.795593
677 674 0.000521 0.014524 2.296326 5.740814
678 675 0.000906 0.022839 2.286316 5.715790
679 676 0.000740 0.018706 2.284546 5.711365
680 677 0.000772 0.018321 2.279541 5.698853
681 678 0.001148 0.016188 2.291016 5.727539
682 679 0.000525 0.020722 2.277710 5.694275
683 680 0.000770 0.021361 2.287109 5.717773
684 681 0.000371 0.018853 2.282410 5.706024
685 682 0.000299 0.016038 2.307922 5.769806
686 683 0.000211 0.017125 2.315247 5.788116
687 684 0.000424 0.014389 2.301025 5.752563
688 685 0.000000 0.008915 2.267212 5.668030
689 686 0.000000 0.005034 2.238892 5.597229
690 687 0.000220 0.012013 2.218445 5.546112
691 688 0.000315 0.007272 2.191711 5.479279
692 689 0.000321 0.009364 2.151123 5.377808
693 690 0.000800 0.007349 2.115417 5.288544
694 691 0.000233 0.013138 2.097229 5.243073
695 692 0.000000 0.014429 2.061035 5.152588
696 693 0.000241 0.016053 2.030212 5.075531
697 694 0.000243 0.010588 2.010071 5.025177
698 695 0.000000 0.011163 1.966614 4.916534
699 696 0.000000 0.011297 1.931763 4.829407
700 697 0.000576 0.016765 1.896545 4.741364
701 698 0.000000 0.013779 1.868530 4.671326
702 699 0.000000 0.011041 1.849731 4.624329
703 700 0.000388 0.026425 1.778992 4.447479
704 701 0.000000 0.018771 1.761292 4.403229
705 702 0.000286 0.027617 1.710205 4.275513
706 703 0.000000 0.020301 1.697815 4.244537
707 704 0.000414 0.013620 1.666321 4.165802
708 705 0.000299 0.017612 1.634277 4.085693
709 706 0.000305 0.011188 1.602722 4.006805
710 707 0.000543 0.015827 1.558105 3.895264
711 708 0.000556 0.015183 1.522095 3.805237
712 709 0.000000 0.021915 1.488953 3.722382
713 710 0.000000 0.020819 1.458923 3.647308
714 711 0.000342 0.021108 1.426819 3.567047
715 712 0.000000 0.018690 1.387756 3.469391
716 713 0.000000 0.019918 1.357117 3.392792
717 714 0.000521 0.013118 1.326233 3.315582
718 715 0.000540 0.024963 1.278381 3.195953
719 716 0.000559 0.022578 1.234985 3.087463
720 717 0.000000 0.039828 1.187561 2.968903
721 718 0.000733 0.024283 1.153076 2.882690
722 719 0.000614 0.022045 1.125122 2.812805
723 720 0.000000 0.023883 1.090942 2.727356
724 721 0.000000 0.027628 1.061462 2.653656
725 722 0.001353 0.049639 1.020691 2.551727
726 723 0.000000 0.032095 0.987915 2.469788
727 724 0.000721 0.025304 0.957458 2.393646
728 725 0.000745 0.015507 0.926880 2.317200
729 726 0.000765 0.012443 0.903015 2.257538
730 727 0.000000 0.019654 0.886108 2.215271
731 728 0.001246 0.026298 0.876404 2.191010
732 729 0.000562 0.034667 0.869202 2.173004
733 730 0.001135 0.021307 0.860291 2.150726
734 731 0.000810 0.016099 0.852661 2.131653
735 732 0.000818 0.019515 0.844543 2.111359
736 733 0.000000 0.008071 0.841309 2.103271
737 734 0.000000 0.016045 0.841064 2.102661
738 735 0.000000 0.027398 0.844971 2.112427
739 736 0.000814 0.027330 0.848816 2.122040
740 737 0.000564 0.033412 0.865845 2.164612
741 738 0.000000 0.030445 0.877991 2.194977
742 739 0.000772 0.032635 0.894165 2.235413
743 740 0.000538 0.013262 0.908020 2.270050
744 741 0.000741 0.015760 0.931885 2.329712
745 742 0.000722 0.017223 0.955994 2.389984
746 743 0.000882 0.012725 0.958923 2.397308
747 744 0.000507 0.023978 0.962402 2.406006
748 745 0.000880 0.012735 0.960999 2.402496
749 746 0.000511 0.027665 0.955444 2.388611
750 747 0.001372 0.030559 0.941528 2.353821
751 748 0.001297 0.031087 0.921814 2.304535
752 749 0.001703 0.019499 0.906494 2.266235
753 750 0.002415 0.028540 0.881409 2.203522
754 751 0.000814 0.027534 0.848511 2.121277
755 752 0.000000 0.050970 0.823975 2.059937
756 753 0.000895 0.076390 0.771790 1.929474
757 754 0.001234 0.076437 0.791382 1.978455
758 755 0.001951 0.070621 0.791260 1.978149
759 756 0.002037 0.072950 0.830566 2.076416
760 757 0.001714 0.071385 0.805969 2.014923
761 758 0.000595 0.054113 0.820557 2.051392
762 759 0.000827 0.056367 0.835022 2.087555
763 760 0.000999 0.023131 0.846863 2.117157
764 761 0.001284 0.028767 0.850342 2.125854
765 762 0.001147 0.016972 0.851685 2.129211
766 763 0.001289 0.017399 0.847351 2.118378
767 764 0.000826 0.030715 0.835693 2.089233
768 765 0.001932 0.032722 0.799011 1.997528
769 766 0.000000 0.019642 0.775391 1.938477
770 767 0.000651 0.009504 0.749756 1.874390
771 768 0.001161 0.037751 0.728394 1.820984
772 769 0.001712 0.044636 0.698425 1.746063
773 770 0.001034 0.008704 0.667969 1.669922
774 771 0.000765 0.028467 0.638489 1.596222
775 772 0.000816 0.053769 0.598694 1.496735
776 773 0.002467 0.040860 0.559753 1.399384
777 774 0.003633 0.035620 0.537537 1.343842
778 775 0.010335 0.073070 0.504456 1.261139
779 776 0.001474 0.090048 0.468384 1.170959
780 777 0.001157 0.105385 0.422180 1.055450
781 778 0.011653 0.057033 0.401917 1.004791
782 779 0.001287 0.091394 0.379517 0.948792
783 780 0.001299 0.113409 0.375916 0.939789
784 781 0.001932 0.189244 0.357483 0.893707
785 782 0.002521 0.194209 0.335510 0.838776
786 783 0.003161 0.120796 0.308899 0.772247
787 784 0.002333 0.094839 0.295959 0.739899
788 785 0.002418 0.120093 0.285522 0.713806
789 786 0.003637 0.172078 0.268494 0.671234
790 787 0.002766 0.193253 0.249695 0.624237
791 788 0.004314 0.157498 0.226379 0.565948
792 789 0.005777 0.098459 0.207031 0.517578
793 790 0.005227 0.049142 0.186829 0.467072
794 791 0.000000 0.066017 0.176331 0.440826
795 792 0.007178 0.047634 0.166626 0.416565
796 793 0.000000 0.047153 0.164978 0.412445
797 794 0.004356 0.035347 0.158508 0.396271
798 795 0.005698 0.116352 0.148438 0.371094
799 796 0.005083 0.077749 0.135864 0.339661
800 797 0.006704 0.054798 0.126160 0.315399
