10 7 0.000172 0.010099 4.003367 10.008419
11 8 0.000172 0.009511 4.011139 10.027847
12 9 0.000000 0.013274 4.026801 10.067003
13 10 0.000171 0.005606 4.040600 10.101500
14 11 0.000241 0.006102 4.054641 10.136602
15 12 0.000170 0.003832 4.056392 10.140980
16 13 0.000120 0.006484 4.059471 10.148678
17 14 0.000398 0.014987 4.071682 10.179205
18 15 0.000338 0.006502 4.086155 10.215387
19 16 0.000490 0.004298 4.108143 10.270357
20 17 0.000237 0.002057 4.115095 10.287738
21 18 0.000443 0.004754 4.123135 10.307837
22 19 0.000459 0.007164 4.121973 10.304933
23 20 0.000118 0.004640 4.130194 10.325484
24 21 0.000118 0.008686 4.141279 10.353198
25 22 0.000263 0.002316 4.148443 10.371108
26 23 0.000262 0.002834 4.161846 10.404615
27 24 0.000165 0.004044 4.173550 10.433874
28 25 0.000233 0.006032 4.189022 10.472555
29 26 0.000285 0.006405 4.191525 10.478811
30 27 0.000233 0.006514 4.197063 10.492659
31 28 0.000000 0.005407 4.205723 10.514307
32 29 0.000201 0.005882 4.217621 10.544052
33 30 0.000163 0.005343 4.224506 10.561266
34 31 0.000163 0.005496 4.230843 10.577106
35 32 0.000000 0.006927 4.239010 10.597525
36 33 0.000000 0.007510 4.251945 10.629864
37 34 0.000198 0.006339 4.261433 10.653582
38 35 0.000229 0.006145 4.271774 10.679436
39 36 0.000114 0.009730 4.277977 10.694942
40 37 0.000114 0.007510 4.282909 10.707273
41 38 0.000161 0.006096 4.288731 10.721827
42 39 0.000161 0.006976 4.288803 10.722008
43 40 0.000161 0.010500 4.289421 10.723553
44 41 0.000114 0.011538 4.286983 10.717459
45 42 0.000114 0.006647 4.282852 10.707130
46 43 0.000114 0.009667 4.278809 10.697021
47 44 0.000114 0.009682 4.269176 10.672941
48 45 0.000162 0.012722 4.261951 10.654879
49 46 0.000199 0.004503 4.251595 10.628986
50 47 0.000199 0.006820 4.244644 10.611610
51 48 0.000257 0.009380 4.241211 10.603027
52 49 0.000000 0.014878 4.237297 10.593243
53 50 0.000231 0.010027 4.224419 10.561047
54 51 0.000000 0.006715 4.212860 10.532150
55 52 0.000164 0.007153 4.205177 10.512943
56 53 0.000164 0.004534 4.201416 10.503540
57 54 0.000116 0.009338 4.193031 10.482578
58 55 0.000165 0.009082 4.181381 10.453453
59 56 0.000000 0.010088 4.170601 10.426502
60 57 0.000117 0.006752 4.162697 10.406742
61 58 0.000117 0.005677 4.158714 10.396786
62 59 0.000166 0.007969 4.155167 10.387917
63 60 0.000204 0.008574 4.153557 10.383892
64 61 0.000118 0.008300 4.146027 10.365067
65 62 0.000000 0.008384 4.141365 10.353413
66 63 0.000118 0.006683 4.125633 10.314083
67 64 0.000000 0.004628 4.112801 10.282001
68 65 0.000000 0.005084 4.097679 10.244198
69 66 0.000000 0.007137 4.086342 10.215855
70 67 0.000000 0.007750 4.073448 10.183620
71 68 0.000170 0.006011 4.063057 10.157642
72 69 0.000000 0.011039 4.055351 10.138378
73 70 0.000171 0.014006 4.047333 10.118332
74 71 0.000171 0.014501 4.040817 10.102043
75 72 0.000242 0.008426 4.031540 10.078850
76 73 0.000121 0.017380 4.025070 10.062675
77 74 0.000122 0.011686 4.016090 10.040226
78 75 0.000172 0.018292 4.020210 10.050526
79 76 0.000243 0.008036 4.022713 10.056782
80 77 0.000000 0.017408 4.024902 10.062256
81 78 0.000000 0.015027 4.012398 10.030994
82 79 0.000000 0.015126 3.999763 9.999409
83 80 0.000173 0.004769 3.984901 9.962254
84 81 0.000173 0.005584 3.984222 9.960556
85 82 0.000000 0.003427 3.988510 9.971275
86 83 0.000173 0.011247 3.999252 9.998131
87 84 0.000173 0.004915 4.001541 10.003853
88 85 0.000000 0.005959 4.011856 10.029640
89 86 0.000000 0.010559 4.041748 10.104370
90 87 0.000000 0.018397 4.063911 10.159779
91 88 0.000169 0.020761 4.080200 10.200500
92 89 0.000000 0.017421 4.069641 10.174103
93 90 0.000120 0.015852 4.069496 10.173740
94 91 0.000170 0.016749 4.067329 10.168324
95 92 0.000208 0.023501 4.071327 10.178318
96 93 0.000170 0.011969 4.064301 10.160751
97 94 0.000295 0.011609 4.061111 10.152779
98 95 0.000209 0.011685 4.055420 10.138550
99 96 0.000000 0.014216 4.060120 10.150299
100 97 0.000170 0.013616 4.052109 10.130272
101 98 0.000000 0.012971 4.052048 10.130119
102 99 0.000121 0.009687 4.048843 10.122108
103 100 0.000120 0.011006 4.053268 10.133171
104 101 0.000121 0.010773 4.050751 10.126877
105 102 0.000209 0.010660 4.048233 10.120583
106 103 0.000296 0.011840 4.045715 10.114288
107 104 0.000121 0.009343 4.039810 10.099525
108 105 0.000319 0.011539 4.045059 10.112648
109 106 0.000270 0.014424 4.046326 10.115814
110 107 0.000241 0.012400 4.048080 10.120201
111 108 0.000270 0.010212 4.038788 10.096970
112 109 0.000210 0.007697 4.035507 10.088768
113 110 0.000296 0.004175 4.037430 10.093575
114 111 0.000270 0.003198 4.042450 10.106125
115 112 0.000241 0.006809 4.046524 10.116310
116 113 0.000171 0.004467 4.048416 10.121040
117 114 0.000171 0.005072 4.046402 10.116005
118 115 0.000241 0.005665 4.046799 10.116997
119 116 0.000171 0.010428 4.047562 10.118904
120 117 0.000170 0.013617 4.051636 10.129089
121 118 0.000000 0.011816 4.052414 10.131035
122 119 0.000120 0.019165 4.060959 10.152397
123 120 0.000000 0.008659 4.071274 10.178185
124 121 0.000207 0.006691 4.080292 10.200729
125 122 0.000207 0.009914 4.081619 10.204048
126 123 0.000338 0.012071 4.085037 10.212593
127 124 0.000239 0.019676 4.093781 10.234451
128 125 0.000000 0.020358 4.110474 10.276184
129 126 0.000118 0.018128 4.125565 10.313911
130 127 0.000264 0.016481 4.133118 10.332794
131 128 0.000205 0.014866 4.132202 10.330505
132 129 0.000167 0.014586 4.133835 10.334587
133 130 0.000373 0.011223 4.136658 10.341644
134 131 0.000235 0.011887 4.149658 10.374146
135 132 0.000117 0.010977 4.162567 10.406418
136 133 0.000117 0.012174 4.178696 10.446739
137 134 0.000000 0.010536 4.189713 10.474281
138 135 0.000116 0.009585 4.197174 10.492935
139 136 0.000164 0.011813 4.206268 10.515671
140 137 0.000000 0.022330 4.214890 10.537224
141 138 0.000164 0.022646 4.221909 10.554771
142 139 0.000163 0.015536 4.235916 10.589790
143 140 0.000199 0.010924 4.247452 10.618629
144 141 0.000000 0.013115 4.260895 10.652237
145 142 0.000162 0.019256 4.262741 10.656853
146 143 0.000343 0.020342 4.267044 10.667610
147 144 0.000361 0.016250 4.278641 10.696602
148 145 0.000114 0.013895 4.296158 10.740395
149 146 0.000160 0.006798 4.309937 10.774841
150 147 0.000277 0.004378 4.314163 10.785408
151 148 0.000000 0.003889 4.324127 10.810318
152 149 0.000298 0.004836 4.335983 10.839958
153 150 0.000224 0.004358 4.353378 10.883446
154 151 0.000224 0.007379 4.367371 10.918427
155 152 0.000223 0.004413 4.378387 10.945969
156 153 0.000157 0.007599 4.392258 10.980644
157 154 0.000000 0.004977 4.402695 11.006737
158 155 0.000191 0.006336 4.417267 11.043167
159 156 0.000000 0.005438 4.428635 11.071587
160 157 0.000110 0.004941 4.433746 11.084366
161 158 0.000000 0.004128 4.444870 11.112175
162 159 0.000000 0.004588 4.448517 11.121292
163 160 0.000000 0.005893 4.460632 11.151581
164 161 0.000109 0.004867 4.464584 11.161461
165 162 0.000109 0.006708 4.471634 11.179085
166 163 0.000154 0.006976 4.473007 11.182518
167 164 0.000109 0.007315 4.477066 11.192665
168 165 0.000109 0.007464 4.482574 11.206436
169 166 0.000154 0.008431 4.487396 11.218491
170 167 0.000154 0.009629 4.494461 11.236153
171 168 0.000108 0.006602 4.503510 11.258774
172 169 0.000153 0.004996 4.513199 11.282997
173 170 0.000153 0.007803 4.522385 11.305962
174 171 0.000264 0.008310 4.527603 11.319008
175 172 0.000264 0.007559 4.538376 11.345940
176 173 0.000215 0.006700 4.542648 11.356621
177 174 0.000240 0.005551 4.552795 11.381989
178 175 0.000239 0.002798 4.561218 11.403046
179 176 0.000151 0.005793 4.566940 11.417351
180 177 0.000000 0.005776 4.574066 11.435165
181 178 0.000239 0.007986 4.577103 11.442757
182 179 0.000000 0.008172 4.589462 11.473656
183 180 0.000213 0.008323 4.592667 11.481667
184 181 0.000150 0.009267 4.599503 11.498756
185 182 0.000212 0.006934 4.604858 11.512146
186 183 0.000106 0.008265 4.612518 11.531296
187 184 0.000150 0.008320 4.612885 11.532211
188 185 0.000150 0.010560 4.612549 11.531372
189 186 0.000150 0.008952 4.611694 11.529236
190 187 0.000236 0.006398 4.622833 11.557083
191 188 0.000211 0.011605 4.626160 11.565399
192 189 0.000258 0.016306 4.627716 11.569290
193 190 0.000317 0.015202 4.621429 11.553574
194 191 0.000106 0.010843 4.621918 11.554794
195 192 0.000149 0.012426 4.628906 11.572266
196 193 0.000149 0.011681 4.631714 11.579285
197 194 0.000149 0.014867 4.636963 11.592407
198 195 0.000000 0.013922 4.632233 11.580582
199 196 0.000000 0.016616 4.640228 11.600571
200 197 0.000105 0.012657 4.644257 11.610641
201 198 0.000148 0.013072 4.656494 11.641235
202 199 0.000210 0.009843 4.656860 11.642151
203 200 0.000210 0.013487 4.651031 11.627579
204 201 0.000105 0.011988 4.651550 11.628876
205 202 0.000257 0.011215 4.654663 11.636658
206 203 0.000209 0.009072 4.666443 11.666107
207 204 0.000181 0.008459 4.670715 11.676788
208 205 0.000209 0.004578 4.679382 11.698456
209 206 0.000104 0.004201 4.691833 11.729584
210 207 0.000147 0.008009 4.704651 11.761627
211 208 0.000207 0.004230 4.720001 11.800003
212 209 0.000146 0.006510 4.737244 11.843109
213 210 0.000103 0.006774 4.749847 11.874619
214 211 0.000251 0.007352 4.763916 11.909790
215 212 0.000177 0.008007 4.773895 11.934738
216 213 0.000144 0.007677 4.788696 11.971741
217 214 0.000000 0.008486 4.799805 11.999512
218 215 0.000000 0.007224 4.810913 12.027283
219 216 0.000143 0.008587 4.826111 12.065277
220 217 0.000143 0.009308 4.834717 12.086792
221 218 0.000101 0.009545 4.851105 12.127762
222 219 0.000201 0.009835 4.863922 12.159805
223 220 0.000332 0.011049 4.881226 12.203064
224 221 0.000141 0.009092 4.885681 12.214203
225 222 0.000000 0.010167 4.888367 12.220917
226 223 0.000200 0.010702 4.891052 12.227631
227 224 0.000245 0.011273 4.888611 12.221527
228 225 0.000141 0.010765 4.887329 12.218323
229 226 0.000000 0.009378 4.885315 12.213287
230 227 0.000141 0.007895 4.886017 12.215042
231 228 0.000100 0.007853 4.884094 12.210236
232 229 0.000142 0.007076 4.873016 12.182541
233 230 0.000000 0.007700 4.866394 12.165985
234 231 0.000101 0.008457 4.852875 12.132187
235 232 0.000143 0.009265 4.841797 12.104492
236 233 0.000175 0.010603 4.833252 12.083130
237 234 0.000303 0.010324 4.827820 12.069550
238 235 0.000202 0.005690 4.837769 12.094421
239 236 0.000101 0.007181 4.832733 12.081833
240 237 0.000202 0.002931 4.824524 12.061310
241 238 0.000000 0.007498 4.809814 12.024536
242 239 0.000000 0.006351 4.802979 12.007446
243 240 0.000144 0.008290 4.801453 12.003632
244 241 0.000144 0.007974 4.793396 11.983490
245 242 0.000144 0.009904 4.792358 11.980896
246 243 0.000204 0.008716 4.785980 11.964951
247 244 0.000144 0.008721 4.784363 11.960907
248 245 0.000145 0.008824 4.776917 11.942291
249 246 0.000102 0.007627 4.776123 11.940308
250 247 0.000102 0.006645 4.774384 11.935959
251 248 0.000000 0.006908 4.768646 11.921616
252 249 0.000204 0.008079 4.775665 11.939163
253 250 0.000177 0.008795 4.781647 11.954117
254 251 0.000000 0.008624 4.793579 11.983948
255 252 0.000203 0.009877 4.801514 12.003784
256 253 0.000176 0.006778 4.793060 11.982651
257 254 0.000226 0.011859 4.836151 12.090378
258 255 0.000451 0.016364 4.840424 12.101059
259 256 0.000000 0.011799 4.807556 12.018890
260 257 0.000145 0.004670 4.773346 11.933365
261 258 0.000102 0.010212 4.768921 11.922302
262 259 0.000175 0.004778 4.827148 12.067871
263 260 0.000247 0.006886 4.834106 12.085266
264 261 0.000439 0.010460 4.849152 12.122879
265 262 0.000349 0.008339 4.845428 12.113571
266 263 0.000000 0.007895 4.848938 12.122345
267 264 0.000142 0.008415 4.846191 12.115479
268 265 0.000348 0.013634 4.855896 12.139740
269 266 0.000142 0.008590 4.869141 12.172852
270 267 0.000200 0.020997 4.873230 12.183075
