10 7 0.001502 0.007905 3.575663 8.939157
11 8 0.001508 0.006967 3.576382 8.940954
12 9 0.001425 0.006591 3.576389 8.940973
13 10 0.000640 0.006239 3.578024 8.945060
14 11 0.000305 0.005705 3.576903 8.942259
15 12 0.000193 0.005748 3.578757 8.946894
16 13 0.000000 0.003309 3.581153 8.952883
17 14 0.000193 0.001890 3.583733 8.959332
18 15 0.000000 0.007156 3.584785 8.961964
19 16 0.000000 0.008633 3.583418 8.958545
20 17 0.000193 0.007875 3.584061 8.960152
21 18 0.000000 0.004953 3.583538 8.958845
22 19 0.000272 0.002376 3.585663 8.964157
23 20 0.000272 0.003172 3.590096 8.975239
24 21 0.000136 0.004188 3.591585 8.978963
25 22 0.000000 0.002695 3.586529 8.966322
26 23 0.000192 0.002053 3.587633 8.969083
27 24 0.000272 0.003546 3.596321 8.990803
28 25 0.000192 0.003688 3.593542 8.983855
29 26 0.000000 0.004573 3.588572 8.971429
30 27 0.000136 0.006583 3.582352 8.955879
31 28 0.000000 0.006841 3.590816 8.977041
32 29 0.000136 0.004534 3.593880 8.984699
33 30 0.000000 0.004061 3.594769 8.986921
34 31 0.000192 0.005559 3.595001 8.987503
35 32 0.000272 0.007404 3.593674 8.984184
36 33 0.000272 0.007481 3.592278 8.980694
37 34 0.000000 0.009984 3.595070 8.987675
38 35 0.000235 0.004941 3.598663 8.996658
39 36 0.000271 0.004954 3.601742 9.004354
40 37 0.000191 0.006144 3.607040 9.017601
41 38 0.000234 0.006621 3.609848 9.024620
42 39 0.000191 0.007589 3.608059 9.020147
43 40 0.000332 0.008466 3.603680 9.009199
44 41 0.000271 0.006060 3.601868 9.004669
45 42 0.000191 0.005429 3.608379 9.020948
46 43 0.000331 0.005946 3.611271 9.028177
47 44 0.000191 0.006360 3.615101 9.037752
48 45 0.000000 0.006492 3.617306 9.043264
49 46 0.000191 0.004828 3.618294 9.045734
50 47 0.000000 0.005738 3.619282 9.048204
51 48 0.000191 0.004703 3.615349 9.038372
52 49 0.000000 0.005179 3.614079 9.035196
53 50 0.000000 0.004729 3.609940 9.024849
54 51 0.000271 0.004175 3.606468 9.016171
55 52 0.000192 0.004956 3.605778 9.014444
56 53 0.000192 0.006572 3.601192 9.002981
57 54 0.000192 0.005674 3.594643 8.986607
58 55 0.000334 0.004200 3.586098 8.965244
59 56 0.000334 0.005052 3.579842 8.949604
60 57 0.000236 0.004496 3.576241 8.940601
61 58 0.000000 0.004360 3.568153 8.920383
62 59 0.000000 0.006280 3.562485 8.906212
63 60 0.000194 0.006685 3.550552 8.876381
64 61 0.000338 0.005187 3.539406 8.848515
65 62 0.000240 0.005324 3.529472 8.823681
66 63 0.000479 0.005535 3.529663 8.824158
67 64 0.000309 0.009618 3.528244 8.820610
68 65 0.000310 0.009284 3.518761 8.796902
69 66 0.000241 0.006114 3.505028 8.762569
70 67 0.000000 0.008589 3.490219 8.725548
71 68 0.000000 0.005967 3.483788 8.709469
72 69 0.000198 0.006126 3.478897 8.697243
73 70 0.000141 0.005749 3.474312 8.685780
74 71 0.000199 0.003854 3.467773 8.669434
75 72 0.000141 0.003315 3.458092 8.645229
76 73 0.000245 0.003716 3.454376 8.635941
77 74 0.000000 0.004838 3.455185 8.637962
78 75 0.000200 0.007777 3.460770 8.651924
79 76 0.000000 0.007446 3.466881 8.667202
80 77 0.000000 0.008467 3.469627 8.674068
81 78 0.000315 0.006599 3.468025 8.670063
82 79 0.000000 0.008645 3.470459 8.676147
83 80 0.000199 0.008574 3.474380 8.685951
84 81 0.000198 0.011627 3.489510 8.723774
85 82 0.000241 0.009772 3.506363 8.765907
86 83 0.000000 0.009768 3.528030 8.820076
87 84 0.000195 0.010128 3.544594 8.861485
88 85 0.000137 0.009155 3.561241 8.903103
89 86 0.000193 0.010532 3.578224 8.945560
90 87 0.000136 0.009989 3.592995 8.982487
91 88 0.000135 0.010915 3.605858 9.014645
92 89 0.000000 0.009601 3.614174 9.035435
93 90 0.000000 0.009896 3.627419 9.068546
94 91 0.000000 0.008561 3.638039 9.095097
95 92 0.000000 0.008708 3.647316 9.118290
96 93 0.000000 0.007426 3.652649 9.131622
97 94 0.000000 0.009947 3.656898 9.142246
98 95 0.000000 0.009468 3.663475 9.158688
99 96 0.000133 0.010634 3.670219 9.175549
100 97 0.000133 0.010704 3.678230 9.195576
101 98 0.000187 0.007959 3.686569 9.216423
102 99 0.000000 0.013513 3.690872 9.227180
103 100 0.000132 0.011431 3.703659 9.259148
104 101 0.000322 0.013388 3.712624 9.281559
105 102 0.000185 0.008459 3.723915 9.309788
106 103 0.000000 0.006666 3.728912 9.322281
107 104 0.000292 0.007659 3.738380 9.345951
108 105 0.000130 0.003789 3.746750 9.366875
109 106 0.000260 0.008696 3.750710 9.376774
110 107 0.000130 0.007476 3.756081 9.390202
111 108 0.000000 0.011611 3.764236 9.410591
112 109 0.000129 0.005807 3.776413 9.441032
113 110 0.000316 0.005818 3.784302 9.460754
114 111 0.000129 0.004048 3.789658 9.474144
115 112 0.000000 0.006152 3.794128 9.485321
116 113 0.000340 0.007248 3.798035 9.495087
117 114 0.000256 0.011195 3.808640 9.521599
118 115 0.000181 0.008928 3.817215 9.543037
119 116 0.000000 0.013085 3.824203 9.560509
120 117 0.000255 0.007213 3.823166 9.557915
121 118 0.000128 0.006946 3.818848 9.547119
122 119 0.000181 0.005247 3.814529 9.536324
123 120 0.000222 0.005160 3.808929 9.522324
124 121 0.000128 0.007315 3.803864 9.509659
125 122 0.000182 0.008525 3.799561 9.498901
126 123 0.000000 0.010272 3.796478 9.491196
127 124 0.000000 0.005405 3.799316 9.498291
128 125 0.000129 0.004708 3.797424 9.493561
129 126 0.000129 0.003935 3.798538 9.496346
130 127 0.000182 0.003532 3.793457 9.483643
131 128 0.000000 0.007999 3.790802 9.477005
132 129 0.000000 0.009638 3.790176 9.475441
133 130 0.000129 0.015842 3.788132 9.470329
134 131 0.000129 0.009045 3.787689 9.469223
135 132 0.000223 0.008099 3.785446 9.463615
136 133 0.000129 0.004283 3.788116 9.470291
137 134 0.000129 0.006501 3.789413 9.473534
138 135 0.000223 0.008198 3.789825 9.474564
139 136 0.000000 0.011229 3.787979 9.469948
140 137 0.000182 0.008851 3.791351 9.478378
141 138 0.000223 0.006789 3.792297 9.480743
142 139 0.000000 0.006064 3.796127 9.490318
143 140 0.000182 0.009095 3.794830 9.487076
144 141 0.000000 0.006942 3.795563 9.488907
145 142 0.000129 0.008741 3.790314 9.475784
146 143 0.000182 0.010856 3.794159 9.485397
147 144 0.000182 0.012177 3.792908 9.482269
148 145 0.000000 0.011948 3.792313 9.480782
149 146 0.000129 0.008943 3.786377 9.465942
150 147 0.000000 0.008568 3.785110 9.462776
151 148 0.000129 0.006147 3.789444 9.473610
152 149 0.000182 0.005291 3.784592 9.461479
153 150 0.000259 0.006816 3.772781 9.431953
154 151 0.000130 0.007094 3.757553 9.393883
155 152 0.000184 0.007769 3.747437 9.368591
156 153 0.000184 0.006399 3.744568 9.361420
157 154 0.000000 0.006599 3.740555 9.351387
158 155 0.000185 0.006788 3.732895 9.332237
159 156 0.000186 0.009216 3.719818 9.299545
160 157 0.000264 0.009440 3.705368 9.263420
161 158 0.000000 0.009401 3.693024 9.232559
162 159 0.000230 0.008618 3.679794 9.199486
163 160 0.000000 0.010932 3.666031 9.165077
164 161 0.000134 0.009348 3.652145 9.130363
165 162 0.000190 0.010428 3.639160 9.097900
166 163 0.000191 0.011439 3.623413 9.058533
167 164 0.000135 0.010997 3.605301 9.013252
168 165 0.000193 0.009956 3.585327 8.963318
169 166 0.000137 0.011155 3.562561 8.906403
170 167 0.000138 0.012891 3.538132 8.845329
171 168 0.000197 0.012604 3.507156 8.767891
172 169 0.000000 0.009995 3.471130 8.677826
173 170 0.000000 0.010268 3.430313 8.575783
174 171 0.000204 0.009823 3.385300 8.463249
175 172 0.000292 0.009629 3.339523 8.348808
176 173 0.000210 0.008091 3.294144 8.235359
177 174 0.000150 0.006991 3.252686 8.131714
178 175 0.000000 0.007076 3.215012 8.037529
179 176 0.000154 0.005085 3.174423 7.936058
180 177 0.000155 0.007305 3.141220 7.853050
181 178 0.000000 0.010629 3.104233 7.760582
182 179 0.000000 0.007251 3.064407 7.661018
183 180 0.000229 0.007034 3.010910 7.527275
184 181 0.000165 0.007423 2.954926 7.387314
185 182 0.000169 0.013089 2.892792 7.231979
186 183 0.000244 0.012976 2.829620 7.074051
187 184 0.000000 0.011396 2.760056 6.900139
188 185 0.000256 0.014011 2.692856 6.732140
189 186 0.000186 0.015625 2.625961 6.564903
190 187 0.000191 0.011743 2.559509 6.398773
191 188 0.000517 0.011395 2.498581 6.246452
192 189 0.000200 0.012765 2.439194 6.097984
193 190 0.000000 0.012022 2.386536 5.966339
194 191 0.000209 0.011296 2.331207 5.828018
195 192 0.000214 0.007427 2.278610 5.696526
196 193 0.000000 0.010029 2.231979 5.579948
197 194 0.000314 0.008595 2.201660 5.504150
198 195 0.000316 0.009662 2.183167 5.457916
199 196 0.000225 0.011380 2.174286 5.435715
200 197 0.000226 0.012189 2.164337 5.410843
201 198 0.000227 0.009823 2.155350 5.388374
202 199 0.000000 0.010325 2.144073 5.360184
203 200 0.000000 0.009110 2.132736 5.331841
204 201 0.000000 0.014753 2.121780 5.304451
205 202 0.000000 0.007913 2.110703 5.276756
206 203 0.000000 0.008733 2.100311 5.250778
207 204 0.000330 0.007825 2.089371 5.223427
208 205 0.000407 0.009787 2.077423 5.193558
209 206 0.000236 0.008864 2.068604 5.171509
210 207 0.000236 0.008225 2.064804 5.162010
211 208 0.000236 0.008552 2.070236 5.175591
212 209 0.000235 0.007983 2.078903 5.197258
213 210 0.000000 0.007139 2.092667 5.231667
214 211 0.000402 0.006571 2.102310 5.255775
215 212 0.000231 0.006950 2.110489 5.276222
216 213 0.000326 0.007114 2.116135 5.290337
217 214 0.000513 0.006316 2.127777 5.319443
218 215 0.000394 0.003489 2.145187 5.362968
219 216 0.000713 0.003374 2.164993 5.412483
220 217 0.000447 0.004675 2.183914 5.459785
221 218 0.000222 0.006176 2.204102 5.510254
222 219 0.000000 0.007272 2.222229 5.555573
223 220 0.000308 0.007231 2.241394 5.603485
224 221 0.000000 0.004677 2.260269 5.650673
225 222 0.000523 0.005161 2.288483 5.721207
226 223 0.000516 0.007366 2.319611 5.799026
227 224 0.000294 0.003792 2.345840 5.864601
228 225 0.000684 0.003164 2.366348 5.915871
229 226 0.000616 0.004308 2.377228 5.943069
230 227 0.000408 0.006128 2.396439 5.991096
231 228 0.000534 0.009066 2.419556 6.048889
232 229 0.000281 0.010799 2.453232 6.133080
233 230 0.000197 0.004311 2.482361 6.205902
234 231 0.000436 0.007795 2.501617 6.254044
235 232 0.000000 0.007163 2.512512 6.281281
236 233 0.000275 0.015605 2.511841 6.279602
237 234 0.000727 0.013955 2.512360 6.280899
238 235 0.000550 0.015146 2.512543 6.281357
239 236 0.000548 0.012896 2.521057 6.302643
240 237 0.000273 0.009640 2.526184 6.315460
241 238 0.000273 0.012034 2.527039 6.317596
242 239 0.000386 0.012490 2.527924 6.319809
243 240 0.000193 0.011132 2.529663 6.324158
244 241 0.000000 0.008321 2.536621 6.341553
245 242 0.000000 0.009170 2.541626 6.354065
246 243 0.000271 0.007916 2.545776 6.364441
247 244 0.000428 0.012211 2.552155 6.380386
248 245 0.000270 0.011398 2.556915 6.392288
249 246 0.000269 0.010446 2.564667 6.411667
250 247 0.000000 0.005642 2.566345 6.415863
251 248 0.000269 0.004282 2.565704 6.414261
252 249 0.000330 0.006836 2.566040 6.415100
253 250 0.000190 0.007388 2.563995 6.409988
254 251 0.000191 0.004756 2.562561 6.406403
255 252 0.000270 0.002658 2.556030 6.390076
256 253 0.000469 0.004924 2.551300 6.378250
257 254 0.000000 0.005406 2.545227 6.363068
258 255 0.000272 0.007633 2.534271 6.335678
259 256 0.000194 0.005282 2.519226 6.298065
260 257 0.000277 0.006250 2.494629 6.236572
261 258 0.000000 0.009064 2.468933 6.172333
262 259 0.000200 0.006504 2.435883 6.089706
263 260 0.000204 0.007399 2.398987 5.997467
264 261 0.000000 0.004599 2.352783 5.881958
265 262 0.000212 0.001803 2.302032 5.755081
266 263 0.000217 0.000984 2.248413 5.621033
267 264 0.000223 0.000326 2.189209 5.473022
268 265 0.000000 0.002837 2.128571 5.321426
269 266 0.000236 0.005048 2.065552 5.163879
270 267 0.000000 0.004933 2.008423 5.021057
271 268 0.000353 0.003060 1.957794 4.894485
272 269 0.000360 0.001786 1.919708 4.799271
273 270 0.000519 0.002905 1.881683 4.704208
274 271 0.000374 0.007775 1.848816 4.622040
275 272 0.000606 0.001963 1.800568 4.501419
276 273 0.000391 0.006122 1.767731 4.419327
277 274 0.000691 0.009164 1.730835 4.327087
278 275 0.000576 0.016978 1.694458 4.236145
279 276 0.000974 0.014912 1.662994 4.157486
280 277 0.000733 0.012685 1.632019 4.080048
281 278 0.000613 0.015362 1.594208 3.985519
282 279 0.000988 0.020098 1.562866 3.907166
283 280 0.000793 0.025071 1.507935 3.769836
284 281 0.000859 0.018350 1.503479 3.758698
285 282 0.000569 0.041465 1.485046 3.712616
286 283 0.000943 0.020361 1.464508 3.661270
287 284 0.001065 0.043134 1.450287 3.625717
288 285 0.000761 0.026189 1.435516 3.588791
289 286 0.000343 0.039557 1.422363 3.555908
290 287 0.000000 0.037213 1.410583 3.526459
291 288 0.000799 0.027178 1.366302 3.415756
292 289 0.000995 0.046179 1.388184 3.470459
293 290 0.001123 0.048544 1.374512 3.436279
294 291 0.000000 0.033951 1.362213 3.405533
295 292 0.000515 0.039904 1.340302 3.350754
296 293 0.000907 0.045485 1.318756 3.296890
297 294 0.001909 0.047324 1.304077 3.260193
298 295 0.002617 0.063360 1.279083 3.197708
299 296 0.001916 0.066784 1.248383 3.120956
300 297 0.001507 0.043853 1.254486 3.136215
301 298 0.000871 0.044842 1.252869 3.132172
302 299 0.000666 0.034701 1.270447 3.176117
303 300 0.001852 0.053247 1.291565 3.228912
304 301 0.002800 0.037530 1.316376 3.290939
305 302 0.002275 0.030288 1.357361 3.393402
306 303 0.000863 0.035452 1.385834 3.464584
307 304 0.000681 0.059567 1.434662 3.586655
308 305 0.001384 0.032237 1.454437 3.636093
309 306 0.002206 0.029943 1.484894 3.712234
310 307 0.001061 0.011775 1.526154 3.815384
311 308 0.000987 0.019241 1.564331 3.910828
312 309 0.001578 0.075976 1.637238 4.093094
313 310 0.001551 0.051506 1.665924 4.164810
314 311 0.002092 0.045347 1.730591 4.326477
315 312 0.001218 0.015854 1.792419 4.481049
316 313 0.001016 0.043252 1.861938 4.654846
317 314 0.000707 0.050652 1.954193 4.885483
318 315 0.000809 0.040922 2.002258 5.005646
319 316 0.001234 0.027569 2.093048 5.232620
320 317 0.001334 0.016616 2.134979 5.337448
321 318 0.000665 0.015152 2.204315 5.510788
322 319 0.000712 0.010812 2.273834 5.684586
323 320 0.001059 0.012114 2.350708 5.876770
324 321 0.000599 0.018384 2.445984 6.114960
325 322 0.000677 0.008582 2.498383 6.245956
326 323 0.000596 0.017657 2.589020 6.472549
327 324 0.000641 0.014888 2.639374 6.598434
328 325 0.000624 0.018760 2.712555 6.781387
329 326 0.000555 0.020336 2.784302 6.960754
330 327 0.000592 0.022685 2.855408 7.138519
331 328 0.000288 0.012551 2.936615 7.341537
332 329 0.000164 0.008454 2.983704 7.459259
333 330 0.000319 0.010613 3.058472 7.646179
334 331 0.000382 0.014501 3.131409 7.828522
335 332 0.000505 0.011523 3.209564 8.023911
336 333 0.000297 0.012081 3.287292 8.218231
337 334 0.000357 0.012422 3.349548 8.373871
338 335 0.000285 0.008142 3.425201 8.563004
339 336 0.000505 0.006613 3.484161 8.710403
340 337 0.000195 0.003722 3.539612 8.849030
341 338 0.000000 0.008356 3.584686 8.961716
342 339 0.000134 0.012222 3.634003 9.085007
343 340 0.000265 0.007603 3.690399 9.225998
344 341 0.000130 0.014474 3.741730 9.354324
345 342 0.000129 0.014356 3.794952 9.487381
346 343 0.000284 0.018009 3.841797 9.604492
347 344 0.000217 0.014248 3.888916 9.722290
348 345 0.000124 0.010780 3.931854 9.829636
349 346 0.000174 0.012382 3.968933 9.922333
350 347 0.000000 0.008970 3.993622 9.984055
351 348 0.000173 0.013509 4.002289 10.005722
352 349 0.000122 0.013941 3.997864 9.994659
353 350 0.000345 0.019628 4.005585 10.013962
354 351 0.000172 0.014199 4.012299 10.030746
355 352 0.000172 0.013534 4.025360 10.063400
356 353 0.000210 0.012230 4.030396 10.075989
357 354 0.000171 0.012173 4.040222 10.100555
358 355 0.000000 0.009449 4.049835 10.124588
359 356 0.000170 0.005271 4.053162 10.132904
360 357 0.000170 0.008260 4.060425 10.151062
361 358 0.000120 0.008599 4.060516 10.151291
362 359 0.000170 0.010480 4.068604 10.171509
363 360 0.000120 0.005744 4.079315 10.198288
364 361 0.000169 0.006834 4.095825 10.239563
365 362 0.000168 0.006781 4.111542 10.278854
366 363 0.000168 0.007012 4.117096 10.292740
367 364 0.000167 0.005000 4.132629 10.331573
368 365 0.000289 0.005339 4.139191 10.347977
369 366 0.000263 0.005174 4.150330 10.375824
370 367 0.000117 0.008302 4.155731 10.389328
371 368 0.000117 0.010572 4.167847 10.419617
372 369 0.000000 0.008732 4.181885 10.454712
373 370 0.000165 0.006716 4.193390 10.483475
374 371 0.000116 0.005804 4.201538 10.503845
375 372 0.000164 0.007233 4.206879 10.517197
376 373 0.000232 0.008805 4.210693 10.526733
377 374 0.000231 0.007924 4.222107 10.555267
378 375 0.000163 0.006388 4.235077 10.587692
379 376 0.000115 0.006233 4.250702 10.626755
380 377 0.000229 0.009668 4.261719 10.654297
381 378 0.000280 0.010396 4.269348 10.673370
382 379 0.000228 0.010947 4.279053 10.697632
383 380 0.000000 0.008509 4.284119 10.710297
384 381 0.000114 0.006106 4.296600 10.741501
385 382 0.000000 0.005752 4.306030 10.765076
386 383 0.000226 0.005065 4.319397 10.798492
387 384 0.000113 0.003668 4.323486 10.808716
388 385 0.000195 0.001556 4.331299 10.828247
389 386 0.000112 0.002810 4.341125 10.852814
390 387 0.000000 0.002983 4.354095 10.885239
391 388 0.000000 0.009017 4.367737 10.919342
392 389 0.000111 0.004617 4.379791 10.949478
393 390 0.000157 0.006397 4.389191 10.972977
394 391 0.000272 0.004224 4.392029 10.980072
395 392 0.000157 0.007394 4.387848 10.969620
396 393 0.000157 0.006335 4.393402 10.983505
397 394 0.000222 0.004670 4.394196 10.985489
398 395 0.000111 0.004415 4.395874 10.989685
399 396 0.000193 0.004630 4.386932 10.967331
400 397 0.000112 0.004068 4.378204 10.945511
401 398 0.000112 0.002499 4.373199 10.932999
402 399 0.000224 0.003824 4.365906 10.914764
403 400 0.000000 0.007420 4.358826 10.897064
404 401 0.000159 0.010286 4.351013 10.877533
405 402 0.000195 0.007145 4.340332 10.850830
406 403 0.000113 0.003896 4.335693 10.839233
407 404 0.000195 0.004666 4.327118 10.817795
408 405 0.000299 0.005461 4.322235 10.805588
409 406 0.000196 0.006854 4.308868 10.772171
410 407 0.000227 0.006108 4.294739 10.736847
411 408 0.000161 0.011340 4.282196 10.705490
412 409 0.000114 0.010500 4.264954 10.662384
413 410 0.000163 0.014658 4.246979 10.617447
414 411 0.000164 0.008226 4.214478 10.536194
415 412 0.000000 0.012785 4.182404 10.456009
416 413 0.000000 0.009700 4.139038 10.347595
417 414 0.000207 0.012704 4.091827 10.229568
418 415 0.000271 0.008808 4.031219 10.078049
419 416 0.000325 0.007351 3.971741 9.929352
420 417 0.000306 0.005682 3.909790 9.774475
421 418 0.000000 0.007433 3.849030 9.622574
422 419 0.000129 0.008991 3.776367 9.440918
423 420 0.000186 0.010569 3.703491 9.258728
424 421 0.000000 0.011398 3.627472 9.068680
425 422 0.000137 0.011171 3.555573 8.888931
426 423 0.000140 0.016539 3.478607 8.696518
427 424 0.000203 0.015010 3.404175 8.510437
428 425 0.000147 0.014588 3.325195 8.312988
429 426 0.000000 0.008571 3.243652 8.109131
430 427 0.000154 0.009659 3.163361 7.908401
431 428 0.000274 0.009024 3.082764 7.706909
432 429 0.000230 0.010803 3.007324 7.518311
433 430 0.000000 0.010211 2.927032 7.317581
434 431 0.000000 0.008547 2.848572 7.121429
435 432 0.000000 0.007018 2.772766 6.931915
436 433 0.000181 0.007826 2.701874 6.754684
437 434 0.000000 0.008667 2.641754 6.604385
438 435 0.000422 0.011247 2.586426 6.466064
439 436 0.000000 0.009612 2.539856 6.349640
440 437 0.000277 0.010742 2.496246 6.240616
441 438 0.000345 0.012212 2.452393 6.130981
442 439 0.000203 0.010789 2.403320 6.008301
443 440 0.000294 0.006664 2.352234 5.880585
444 441 0.000000 0.011702 2.310242 5.775604
445 442 0.000303 0.004636 2.278320 5.695801
446 443 0.000306 0.011423 2.253418 5.633545
447 444 0.000000 0.009780 2.228027 5.570068
448 445 0.000000 0.015596 2.198761 5.496902
449 446 0.000318 0.014291 2.170227 5.425568
450 447 0.000000 0.018268 2.144653 5.361633
451 448 0.000000 0.016260 2.127563 5.318909
452 449 0.000000 0.018163 2.114166 5.285416
453 450 0.000000 0.014317 2.104950 5.262375
454 451 0.000233 0.013904 2.097748 5.244370
455 452 0.000330 0.015464 2.092773 5.231934
456 453 0.000000 0.011599 2.088898 5.222244
457 454 0.000407 0.012584 2.080048 5.200119
458 455 0.000669 0.010494 2.064301 5.160751
459 456 0.000891 0.014197 2.051392 5.128479
460 457 0.000477 0.017656 2.048004 5.120010
461 458 0.000236 0.013068 2.065155 5.162888
462 459 0.000774 0.012546 2.091095 5.227737
463 460 0.000397 0.008115 2.128876 5.322189
464 461 0.000319 0.019319 2.163696 5.409241
465 462 0.000314 0.011544 2.196564 5.491409
466 463 0.000439 0.007512 2.225586 5.563965
467 464 0.000306 0.004982 2.256683 5.641708
468 465 0.000368 0.004929 2.298096 5.745239
469 466 0.000416 0.005173 2.348114 5.870285
470 467 0.000203 0.005461 2.403656 6.009140
471 468 0.000281 0.007211 2.456360 6.140900
472 469 0.000276 0.010569 2.503082 6.257706
473 470 0.000271 0.011133 2.551178 6.377945
474 471 0.000266 0.009168 2.598053 6.495132
475 472 0.000319 0.007223 2.649323 6.623306
476 473 0.000000 0.005853 2.703125 6.757812
477 474 0.000000 0.006617 2.758087 6.895218
478 475 0.000245 0.008749 2.815826 7.039566
479 476 0.000170 0.006259 2.866302 7.165756
480 477 0.000167 0.007300 2.915436 7.288589
481 478 0.000286 0.004452 2.960999 7.402496
482 479 0.000000 0.006649 3.011902 7.529755
483 480 0.000225 0.004589 3.067169 7.667923
484 481 0.000313 0.008824 3.121918 7.804794
485 482 0.000218 0.005927 3.172058 7.930145
486 483 0.000371 0.006447 3.220825 8.052063
487 484 0.000299 0.002960 3.268585 8.171463
488 485 0.000254 0.005697 3.329071 8.322678
489 486 0.000407 0.004163 3.391907 8.479767
490 487 0.000200 0.009689 3.453247 8.633118
491 488 0.000242 0.008005 3.495300 8.738251
492 489 0.000195 0.007776 3.536713 8.841782
493 490 0.000273 0.005877 3.582123 8.955307
494 491 0.000190 0.007579 3.633545 9.083862
495 492 0.000000 0.005437 3.680298 9.200745
496 493 0.000131 0.007572 3.725769 9.314423
497 494 0.000183 0.005474 3.776978 9.442444
498 495 0.000338 0.004051 3.821899 9.554749
499 496 0.000219 0.005650 3.868896 9.672241
500 497 0.000306 0.005091 3.908813 9.772034
501 498 0.000214 0.011753 3.944580 9.861450
502 499 0.000300 0.008262 3.985352 9.963379
503 500 0.000320 0.011721 4.041260 10.103149
504 501 0.000376 0.008278 4.105957 10.264893
505 502 0.000371 0.004240 4.156738 10.391846
506 503 0.000117 0.005568 4.187744 10.469360
507 504 0.000231 0.003076 4.228516 10.571289
508 505 0.000162 0.005799 4.275452 10.688629
509 506 0.000113 0.003908 4.327820 10.819550
510 507 0.000223 0.003552 4.371094 10.927734
511 508 0.000000 0.004982 4.401489 11.003723
512 509 0.000110 0.004208 4.421082 11.052704
513 510 0.000156 0.002924 4.424927 11.062317
514 511 0.000156 0.005794 4.424316 11.060791
515 512 0.000156 0.003178 4.416382 11.040955
516 513 0.000000 0.006168 4.411438 11.028595
517 514 0.000000 0.008418 4.406372 11.015930
518 515 0.000111 0.006561 4.408142 11.020355
519 516 0.000333 0.008228 4.403442 11.008606
520 517 0.000157 0.006630 4.398987 10.997467
521 518 0.000157 0.007438 4.400024 11.000061
522 519 0.000222 0.004190 4.405273 11.013184
523 520 0.000111 0.004927 4.409729 11.024323
524 521 0.000192 0.003269 4.401611 11.004028
525 522 0.000157 0.003935 4.385193 10.962982
526 523 0.000112 0.003633 4.375732 10.939331
527 524 0.000223 0.004732 4.369446 10.923615
528 525 0.000000 0.003796 4.369812 10.924530
529 526 0.000000 0.006023 4.367065 10.917664
530 527 0.000000 0.006094 4.361206 10.903015
531 528 0.000159 0.004233 4.354858 10.887146
532 529 0.000195 0.006786 4.337646 10.844116
533 530 0.000195 0.004729 4.326050 10.815125
534 531 0.000160 0.004324 4.317566 10.793915
535 532 0.000226 0.004737 4.315430 10.788574
536 533 0.000226 0.005091 4.313538 10.783844
537 534 0.000000 0.005938 4.302551 10.756378
538 535 0.000114 0.005821 4.293274 10.733185
539 536 0.000198 0.007630 4.281921 10.704803
540 537 0.000114 0.007009 4.273560 10.683899
541 538 0.000162 0.008841 4.263550 10.658875
542 539 0.000162 0.010034 4.260925 10.652313
543 540 0.000162 0.004857 4.258301 10.645752
544 541 0.000162 0.002561 4.251648 10.629120
545 542 0.000000 0.004674 4.235840 10.589600
546 543 0.000116 0.003569 4.222839 10.557098
547 544 0.000116 0.003945 4.210388 10.525970
548 545 0.000116 0.003950 4.194946 10.487366
549 546 0.000000 0.006421 4.174866 10.437164
550 547 0.000166 0.007380 4.161194 10.402985
551 548 0.000204 0.006007 4.149414 10.373535
552 549 0.000312 0.004088 4.140808 10.352020
553 550 0.000237 0.003363 4.127380 10.318451
554 551 0.000168 0.006537 4.114563 10.286407
555 552 0.000356 0.003856 4.112549 10.281372
556 553 0.000266 0.002769 4.110352 10.275879
557 554 0.000266 0.001937 4.108704 10.271759
558 555 0.000000 0.005680 4.099854 10.249634
559 556 0.000000 0.008485 4.090332 10.225830
560 557 0.000169 0.009605 4.088318 10.220795
561 558 0.000169 0.007457 4.085205 10.213013
562 559 0.000462 0.007632 4.089111 10.222778
563 560 0.000267 0.005451 4.092773 10.231934
564 561 0.000168 0.006707 4.103455 10.258636
565 562 0.000000 0.002565 4.113953 10.284882
566 563 0.000118 0.005427 4.123779 10.309448
567 564 0.000167 0.003150 4.130310 10.325775
568 565 0.000204 0.004844 4.140991 10.352478
569 566 0.000204 0.003860 4.153503 10.383759
570 567 0.000166 0.005539 4.165955 10.414886
571 568 0.000117 0.003825 4.179993 10.449982
572 569 0.000117 0.004392 4.185181 10.462952
573 570 0.000000 0.002002 4.191589 10.478973
574 571 0.000116 0.004694 4.197083 10.492706
575 572 0.000116 0.005314 4.210388 10.525970
576 573 0.000000 0.004948 4.217957 10.544891
577 574 0.000000 0.006006 4.223328 10.558319
578 575 0.000000 0.005217 4.225769 10.564423
579 576 0.000000 0.005732 4.240234 10.600586
580 577 0.000304 0.005832 4.251526 10.628815
581 578 0.000115 0.004133 4.261536 10.653839
582 579 0.000162 0.003873 4.264587 10.661469
583 580 0.000324 0.006849 4.264343 10.660858
584 581 0.000229 0.006557 4.271118 10.677795
585 582 0.000161 0.006563 4.280823 10.702057
586 583 0.000114 0.005788 4.286011 10.715027
587 584 0.000198 0.002870 4.281616 10.704041
588 585 0.000114 0.003839 4.273010 10.682526
589 586 0.000162 0.004328 4.272156 10.680389
590 587 0.000162 0.005633 4.270264 10.675659
591 588 0.000000 0.006693 4.263000 10.657501
592 589 0.000000 0.004354 4.255432 10.638580
593 590 0.000281 0.004842 4.249268 10.623169
594 591 0.000199 0.002019 4.241455 10.603638
595 592 0.000231 0.002495 4.226624 10.566559
596 593 0.000201 0.004018 4.217407 10.543518
597 594 0.000232 0.003145 4.216187 10.540466
598 595 0.000164 0.003793 4.220215 10.550537
599 596 0.000000 0.003630 4.217163 10.542908
600 597 0.000116 0.004344 4.211609 10.529022
601 598 0.000000 0.002256 4.209839 10.524597
602 599 0.000116 0.002043 4.202454 10.506134
603 600 0.000000 0.003418 4.202087 10.505219
604 601 0.000000 0.005029 4.200439 10.501099
605 602 0.000000 0.002233 4.204407 10.511017
606 603 0.000000 0.001052 4.202026 10.505066
607 604 0.000000 0.003115 4.197937 10.494843
608 605 0.000116 0.004514 4.200745 10.501862
609 606 0.000164 0.005948 4.200684 10.501709
610 607 0.000000 0.002652 4.202026 10.505066
611 608 0.000000 0.003156 4.195679 10.489197
612 609 0.000117 0.004177 4.188660 10.471649
613 610 0.000165 0.004339 4.184448 10.461121
614 611 0.000165 0.005671 4.177185 10.442963
615 612 0.000234 0.004795 4.169983 10.424957
616 613 0.000235 0.004905 4.161011 10.402527
617 614 0.000204 0.003910 4.153381 10.383453
618 615 0.000204 0.004422 4.148438 10.371094
619 616 0.000167 0.006760 4.131653 10.329132
620 617 0.000290 0.005456 4.117554 10.293884
621 618 0.000000 0.006851 4.097778 10.244446
622 619 0.000169 0.007906 4.091370 10.228424
623 620 0.000169 0.007795 4.087830 10.219574
624 621 0.000207 0.007897 4.081909 10.204773
625 622 0.000120 0.005726 4.067383 10.168457
626 623 0.000171 0.004655 4.046875 10.117188
627 624 0.000242 0.006727 4.036133 10.090332
628 625 0.000000 0.005998 4.024658 10.061646
629 626 0.000000 0.005805 4.015015 10.037537
630 627 0.000000 0.004921 4.006897 10.017242
631 628 0.000122 0.004888 3.992859 9.982147
632 629 0.000123 0.004371 3.983704 9.959259
633 630 0.000123 0.007312 3.969238 9.923096
634 631 0.000000 0.004262 3.963501 9.908752
635 632 0.000124 0.008063 3.952698 9.881744
636 633 0.000124 0.007534 3.938782 9.846954
637 634 0.000000 0.010300 3.927368 9.818420
638 635 0.000000 0.004272 3.916443 9.791107
639 636 0.000000 0.005130 3.908569 9.771423
640 637 0.000177 0.006291 3.895874 9.739685
641 638 0.000126 0.010590 3.880554 9.701385
642 639 0.000178 0.010356 3.871277 9.678192
643 640 0.000126 0.010510 3.860413 9.651031
644 641 0.000179 0.006861 3.856628 9.641571
645 642 0.000127 0.005957 3.842834 9.607086
646 643 0.000127 0.002949 3.831604 9.579010
647 644 0.000128 0.005418 3.818970 9.547424
648 645 0.000000 0.004875 3.806030 9.515076
649 646 0.000129 0.006162 3.792297 9.480743
650 647 0.000000 0.006186 3.776428 9.441071
651 648 0.000000 0.005605 3.762695 9.406738
652 649 0.000000 0.006316 3.745422 9.363556
653 650 0.000186 0.005413 3.721497 9.303741
654 651 0.000132 0.011749 3.694031 9.235077
655 652 0.000188 0.009260 3.667664 9.169159
656 653 0.000000 0.012273 3.642456 9.106140
657 654 0.000135 0.005192 3.618408 9.046021
658 655 0.000192 0.006707 3.589233 8.973083
659 656 0.000194 0.007064 3.558594 8.896484
660 657 0.000196 0.008861 3.524048 8.810120
661 658 0.000198 0.007221 3.492065 8.730164
662 659 0.000000 0.006983 3.454651 8.636627
663 660 0.000248 0.006070 3.408875 8.522186
664 661 0.000206 0.009612 3.352295 8.380737
665 662 0.000210 0.007961 3.295044 8.237610
666 663 0.000151 0.010725 3.237244 8.093109
667 664 0.000308 0.006926 3.173401 7.933502
668 665 0.000352 0.007742 3.101990 7.754974
669 666 0.000323 0.005912 3.022644 7.556610
670 667 0.000166 0.015231 2.944702 7.361755
671 668 0.000241 0.016749 2.861023 7.152557
672 669 0.000176 0.023835 2.776428 6.941071
673 670 0.000445 0.010440 2.690491 6.726227
674 671 0.000266 0.015431 2.599182 6.497955
675 672 0.000645 0.008766 2.511414 6.278534
676 673 0.000570 0.008333 2.423950 6.059875
677 674 0.000416 0.006223 2.345947 5.864868
678 675 0.000305 0.008929 2.265930 5.664825
679 676 0.000315 0.013448 2.191528 5.478821
680 677 0.000566 0.016664 2.112793 5.281982
681 678 0.000834 0.018438 2.027527 5.068817
682 679 0.000904 0.024175 1.947327 4.868317
683 680 0.000780 0.029686 1.878967 4.697418
684 681 0.000810 0.034569 1.807373 4.518433
685 682 0.000924 0.040731 1.752991 4.382477
686 683 0.001008 0.030985 1.678711 4.196777
687 684 0.000417 0.040691 1.656677 4.141693
688 685 0.000424 0.039621 1.628296 4.070740
689 686 0.000744 0.053511 1.607544 4.018860
690 687 0.000812 0.049922 1.591553 3.978882
691 688 0.001075 0.051059 1.573425 3.933563
692 689 0.000991 0.041368 1.557678 3.894196
693 690 0.001100 0.053844 1.537842 3.844604
694 691 0.001027 0.065868 1.502930 3.757324
695 692 0.001170 0.069357 1.505249 3.763123
696 693 0.001432 0.079543 1.485901 3.714752
697 694 0.001589 0.056721 1.473938 3.684845
698 695 0.000749 0.019083 1.457275 3.643188
699 696 0.001016 0.029430 1.441406 3.603516
700 697 0.000480 0.020456 1.439148 3.597870
701 698 0.000761 0.054851 1.435181 3.587952
702 699 0.000955 0.068934 1.446228 3.615570
703 700 0.001703 0.061763 1.462036 3.655090
704 701 0.002446 0.072229 1.480164 3.700409
705 702 0.002297 0.059086 1.503174 3.757935
706 703 0.001288 0.043600 1.516602 3.791504
707 704 0.001793 0.069990 1.540894 3.852234
708 705 0.001000 0.038592 1.543335 3.858337
709 706 0.000987 0.028124 1.565186 3.912964
710 707 0.000962 0.020643 1.605286 4.013214
711 708 0.002592 0.069534 1.642029 4.105072
712 709 0.001649 0.066468 1.700684 4.251709
713 710 0.001106 0.039395 1.710144 4.275360
714 711 0.001794 0.028836 1.742981 4.357452
715 712 0.001165 0.012807 1.777771 4.444427
716 713 0.001716 0.024289 1.821716 4.554291
717 714 0.002471 0.076147 1.895081 4.737701
718 715 0.001955 0.063003 1.918762 4.796906
719 716 0.002142 0.046349 1.961060 4.902649
720 717 0.000808 0.023659 2.004761 5.011902
721 718 0.000475 0.027546 2.054871 5.137177
722 719 0.000889 0.037129 2.127380 5.318451
723 720 0.001009 0.016731 2.163818 5.409546
724 721 0.001153 0.020706 2.241455 5.603638
725 722 0.000736 0.019455 2.299072 5.747681
726 723 0.000683 0.013956 2.371826 5.929565
727 724 0.000401 0.012138 2.434814 6.087036
728 725 0.000586 0.005138 2.500488 6.251221
729 726 0.000602 0.006907 2.566101 6.415253
730 727 0.000456 0.006811 2.624817 6.562042
731 728 0.000575 0.008899 2.687622 6.719055
732 729 0.000251 0.007533 2.747131 6.867828
733 730 0.000491 0.008991 2.811340 7.028351
734 731 0.000240 0.009353 2.871765 7.179413
735 732 0.000235 0.008457 2.933289 7.333221
736 733 0.000327 0.008016 2.988159 7.470398
737 734 0.000321 0.006876 3.042175 7.605438
738 735 0.000158 0.009629 3.096436 7.741089
739 736 0.000155 0.007033 3.152954 7.882385
740 737 0.000152 0.007823 3.208984 8.022461
741 738 0.000150 0.008901 3.261902 8.154755
742 739 0.000361 0.007346 3.313110 8.282776
743 740 0.000205 0.007861 3.365540 8.413849
744 741 0.000000 0.011713 3.416626 8.541565
745 742 0.000373 0.016851 3.463135 8.657837
746 743 0.000241 0.014520 3.511902 8.779755
747 744 0.000238 0.011359 3.559692 8.899231
748 745 0.000135 0.010068 3.611633 9.029083
749 746 0.000000 0.009586 3.654602 9.136505
750 747 0.000000 0.012833 3.694092 9.235229
751 748 0.000131 0.012015 3.734741 9.336853
752 749 0.000258 0.007877 3.784424 9.461060
753 750 0.000127 0.007889 3.835510 9.588776
754 751 0.000126 0.012617 3.884338 9.710846
755 752 0.000176 0.020103 3.922974 9.807434
756 753 0.000174 0.009943 3.963440 9.908600
757 754 0.000298 0.006676 4.009094 10.022736
758 755 0.000241 0.005511 4.057922 10.144806
759 756 0.000168 0.002922 4.103760 10.259399
760 757 0.000373 0.004873 4.141846 10.354614
761 758 0.000233 0.006282 4.183228 10.458069
762 759 0.000116 0.005648 4.226685 10.566711
763 760 0.000000 0.003875 4.270203 10.675507
764 761 0.000226 0.005493 4.314514 10.786285
765 762 0.000250 0.007306 4.362549 10.906372
766 763 0.000222 0.009111 4.405090 11.012726
767 764 0.000155 0.007095 4.454590 11.136475
768 765 0.000000 0.005796 4.493469 11.233673
769 766 0.000152 0.004964 4.528137 11.320343
770 767 0.000264 0.006252 4.535706 11.339264
771 768 0.000215 0.004958 4.534424 11.336060
772 769 0.000153 0.006498 4.527039 11.317596
773 770 0.000000 0.004555 4.518982 11.297455
774 771 0.000265 0.006584 4.516113 11.290283
775 772 0.000153 0.006650 4.509644 11.274109
776 773 0.000153 0.007693 4.519592 11.298981
777 774 0.000153 0.007680 4.518005 11.295013
778 775 0.000264 0.007069 4.522217 11.305542
779 776 0.000153 0.007843 4.512512 11.281281
780 777 0.000153 0.007382 4.510437 11.276093
781 778 0.000000 0.006901 4.511536 11.278839
782 779 0.000153 0.006524 4.510681 11.276703
783 780 0.000217 0.006345 4.503479 11.258698
784 781 0.000154 0.005023 4.491333 11.228333
785 782 0.000109 0.008983 4.476440 11.191101
786 783 0.000000 0.008707 4.474304 11.185760
787 784 0.000218 0.010855 4.472717 11.181793
788 785 0.000155 0.006849 4.467468 11.168671
789 786 0.000155 0.006151 4.458008 11.145020
790 787 0.000190 0.003911 4.446289 11.115723
791 788 0.000110 0.008805 4.444275 11.110687
792 789 0.000156 0.011273 4.430237 11.075592
793 790 0.000270 0.014387 4.422852 11.057129
794 791 0.000221 0.010071 4.418701 11.046753
795 792 0.000000 0.006841 4.415955 11.039886
796 793 0.000000 0.004646 4.406494 11.016235
797 794 0.000000 0.006716 4.392090 10.980225
798 795 0.000111 0.006711 4.383362 10.958405
799 796 0.000223 0.009370 4.376526 10.941315
800 797 0.000112 0.008208 4.368652 10.921631
801 798 0.000158 0.008191 4.361877 10.904694
802 799 0.000224 0.006513 4.355713 10.889282
803 800 0.000355 0.008170 4.344971 10.862427
804 801 0.000000 0.009551 4.339905 10.849762
805 802 0.000000 0.009812 4.332825 10.832062
806 803 0.000160 0.006254 4.329346 10.823364
807 804 0.000160 0.006153 4.317566 10.793915
808 805 0.000160 0.005773 4.309631 10.774078
809 806 0.000000 0.006777 4.303162 10.757904
810 807 0.000000 0.008379 4.299683 10.749207
811 808 0.000114 0.007221 4.292725 10.731812
812 809 0.000114 0.009070 4.281738 10.704346
813 810 0.000000 0.009111 4.270386 10.675964
814 811 0.000000 0.010956 4.259033 10.647583
815 812 0.000162 0.010200 4.258545 10.646362
816 813 0.000199 0.011255 4.246826 10.617065
817 814 0.000115 0.009112 4.234741 10.586853
818 815 0.000116 0.009177 4.216858 10.542145
819 816 0.000201 0.008841 4.210327 10.525818
820 817 0.000164 0.008919 4.204041 10.510101
821 818 0.000000 0.008528 4.197571 10.493927
822 819 0.000000 0.009701 4.189453 10.473633
823 820 0.000234 0.008750 4.175659 10.439148
824 821 0.000117 0.014760 4.162170 10.405426
825 822 0.000166 0.012546 4.147522 10.368805
826 823 0.000236 0.015326 4.139893 10.349731
827 824 0.000118 0.006885 4.129028 10.322571
828 825 0.000290 0.015434 4.119812 10.299530
829 826 0.000206 0.012150 4.114380 10.285950
830 827 0.000168 0.020747 4.107788 10.269470
831 828 0.000315 0.012680 4.102966 10.257416
832 829 0.000119 0.013106 4.096802 10.242004
833 830 0.000119 0.007502 4.093079 10.232697
834 831 0.000207 0.006635 4.094116 10.235291
835 832 0.000267 0.008653 4.089478 10.223694
836 833 0.000119 0.009713 4.086853 10.217133
837 834 0.000207 0.008854 4.080200 10.200500
838 835 0.000120 0.008757 4.076172 10.190430
839 836 0.000268 0.005858 4.076904 10.192261
840 837 0.000240 0.016986 4.073303 10.183258
841 838 0.000208 0.005345 4.073242 10.183105
842 839 0.000240 0.004270 4.068054 10.170135
843 840 0.000240 0.009754 4.064758 10.161896
844 841 0.000269 0.006516 4.062866 10.157166
845 842 0.000240 0.011360 4.060730 10.151825
846 843 0.000000 0.011161 4.059265 10.148163
847 844 0.000241 0.009845 4.057739 10.144348
848 845 0.000000 0.006369 4.054260 10.135651
849 846 0.000170 0.007423 4.053894 10.134735
850 847 0.000209 0.009954 4.048157 10.120392
851 848 0.000000 0.009583 4.044983 10.112457
852 849 0.000242 0.008802 4.041260 10.103149
853 850 0.000171 0.006896 4.034851 10.087128
854 851 0.000171 0.005642 4.029846 10.074615
855 852 0.000210 0.006439 4.021423 10.053558
856 853 0.000172 0.005254 4.011719 10.029297
857 854 0.000000 0.005756 3.997375 9.993439
858 855 0.000000 0.006797 3.990784 9.976959
859 856 0.000123 0.007121 3.984070 9.960175
860 857 0.000000 0.007020 3.977417 9.943542
861 858 0.000123 0.007852 3.962280 9.905701
862 859 0.000214 0.006165 3.949768 9.874420
863 860 0.000000 0.006683 3.940857 9.852142
864 861 0.000000 0.005411 3.931580 9.828949
865 862 0.000215 0.006326 3.926331 9.815826
866 863 0.000250 0.007250 3.913086 9.782715
867 864 0.000177 0.006947 3.903503 9.758759
868 865 0.000177 0.006077 3.894287 9.735718
869 866 0.000217 0.005505 3.892883 9.732208
870 867 0.000000 0.005493 3.886108 9.715271
871 868 0.000252 0.007607 3.877136 9.692841
872 869 0.000000 0.008540 3.858276 9.645691
873 870 0.000000 0.006447 3.850159 9.625397
874 871 0.000441 0.004431 3.838745 9.596863
875 872 0.000127 0.003905 3.834412 9.586029
876 873 0.000128 0.004452 3.820312 9.550781
877 874 0.000256 0.003380 3.815735 9.539337
878 875 0.000128 0.004471 3.811401 9.528503
879 876 0.000128 0.004614 3.806091 9.515228
880 877 0.000129 0.003205 3.794617 9.486542
881 878 0.000224 0.003557 3.780029 9.450073
882 879 0.000000 0.004543 3.774902 9.437256
883 880 0.000000 0.004345 3.765381 9.413452
884 881 0.000130 0.007149 3.762573 9.406433
885 882 0.000319 0.007937 3.748169 9.370422
886 883 0.000000 0.006838 3.735046 9.337616
887 884 0.000185 0.005959 3.725098 9.312744
888 885 0.000186 0.006100 3.717346 9.293365
889 886 0.000000 0.005891 3.711121 9.277802
890 887 0.000000 0.007210 3.696167 9.240417
891 888 0.000188 0.009477 3.674133 9.185333
892 889 0.000354 0.005236 3.644775 9.111938
893 890 0.000000 0.004924 3.596741 8.991852
894 891 0.000275 0.008024 3.546875 8.867188
895 892 0.000198 0.012978 3.494751 8.736877
896 893 0.000348 0.009104 3.438049 8.595123
897 894 0.000382 0.008052 3.381470 8.453674
898 895 0.000207 0.007503 3.330017 8.325043
899 896 0.000331 0.006998 3.302612 8.256531
900 897 0.000297 0.007213 3.290527 8.226318
901 898 0.000257 0.005855 3.289246 8.223114
902 899 0.000332 0.007060 3.289978 8.224945
903 900 0.000000 0.005409 3.279724 8.199310
904 901 0.000259 0.003542 3.264587 8.161469
905 902 0.000213 0.004039 3.247742 8.119354
906 903 0.000151 0.004222 3.240051 8.100128
907 904 0.000000 0.006474 3.231384 8.078461
908 905 0.000152 0.005606 3.221375 8.053436
909 906 0.000000 0.006335 3.207153 8.017883
910 907 0.000000 0.008117 3.195679 7.989197
911 908 0.000154 0.008005 3.180542 7.951355
912 909 0.000218 0.009768 3.170654 7.926636
913 910 0.000154 0.007894 3.164185 7.910461
914 911 0.000000 0.009599 3.172607 7.931519
915 912 0.000153 0.006822 3.185669 7.964172
916 913 0.000152 0.006111 3.203979 8.009949
917 914 0.000263 0.006601 3.219482 8.048706
918 915 0.000213 0.018779 3.234619 8.086548
919 916 0.000150 0.015548 3.250000 8.125000
920 917 0.000366 0.019078 3.267578 8.168945
921 918 0.000210 0.007504 3.284912 8.212280
922 919 0.000148 0.007470 3.300781 8.251953
923 920 0.000000 0.006998 3.317139 8.292847
924 921 0.000146 0.009969 3.339600 8.348999
925 922 0.000000 0.010408 3.360962 8.402405
926 923 0.000289 0.009022 3.384888 8.462219
927 924 0.000000 0.006426 3.401001 8.502502
928 925 0.000000 0.007002 3.419189 8.547974
929 926 0.000000 0.006149 3.436035 8.590088
930 927 0.000200 0.008196 3.461060 8.652649
931 928 0.000243 0.012746 3.482422 8.706055
932 929 0.000197 0.013477 3.506836 8.767090
933 930 0.000138 0.011149 3.526978 8.817444
934 931 0.000194 0.008982 3.551758 8.879395
935 932 0.000273 0.008601 3.578247 8.945618
936 933 0.000271 0.006829 3.604614 9.011536
937 934 0.000134 0.007138 3.632690 9.081726
938 935 0.000189 0.008419 3.657471 9.143677
939 936 0.000375 0.010560 3.683716 9.209290
940 937 0.000228 0.013764 3.710449 9.276123
941 938 0.000185 0.010507 3.739624 9.349060
942 939 0.000000 0.009926 3.776123 9.440308
943 940 0.000222 0.006766 3.810669 9.526672
944 941 0.000179 0.005237 3.847290 9.618225
945 942 0.000126 0.006645 3.876831 9.692078
946 943 0.000125 0.009379 3.905151 9.762878
947 944 0.000215 0.009385 3.937256 9.843140
948 945 0.000246 0.009363 3.971191 9.927979
949 946 0.000172 0.008224 4.004517 10.011292
950 947 0.000121 0.008029 4.038574 10.096436
951 948 0.000170 0.008087 4.069214 10.173035
952 949 0.000168 0.006729 4.100220 10.250549
953 950 0.000167 0.008459 4.123291 10.308228
954 951 0.000263 0.009609 4.145142 10.362854
955 952 0.000000 0.007449 4.176270 10.440674
956 953 0.000116 0.008042 4.206177 10.515442
957 954 0.000163 0.006507 4.241211 10.603027
958 955 0.000162 0.006807 4.265137 10.662842
959 956 0.000000 0.006651 4.288208 10.720520
960 957 0.000113 0.008341 4.308350 10.770874
961 958 0.000160 0.010119 4.321167 10.802917
962 959 0.000113 0.012527 4.328125 10.820312
963 960 0.000113 0.014281 4.325439 10.813599
964 961 0.000160 0.010260 4.324463 10.811157
965 962 0.000113 0.009072 4.319336 10.798340
966 963 0.000113 0.007937 4.315430 10.788574
967 964 0.000000 0.009765 4.311890 10.779724
968 965 0.000160 0.010464 4.308105 10.770264
969 966 0.000160 0.010126 4.312500 10.781250
970 967 0.000113 0.009762 4.309570 10.773926
971 968 0.000160 0.008129 4.307739 10.769348
972 969 0.000161 0.007416 4.294678 10.736694
973 970 0.000197 0.008822 4.283569 10.708923
974 971 0.000161 0.010395 4.275879 10.689697
975 972 0.000000 0.008983 4.266846 10.667114
976 973 0.000115 0.009879 4.258545 10.646362
977 974 0.000163 0.006265 4.247803 10.619507
978 975 0.000000 0.007846 4.240967 10.602417
979 976 0.000163 0.006791 4.237549 10.593872
980 977 0.000283 0.009322 4.224609 10.561523
981 978 0.000164 0.006183 4.206787 10.516968
982 979 0.000165 0.007218 4.188965 10.472412
983 980 0.000165 0.006351 4.181641 10.454102
984 981 0.000165 0.008055 4.180298 10.450745
985 982 0.000165 0.007022 4.173584 10.433960
986 983 0.000166 0.008572 4.160278 10.400696
987 984 0.000167 0.007663 4.143188 10.357971
988 985 0.000000 0.006202 4.131592 10.328979
989 986 0.000000 0.004715 4.123413 10.308533
990 987 0.000000 0.007447 4.114624 10.286560
991 988 0.000168 0.007871 4.105225 10.263062
992 989 0.000119 0.010917 4.089478 10.223694
993 990 0.000207 0.010816 4.081543 10.203857
994 991 0.000268 0.012812 4.069214 10.173035
995 992 0.000170 0.013662 4.059204 10.148010
996 993 0.000121 0.013130 4.043701 10.109253
997 994 0.000171 0.012413 4.029297 10.073242
998 995 0.000121 0.011300 4.023193 10.057983
999 996 0.000211 0.010767 4.014160 10.035400
1000 997 0.000244 0.010416 4.001099 10.002747
1001 998 0.000213 0.009434 3.977295 9.943237
1002 999 0.000000 0.008803 3.942871 9.857178
1003 1000 0.000125 0.010068 3.898560 9.746399
1004 1001 0.000000 0.009012 3.841553 9.603882
1005 1002 0.000129 0.009934 3.777100 9.442749
1006 1003 0.000132 0.010403 3.704224 9.260559
1007 1004 0.000000 0.013316 3.622803 9.057007
1008 1005 0.000138 0.014868 3.543945 8.859863
1009 1006 0.000141 0.017001 3.461548 8.653870
1010 1007 0.000289 0.015996 3.378052 8.445129
1011 1008 0.000000 0.016222 3.283936 8.209839
1012 1009 0.000153 0.013807 3.194946 7.987366
1013 1010 0.000273 0.012770 3.101074 7.752686
1014 1011 0.000000 0.012885 3.009766 7.524414
1015 1012 0.000237 0.012490 2.911743 7.279358
1016 1013 0.000174 0.013929 2.813721 7.034302
1017 1014 0.000254 0.012936 2.715332 6.788330
1018 1015 0.000000 0.012378 2.616577 6.541443
1019 1016 0.000274 0.011916 2.521729 6.304321
1020 1017 0.000347 0.014677 2.435303 6.088257
1021 1018 0.000291 0.013808 2.369141 5.922852
1022 1019 0.000209 0.013844 2.335327 5.838318
1023 1020 0.000298 0.009558 2.321045 5.802612
1024 1021 0.000000 0.011584 2.317505 5.793762
1025 1022 0.000299 0.010024 2.312256 5.780640
1026 1023 0.000212 0.012471 2.302368 5.755920
1027 1024 0.000000 0.009510 2.295654 5.739136
1028 1025 0.000000 0.009432 2.284058 5.710144
1029 1026 0.000303 0.007709 2.276245 5.690613
1030 1027 0.000305 0.007772 2.263794 5.659485
1031 1028 0.000306 0.010134 2.254272 5.635681
1032 1029 0.000377 0.007314 2.245117 5.612793
1033 1030 0.000309 0.002823 2.236328 5.590820
1034 1031 0.000491 0.004915 2.225586 5.563965
1035 1032 0.000311 0.003830 2.217041 5.542603
1036 1033 0.000312 0.007687 2.215576 5.538940
1037 1034 0.000000 0.003819 2.224487 5.561218
1038 1035 0.000576 0.005517 2.240967 5.602417
1039 1036 0.000484 0.003562 2.256470 5.641174
1040 1037 0.000527 0.005407 2.271118 5.677795
1041 1038 0.000000 0.004831 2.284058 5.710144
1042 1039 0.000301 0.005149 2.294922 5.737305
1043 1040 0.000212 0.003795 2.307373 5.768433
1044 1041 0.000000 0.003217 2.323120 5.807800
1045 1042 0.000551 0.005414 2.345581 5.863953
1046 1043 0.000206 0.006012 2.369751 5.924377
1047 1044 0.000205 0.000709 2.382568 5.956421
1048 1045 0.000647 0.003854 2.387817 5.969543
1049 1046 0.000000 0.003309 2.391602 5.979004
1050 1047 0.000000 0.008658 2.403687 6.009216
1051 1048 0.000450 0.008041 2.427856 6.069641
1052 1049 0.000282 0.008327 2.449463 6.123657
1053 1050 0.000198 0.009121 2.470703 6.176758
1054 1051 0.000278 0.008273 2.482910 6.207275
1055 1052 0.000677 0.008943 2.497070 6.242676
1056 1053 0.000614 0.014420 2.513428 6.283569
1057 1054 0.000385 0.013787 2.535278 6.338196
1058 1055 0.000190 0.014151 2.566040 6.415100
1059 1056 0.000188 0.005545 2.596924 6.492310
1060 1057 0.000263 0.008891 2.628418 6.571045
1061 1058 0.000260 0.009530 2.653931 6.634827
1062 1059 0.000258 0.013992 2.680420 6.701050
1063 1060 0.000255 0.013423 2.705322 6.763306
1064 1061 0.000000 0.010404 2.731201 6.828003
1065 1062 0.000177 0.009972 2.754639 6.886597
1066 1063 0.000176 0.009349 2.777344 6.943359
1067 1064 0.000000 0.008193 2.793579 6.983948
1068 1065 0.000000 0.006398 2.806519 7.016296
1069 1066 0.000174 0.006174 2.810059 7.025146
1070 1067 0.000000 0.009088 2.811157 7.027893
1071 1068 0.000000 0.007978 2.808472 7.021179
1072 1069 0.000348 0.008511 2.806274 7.015686
1073 1070 0.000246 0.006376 2.804077 7.010193
1074 1071 0.000302 0.008608 2.801025 7.002563
1075 1072 0.000174 0.008729 2.800537 7.001343
1076 1073 0.000000 0.009297 2.793945 6.984863
1077 1074 0.000000 0.009210 2.786011 6.965027
1078 1075 0.000000 0.007960 2.774414 6.936035
1079 1076 0.000000 0.008611 2.765869 6.914673
1080 1077 0.000177 0.006932 2.756714 6.891785
1081 1078 0.000178 0.006948 2.746216 6.865540
1082 1079 0.000179 0.005204 2.726440 6.816101
1083 1080 0.000000 0.006610 2.694092 6.735229
1084 1081 0.000000 0.003977 2.643555 6.608887
1085 1082 0.000267 0.004301 2.588257 6.470642
1086 1083 0.000000 0.003155 2.535645 6.339111
1087 1084 0.000195 0.005580 2.501465 6.253662
1088 1085 0.000000 0.004590 2.482544 6.206360
1089 1086 0.000000 0.003098 2.476318 6.190796
1090 1087 0.000000 0.004143 2.469849 6.174622
1091 1088 0.000198 0.011197 2.459961 6.149902
1092 1089 0.000199 0.010961 2.447754 6.119385
1093 1090 0.000000 0.014909 2.435547 6.088867
1094 1091 0.000284 0.013100 2.429321 6.073303
1095 1092 0.000638 0.007187 2.420776 6.051941
1096 1093 0.000405 0.014261 2.412231 6.030579
1097 1094 0.000203 0.011346 2.401001 6.002502
1098 1095 0.000288 0.021570 2.393555 5.983887
1099 1096 0.000000 0.007187 2.392456 5.981140
1100 1097 0.000288 0.006771 2.395508 5.988770
