10 7 0.000000 0.039560 0.494638 1.236594
11 8 0.001871 0.059414 0.521820 1.304551
12 9 0.000000 0.054808 0.544660 1.361650
13 10 0.000000 0.045234 0.567342 1.418355
14 11 0.001169 0.036146 0.590501 1.476253
15 12 0.001125 0.023684 0.613688 1.534219
16 13 0.001087 0.019342 0.635551 1.588877
17 14 0.001056 0.056321 0.653794 1.634485
18 15 0.001466 0.067346 0.665969 1.664922
19 16 0.001246 0.081818 0.678824 1.697061
20 17 0.001872 0.068652 0.690145 1.725363
21 18 0.002781 0.059660 0.702342 1.755855
22 19 0.002167 0.076423 0.712590 1.781476
23 20 0.001339 0.084841 0.729495 1.823738
24 21 0.001443 0.095917 0.756398 1.890995
25 22 0.001765 0.064396 0.782285 1.955714
26 23 0.004155 0.038550 0.805602 2.014004
27 24 0.002649 0.030794 0.824429 2.061071
28 25 0.003347 0.034270 0.850645 2.126613
29 26 0.002076 0.030748 0.879862 2.199655
30 27 0.002445 0.030705 0.915158 2.287896
31 28 0.001629 0.042861 0.947900 2.369751
32 29 0.002111 0.039358 0.981326 2.453314
33 30 0.002351 0.040007 1.017521 2.543802
34 31 0.000924 0.015018 1.057006 2.642516
35 32 0.001930 0.044641 1.102701 2.756753
36 33 0.002051 0.042255 1.141774 2.854434
37 34 0.001095 0.065329 1.179714 2.949284
38 35 0.000567 0.034726 1.217999 3.044996
39 36 0.001340 0.030327 1.262426 3.156066
40 37 0.001396 0.026447 1.308590 3.271475
41 38 0.001489 0.025327 1.351976 3.379941
42 39 0.001788 0.025633 1.392420 3.481050
43 40 0.000832 0.009866 1.437692 3.594229
44 41 0.000931 0.009262 1.483356 3.708391
45 42 0.000318 0.010955 1.535424 3.838561
46 43 0.000308 0.011143 1.585145 3.962862
47 44 0.000791 0.008964 1.634086 4.085214
48 45 0.000871 0.008010 1.681684 4.204209
49 46 0.000800 0.006469 1.726480 4.316199
50 47 0.000550 0.011914 1.775154 4.437885
51 48 0.000536 0.011531 1.821424 4.553559
52 49 0.000261 0.008161 1.870711 4.676778
53 50 0.000360 0.005144 1.917925 4.794812
54 51 0.000352 0.005665 1.960028 4.900069
55 52 0.000344 0.004564 2.004492 5.011230
56 53 0.000337 0.009571 2.050016 5.125041
57 54 0.000697 0.012561 2.101713 5.254283
58 55 0.000454 0.008483 2.149643 5.374107
59 56 0.000000 0.006273 2.190895 5.477238
60 57 0.000536 0.005132 2.229477 5.573692
61 58 0.000305 0.006366 2.265059 5.662646
62 59 0.000299 0.006884 2.310560 5.776401
63 60 0.000208 0.007482 2.348709 5.871773
64 61 0.000290 0.013964 2.383881 5.959702
65 62 0.000353 0.006998 2.399214 5.998034
66 63 0.000350 0.006984 2.413069 6.032672
67 64 0.000000 0.007824 2.432869 6.082172
68 65 0.000930 0.009795 2.461996 6.154990
69 66 0.000391 0.010492 2.499605 6.249013
70 67 0.000387 0.007719 2.526634 6.316586
71 68 0.000429 0.006457 2.543604 6.359010
72 69 0.000271 0.004702 2.546539 6.366348
73 70 0.000471 0.003622 2.540283 6.350708
74 71 0.000000 0.003561 2.531832 6.329579
75 72 0.000273 0.005736 2.528553 6.321383
76 73 0.000193 0.006435 2.527370 6.318426
77 74 0.000334 0.008767 2.531242 6.328106
78 75 0.000336 0.005500 2.520542 6.301355
79 76 0.000275 0.006670 2.515572 6.288929
80 77 0.000000 0.007828 2.510643 6.276608
81 78 0.000194 0.010549 2.516056 6.290140
82 79 0.000548 0.010186 2.522293 6.305733
83 80 0.000335 0.009006 2.526897 6.317244
84 81 0.000335 0.009181 2.524467 6.311169
85 82 0.000274 0.014941 2.516685 6.291714
86 83 0.000338 0.016423 2.505814 6.264534
87 84 0.000000 0.027179 2.498150 6.245375
88 85 0.000339 0.015709 2.492973 6.232433
89 86 0.000480 0.008978 2.489525 6.223812
90 87 0.000439 0.009265 2.486328 6.215820
91 88 0.000341 0.005867 2.482243 6.205606
92 89 0.000521 0.006547 2.477615 6.194038
93 90 0.000483 0.004783 2.476135 6.190338
94 91 0.000000 0.009132 2.477074 6.192684
95 92 0.000279 0.013882 2.470936 6.177340
96 93 0.000486 0.015113 2.458828 6.147070
97 94 0.000347 0.012152 2.438183 6.095457
98 95 0.000451 0.009672 2.420547 6.051369
99 96 0.000351 0.008530 2.408344 6.020861
100 97 0.000288 0.004452 2.400227 6.000566
101 98 0.000288 0.003440 2.395939 5.989847
102 99 0.000205 0.004860 2.385326 5.963316
103 100 0.000000 0.008100 2.373047 5.932617
104 101 0.000414 0.007252 2.358761 5.896902
105 102 0.000208 0.009114 2.347271 5.868177
106 103 0.000209 0.008242 2.337967 5.844917
107 104 0.000000 0.007111 2.323090 5.807724
108 105 0.000000 0.006918 2.303959 5.759897
109 106 0.000000 0.006047 2.278133 5.695333
110 107 0.000307 0.009692 2.246986 5.617466
111 108 0.000381 0.010782 2.217449 5.543623
112 109 0.000224 0.012276 2.179008 5.447521
113 110 0.000559 0.010009 2.140606 5.351515
114 111 0.000404 0.013147 2.093376 5.233440
115 112 0.000337 0.010671 2.048347 5.120869
116 113 0.000422 0.011726 2.001762 5.004406
117 114 0.000250 0.011764 1.955452 4.888630
118 115 0.000000 0.011544 1.908463 4.771156
119 116 0.000263 0.008336 1.858788 4.646969
120 117 0.000000 0.011481 1.806740 4.516850
121 118 0.000559 0.011128 1.747841 4.369602
122 119 0.000501 0.008634 1.686424 4.216061
123 120 0.000603 0.017283 1.618423 4.046059
124 121 0.000832 0.021409 1.553627 3.884068
125 122 0.000801 0.025787 1.493294 3.733234
126 123 0.001357 0.020178 1.438934 3.597336
127 124 0.001771 0.064079 1.405777 3.514442
128 125 0.002537 0.064763 1.374672 3.436680
129 126 0.001754 0.053244 1.363663 3.409157
130 127 0.001365 0.022610 1.337959 3.344898
131 128 0.001417 0.018978 1.334396 3.335991
132 129 0.001283 0.018818 1.318573 3.296432
133 130 0.001883 0.039376 1.321930 3.304825
134 131 0.002286 0.041451 1.316414 3.291035
135 132 0.003572 0.048716 1.311249 3.278122
136 133 0.003193 0.029387 1.297691 3.244228
137 134 0.002233 0.052801 1.274803 3.187008
138 135 0.001269 0.043167 1.276527 3.191319
139 136 0.002517 0.023619 1.286926 3.217316
140 137 0.002974 0.013377 1.333824 3.334560
141 138 0.002998 0.010207 1.381989 3.454971
142 139 0.001079 0.031549 1.430573 3.576431
143 140 0.001095 0.033220 1.479149 3.697872
144 141 0.001111 0.026490 1.523064 3.807659
145 142 0.000819 0.020587 1.577751 3.944378
146 143 0.001201 0.017986 1.626793 4.066982
147 144 0.001163 0.008296 1.679657 4.199142
148 145 0.001195 0.006341 1.733322 4.333305
149 146 0.001096 0.003981 1.782486 4.456215
150 147 0.000753 0.010944 1.834518 4.586296
151 148 0.000779 0.013655 1.881165 4.702911
152 149 0.000566 0.021343 1.927605 4.819012
153 150 0.000607 0.018822 1.969673 4.924183
154 151 0.000420 0.019417 2.014076 5.035191
155 152 0.000237 0.011229 2.058090 5.145226
156 153 0.000402 0.009755 2.104279 5.260696
157 154 0.000558 0.013686 2.142845 5.357113
158 155 0.000593 0.012134 2.179878 5.449696
159 156 0.000765 0.013090 2.209656 5.524139
160 157 0.000687 0.010312 2.247910 5.619774
161 158 0.000855 0.011330 2.285362 5.713406
162 159 0.000421 0.016098 2.317924 5.794811
163 160 0.000725 0.013417 2.332550 5.831375
164 161 0.000000 0.017933 2.326096 5.815239
165 162 0.000211 0.007233 2.317101 5.792751
166 163 0.000731 0.009564 2.313034 5.782585
167 164 0.000298 0.008293 2.316414 5.791035
168 165 0.000471 0.011531 2.319321 5.798302
169 166 0.000845 0.014869 2.310883 5.777206
170 167 0.000424 0.016458 2.300827 5.752068
171 168 0.000477 0.016222 2.289749 5.724373
172 169 0.000709 0.011011 2.283600 5.709000
173 170 0.000301 0.009446 2.290367 5.725918
174 171 0.000603 0.009945 2.289909 5.724773
175 172 0.000369 0.007171 2.292320 5.730801
176 173 0.000000 0.007395 2.277596 5.693989
177 174 0.000570 0.008833 2.266090 5.665226
178 175 0.000530 0.011830 2.258484 5.646210
179 176 0.000216 0.009319 2.258286 5.645714
180 177 0.000000 0.007986 2.265106 5.662766
181 178 0.000429 0.008820 2.275780 5.689449
182 179 0.000853 0.012727 2.289932 5.724831
183 180 0.000560 0.011696 2.304932 5.762329
184 181 0.000000 0.013520 2.318611 5.796528
185 182 0.000467 0.009690 2.336426 5.841064
186 183 0.000294 0.012169 2.352715 5.881786
187 184 0.000504 0.007807 2.373474 5.933685
188 185 0.000542 0.010788 2.383911 5.959778
189 186 0.000456 0.010636 2.396088 5.990219
190 187 0.000641 0.011486 2.410599 6.026497
191 188 0.000401 0.008673 2.435097 6.087742
192 189 0.000524 0.005964 2.467697 6.169243
193 190 0.000277 0.007585 2.492928 6.232319
194 191 0.000274 0.014475 2.518135 6.295338
195 192 0.000544 0.014122 2.538673 6.346684
196 193 0.000270 0.009633 2.557457 6.393642
197 194 0.000190 0.008715 2.573975 6.434937
198 195 0.000534 0.009955 2.584023 6.460056
199 196 0.000000 0.010828 2.593163 6.482906
200 197 0.000265 0.006338 2.601006 6.502514
201 198 0.000324 0.007919 2.610168 6.525421
202 199 0.000372 0.007730 2.623238 6.558094
203 200 0.000000 0.006228 2.631859 6.579647
204 201 0.000454 0.008914 2.634621 6.586552
205 202 0.000644 0.010817 2.625053 6.562634
206 203 0.000530 0.011500 2.606583 6.516457
207 204 0.000421 0.008970 2.592545 6.481361
208 205 0.000424 0.008211 2.578003 6.445007
209 206 0.000502 0.007324 2.573120 6.432800
210 207 0.000913 0.006652 2.565613 6.414032
211 208 0.000538 0.008196 2.569153 6.422882
212 209 0.001359 0.010203 2.566772 6.416931
213 210 0.000812 0.006475 2.550308 6.375771
214 211 0.000274 0.009649 2.523102 6.307755
215 212 0.000828 0.008543 2.501587 6.253967
216 213 0.000679 0.004581 2.490799 6.226997
217 214 0.000440 0.010438 2.480865 6.202164
218 215 0.000485 0.009561 2.466202 6.165504
219 216 0.000797 0.010461 2.451813 6.129532
220 217 0.000447 0.018077 2.443512 6.108780
221 218 0.000566 0.019101 2.438080 6.095200
222 219 0.000000 0.020250 2.437149 6.092873
223 220 0.000000 0.010214 2.433060 6.082649
224 221 0.000494 0.007538 2.422546 6.056366
225 222 0.000454 0.005061 2.405838 6.014595
226 223 0.000577 0.009974 2.393311 5.983276
227 224 0.000503 0.007869 2.379471 5.948677
228 225 0.000653 0.007875 2.365814 5.914536
229 226 0.000832 0.006232 2.346115 5.865288
230 227 0.000000 0.009994 2.330200 5.825500
231 228 0.000364 0.007942 2.322617 5.806541
232 229 0.000471 0.011498 2.316696 5.791740
233 230 0.000211 0.012766 2.315140 5.787849
234 231 0.000000 0.015076 2.305603 5.764008
235 232 0.000674 0.011369 2.290268 5.725670
236 233 0.000215 0.010995 2.271408 5.678520
237 234 0.000305 0.012588 2.260620 5.651550
238 235 0.000374 0.014199 2.261688 5.654221
239 236 0.000528 0.010936 2.266144 5.665359
240 237 0.000569 0.015576 2.272278 5.680695
241 238 0.000215 0.012996 2.267624 5.669060
242 239 0.000920 0.012792 2.251755 5.629387
243 240 0.000538 0.011551 2.224915 5.562286
244 241 0.000541 0.013575 2.210190 5.525475
245 242 0.000879 0.012197 2.221558 5.553894
246 243 0.000377 0.009275 2.245728 5.614319
247 244 0.000807 0.010664 2.264343 5.660858
248 245 0.000837 0.010422 2.260376 5.650940
249 246 0.000217 0.013876 2.249710 5.624275
250 247 0.000218 0.010895 2.240402 5.601006
251 248 0.000577 0.010070 2.239899 5.599747
252 249 0.000575 0.010342 2.246674 5.616684
253 250 0.000649 0.011421 2.255615 5.639038
254 251 0.000432 0.004974 2.260681 5.651703
255 252 0.000569 0.008033 2.268524 5.671310
256 253 0.000678 0.011974 2.277176 5.692940
257 254 0.000798 0.010254 2.290634 5.726585
258 255 0.001149 0.008694 2.288757 5.721893
259 256 0.000983 0.007681 2.277054 5.692635
260 257 0.000482 0.012531 2.266830 5.667076
261 258 0.001138 0.007464 2.271362 5.678406
262 259 0.000301 0.004804 2.292923 5.732307
263 260 0.000211 0.006159 2.312012 5.780029
264 261 0.001052 0.008774 2.321350 5.803375
265 262 0.000634 0.003029 2.311539 5.778847
266 263 0.000212 0.003593 2.302628 5.756569
267 264 0.000950 0.006005 2.298355 5.745888
268 265 0.000518 0.007736 2.310318 5.775795
269 266 0.000298 0.008948 2.317154 5.792885
270 267 0.000596 0.008983 2.317337 5.793343
271 268 0.000560 0.007023 2.305588 5.763969
272 269 0.000425 0.006280 2.295212 5.738029
273 270 0.000302 0.001956 2.287155 5.717888
274 271 0.000000 0.003851 2.281799 5.704498
275 272 0.000372 0.007667 2.273956 5.684891
276 273 0.000000 0.008476 2.257721 5.644302
277 274 0.000436 0.007909 2.238708 5.596771
278 275 0.000622 0.003532 2.219299 5.548248
279 276 0.000539 0.003847 2.217453 5.543633
280 277 0.000731 0.010350 2.213928 5.534821
281 278 0.000313 0.014569 2.208679 5.521698
282 279 0.000593 0.008248 2.178101 5.445251
283 280 0.000914 0.006053 2.136795 5.341988
284 281 0.000877 0.006269 2.082932 5.207329
285 282 0.000340 0.005197 2.032242 5.080605
286 283 0.000603 0.008447 1.983582 4.958954
287 284 0.000357 0.004118 1.934998 4.837494
288 285 0.000000 0.003560 1.883820 4.709549
289 286 0.000655 0.010939 1.826080 4.565201
290 287 0.000554 0.004485 1.761887 4.404716
291 288 0.000646 0.001960 1.691284 4.228210
292 289 0.000523 0.012200 1.616516 4.041290
293 290 0.000947 0.014224 1.547470 3.868675
294 291 0.000808 0.012234 1.479340 3.698349
295 292 0.000597 0.011747 1.416595 3.541489
296 293 0.000718 0.007304 1.359451 3.398628
297 294 0.000530 0.015571 1.304092 3.260231
298 295 0.001512 0.032492 1.250961 3.127403
299 296 0.001828 0.039744 1.194473 2.986183
300 297 0.000605 0.021811 1.141220 2.853050
301 298 0.002668 0.035043 1.082581 2.706451
302 299 0.002087 0.019262 1.019669 2.549171
303 300 0.001527 0.023850 0.959137 2.397842
304 301 0.001528 0.022745 0.904068 2.260170
305 302 0.002131 0.023850 0.857224 2.143059
306 303 0.001908 0.021510 0.809143 2.022858
307 304 0.002774 0.031422 0.767365 1.918411
308 305 0.001347 0.024748 0.725174 1.812935
309 306 0.002251 0.029479 0.686050 1.715126
310 307 0.001820 0.033838 0.657089 1.642723
311 308 0.004000 0.062923 0.645981 1.614952
312 309 0.003471 0.051683 0.644577 1.611443
313 310 0.002810 0.071114 0.650177 1.625443
314 311 0.003671 0.077097 0.651672 1.629181
315 312 0.001837 0.081849 0.651199 1.627998
316 313 0.003969 0.048752 0.650925 1.627312
317 314 0.003930 0.045490 0.645538 1.613846
318 315 0.003445 0.045741 0.649536 1.623840
319 316 0.003541 0.047289 0.646759 1.616898
320 317 0.001856 0.032926 0.644363 1.610909
321 318 0.001515 0.043479 0.644409 1.611023
322 319 0.001687 0.070541 0.647339 1.618347
323 320 0.003312 0.147218 0.659363 1.648407
324 321 0.002111 0.120348 0.693909 1.734772
325 322 0.002823 0.087412 0.733871 1.834679
326 323 0.004483 0.058839 0.800430 2.001076
327 324 0.004287 0.057230 0.852432 2.131081
328 325 0.003392 0.049173 0.899033 2.247581
329 326 0.001157 0.073039 0.943909 2.359772
330 327 0.001843 0.094483 0.991135 2.477837
331 328 0.002683 0.099061 1.029404 2.573509
332 329 0.002662 0.072850 1.069595 2.673988
333 330 0.001795 0.032219 1.088257 2.720642
334 331 0.002869 0.051175 1.141571 2.853928
335 332 0.002557 0.038638 1.177353 2.943382
336 333 0.002198 0.038772 1.216858 3.042145
337 334 0.001166 0.036060 1.256439 3.141098
338 335 0.000532 0.021799 1.298141 3.245354
339 336 0.001348 0.015605 1.355103 3.387756
340 337 0.000694 0.025843 1.407959 3.519897
341 338 0.001253 0.032603 1.457794 3.644485
342 339 0.001246 0.022640 1.517288 3.793221
343 340 0.000620 0.018515 1.575882 3.939705
344 341 0.000989 0.005183 1.637024 4.092560
345 342 0.001076 0.006843 1.698044 4.245110
346 343 0.001580 0.026240 1.748215 4.370537
347 344 0.001081 0.037901 1.807022 4.517555
348 345 0.001082 0.040181 1.859894 4.649734
349 346 0.000509 0.007471 1.920273 4.800682
350 347 0.000350 0.006433 1.974915 4.937286
351 348 0.000417 0.002865 2.027069 5.067673
352 349 0.000235 0.019463 2.074890 5.187225
353 350 0.000000 0.023524 2.121155 5.302887
354 351 0.000000 0.014136 2.170883 5.427208
355 352 0.000220 0.007786 2.216003 5.540009
356 353 0.000000 0.011110 2.266663 5.666656
357 354 0.000299 0.008189 2.310654 5.776634
358 355 0.000358 0.017547 2.361404 5.903511
359 356 0.000287 0.019885 2.407715 6.019287
360 357 0.000281 0.007969 2.458389 6.145973
361 358 0.000338 0.005401 2.501083 6.252708
362 359 0.000576 0.012637 2.543564 6.358910
363 360 0.000758 0.006083 2.575211 6.438026
364 361 0.000648 0.007451 2.610962 6.527405
365 362 0.000691 0.005970 2.643219 6.608047
366 363 0.000514 0.007394 2.685989 6.714973
367 364 0.000645 0.013643 2.728134 6.820335
368 365 0.000306 0.004576 2.765335 6.913338
369 366 0.000653 0.005125 2.797607 6.994019
370 367 0.000244 0.005620 2.826859 7.067146
371 368 0.000171 0.009127 2.862839 7.157097
372 369 0.000674 0.012940 2.898834 7.247086
373 370 0.000288 0.009077 2.933136 7.332840
374 371 0.000331 0.007552 2.950241 7.375603
375 372 0.000369 0.010019 2.961258 7.403145
376 373 0.000233 0.009052 2.962280 7.405701
377 374 0.000329 0.013405 2.966949 7.417374
378 375 0.000165 0.011216 2.966034 7.415085
379 376 0.000233 0.011627 2.969177 7.422943
380 377 0.000000 0.020807 2.978348 7.445869
381 378 0.000164 0.013064 2.981369 7.453423
382 379 0.000401 0.013447 2.984100 7.460251
383 380 0.000517 0.012677 2.984940 7.462349
384 381 0.000366 0.018496 2.983261 7.458153
385 382 0.000231 0.028444 2.986588 7.466469
386 383 0.000164 0.015091 2.977936 7.444839
387 384 0.000232 0.013475 2.979446 7.448616
388 385 0.000233 0.013698 2.968979 7.422447
389 386 0.000232 0.021096 2.972519 7.431297
390 387 0.000164 0.022983 2.976410 7.441025
391 388 0.000401 0.024895 2.980347 7.450867
392 389 0.000328 0.019128 2.973587 7.433968
393 390 0.000000 0.020785 2.964676 7.411690
394 391 0.000494 0.017625 2.963974 7.409935
395 392 0.000232 0.018784 2.970200 7.425499
396 393 0.000164 0.015537 2.974503 7.436256
397 394 0.000328 0.014736 2.980286 7.450714
398 395 0.000435 0.018082 2.973129 7.432823
399 396 0.000329 0.019358 2.964752 7.411880
400 397 0.000165 0.018122 2.950439 7.376099
401 398 0.000406 0.012148 2.948029 7.370071
402 399 0.000234 0.011327 2.953186 7.382965
403 400 0.000165 0.012561 2.953003 7.382507
404 401 0.000166 0.009903 2.945343 7.363358
405 402 0.000166 0.014685 2.932678 7.331696
406 403 0.000409 0.013430 2.925507 7.313766
407 404 0.000236 0.016769 2.923340 7.308350
408 405 0.000167 0.015119 2.919189 7.297974
409 406 0.000237 0.019673 2.914307 7.285767
410 407 0.000337 0.020772 2.900055 7.250137
411 408 0.000240 0.018057 2.881470 7.203674
412 409 0.000295 0.008260 2.864319 7.160797
413 410 0.000342 0.009784 2.854126 7.135315
414 411 0.000343 0.011456 2.851044 7.127609
415 412 0.000384 0.014747 2.844940 7.112350
416 413 0.000243 0.010593 2.839081 7.097702
417 414 0.000000 0.005074 2.831329 7.078323
418 415 0.000245 0.008285 2.822632 7.056580
419 416 0.000300 0.007925 2.814972 7.037430
420 417 0.000246 0.012843 2.808197 7.020493
421 418 0.000302 0.013311 2.802887 7.007217
422 419 0.000247 0.018470 2.795044 6.987610
423 420 0.000248 0.022980 2.784637 6.961594
424 421 0.000498 0.022951 2.770782 6.926956
425 422 0.000355 0.022211 2.752319 6.880798
426 423 0.000179 0.020171 2.728424 6.821060
427 424 0.000256 0.020186 2.699677 6.749191
428 425 0.000258 0.027547 2.671417 6.678543
429 426 0.000321 0.024217 2.635864 6.589661
430 427 0.000375 0.023714 2.600769 6.501923
431 428 0.000000 0.019027 2.559296 6.398239
432 429 0.000194 0.021166 2.521637 6.304092
433 430 0.000000 0.019533 2.485779 6.214447
434 431 0.000199 0.016797 2.452515 6.131287
435 432 0.000201 0.018091 2.424011 6.060028
436 433 0.000204 0.016624 2.394165 5.985413
437 434 0.000292 0.016447 2.361023 5.902557
438 435 0.000298 0.011859 2.320465 5.801163
439 436 0.000215 0.014653 2.275085 5.687714
440 437 0.000310 0.013789 2.228424 5.571060
441 438 0.000223 0.018555 2.189392 5.473480
442 439 0.000228 0.015586 2.139862 5.349655
443 440 0.000329 0.018898 2.098541 5.246353
444 441 0.000412 0.017047 2.051666 5.129166
445 442 0.000592 0.013943 2.018951 5.047379
446 443 0.000551 0.014230 1.980927 4.952316
447 444 0.000502 0.012403 1.946625 4.866562
448 445 0.000361 0.011073 1.912384 4.780960
449 446 0.000449 0.014686 1.883118 4.707794
450 447 0.000372 0.008847 1.856659 4.641647
451 448 0.000462 0.016057 1.830292 4.575729
452 449 0.000383 0.006065 1.803864 4.509659
453 450 0.000276 0.035820 1.766602 4.416504
454 451 0.000282 0.024284 1.731140 4.327850
455 452 0.000576 0.040636 1.694763 4.236908
456 453 0.001058 0.016094 1.663483 4.158707
457 454 0.000990 0.022318 1.635406 4.088516
458 455 0.000304 0.028540 1.603912 4.009781
459 456 0.000440 0.057173 1.570801 3.927002
460 457 0.000710 0.055134 1.537903 3.844757
461 458 0.000647 0.068188 1.510406 3.776016
462 459 0.000801 0.037504 1.492737 3.731842
463 460 0.001551 0.037500 1.476227 3.690567
464 461 0.001696 0.033156 1.467651 3.669128
465 462 0.001893 0.027664 1.459503 3.648758
466 463 0.002327 0.030999 1.453949 3.634872
467 464 0.002042 0.031138 1.454315 3.635788
468 465 0.001121 0.020192 1.444153 3.610382
469 466 0.001811 0.024266 1.426727 3.566818
470 467 0.001250 0.016170 1.408173 3.520432
471 468 0.001719 0.034688 1.391449 3.478622
472 469 0.001215 0.035025 1.392700 3.481750
473 470 0.001234 0.035578 1.370728 3.426819
474 471 0.001439 0.040557 1.356873 3.392181
475 472 0.001881 0.031463 1.348816 3.372040
476 473 0.000885 0.023080 1.352020 3.380051
477 474 0.000865 0.027490 1.382324 3.455811
478 475 0.000607 0.022993 1.393372 3.483429
479 476 0.000772 0.022662 1.414154 3.535385
480 477 0.001288 0.023528 1.418365 3.545914
481 478 0.000685 0.015859 1.424683 3.561707
482 479 0.000588 0.011619 1.437347 3.593369
483 480 0.000000 0.013832 1.446625 3.616562
484 481 0.000471 0.013361 1.466339 3.665848
485 482 0.000570 0.011752 1.483063 3.707657
486 483 0.000794 0.012264 1.506073 3.765182
487 484 0.000714 0.012290 1.529053 3.822632
488 485 0.000444 0.014097 1.554260 3.885651
489 486 0.000534 0.010481 1.583130 3.957825
490 487 0.000524 0.011367 1.614197 4.035492
491 488 0.000592 0.007232 1.648590 4.121475
492 489 0.000290 0.006441 1.681519 4.203796
493 490 0.000490 0.013912 1.725464 4.313660
494 491 0.000479 0.011808 1.765991 4.414978
495 492 0.000269 0.010705 1.813232 4.533081
496 493 0.000645 0.011642 1.853363 4.633408
497 494 0.000630 0.012734 1.898468 4.746170
498 495 0.000357 0.016001 1.936737 4.841843
499 496 0.000698 0.013428 1.979401 4.948502
500 497 0.000416 0.013222 2.031586 5.078964
501 498 0.000000 0.008604 2.088745 5.221863
502 499 0.000455 0.007971 2.144104 5.360260
503 500 0.000630 0.015244 2.192871 5.482178
504 501 0.000436 0.012630 2.240448 5.601120
505 502 0.000213 0.017085 2.295197 5.737991
506 503 0.000416 0.018057 2.349487 5.873718
507 504 0.000538 0.016974 2.403290 6.008224
508 505 0.000400 0.010781 2.444122 6.110306
509 506 0.000279 0.008882 2.477783 6.194458
510 507 0.000513 0.008908 2.517822 6.294556
511 508 0.000330 0.009535 2.560455 6.401138
512 509 0.000265 0.009402 2.602509 6.506271
513 510 0.000491 0.009349 2.632385 6.580963
514 511 0.000367 0.016306 2.660980 6.652451
515 512 0.000257 0.017832 2.689606 6.724014
516 513 0.000401 0.016917 2.719940 6.799850
517 514 0.000251 0.014833 2.748993 6.872482
518 515 0.000176 0.012878 2.780273 6.950684
519 516 0.000348 0.011640 2.804108 7.010269
520 517 0.000387 0.013230 2.817627 7.044067
521 518 0.000388 0.014220 2.814819 7.037048
522 519 0.000348 0.015818 2.806305 7.015762
523 520 0.000494 0.015801 2.798492 6.996231
524 521 0.000427 0.012873 2.801605 7.004013
525 522 0.000492 0.011248 2.804291 7.010727
526 523 0.000605 0.011813 2.797089 6.992722
527 524 0.000609 0.013725 2.777161 6.942902
528 525 0.000307 0.011827 2.752899 6.882248
529 526 0.000688 0.009419 2.749512 6.873779
530 527 0.000503 0.008544 2.747284 6.868210
531 528 0.000251 0.008877 2.753754 6.884384
532 529 0.000355 0.006204 2.750824 6.877060
533 530 0.000253 0.007540 2.730927 6.827316
534 531 0.000000 0.007360 2.718842 6.797104
535 532 0.000443 0.010295 2.698975 6.747437
536 533 0.000000 0.010104 2.693970 6.734924
537 534 0.000258 0.007858 2.676758 6.691895
538 535 0.000318 0.010976 2.659912 6.649780
539 536 0.000184 0.008586 2.651764 6.629410
540 537 0.000321 0.011024 2.638153 6.595383
541 538 0.000492 0.008344 2.627899 6.569748
542 539 0.000674 0.012561 2.612366 6.530914
543 540 0.000459 0.013372 2.605133 6.512833
544 541 0.000188 0.015121 2.598145 6.495361
545 542 0.000568 0.015271 2.580719 6.451797
546 543 0.000603 0.013027 2.562103 6.405258
547 544 0.000543 0.014437 2.542358 6.355896
548 545 0.000691 0.011821 2.548584 6.371460
549 546 0.000191 0.011984 2.556213 6.390533
550 547 0.000503 0.006800 2.567505 6.418762
551 548 0.000380 0.002139 2.573151 6.432877
552 549 0.000681 0.007802 2.585846 6.464615
553 550 0.000674 0.012145 2.612000 6.529999
554 551 0.000262 0.009279 2.635132 6.587830
555 552 0.000581 0.006815 2.657166 6.642914
556 553 0.000259 0.005041 2.665802 6.664505
557 554 0.000364 0.003684 2.685638 6.714096
558 555 0.000647 0.001778 2.722961 6.807404
559 556 0.000250 0.002699 2.765747 6.914368
560 557 0.000174 0.005968 2.809387 7.023468
561 558 0.000809 0.004295 2.830719 7.076797
562 559 0.000706 0.006705 2.851501 7.128754
563 560 0.000637 0.007622 2.866058 7.165146
564 561 0.000377 0.006541 2.897949 7.244873
565 562 0.000166 0.007703 2.939514 7.348785
566 563 0.000000 0.006054 2.981689 7.454224
567 564 0.000229 0.003761 3.012848 7.532120
568 565 0.000278 0.002297 3.043457 7.608643
569 566 0.000528 0.004023 3.065674 7.664185
570 567 0.000353 0.005902 3.092133 7.730331
571 568 0.000272 0.004002 3.106049 7.765121
572 569 0.000312 0.004064 3.127899 7.819748
573 570 0.000310 0.007477 3.145203 7.863007
574 571 0.000309 0.007004 3.161438 7.903595
575 572 0.000000 0.009448 3.171234 7.928085
576 573 0.000218 0.008602 3.173859 7.934647
577 574 0.000000 0.006046 3.176575 7.941437
578 575 0.000217 0.003396 3.177856 7.944641
579 576 0.000217 0.003577 3.176239 7.940598
580 577 0.000218 0.001745 3.166199 7.915497
581 578 0.000268 0.003643 3.153137 7.882843
582 579 0.000155 0.003487 3.143433 7.858582
583 580 0.000220 0.005702 3.137543 7.843857
584 581 0.000381 0.004073 3.136414 7.841034
585 582 0.000000 0.002594 3.137390 7.843475
586 583 0.000350 0.004978 3.121368 7.803421
587 584 0.000157 0.002985 3.107574 7.768936
588 585 0.000224 0.003692 3.089447 7.723618
589 586 0.000224 0.002089 3.089417 7.723541
590 587 0.000158 0.003714 3.081665 7.704163
591 588 0.000225 0.004263 3.073517 7.683792
592 589 0.000000 0.005098 3.062134 7.655334
593 590 0.000320 0.006086 3.049957 7.624893
594 591 0.000227 0.007209 3.041107 7.602768
595 592 0.000228 0.006586 3.027527 7.568817
596 593 0.000280 0.007014 3.022430 7.556076
597 594 0.000000 0.005022 3.009735 7.524338
598 595 0.000325 0.005523 3.001587 7.503967
599 596 0.000000 0.007769 2.986145 7.465363
600 597 0.000164 0.007416 2.977295 7.443237
601 598 0.000435 0.007611 2.970428 7.426071
602 599 0.000233 0.007619 2.963837 7.409592
603 600 0.000165 0.008355 2.955688 7.389221
604 601 0.000235 0.006471 2.943756 7.359390
605 602 0.000167 0.008784 2.929565 7.323914
606 603 0.000167 0.006639 2.918396 7.295990
607 604 0.000168 0.009065 2.910156 7.275391
608 605 0.000337 0.009607 2.901428 7.253571
609 606 0.000239 0.009576 2.890137 7.225342
610 607 0.000170 0.005445 2.876617 7.191544
611 608 0.000341 0.005810 2.866180 7.165451
612 609 0.000242 0.005353 2.851562 7.128906
613 610 0.000172 0.006297 2.837250 7.093124
614 611 0.000173 0.007306 2.818665 7.046661
615 612 0.000303 0.006893 2.795471 6.988678
616 613 0.000000 0.007897 2.771393 6.928482
617 614 0.000000 0.007981 2.734161 6.835403
618 615 0.000181 0.008413 2.695007 6.737518
619 616 0.000261 0.008242 2.647339 6.618347
620 617 0.000000 0.007428 2.604553 6.511383
621 618 0.000382 0.008214 2.554382 6.385956
622 619 0.000000 0.009572 2.497864 6.244659
623 620 0.000201 0.009079 2.433350 6.083374
624 621 0.000292 0.010214 2.364807 5.912018
625 622 0.000301 0.013778 2.291962 5.729904
626 623 0.000000 0.022197 2.217804 5.544510
627 624 0.000228 0.023836 2.139343 5.348358
628 625 0.000000 0.016560 2.059662 5.149155
629 626 0.000247 0.013146 1.978821 4.947052
630 627 0.000000 0.013249 1.899445 4.748611
631 628 0.000000 0.019324 1.819366 4.548416
632 629 0.000000 0.015323 1.742523 4.356308
633 630 0.000000 0.014194 1.660858 4.152145
634 631 0.000619 0.014649 1.577667 3.944168
635 632 0.000000 0.023229 1.484619 3.711548
636 633 0.000000 0.017287 1.395996 3.489990
637 634 0.000750 0.029352 1.301697 3.254242
638 635 0.000572 0.022348 1.208252 3.020630
639 636 0.000984 0.032350 1.109772 2.774429
640 637 0.001271 0.036422 1.016083 2.540207
641 638 0.003629 0.066988 0.912445 2.281113
642 639 0.003263 0.058454 0.819641 2.049103
643 640 0.003975 0.086093 0.737061 1.842651
644 641 0.003406 0.068866 0.672363 1.680908
645 642 0.002473 0.056826 0.624298 1.560745
646 643 0.003894 0.086404 0.588135 1.470337
647 644 0.002092 0.019919 0.571716 1.429291
648 645 0.001252 0.040557 0.551514 1.378784
649 646 0.001307 0.044957 0.528198 1.320496
650 647 0.001713 0.073264 0.493805 1.234512
651 648 0.000000 0.080541 0.457703 1.144257
652 649 0.001626 0.067253 0.424713 1.061783
653 650 0.000000 0.040976 0.400024 1.000061
654 651 0.003156 0.060758 0.378998 0.947495
655 652 0.005607 0.125926 0.359039 0.897598
656 653 0.002040 0.055843 0.338440 0.846100
657 654 0.001561 0.067160 0.312714 0.781784
658 655 0.005829 0.070469 0.277832 0.694580
659 656 0.004149 0.106536 0.235382 0.588455
660 657 0.002567 0.113284 0.190247 0.475616
661 658 0.007307 0.130047 0.149414 0.373535
662 659 0.009685 0.059312 0.112732 0.281830
663 660 0.010434 0.159119 0.081055 0.202637
664 661 0.022447 0.174825 0.053284 0.133209
665 662 0.014856 0.837957 0.032867 0.082169
666 663 0.029773 0.406888 0.023193 0.057983
667 664 0.043682 2.235439 0.015808 0.039520
668 665 0.000000 1.000880 0.013977 0.034943
669 666 0.054921 2.464011 0.012573 0.031433
670 667 0.046945 4.593312 0.014709 0.036774
671 668 0.055648 4.121955 0.015198 0.037994
672 669 0.066946 2.260820 0.014587 0.036469
673 670 0.062622 2.196955 0.015594 0.038986
674 671 0.068758 2.026129 0.017395 0.043488
675 672 0.072577 2.435948 0.016479 0.041199
676 673 0.041671 2.081736 0.016571 0.041428
677 674 0.039409 1.455231 0.012390 0.030975
678 675 0.000000 0.855751 0.016724 0.041809
679 676 0.000000 1.882427 0.016937 0.042343
680 677 0.000000 1.465331 0.021515 0.053787
681 678 0.000000 1.000628 0.016998 0.042496
682 679 0.000000 1.084247 0.017548 0.043869
683 680 0.000000 1.140906 0.014587 0.036469
684 681 0.000000 1.004927 0.016174 0.040436
685 682 0.044367 1.242447 0.015564 0.038910
686 683 0.000000 0.717389 0.019104 0.047760
687 684 0.022727 0.919935 0.021484 0.053711
688 685 0.029930 1.144091 0.023071 0.057678
689 686 0.000000 0.904539 0.020264 0.050659
690 687 0.029795 1.610350 0.016388 0.040970
691 688 0.046654 0.710529 0.014801 0.037003
692 689 0.000000 0.817475 0.014130 0.035324
693 690 0.039024 1.383940 0.012512 0.031281
694 691 0.111111 3.223100 0.008789 0.021973
695 692 0.201133 6.267562 0.006866 0.017166
696 693 0.148994 5.027605 0.005676 0.014191
697 694 0.059480 1.121764 0.008209 0.020523
698 695 0.135144 5.481274 0.008850 0.022125
699 696 0.083978 5.568436 0.010071 0.025177
700 697 0.085386 1.460322 0.008087 0.020218
701 698 0.046243 2.000348 0.010559 0.026398
702 699 0.059703 1.340006 0.011566 0.028915
703 700 0.072928 1.071733 0.011597 0.028992
704 701 0.098380 1.740989 0.007019 0.017548
705 702 0.266667 11.182496 0.003662 0.009155
706 703 0.301699 12.740914 0.002289 0.005722
707 704 0.158416 9.137087 0.003082 0.007706
708 705 0.000000 1.768955 0.008850 0.022125
709 706 0.000000 1.525084 0.012665 0.031662
710 707 0.000000 1.135326 0.014465 0.036163
711 708 0.000000 1.988631 0.009644 0.024109
712 709 0.057971 1.253139 0.008423 0.021057
713 710 0.178145 3.184020 0.006714 0.016785
714 711 0.112574 1.159206 0.006134 0.015335
715 712 0.137136 3.340177 0.005035 0.012589
716 713 0.000000 1.037417 0.055389 0.138474
717 714 0.009420 0.928924 0.089783 0.224457
718 715 0.005803 1.072145 0.118988 0.297470
719 716 0.008330 1.085058 0.101532 0.253830
720 717 0.012574 1.249214 0.095123 0.237808
721 718 0.006911 1.056771 0.099915 0.249786
722 719 0.014870 0.933029 0.098511 0.246277
723 720 0.012012 0.936943 0.107544 0.268860
724 721 0.006484 0.702513 0.106506 0.266266
725 722 0.006016 0.592544 0.114777 0.286942
726 723 0.010003 0.244918 0.119568 0.298920
727 724 0.009765 0.284744 0.132294 0.330734
728 725 0.004884 0.281156 0.141388 0.353470
729 726 0.004513 0.276522 0.153015 0.382538
730 727 0.000000 0.193106 0.166229 0.415573
731 728 0.005234 0.082078 0.186584 0.466461
732 729 0.002232 0.105906 0.218781 0.546951
733 730 0.001850 0.097585 0.263916 0.659790
734 731 0.003843 0.122973 0.311218 0.778046
735 732 0.002341 0.054914 0.361267 0.903168
736 733 0.002078 0.020748 0.407013 1.017532
737 734 0.002846 0.008597 0.453857 1.134644
738 735 0.002403 0.019085 0.497772 1.244431
739 736 0.001581 0.022273 0.535004 1.337509
740 737 0.001485 0.066463 0.569397 1.423492
741 738 0.002154 0.057814 0.599792 1.499481
742 739 0.001896 0.180335 0.630859 1.577148
743 740 0.001042 0.146469 0.662628 1.656570
744 741 0.001858 0.138096 0.695435 1.738586
745 742 0.002799 0.026469 0.740082 1.850204
746 743 0.002526 0.052334 0.797058 1.992645
747 744 0.003265 0.095331 0.872131 2.180328
748 745 0.003175 0.072750 0.948029 2.370071
749 746 0.003430 0.044259 1.026550 2.566376
750 747 0.002710 0.022996 1.110504 2.776260
751 748 0.002947 0.026787 1.194916 2.987289
752 749 0.000760 0.034390 1.284149 3.210373
753 750 0.000795 0.041536 1.372589 3.431473
754 751 0.001113 0.039330 1.455475 3.638687
755 752 0.001733 0.023474 1.542908 3.857269
756 753 0.001642 0.016122 1.601837 4.004593
757 754 0.000000 0.025162 1.665649 4.164124
758 755 0.000399 0.028587 1.731506 4.328766
759 756 0.000941 0.032182 1.796967 4.492416
760 757 0.000822 0.011983 1.878235 4.695587
761 758 0.001012 0.013817 1.929871 4.824677
762 759 0.001006 0.013039 2.001282 5.003204
763 760 0.000334 0.020768 2.066376 5.165939
764 761 0.000684 0.015629 2.141541 5.353851
765 762 0.000729 0.010833 2.220367 5.550919
766 763 0.000426 0.010919 2.292206 5.730515
767 764 0.000291 0.013070 2.369293 5.923233
768 765 0.000283 0.010938 2.436523 6.091309
769 766 0.000000 0.009094 2.498657 6.246643
770 767 0.000270 0.009176 2.560699 6.401749
771 768 0.000491 0.010758 2.628632 6.571579
772 769 0.000362 0.011391 2.697632 6.744080
773 770 0.000432 0.014700 2.765869 6.914673
774 771 0.000690 0.014629 2.830597 7.076492
775 772 0.000584 0.013683 2.898560 7.246399
776 773 0.000285 0.008210 2.970215 7.425537
777 774 0.000600 0.004044 3.042877 7.607193
778 775 0.000222 0.005838 3.109192 7.772980
779 776 0.000154 0.006645 3.171295 7.928238
780 777 0.000302 0.006882 3.228424 8.071060
781 778 0.000364 0.009812 3.285950 8.214874
782 779 0.000359 0.010116 3.335022 8.337555
783 780 0.000204 0.009468 3.383667 8.459167
784 781 0.000349 0.008845 3.430634 8.576584
785 782 0.000525 0.005788 3.477539 8.693848
786 783 0.000392 0.010124 3.520020 8.800049
787 784 0.000434 0.007344 3.560272 8.900681
788 785 0.000192 0.008109 3.593506 8.983765
789 786 0.000382 0.007030 3.617798 9.044495
790 787 0.000000 0.009844 3.621857 9.054642
791 788 0.000191 0.006031 3.614685 9.036713
792 789 0.000136 0.009080 3.601868 9.004669
793 790 0.000408 0.007197 3.589569 8.973923
794 791 0.000000 0.008442 3.582336 8.955841
795 792 0.000305 0.004052 3.576874 8.942184
796 793 0.000000 0.009478 3.577576 8.943939
797 794 0.000137 0.004861 3.577026 8.942566
798 795 0.000237 0.007494 3.571625 8.929062
799 796 0.000000 0.006981 3.559662 8.899155
800 797 0.000195 0.007896 3.546570 8.866425
801 798 0.000195 0.006271 3.537079 8.842697
802 799 0.000195 0.005038 3.533203 8.833008
803 800 0.000196 0.005729 3.529114 8.822784
804 801 0.000139 0.003093 3.518555 8.796387
805 802 0.000000 0.004989 3.502899 8.757248
806 803 0.000000 0.002026 3.487976 8.719940
807 804 0.000140 0.003564 3.478149 8.695374
808 805 0.000344 0.004987 3.473083 8.682709
809 806 0.000199 0.005904 3.466309 8.665771
810 807 0.000283 0.008758 3.455750 8.639374
811 808 0.000201 0.005415 3.440125 8.600311
812 809 0.000202 0.005123 3.424866 8.562164
813 810 0.000319 0.005193 3.418762 8.546906
814 811 0.000453 0.007056 3.411987 8.529968
815 812 0.000351 0.005232 3.406860 8.517151
816 813 0.000204 0.002236 3.391479 8.478699
817 814 0.000434 0.004094 3.378357 8.445892
818 815 0.000561 0.007189 3.371643 8.429108
819 816 0.000000 0.014558 3.365234 8.413086
820 817 0.000205 0.017033 3.360474 8.401184
821 818 0.000206 0.014219 3.347778 8.369446
822 819 0.000292 0.014300 3.340515 8.351288
823 820 0.000000 0.012669 3.330994 8.327484
824 821 0.000147 0.010037 3.321899 8.304749
825 822 0.000209 0.009181 3.309814 8.274536
826 823 0.000296 0.008901 3.301697 8.254242
827 824 0.000000 0.008190 3.297424 8.243561
828 825 0.000209 0.007023 3.301392 8.253479
829 826 0.000209 0.008506 3.303284 8.258209
830 827 0.000209 0.010927 3.309509 8.273773
831 828 0.000297 0.002558 3.293579 8.233948
832 829 0.000210 0.004499 3.291809 8.229523
833 830 0.000298 0.004832 3.282532 8.206329
834 831 0.000211 0.009029 3.274963 8.187408
835 832 0.000260 0.015323 3.252197 8.130493
836 833 0.000262 0.017745 3.223755 8.059387
837 834 0.000214 0.010935 3.224976 8.062439
838 835 0.000428 0.007510 3.225281 8.063202
839 836 0.000000 0.010580 3.237488 8.093719
840 837 0.000213 0.009736 3.234558 8.086395
841 838 0.000213 0.010999 3.234924 8.087311
842 839 0.000152 0.008527 3.222351 8.055878
843 840 0.000306 0.008724 3.196350 7.990875
844 841 0.000308 0.014566 3.172607 7.931519
845 842 0.000155 0.017952 3.157532 7.893829
846 843 0.000346 0.019484 3.152466 7.881165
847 844 0.000000 0.014400 3.150696 7.876740
848 845 0.000268 0.005461 3.161560 7.903900
849 846 0.000307 0.005080 3.176392 7.940979
850 847 0.000432 0.004071 3.193420 7.983551
851 848 0.000572 0.004154 3.194336 7.985840
852 849 0.000000 0.004287 3.198608 7.996521
853 850 0.000460 0.003796 3.187561 7.968903
854 851 0.000532 0.012846 3.181763 7.954407
855 852 0.000267 0.017901 3.168335 7.920837
856 853 0.000309 0.020951 3.162659 7.906647
857 854 0.000219 0.008915 3.148193 7.870483
858 855 0.000220 0.004528 3.133423 7.833557
859 856 0.000000 0.001414 3.118835 7.797089
860 857 0.000385 0.001811 3.103333 7.758331
861 858 0.000315 0.003091 3.099915 7.749786
862 859 0.000158 0.003516 3.094971 7.737427
863 860 0.000316 0.004269 3.092834 7.732086
864 861 0.000224 0.005919 3.077698 7.694244
865 862 0.000277 0.011486 3.058228 7.645569
866 863 0.000278 0.010494 3.047058 7.617645
867 864 0.000161 0.010431 3.041321 7.603302
868 865 0.000161 0.007931 3.036133 7.590332
869 866 0.000161 0.008490 3.026428 7.566071
870 867 0.000229 0.009864 3.009949 7.524872
871 868 0.000326 0.008070 2.997131 7.492828
872 869 0.000232 0.010715 2.971313 7.428284
873 870 0.000236 0.009491 2.931885 7.329712
874 871 0.000000 0.012615 2.877808 7.194519
875 872 0.000000 0.012552 2.823059 7.057648
876 873 0.000176 0.010383 2.770508 6.926270
877 874 0.000254 0.008327 2.714661 6.786652
878 875 0.000261 0.007953 2.648926 6.622314
879 876 0.000000 0.011155 2.585693 6.464233
880 877 0.000000 0.010964 2.519348 6.298370
881 878 0.000000 0.015598 2.460327 6.150818
882 879 0.000287 0.014182 2.403259 6.008148
883 880 0.000510 0.016843 2.346436 5.866089
884 881 0.000214 0.014677 2.286804 5.717010
885 882 0.000220 0.017245 2.218872 5.547180
886 883 0.000000 0.016567 2.155762 5.389404
887 884 0.000331 0.019119 2.086365 5.215912
888 885 0.000418 0.018174 2.022400 5.056000
889 886 0.000434 0.021211 1.947571 4.868927
890 887 0.000367 0.023500 1.882935 4.707336
891 888 0.000374 0.029629 1.844299 4.610748
892 889 0.000551 0.023691 1.772888 4.432220
893 890 0.000395 0.025611 1.746948 4.367371
894 891 0.000292 0.021295 1.672546 4.181366
895 892 0.000000 0.016952 1.661926 4.154816
896 893 0.001005 0.020119 1.611755 4.029388
897 894 0.000685 0.013198 1.594055 3.985138
898 895 0.000000 0.029265 1.565186 3.912964
899 896 0.000775 0.030885 1.543579 3.858948
900 897 0.001315 0.053866 1.531128 3.827820
901 898 0.001016 0.040034 1.520142 3.800354
902 899 0.001485 0.062230 1.507202 3.768005
903 900 0.000925 0.040967 1.492737 3.731842
904 901 0.001193 0.034083 1.475586 3.688965
905 902 0.002838 0.044474 1.459961 3.649902
906 903 0.002842 0.056952 1.447571 3.618927
907 904 0.001664 0.046564 1.437683 3.594208
908 905 0.000481 0.020683 1.434509 3.586273
909 906 0.001498 0.025212 1.420715 3.551788
910 907 0.001946 0.033774 1.419189 3.547974
911 908 0.003063 0.044853 1.425903 3.564758
912 909 0.001077 0.017137 1.434082 3.585205
913 910 0.000476 0.012719 1.450134 3.625336
914 911 0.001266 0.014809 1.443176 3.607941
915 912 0.001311 0.011415 1.442200 3.605499
916 913 0.001438 0.025871 1.440796 3.601990
917 914 0.000890 0.030835 1.450928 3.627319
918 915 0.000741 0.035959 1.472473 3.681183
919 916 0.000570 0.026196 1.482483 3.706207
920 917 0.000974 0.027162 1.504028 3.760071
921 918 0.000785 0.029938 1.523193 3.807983
922 919 0.001046 0.026159 1.548767 3.871918
923 920 0.001120 0.016886 1.571411 3.928528
924 921 0.000612 0.005939 1.595703 3.989258
925 922 0.000734 0.006946 1.628540 4.071350
926 923 0.000000 0.007682 1.671082 4.177704
927 924 0.000493 0.007108 1.716614 4.291534
928 925 0.000618 0.003052 1.765747 4.414368
929 926 0.000381 0.011597 1.813965 4.534912
930 927 0.000370 0.011727 1.864929 4.662323
931 928 0.000361 0.014069 1.914429 4.786072
932 929 0.000498 0.004350 1.962219 4.905548
933 930 0.000595 0.011043 2.011353 5.028381
934 931 0.000748 0.012557 2.063965 5.159912
935 932 0.000767 0.008434 2.111572 5.278931
936 933 0.000554 0.006949 2.158325 5.395813
937 934 0.000222 0.005851 2.199768 5.499420
938 935 0.000218 0.009181 2.241028 5.602570
939 936 0.000000 0.009398 2.269592 5.673981
940 937 0.000370 0.011227 2.286377 5.715942
941 938 0.000213 0.010200 2.293762 5.734406
942 939 0.000213 0.007587 2.294250 5.735626
943 940 0.000301 0.004630 2.296143 5.740356
944 941 0.000213 0.002322 2.297424 5.743561
945 942 0.000300 0.005447 2.303040 5.757599
946 943 0.000424 0.008201 2.303284 5.758209
947 944 0.000560 0.005089 2.305176 5.762939
948 945 0.000424 0.001962 2.303589 5.758972
949 946 0.000212 0.004287 2.305298 5.763245
950 947 0.000000 0.004739 2.302795 5.756989
951 948 0.000000 0.011879 2.301147 5.752869
952 949 0.000425 0.012934 2.297058 5.742645
953 950 0.000522 0.016040 2.291626 5.729065
954 951 0.000478 0.010857 2.286255 5.715637
955 952 0.000303 0.014321 2.276917 5.692291
956 953 0.000373 0.012735 2.269104 5.672760
957 954 0.000306 0.008404 2.259949 5.649872
958 955 0.000000 0.014843 2.249695 5.624237
959 956 0.000309 0.020449 2.238098 5.595245
960 957 0.000381 0.021250 2.219116 5.547791
961 958 0.000000 0.019613 2.196289 5.490723
962 959 0.000000 0.017003 2.167908 5.419769
963 960 0.000228 0.016521 2.138977 5.347443
964 961 0.000568 0.016777 2.105652 5.264130
965 962 0.000334 0.016232 2.068848 5.172119
966 963 0.000636 0.019493 2.031311 5.078278
967 964 0.000488 0.019537 2.000793 5.001984
968 965 0.000552 0.022795 1.977783 4.944458
969 966 0.000659 0.022126 1.961670 4.904175
970 967 0.000251 0.021200 1.948669 4.871674
971 968 0.000505 0.017067 1.933594 4.833984
972 969 0.000255 0.013531 1.918274 4.795685
973 970 0.000574 0.010352 1.901306 4.753265
974 971 0.000000 0.011393 1.888367 4.720917
975 972 0.000000 0.017827 1.874512 4.686279
976 973 0.000371 0.019719 1.862244 4.655609
977 974 0.000264 0.021951 1.848389 4.620972
978 975 0.000266 0.023708 1.838684 4.596710
979 976 0.000267 0.027838 1.829102 4.572754
980 977 0.000379 0.028895 1.823120 4.557800
981 978 0.000269 0.024486 1.815918 4.539795
982 979 0.000382 0.021265 1.808350 4.520874
983 980 0.000271 0.020561 1.800964 4.502411
984 981 0.000000 0.017549 1.793640 4.484100
985 982 0.000000 0.020774 1.788208 4.470520
986 983 0.000000 0.020286 1.777954 4.444885
987 984 0.000618 0.025806 1.767273 4.418182
988 985 0.000394 0.023957 1.753479 4.383698
989 986 0.000397 0.025321 1.739258 4.348145
990 987 0.000000 0.018093 1.716858 4.292145
991 988 0.000408 0.011791 1.691528 4.228821
992 989 0.000294 0.010511 1.661682 4.154205
993 990 0.000423 0.017214 1.630798 4.076996
994 991 0.000432 0.022516 1.597412 3.993530
995 992 0.000442 0.024476 1.563110 3.907776
996 993 0.000000 0.028133 1.527893 3.819733
997 994 0.000463 0.022969 1.491394 3.728485
998 995 0.000000 0.021508 1.457642 3.644104
999 996 0.000343 0.018668 1.423157 3.557892
1000 997 0.000496 0.015297 1.391479 3.478699
1001 998 0.000510 0.012862 1.354187 3.385468
1002 999 0.000525 0.009595 1.314270 3.285675
1003 1000 0.000538 0.013382 1.283142 3.207855
1004 1001 0.000000 0.005007 1.215759 3.039398
1005 1002 0.000000 0.010093 1.163025 2.907562
1006 1003 0.000451 0.021498 1.083374 2.708435
1007 1004 0.000668 0.020116 1.033752 2.584381
1008 1005 0.000504 0.018179 0.968872 2.422180
1009 1006 0.000000 0.027301 0.913391 2.283478
1010 1007 0.000563 0.021804 0.867859 2.169647
1011 1008 0.000830 0.025775 0.832397 2.080994
1012 1009 0.000000 0.021761 0.806091 2.015228
1013 1010 0.000000 0.019915 0.789490 1.973724
1014 1011 0.000887 0.026913 0.778442 1.946106
1015 1012 0.000892 0.033615 0.774109 1.935272
1016 1013 0.000000 0.037717 0.768066 1.920166
1017 1014 0.000000 0.037367 0.762634 1.906586
1018 1015 0.000000 0.028423 0.757446 1.893616
1019 1016 0.000919 0.020555 0.751404 1.878510
1020 1017 0.000924 0.016402 0.747437 1.868591
1021 1018 0.001314 0.022297 0.743408 1.858521
1022 1019 0.000658 0.018622 0.742493 1.856232
1023 1020 0.000000 0.026722 0.738770 1.846924
1024 1021 0.000939 0.024502 0.735046 1.837616
1025 1022 0.000669 0.040633 0.730042 1.825104
1026 1023 0.000000 0.040869 0.726990 1.817474
1027 1024 0.000678 0.045139 0.720703 1.801758
1028 1025 0.000683 0.053861 0.714844 1.787109
1029 1026 0.000000 0.046703 0.710876 1.777191
1030 1027 0.000000 0.036109 0.709106 1.772766
1031 1028 0.000000 0.018251 0.709106 1.772766
1032 1029 0.000981 0.017358 0.703979 1.759949
1033 1030 0.001709 0.021874 0.699707 1.749268
1034 1031 0.000994 0.015879 0.694458 1.736145
1035 1032 0.001000 0.009047 0.690247 1.725616
1036 1033 0.001005 0.012927 0.686768 1.716919
1037 1034 0.000000 0.007977 0.687561 1.718903
1038 1035 0.000712 0.027608 0.686035 1.715088
1039 1036 0.001237 0.032936 0.683960 1.709900
1040 1037 0.000721 0.039477 0.677368 1.693420
1041 1038 0.000723 0.032032 0.675110 1.687775
1042 1039 0.000725 0.033289 0.673462 1.683655
1043 1040 0.001026 0.027003 0.672974 1.682434
1044 1041 0.000723 0.025079 0.675720 1.689301
1045 1042 0.000710 0.022214 0.687500 1.718750
1046 1043 0.000971 0.031368 0.710815 1.777039
1047 1044 0.000930 0.031899 0.742310 1.855774
1048 1045 0.001088 0.037552 0.777283 1.943207
1049 1046 0.000851 0.041363 0.811707 2.029266
1050 1047 0.000000 0.022057 0.845581 2.113953
1051 1048 0.000788 0.008100 0.876587 2.191467
1052 1049 0.000764 0.008462 0.904114 2.260284
1053 1050 0.000744 0.005934 0.928101 2.320251
1054 1051 0.000513 0.015096 0.951050 2.377625
1055 1052 0.000500 0.017651 0.976196 2.440491
1056 1053 0.000000 0.013662 1.000000 2.500000
1057 1054 0.000674 0.020926 1.024780 2.561951
1058 1055 0.000000 0.018480 1.046631 2.616577
1059 1056 0.000645 0.025873 1.071289 2.678223
1060 1057 0.000889 0.018120 1.098267 2.745667
1061 1058 0.000432 0.016991 1.129578 2.823944
1062 1059 0.000838 0.043871 1.165466 2.913666
1063 1060 0.000996 0.064611 1.200317 3.000793
1064 1061 0.001061 0.095099 1.217957 3.044891
1065 1062 0.000567 0.114897 1.217407 3.043518
1066 1063 0.001470 0.072214 1.197754 2.994385
1067 1064 0.001984 0.071148 1.180237 2.950592
1068 1065 0.001628 0.060105 1.161316 2.903290
1069 1066 0.000850 0.059282 1.148560 2.871399
1070 1067 0.000859 0.052200 1.136414 2.841034
1071 1068 0.001369 0.053197 1.128052 2.820129
1072 1069 0.000870 0.052163 1.122864 2.807159
1073 1070 0.000437 0.056919 1.117554 2.793884
1074 1071 0.001081 0.054754 1.106323 2.765808
1075 1072 0.000897 0.053524 1.088684 2.721710
1076 1073 0.000911 0.041449 1.071777 2.679443
1077 1074 0.001127 0.034791 1.061707 2.654266
1078 1075 0.001133 0.044590 1.055481 2.638702
1079 1076 0.001860 0.048982 1.050171 2.625427
1080 1077 0.001624 0.022084 1.041687 2.604218
1081 1078 0.001340 0.015670 1.030518 2.576294
1082 1079 0.001074 0.027262 1.016602 2.541504
1083 1080 0.001571 0.030723 0.982910 2.457275
1084 1081 0.000919 0.025618 0.919922 2.299805
1085 1082 0.001457 0.027830 0.820618 2.051544
1086 1083 0.002178 0.006573 0.709106 1.772766
1087 1084 0.000000 0.035224 0.594849 1.487122
1088 1085 0.001004 0.019853 0.486450 1.216125
1089 1086 0.001281 0.028878 0.381042 0.952606
1090 1087 0.000000 0.009987 0.276855 0.692139
1091 1088 0.002767 0.048830 0.176453 0.441132
1092 1089 0.008186 0.088196 0.084351 0.210876
1093 1090 0.018649 0.229978 0.045349 0.113373
1094 1091 0.016771 0.238303 0.029114 0.072784
1095 1092 0.000000 0.384028 0.032166 0.080414
1096 1093 0.036733 0.583311 0.018799 0.046997
1097 1094 0.050508 0.832328 0.013672 0.034180
1098 1095 0.044199 0.781517 0.011047 0.027618
1099 1096 0.067227 0.934846 0.007263 0.018158
1100 1097 0.119092 0.851710 0.005798 0.014496
