10 7 0.001186 0.030625 1.089223 2.723058
11 8 0.001069 0.025086 1.119278 2.798195
12 9 0.000946 0.012867 1.153720 2.884299
13 10 0.000000 0.015355 1.183129 2.957821
14 11 0.000568 0.009218 1.214862 3.037156
15 12 0.000553 0.011460 1.249032 3.122579
16 13 0.000928 0.009428 1.289121 3.222802
17 14 0.001166 0.011540 1.324815 3.312037
18 15 0.000620 0.006957 1.364827 3.412067
19 16 0.000348 0.005951 1.404207 3.510517
20 17 0.000000 0.008198 1.453701 3.634253
21 18 0.000803 0.011097 1.489712 3.724279
22 19 0.000552 0.009990 1.532957 3.832392
23 20 0.001166 0.006299 1.566331 3.915827
24 21 0.000429 0.010605 1.611465 4.028664
25 22 0.000297 0.015178 1.646643 4.116607
26 23 0.001233 0.023033 1.679507 4.198768
27 24 0.000494 0.027004 1.710398 4.275994
28 25 0.000281 0.029224 1.739426 4.348564
29 26 0.000275 0.034333 1.777421 4.443552
30 27 0.000269 0.032990 1.812584 4.531460
31 28 0.000373 0.019868 1.853244 4.633110
32 29 0.000517 0.016664 1.889057 4.722643
33 30 0.000716 0.013883 1.929385 4.823463
34 31 0.000000 0.023781 1.968245 4.920611
35 32 0.000543 0.023535 2.008928 5.022321
36 33 0.000334 0.014882 2.065212 5.163031
37 34 0.000000 0.010657 2.086252 5.215631
38 35 0.000460 0.006420 2.122952 5.307379
39 36 0.000322 0.012916 2.147108 5.367770
40 37 0.000384 0.008193 2.204653 5.511632
41 38 0.000217 0.007366 2.246775 5.616937
42 39 0.000303 0.005812 2.280943 5.702357
43 40 0.000210 0.010412 2.321436 5.803590
44 41 0.000415 0.017328 2.353567 5.883918
45 42 0.000000 0.019751 2.404749 6.011872
46 43 0.000000 0.013143 2.424625 6.061563
47 44 0.000344 0.017049 2.458792 6.146979
48 45 0.000280 0.013873 2.468836 6.172090
49 46 0.000390 0.014522 2.504229 6.260571
50 47 0.000273 0.012132 2.526674 6.316686
51 48 0.000467 0.013164 2.558725 6.396813
52 49 0.000327 0.008824 2.586571 6.466427
53 50 0.000186 0.010058 2.623957 6.559892
54 51 0.000000 0.011241 2.658621 6.646552
55 52 0.000256 0.014066 2.695793 6.739483
56 53 0.000000 0.008567 2.725904 6.814761
57 54 0.000251 0.007700 2.755713 6.889281
58 55 0.000391 0.011383 2.789261 6.973152
59 56 0.000299 0.010349 2.825703 7.064257
60 57 0.000381 0.016409 2.866253 7.165632
61 58 0.000652 0.006579 2.898777 7.246943
62 59 0.000234 0.007556 2.951267 7.378168
63 60 0.000398 0.019632 3.006573 7.516432
64 61 0.000000 0.022110 3.062458 7.656145
65 62 0.000000 0.027259 3.098400 7.746000
66 63 0.000221 0.019241 3.128448 7.821121
67 64 0.000218 0.015070 3.162064 7.905159
68 65 0.000217 0.009495 3.188457 7.971144
69 66 0.000264 0.009874 3.205299 8.013248
70 67 0.000000 0.010129 3.210289 8.025723
71 68 0.000304 0.011927 3.208378 8.020945
72 69 0.000216 0.013936 3.201847 8.004618
73 70 0.000000 0.010016 3.209064 8.022661
74 71 0.000372 0.005297 3.217426 8.043566
75 72 0.000427 0.005168 3.231731 8.079329
76 73 0.000302 0.011005 3.230381 8.075953
77 74 0.000567 0.009809 3.220287 8.050718
78 75 0.000216 0.016735 3.202751 8.006878
79 76 0.000265 0.019552 3.186646 7.966614
80 77 0.000000 0.021542 3.188152 7.970381
81 78 0.000305 0.011858 3.197536 7.993841
82 79 0.000402 0.007200 3.215340 8.038349
83 80 0.000401 0.003995 3.223595 8.058987
84 81 0.000400 0.002155 3.228245 8.070612
85 82 0.000000 0.004080 3.230453 8.076134
86 83 0.000303 0.007056 3.228153 8.070383
87 84 0.000213 0.004711 3.237717 8.094292
88 85 0.000302 0.004702 3.232372 8.080931
89 86 0.000369 0.013225 3.241028 8.102570
90 87 0.000301 0.008625 3.240585 8.101463
91 88 0.000260 0.007514 3.257896 8.144741
92 89 0.000472 0.014097 3.268173 8.170433
93 90 0.000394 0.008270 3.278679 8.196697
94 91 0.000468 0.009574 3.300354 8.250885
95 92 0.000442 0.006302 3.316681 8.291702
96 93 0.000255 0.012528 3.317009 8.292522
97 94 0.000294 0.019016 3.318329 8.295822
98 95 0.000208 0.017151 3.325737 8.314342
99 96 0.000412 0.023602 3.356117 8.390293
100 97 0.000290 0.020292 3.372421 8.431053
101 98 0.000455 0.022279 3.397072 8.492680
102 99 0.000286 0.017267 3.410683 8.526707
103 100 0.000143 0.018115 3.424042 8.560104
104 101 0.000142 0.016254 3.429573 8.573933
105 102 0.000201 0.015597 3.441505 8.603764
106 103 0.000141 0.014076 3.456688 8.641720
107 104 0.000314 0.018333 3.474724 8.686810
108 105 0.000000 0.018372 3.492470 8.731174
109 106 0.000394 0.021938 3.504112 8.760281
110 107 0.000197 0.016186 3.510101 8.775253
111 108 0.000000 0.013294 3.525223 8.813057
112 109 0.000195 0.007229 3.545250 8.863125
113 110 0.000194 0.009237 3.566216 8.915539
114 111 0.000334 0.007259 3.575729 8.939323
115 112 0.000430 0.012218 3.589752 8.974380
116 113 0.000407 0.016116 3.600220 9.000549
117 114 0.000191 0.014773 3.615059 9.037647
118 115 0.000190 0.010861 3.627930 9.069824
119 116 0.000379 0.009687 3.648666 9.121666
120 117 0.000421 0.012192 3.664673 9.161682
121 118 0.000326 0.009079 3.673988 9.184971
122 119 0.000188 0.010385 3.681664 9.204159
123 120 0.000132 0.014960 3.691864 9.229660
124 121 0.000186 0.013173 3.702919 9.257298
125 122 0.000228 0.013865 3.716438 9.291096
126 123 0.000185 0.011977 3.726929 9.317322
127 124 0.000261 0.012657 3.737411 9.343529
128 125 0.000226 0.012282 3.749252 9.373131
129 126 0.000520 0.012405 3.754135 9.385338
130 127 0.000342 0.010351 3.772057 9.430141
131 128 0.000223 0.012020 3.784790 9.461975
132 129 0.000287 0.012101 3.806297 9.515743
133 130 0.000128 0.009586 3.813263 9.533157
134 131 0.000000 0.009408 3.816040 9.540100
135 132 0.000256 0.008002 3.819084 9.547710
136 133 0.000181 0.005834 3.820305 9.550762
137 134 0.000128 0.006966 3.826660 9.566650
138 135 0.000256 0.007475 3.818291 9.545727
139 136 0.000362 0.009043 3.816719 9.541798
140 137 0.000380 0.007503 3.851334 9.628334
141 138 0.000182 0.008554 3.802986 9.507465
142 139 0.000258 0.008809 3.785187 9.462967
143 140 0.000415 0.018888 3.723129 9.307823
144 141 0.000291 0.009738 3.752380 9.380951
145 142 0.000346 0.011507 3.733871 9.334679
146 143 0.000373 0.010878 3.697662 9.244156
147 144 0.000000 0.013631 3.653107 9.132767
148 145 0.000191 0.014901 3.616089 9.040222
149 146 0.000509 0.020889 3.590744 8.976860
150 147 0.000274 0.013699 3.564743 8.911858
151 148 0.000138 0.012496 3.528793 8.821983
152 149 0.000442 0.011787 3.492813 8.732033
153 150 0.000141 0.014966 3.455780 8.639450
154 151 0.000377 0.018352 3.426224 8.565559
155 152 0.000249 0.015285 3.401108 8.502769
156 153 0.000204 0.011754 3.387085 8.467712
157 154 0.000145 0.008579 3.374496 8.436241
158 155 0.000205 0.006103 3.363220 8.408051
159 156 0.000000 0.001739 3.350342 8.375854
160 157 0.000000 0.001909 3.338181 8.345451
161 158 0.000254 0.004606 3.323242 8.308105
162 159 0.000209 0.004055 3.307144 8.267860
163 160 0.000257 0.005657 3.291534 8.228836
164 161 0.000297 0.006008 3.287354 8.218384
165 162 0.000000 0.010985 3.286987 8.217468
166 163 0.000000 0.015011 3.286224 8.215561
167 164 0.000211 0.017385 3.275970 8.189926
168 165 0.000473 0.025324 3.262161 8.155403
169 166 0.000477 0.022857 3.234467 8.086166
170 167 0.000215 0.019387 3.204514 8.011284
171 168 0.000267 0.018114 3.172119 7.930298
172 169 0.000465 0.015016 3.149689 7.874222
173 170 0.000644 0.017052 3.128387 7.820969
174 171 0.000223 0.010753 3.099091 7.747726
175 172 0.000225 0.010336 3.070526 7.676315
176 173 0.000359 0.009257 3.038620 7.596550
177 174 0.000000 0.004510 3.012207 7.530518
178 175 0.000462 0.007223 2.986710 7.466774
179 176 0.000233 0.008107 2.963074 7.407684
180 177 0.000332 0.017782 2.939178 7.347946
181 178 0.000237 0.015800 2.912308 7.280769
182 179 0.000239 0.018140 2.885483 7.213707
183 180 0.000242 0.012325 2.858597 7.146492
184 181 0.000347 0.016410 2.816559 7.041397
185 182 0.000305 0.016283 2.777054 6.942635
186 183 0.000567 0.025902 2.723465 6.808662
187 184 0.000363 0.022827 2.690125 6.725311
188 185 0.000582 0.024175 2.652283 6.630707
189 186 0.000185 0.016887 2.638046 6.595116
190 187 0.000373 0.014056 2.621002 6.552505
191 188 0.000462 0.013280 2.587860 6.469650
192 189 0.000270 0.019435 2.558533 6.396332
193 190 0.000386 0.022169 2.531464 6.328659
194 191 0.000193 0.020653 2.533829 6.334572
195 192 0.000474 0.018165 2.525848 6.314621
196 193 0.000193 0.014643 2.524506 6.311264
197 194 0.000336 0.015471 2.520462 6.301155
198 195 0.000000 0.013526 2.519806 6.299515
199 196 0.000000 0.015767 2.514786 6.286964
200 197 0.000389 0.014448 2.512207 6.280518
201 198 0.000511 0.012246 2.527161 6.317902
202 199 0.000388 0.016305 2.517563 6.293907
203 200 0.000000 0.019568 2.524185 6.310463
204 201 0.000274 0.027836 2.518951 6.297379
205 202 0.000192 0.010002 2.549271 6.373177
206 203 0.000270 0.009914 2.560822 6.402054
207 204 0.000267 0.008232 2.584854 6.462135
208 205 0.000324 0.011833 2.611542 6.528854
209 206 0.000260 0.009837 2.652618 6.631546
210 207 0.000258 0.012202 2.679550 6.698875
211 208 0.000180 0.011419 2.707596 6.768990
212 209 0.000252 0.013633 2.736404 6.841011
213 210 0.000000 0.011857 2.776352 6.940880
214 211 0.000173 0.010838 2.815292 7.038231
215 212 0.000242 0.016594 2.850586 7.126465
216 213 0.000239 0.017461 2.884171 7.210426
217 214 0.000167 0.015097 2.917770 7.294426
218 215 0.000000 0.012132 2.951202 7.378006
219 216 0.000325 0.009134 3.004044 7.510109
220 217 0.000457 0.018398 3.020432 7.551079
221 218 0.000391 0.019053 3.058929 7.647324
222 219 0.000000 0.025993 3.079132 7.697830
223 220 0.000311 0.017495 3.139191 7.847977
224 221 0.000378 0.017607 3.167206 7.918015
225 222 0.000305 0.015185 3.200287 8.000717
226 223 0.000262 0.020023 3.233093 8.082733
227 224 0.000422 0.015244 3.270294 8.175735
228 225 0.000511 0.014514 3.309418 8.273544
229 226 0.000357 0.017132 3.346710 8.366776
230 227 0.000456 0.019906 3.386017 8.465042
231 228 0.000378 0.017627 3.421204 8.553009
232 229 0.000374 0.012804 3.454483 8.636208
233 230 0.000312 0.011227 3.496841 8.742104
234 231 0.000276 0.012041 3.543015 8.857536
235 232 0.000334 0.012012 3.583420 8.958549
236 233 0.000403 0.013071 3.631912 9.079781
237 234 0.000353 0.012988 3.656525 9.141312
238 235 0.000296 0.013776 3.693008 9.232521
239 236 0.000228 0.016600 3.710480 9.276199
240 237 0.000185 0.022487 3.741180 9.352951
241 238 0.000289 0.021317 3.774536 9.436340
242 239 0.000222 0.020194 3.812057 9.530144
243 240 0.000284 0.019216 3.845673 9.614182
244 241 0.000178 0.022425 3.870575 9.676437
245 242 0.000307 0.020739 3.899506 9.748764
246 243 0.000351 0.015625 3.935272 9.838181
247 244 0.000388 0.014834 3.975403 9.938507
248 245 0.000244 0.016867 4.006653 10.016632
249 246 0.000209 0.018749 4.050476 10.126190
250 247 0.000169 0.018094 4.089600 10.223999
251 248 0.000265 0.019377 4.123627 10.309067
252 249 0.000354 0.018449 4.143616 10.359039
253 250 0.000310 0.024790 4.165771 10.414429
254 251 0.000202 0.026530 4.195740 10.489349
255 252 0.000000 0.027260 4.230194 10.575485
256 253 0.000162 0.021222 4.255249 10.638123
257 254 0.000114 0.020210 4.286087 10.715218
258 255 0.000320 0.019346 4.313324 10.783310
259 256 0.000319 0.022684 4.334351 10.835876
260 257 0.000433 0.020354 4.366379 10.915947
261 258 0.000472 0.016338 4.385315 10.963287
262 259 0.000270 0.012532 4.426727 11.066818
263 260 0.000330 0.013633 4.442566 11.106415
264 261 0.000309 0.019302 4.464264 11.160660
265 262 0.000327 0.017856 4.480499 11.201248
266 263 0.000326 0.014970 4.494934 11.237335
267 264 0.000405 0.011922 4.512268 11.280670
268 265 0.000404 0.013191 4.516785 11.291962
269 266 0.000403 0.013509 4.530243 11.325607
270 267 0.000186 0.015433 4.542694 11.356735
271 268 0.000151 0.016896 4.562653 11.406631
272 269 0.000185 0.020511 4.575104 11.437759
273 270 0.000107 0.024518 4.582825 11.457062
274 271 0.000000 0.024273 4.584839 11.462097
275 272 0.000150 0.025051 4.596527 11.491318
276 273 0.000237 0.024262 4.606750 11.516876
277 274 0.000000 0.024917 4.621521 11.553802
278 275 0.000211 0.026703 4.623413 11.558533
279 276 0.000149 0.019247 4.626129 11.565323
280 277 0.000184 0.019571 4.608124 11.520309
281 278 0.000213 0.014918 4.581909 11.454773
282 279 0.000215 0.019999 4.540619 11.351547
283 280 0.000266 0.022389 4.495209 11.238022
284 281 0.000000 0.023510 4.464508 11.161270
285 282 0.000441 0.030483 4.433075 11.082687
286 283 0.000293 0.029113 4.407227 11.018066
287 284 0.000537 0.032096 4.363678 10.909195
288 285 0.000196 0.027231 4.321289 10.803223
289 286 0.000510 0.021728 4.281677 10.704193
290 287 0.000163 0.025217 4.237457 10.593643
291 288 0.000285 0.025168 4.201141 10.502853
292 289 0.000203 0.029216 4.157074 10.392685
293 290 0.000443 0.027420 4.119659 10.299149
294 291 0.000239 0.024644 4.079742 10.199356
295 292 0.000452 0.029774 4.039581 10.098953
296 293 0.000367 0.029322 3.987000 9.967499
297 294 0.000447 0.032399 3.934723 9.836807
298 295 0.000217 0.028378 3.892303 9.730759
299 296 0.000179 0.028241 3.865540 9.663849
300 297 0.000422 0.029159 3.833771 9.584427
301 298 0.000315 0.032819 3.799591 9.498978
302 299 0.000317 0.032753 3.767303 9.418259
303 300 0.000185 0.036865 3.741028 9.352570
304 301 0.000294 0.031152 3.711792 9.279480
305 302 0.000563 0.036388 3.678467 9.196167
306 303 0.000328 0.030551 3.643188 9.107971
307 304 0.000302 0.036391 3.611511 9.028778
308 305 0.000272 0.031886 3.586609 8.966522
309 306 0.000334 0.029755 3.576538 8.941345
310 307 0.000196 0.030275 3.521637 8.804092
311 308 0.000199 0.036975 3.473480 8.683701
312 309 0.000143 0.036404 3.405518 8.513794
313 310 0.000323 0.039242 3.382538 8.456345
314 311 0.000253 0.042939 3.342438 8.356094
315 312 0.000331 0.041418 3.299988 8.249969
316 313 0.000540 0.038204 3.262909 8.157272
317 314 0.000563 0.030289 3.243042 8.107605
318 315 0.000261 0.028888 3.235657 8.089142
319 316 0.000526 0.022157 3.213165 8.032913
320 317 0.000595 0.021880 3.176605 7.941513
321 318 0.000156 0.030569 3.136597 7.841492
322 319 0.000314 0.034620 3.106537 7.766342
323 320 0.000224 0.031283 3.087250 7.718124
324 321 0.000225 0.030080 3.067688 7.669220
325 322 0.000392 0.022473 3.052032 7.630081
326 323 0.000228 0.023127 3.031219 7.578049
327 324 0.000361 0.013573 3.023682 7.559204
328 325 0.000229 0.013337 3.018097 7.545242
329 326 0.000230 0.008170 3.003174 7.507935
330 327 0.000327 0.017030 2.985016 7.462540
331 328 0.000569 0.017549 2.970276 7.425690
332 329 0.000465 0.009082 2.970947 7.427368
333 330 0.000403 0.009799 2.968384 7.420959
334 331 0.000495 0.008265 2.961761 7.404404
335 332 0.000000 0.007727 2.947815 7.369537
336 333 0.000440 0.008927 2.933350 7.333374
337 334 0.000501 0.007299 2.921448 7.303619
338 335 0.000502 0.005431 2.917389 7.293472
339 336 0.000503 0.007791 2.912323 7.280807
340 337 0.000168 0.007972 2.908081 7.270203
341 338 0.000336 0.013712 2.902771 7.256927
342 339 0.000238 0.011025 2.902100 7.255249
343 340 0.000000 0.013503 2.896576 7.241440
344 341 0.000293 0.014187 2.889008 7.222519
345 342 0.000240 0.010615 2.878845 7.197113
346 343 0.000510 0.009000 2.869812 7.174530
347 344 0.000639 0.007548 2.861023 7.152557
348 345 0.000453 0.010214 2.848755 7.121887
349 346 0.000344 0.013674 2.837708 7.094269
350 347 0.000299 0.010117 2.832245 7.080612
351 348 0.000422 0.008561 2.835999 7.089996
352 349 0.000243 0.002602 2.845154 7.112885
353 350 0.000000 0.008015 2.858521 7.146301
354 351 0.000240 0.005635 2.874390 7.185974
355 352 0.000239 0.006680 2.892487 7.231216
356 353 0.000291 0.003458 2.908478 7.271194
357 354 0.000236 0.003428 2.922607 7.306519
358 355 0.000333 0.009843 2.934906 7.337265
359 356 0.000331 0.011188 2.948273 7.370682
360 357 0.000000 0.011338 2.956879 7.392197
361 358 0.000000 0.010104 2.963898 7.409744
362 359 0.000466 0.010559 2.966461 7.416153
363 360 0.000285 0.009407 2.971710 7.429276
364 361 0.000284 0.009094 2.980103 7.450256
365 362 0.000490 0.016069 2.990784 7.476959
366 363 0.000568 0.018423 2.980438 7.451096
367 364 0.000164 0.010412 2.972473 7.431183
368 365 0.000233 0.009450 2.962585 7.406464
369 366 0.000636 0.007360 2.972809 7.432022
370 367 0.000403 0.005218 2.971344 7.428360
371 368 0.000329 0.005971 2.971924 7.429810
372 369 0.000570 0.005961 2.969330 7.423325
373 370 0.000698 0.007017 2.967194 7.417984
374 371 0.000329 0.006019 2.965546 7.413864
375 372 0.000285 0.009876 2.962799 7.406998
376 373 0.000165 0.008892 2.966034 7.415085
377 374 0.000233 0.010678 2.963806 7.409515
378 375 0.000330 0.011861 2.962555 7.406387
379 376 0.000234 0.011021 2.954651 7.386627
380 377 0.000287 0.009900 2.947784 7.369461
381 378 0.000332 0.019324 2.938293 7.345734
382 379 0.000167 0.010797 2.928833 7.322083
383 380 0.000335 0.009583 2.916504 7.291260
384 381 0.000505 0.004217 2.900787 7.251968
385 382 0.000239 0.008541 2.892456 7.231140
386 383 0.000000 0.010593 2.889832 7.224579
387 384 0.000797 0.012402 2.872589 7.181473
388 385 0.000452 0.008198 2.858032 7.145081
389 386 0.000243 0.007356 2.836517 7.091293
390 387 0.000344 0.006872 2.842041 7.105103
391 388 0.000488 0.004371 2.831238 7.078094
392 389 0.000244 0.004352 2.825806 7.064514
393 390 0.000000 0.003367 2.809998 7.024994
394 391 0.000246 0.008846 2.808197 7.020493
395 392 0.000348 0.010118 2.807465 7.018661
396 393 0.000625 0.008805 2.815643 7.039108
397 394 0.000173 0.009800 2.819763 7.049408
398 395 0.000691 0.007766 2.826416 7.066040
399 396 0.000571 0.018036 2.837128 7.092819
400 397 0.000419 0.029576 2.855652 7.139130
401 398 0.000614 0.045968 2.865723 7.164307
402 399 0.000241 0.038401 2.868622 7.171555
403 400 0.000241 0.032724 2.862885 7.157211
404 401 0.000295 0.032789 2.864380 7.160950
405 402 0.000537 0.029946 2.872711 7.181778
406 403 0.000339 0.022925 2.881104 7.202759
407 404 0.000338 0.017144 2.889221 7.223053
408 405 0.000378 0.018260 2.890839 7.227097
409 406 0.000168 0.015451 2.899750 7.249374
410 407 0.000770 0.013514 2.907440 7.268600
411 408 0.000629 0.012339 2.906647 7.266617
412 409 0.000503 0.012091 2.910187 7.275467
413 410 0.000580 0.011858 2.917480 7.293701
414 411 0.000000 0.009955 2.939545 7.348862
415 412 0.000165 0.011762 2.952606 7.381516
416 413 0.000000 0.008835 2.959351 7.398376
417 414 0.000404 0.010729 2.959534 7.398834
418 415 0.000495 0.013794 2.956543 7.391357
419 416 0.000286 0.014711 2.956390 7.390976
420 417 0.000234 0.011317 2.954041 7.385101
421 418 0.000331 0.007332 2.949463 7.373657
422 419 0.000166 0.012198 2.943054 7.357635
423 420 0.000470 0.015338 2.937744 7.344360
424 421 0.000287 0.010689 2.943054 7.357635
425 422 0.000407 0.008551 2.941040 7.352600
426 423 0.000407 0.007610 2.939728 7.349319
427 424 0.000409 0.011664 2.926636 7.316589
428 425 0.000000 0.014185 2.935577 7.338943
429 426 0.000236 0.011815 2.919891 7.299728
430 427 0.000167 0.014503 2.927490 7.318726
431 428 0.000335 0.007282 2.916412 7.291031
432 429 0.000334 0.010504 2.927612 7.319031
433 430 0.000000 0.012282 2.935211 7.338028
434 431 0.000000 0.012504 2.930176 7.325439
435 432 0.000369 0.016432 2.957764 7.394409
436 433 0.000235 0.008632 2.943176 7.357941
437 434 0.000165 0.009751 2.967041 7.417603
438 435 0.000233 0.008573 2.963837 7.409592
439 436 0.000163 0.015641 2.997986 7.494965
440 437 0.000324 0.014869 3.014282 7.535706
441 438 0.000000 0.008414 3.036133 7.590332
442 439 0.000227 0.005423 3.045898 7.614746
443 440 0.000451 0.005681 3.062103 7.655258
444 441 0.000318 0.009604 3.075623 7.689056
445 442 0.000474 0.008853 3.091583 7.728958
446 443 0.000157 0.009573 3.105377 7.763443
447 444 0.000271 0.011551 3.115906 7.789764
448 445 0.000468 0.016075 3.133301 7.833252
449 446 0.000219 0.007655 3.146423 7.866058
450 447 0.000437 0.007890 3.162476 7.906189
451 448 0.000000 0.007175 3.171967 7.929916
452 449 0.000153 0.006529 3.185516 7.963791
453 450 0.000374 0.003883 3.195953 7.989883
454 451 0.000456 0.008711 3.210968 8.027420
455 452 0.000262 0.006969 3.223053 8.057632
456 453 0.000477 0.008588 3.236908 8.092270
457 454 0.000300 0.005079 3.254639 8.136597
458 455 0.000259 0.005370 3.267395 8.168488
459 456 0.000595 0.005929 3.281952 8.204880
460 457 0.000000 0.007355 3.291412 8.228531
461 458 0.000391 0.010024 3.305145 8.262863
462 459 0.000361 0.007013 3.313354 8.283386
463 460 0.000294 0.006646 3.319305 8.298264
464 461 0.000254 0.004355 3.326813 8.317032
465 462 0.000146 0.003882 3.342041 8.355103
466 463 0.000356 0.002366 3.363373 8.408432
467 464 0.000204 0.013312 3.377106 8.442764
468 465 0.000322 0.004725 3.387482 8.468704
469 466 0.000353 0.007106 3.392548 8.481369
470 467 0.000203 0.003685 3.402435 8.506088
471 468 0.000286 0.003700 3.410431 8.526077
472 469 0.000285 0.004408 3.420807 8.552017
473 470 0.000201 0.005781 3.429077 8.572693
474 471 0.000201 0.005984 3.430664 8.576660
475 472 0.000247 0.007549 3.428467 8.571167
476 473 0.000349 0.008163 3.424316 8.560791
477 474 0.000377 0.011456 3.427246 8.568115
478 475 0.000143 0.009884 3.423798 8.559494
479 476 0.000428 0.012620 3.419128 8.547821
480 477 0.000320 0.010175 3.409088 8.522720
481 478 0.000000 0.007520 3.403015 8.507538
482 479 0.000381 0.003698 3.392487 8.481216
483 480 0.000354 0.004467 3.382843 8.457108
484 481 0.000289 0.011424 3.375366 8.438416
485 482 0.000481 0.012677 3.368256 8.420639
486 483 0.000650 0.014446 3.360504 8.401260
487 484 0.000326 0.014320 3.349854 8.374634
488 485 0.000413 0.008323 3.343872 8.359680
489 486 0.000774 0.008643 3.337952 8.344879
490 487 0.000775 0.005045 3.333069 8.332672
491 488 0.000622 0.009953 3.329773 8.324432
492 489 0.000360 0.009396 3.326904 8.317261
493 490 0.000208 0.012058 3.323975 8.309937
494 491 0.000488 0.005648 3.318298 8.295746
495 492 0.000209 0.015832 3.310608 8.276520
496 493 0.000391 0.014438 3.307983 8.269958
497 494 0.000296 0.019047 3.304504 8.261261
498 495 0.000000 0.010631 3.305847 8.264618
499 496 0.000148 0.010706 3.304443 8.261108
500 497 0.000644 0.010931 3.302612 8.256531
501 498 0.000257 0.011287 3.290649 8.226624
502 499 0.000596 0.010818 3.275513 8.188782
503 500 0.000793 0.012304 3.259583 8.148956
504 501 0.000720 0.008387 3.251526 8.128815
505 502 0.000427 0.006512 3.234802 8.087006
506 503 0.000430 0.008039 3.213379 8.033447
507 504 0.000687 0.011029 3.177551 7.943878
508 505 0.000381 0.012330 3.139099 7.847748
509 506 0.000158 0.012118 3.091858 7.729645
510 507 0.000358 0.010252 3.050232 7.625580
511 508 0.000000 0.010864 3.003540 7.508850
512 509 0.000233 0.008251 2.957886 7.394714
513 510 0.000000 0.009701 2.908875 7.272186
514 511 0.000538 0.016167 2.872375 7.180939
515 512 0.000541 0.013968 2.853699 7.134247
516 513 0.000767 0.011875 2.845215 7.113037
517 514 0.000385 0.004603 2.836609 7.091522
518 515 0.000345 0.008179 2.827942 7.069855
519 516 0.000245 0.007276 2.818054 7.045135
520 517 0.000576 0.010089 2.809631 7.024078
521 518 0.000427 0.006566 2.799561 6.998901
522 519 0.000464 0.008582 2.781799 6.954498
523 520 0.000352 0.013038 2.776001 6.940002
524 521 0.000000 0.009261 2.767029 6.917572
525 522 0.000434 0.006368 2.756348 6.890869
526 523 0.000470 0.006688 2.750732 6.876831
527 524 0.000251 0.005932 2.753174 6.882935
528 525 0.000354 0.005475 2.755676 6.889191
529 526 0.000250 0.006361 2.760437 6.901093
530 527 0.000308 0.003968 2.745789 6.864471
531 528 0.000000 0.020254 2.760437 6.901093
532 529 0.000000 0.016564 2.762817 6.907043
533 530 0.000305 0.018774 2.771362 6.928406
534 531 0.000249 0.007972 2.778687 6.946716
535 532 0.000524 0.006284 2.794250 6.985626
536 533 0.000692 0.005921 2.823486 7.058716
537 534 0.000688 0.003839 2.840149 7.100372
538 535 0.000569 0.007278 2.847168 7.117920
539 536 0.000381 0.011559 2.862549 7.156372
540 537 0.000293 0.010405 2.887024 7.217560
541 538 0.000236 0.006449 2.922119 7.305298
542 539 0.000165 0.006033 2.950867 7.377167
543 540 0.000402 0.005274 2.974670 7.436676
544 541 0.000564 0.014234 2.997864 7.494659
545 542 0.000000 0.007060 3.026062 7.565155
546 543 0.000391 0.010468 3.060425 7.651062
547 544 0.000417 0.007905 3.101624 7.754059
548 545 0.000269 0.011666 3.142700 7.856750
549 546 0.000434 0.002630 3.182129 7.955322
550 547 0.000430 0.003230 3.213440 8.033600
551 548 0.000151 0.005395 3.243042 8.107605
552 549 0.000299 0.006914 3.267761 8.169403
553 550 0.000297 0.007280 3.289062 8.222656
554 551 0.000000 0.009877 3.310120 8.275299
555 552 0.000000 0.007764 3.329224 8.323059
556 553 0.000252 0.008755 3.349609 8.374023
557 554 0.000205 0.007207 3.362488 8.406219
558 555 0.000145 0.007759 3.368469 8.421173
559 556 0.000145 0.006882 3.369080 8.422699
560 557 0.000205 0.006704 3.366394 8.415985
561 558 0.000205 0.003715 3.365540 8.413849
562 559 0.000355 0.003560 3.365417 8.413544
563 560 0.000205 0.006745 3.367981 8.419952
564 561 0.000205 0.006905 3.367737 8.419342
565 562 0.000356 0.007573 3.360962 8.402405
566 563 0.000484 0.009190 3.348022 8.370056
567 564 0.000207 0.006594 3.333313 8.333282
568 565 0.000294 0.008518 3.323364 8.308411
569 566 0.000466 0.006721 3.313599 8.283997
570 567 0.000490 0.008813 3.304871 8.262177
571 568 0.000534 0.008155 3.295166 8.237915
572 569 0.000556 0.009451 3.286377 8.215942
573 570 0.000421 0.013779 3.283325 8.208313
574 571 0.000446 0.008704 3.284180 8.210449
575 572 0.000000 0.005960 3.292908 8.232269
576 573 0.000491 0.005774 3.300720 8.251801
577 574 0.000295 0.008211 3.306152 8.265381
578 575 0.000660 0.005767 3.310730 8.276825
579 576 0.000488 0.009081 3.317322 8.293304
580 577 0.000464 0.008185 3.325562 8.313904
581 578 0.000508 0.002195 3.327942 8.319855
582 579 0.000208 0.001563 3.327820 8.319550
583 580 0.000586 0.006351 3.331665 8.329163
584 581 0.000414 0.004180 3.339783 8.349457
585 582 0.000292 0.002082 3.349915 8.374786
586 583 0.000483 0.003961 3.353271 8.383179
587 584 0.000291 0.001641 3.359314 8.398285
588 585 0.000000 0.004940 3.366089 8.415222
589 586 0.000324 0.005918 3.369934 8.424835
590 587 0.000000 0.008273 3.368164 8.420410
591 588 0.000145 0.006276 3.361877 8.404694
592 589 0.000000 0.010779 3.353577 8.383942
593 590 0.000253 0.009950 3.346252 8.365631
594 591 0.000207 0.009027 3.341919 8.354797
595 592 0.000253 0.006904 3.337646 8.344116
596 593 0.000293 0.010040 3.332153 8.330383
597 594 0.000147 0.012611 3.326843 8.317108
598 595 0.000255 0.009339 3.322327 8.305817
599 596 0.000147 0.012655 3.313599 8.283997
600 597 0.000209 0.012976 3.296814 8.242035
601 598 0.000000 0.014948 3.279297 8.198242
602 599 0.000149 0.010524 3.272034 8.180084
603 600 0.000000 0.009895 3.262695 8.156738
604 601 0.000000 0.012298 3.254150 8.135376
605 602 0.000214 0.011391 3.233398 8.083496
606 603 0.000304 0.014537 3.213318 8.033295
607 604 0.000610 0.011832 3.199951 7.999878
608 605 0.000217 0.017253 3.184265 7.960663
609 606 0.000218 0.011772 3.169678 7.924194
610 607 0.000727 0.013177 3.148926 7.872314
611 608 0.000348 0.008554 3.135132 7.837830
612 609 0.000350 0.011188 3.123230 7.808075
613 610 0.000545 0.011290 3.105286 7.763214
614 611 0.000317 0.013365 3.083618 7.709045
615 612 0.000000 0.013668 3.058655 7.646637
616 613 0.000424 0.014286 3.044067 7.610168
617 614 0.000228 0.014248 3.031067 7.577667
618 615 0.000000 0.017776 3.018494 7.546234
619 616 0.000364 0.007729 2.998108 7.495270
620 617 0.000284 0.005072 2.979431 7.448578
621 618 0.000233 0.007725 2.967285 7.418213
622 619 0.000234 0.009147 2.957092 7.392731
623 620 0.000000 0.005116 2.944031 7.360077
624 621 0.000289 0.003831 2.928894 7.322235
625 622 0.000168 0.009979 2.911072 7.277679
626 623 0.000168 0.003250 2.901001 7.252502
627 624 0.000414 0.007396 2.888977 7.222443
628 625 0.000448 0.007300 2.885498 7.213745
629 626 0.000563 0.007218 2.874146 7.185364
630 627 0.000342 0.003221 2.857117 7.142792
631 628 0.000243 0.004961 2.841675 7.104187
632 629 0.000810 0.006941 2.826660 7.066650
633 630 0.000173 0.006616 2.817810 7.044525
634 631 0.000000 0.004886 2.798340 6.995850
635 632 0.000528 0.007399 2.774780 6.936951
636 633 0.000308 0.008076 2.749756 6.874390
637 634 0.000311 0.007367 2.721619 6.804047
638 635 0.000181 0.004004 2.692627 6.731567
639 636 0.000449 0.007917 2.661377 6.653442
640 637 0.000186 0.006431 2.623413 6.558533
641 638 0.000189 0.005357 2.583374 6.458435
642 639 0.000430 0.006741 2.537109 6.342773
643 640 0.000196 0.005425 2.496826 6.242065
644 641 0.000198 0.006068 2.462402 6.156006
645 642 0.000283 0.006399 2.437439 6.093597
646 643 0.000285 0.002331 2.419617 6.049042
647 644 0.000287 0.018690 2.406067 6.015167
648 645 0.000288 0.022205 2.395874 5.989685
649 646 0.000289 0.017401 2.388184 5.970459
650 647 0.000000 0.005628 2.385925 5.964813
651 648 0.000410 0.009153 2.383972 5.959930
652 649 0.000502 0.015002 2.382507 5.956268
653 650 0.000354 0.014266 2.387634 5.969086
654 651 0.000356 0.025100 2.378357 5.945892
655 652 0.000543 0.018887 2.377197 5.942993
656 653 0.000412 0.022023 2.369263 5.923157
657 654 0.000292 0.023323 2.363403 5.908508
658 655 0.000506 0.015494 2.365417 5.913544
659 656 0.000624 0.023478 2.346558 5.866394
660 657 0.000653 0.015744 2.363525 5.908813
661 658 0.000506 0.019519 2.362976 5.907440
662 659 0.000744 0.010785 2.365234 5.913086
663 660 0.000000 0.016257 2.365967 5.914917
664 661 0.000000 0.014799 2.370239 5.925598
665 662 0.000000 0.019660 2.379639 5.949097
666 663 0.000289 0.008022 2.387024 5.967560
667 664 0.000290 0.013995 2.380981 5.952454
668 665 0.000000 0.012065 2.405090 6.012726
669 666 0.000404 0.015961 2.416809 6.042023
670 667 0.000449 0.012867 2.430603 6.076508
671 668 0.000565 0.011360 2.442871 6.107178
672 669 0.000566 0.009996 2.438171 6.095428
673 670 0.000561 0.006581 2.463257 6.158142
674 671 0.000557 0.002770 2.477539 6.193848
675 672 0.000196 0.002542 2.494629 6.236572
676 673 0.000477 0.007664 2.506897 6.267242
677 674 0.000274 0.011210 2.516724 6.291809
678 675 0.000273 0.017314 2.530884 6.327209
679 676 0.000429 0.012943 2.544250 6.360626
680 677 0.000383 0.008428 2.551270 6.378174
681 678 0.000710 0.014901 2.573425 6.433563
682 679 0.000267 0.018139 2.582886 6.457214
683 680 0.000189 0.019929 2.587463 6.468658
684 681 0.000904 0.012820 2.591248 6.478119
685 682 0.000531 0.006847 2.599426 6.498566
686 683 0.000459 0.004784 2.604797 6.511993
687 684 0.000373 0.017118 2.615967 6.539917
688 685 0.000589 0.019661 2.623230 6.558075
689 686 0.000614 0.019695 2.637634 6.594086
690 687 0.000522 0.014014 2.644714 6.611786
691 688 0.000000 0.022858 2.636047 6.590118
692 689 0.000692 0.018271 2.640991 6.602478
693 690 0.000453 0.012394 2.638123 6.595306
694 691 0.000719 0.010871 2.631165 6.577911
695 692 0.000000 0.013824 2.622986 6.557465
696 693 0.000000 0.014740 2.610229 6.525574
697 694 0.000188 0.013589 2.598206 6.495514
698 695 0.000754 0.011759 2.591675 6.479187
699 696 0.000423 0.011445 2.579407 6.448517
700 697 0.000325 0.009883 2.599182 6.497955
701 698 0.000375 0.012032 2.606262 6.515656
702 699 0.000323 0.012061 2.616882 6.542206
703 700 0.000323 0.008840 2.620972 6.552429
704 701 0.000000 0.009211 2.628723 6.571808
705 702 0.000320 0.007802 2.643860 6.609650
706 703 0.000317 0.008247 2.664673 6.661682
707 704 0.000317 0.019073 2.669189 6.672974
708 705 0.000364 0.016528 2.685364 6.713409
709 706 0.000257 0.012662 2.691040 6.727600
710 707 0.000000 0.004890 2.698730 6.746826
711 708 0.000255 0.004243 2.708374 6.770935
712 709 0.000254 0.005420 2.719849 6.799622
713 710 0.000179 0.010546 2.734558 6.836395
714 711 0.000308 0.012452 2.750183 6.875458
715 712 0.000250 0.017460 2.758240 6.895599
716 713 0.000429 0.013357 2.784790 6.961975
717 714 0.000604 0.015690 2.799927 6.999817
718 715 0.000300 0.016285 2.818604 7.046509
719 716 0.000298 0.015138 2.835327 7.088318
720 717 0.000382 0.012646 2.855164 7.137909
721 718 0.000295 0.013738 2.870544 7.176361
722 719 0.000169 0.010864 2.889282 7.223206
723 720 0.000168 0.017798 2.899780 7.249451
724 721 0.000602 0.012467 2.926086 7.315216
725 722 0.000469 0.022504 2.943726 7.359314
726 723 0.000369 0.021922 2.958008 7.395020
727 724 0.000434 0.021054 2.974670 7.436676
728 725 0.000163 0.010283 2.990540 7.476349
729 726 0.000229 0.016147 3.016357 7.540894
730 727 0.000482 0.016716 3.039673 7.599182
731 728 0.000677 0.016031 3.058289 7.645721
732 729 0.000225 0.005759 3.075439 7.688599
733 730 0.000418 0.026462 3.088684 7.721710
734 731 0.000386 0.028395 3.102173 7.755432
735 732 0.000383 0.030287 3.122253 7.805634
736 733 0.000382 0.016185 3.134644 7.836609
737 734 0.000512 0.019957 3.159973 7.899933
738 735 0.000554 0.014580 3.175293 7.938232
739 736 0.000216 0.010219 3.192139 7.980347
740 737 0.000305 0.006886 3.201660 8.004150
741 738 0.000303 0.023279 3.218689 8.046722
742 739 0.000213 0.023005 3.244385 8.110962
743 740 0.000474 0.028677 3.259521 8.148804
744 741 0.000149 0.011805 3.273193 8.182983
745 742 0.000149 0.011907 3.283691 8.209229
746 743 0.000296 0.010568 3.302979 8.257446
747 744 0.000329 0.012037 3.320496 8.301239
748 745 0.000207 0.014703 3.337219 8.343048
749 746 0.000206 0.010169 3.351257 8.378143
750 747 0.000325 0.011201 3.362488 8.406219
751 748 0.000480 0.007497 3.374695 8.436737
752 749 0.000249 0.009010 3.390564 8.476410
753 750 0.000405 0.010161 3.409485 8.523712
754 751 0.000428 0.009711 3.425781 8.564453
755 752 0.000549 0.009451 3.443237 8.608093
756 753 0.000423 0.007705 3.462341 8.655853
757 754 0.000198 0.004257 3.485596 8.713989
758 755 0.000312 0.005215 3.504639 8.761597
759 756 0.000196 0.006536 3.530273 8.825684
760 757 0.000276 0.006448 3.536377 8.840942
761 758 0.000000 0.006282 3.550659 8.876648
762 759 0.000191 0.018705 3.623047 9.057617
763 760 0.000136 0.007271 3.583679 8.959198
764 761 0.000000 0.007875 3.603455 9.008636
765 762 0.000000 0.013682 3.560852 8.902130
766 763 0.000189 0.010901 3.649475 9.123688
767 764 0.000133 0.008050 3.671936 9.179840
768 765 0.000296 0.006366 3.688782 9.221954
769 766 0.000417 0.007983 3.703186 9.257965
770 767 0.000131 0.006249 3.719788 9.299469
771 768 0.000292 0.006879 3.735962 9.339905
772 769 0.000260 0.008733 3.750488 9.376221
773 770 0.000183 0.006659 3.769958 9.424896
774 771 0.000182 0.007032 3.796326 9.490814
775 772 0.000286 0.006888 3.818665 9.546661
776 773 0.000402 0.008789 3.836548 9.591370
777 774 0.000335 0.015078 3.851013 9.627533
778 775 0.000378 0.010894 3.871338 9.678345
779 776 0.000280 0.011185 3.899780 9.749451
780 777 0.000248 0.007512 3.935608 9.839020
781 778 0.000123 0.007160 3.963806 9.909515
782 779 0.000000 0.009027 3.982483 9.956207
783 780 0.000457 0.007535 3.995422 9.988556
784 781 0.000211 0.008976 4.017029 10.042572
785 782 0.000209 0.007937 4.043091 10.107727
786 783 0.000380 0.007444 4.065002 10.162506
787 784 0.000239 0.012851 4.086243 10.215607
788 785 0.000119 0.011606 4.104553 10.261383
789 786 0.000000 0.011843 4.123901 10.309753
790 787 0.000000 0.006991 4.144958 10.362396
791 788 0.000332 0.008255 4.164185 10.410461
792 789 0.000234 0.008443 4.180969 10.452423
793 790 0.000260 0.007238 4.193909 10.484772
794 791 0.000116 0.009244 4.202271 10.505676
795 792 0.000000 0.005258 4.215332 10.538330
796 793 0.000000 0.004523 4.220886 10.552216
797 794 0.000326 0.006553 4.230225 10.575562
798 795 0.000163 0.007136 4.229370 10.573425
799 796 0.000163 0.005303 4.234070 10.585175
800 797 0.000200 0.005047 4.234680 10.586700
801 798 0.000200 0.007327 4.236755 10.591888
802 799 0.000115 0.007558 4.234985 10.587463
803 800 0.000163 0.006835 4.230713 10.576782
804 801 0.000163 0.009293 4.230286 10.575714
805 802 0.000115 0.010943 4.231323 10.578308
806 803 0.000365 0.016716 4.230225 10.575562
807 804 0.000163 0.006917 4.231506 10.578766
808 805 0.000231 0.007443 4.236389 10.590973
809 806 0.000365 0.008270 4.235596 10.588989
810 807 0.000116 0.003723 4.225281 10.563202
811 808 0.000164 0.005351 4.206726 10.516815
812 809 0.000285 0.007041 4.194275 10.485687
813 810 0.000117 0.012612 4.182556 10.456390
814 811 0.000234 0.008409 4.179993 10.449982
815 812 0.000286 0.007662 4.179016 10.447540
816 813 0.000165 0.007165 4.177490 10.443726
817 814 0.000203 0.006320 4.169250 10.423126
818 815 0.000235 0.004433 4.158386 10.395966
819 816 0.000235 0.004107 4.156006 10.390015
820 817 0.000486 0.003205 4.145386 10.363464
821 818 0.000000 0.006289 4.138977 10.347443
822 819 0.000290 0.003325 4.121582 10.303955
823 820 0.000238 0.004509 4.111633 10.279083
824 821 0.000429 0.004708 4.101624 10.254059
825 822 0.000293 0.006519 4.087646 10.219116
826 823 0.000339 0.003175 4.072876 10.182190
827 824 0.000496 0.003956 4.055298 10.138245
828 825 0.000241 0.004419 4.045410 10.113525
829 826 0.000171 0.003429 4.032959 10.082397
830 827 0.000384 0.006655 4.018066 10.045166
831 828 0.000122 0.005053 3.994324 9.985809
832 829 0.000276 0.011993 3.956421 9.891052
833 830 0.000306 0.006233 3.911926 9.779816
834 831 0.000310 0.005272 3.860474 9.651184
835 832 0.000287 0.005648 3.806335 9.515839
836 833 0.000412 0.009140 3.743896 9.359741
837 834 0.000188 0.009357 3.679688 9.199219
838 835 0.000191 0.009118 3.624268 9.060669
839 836 0.000194 0.014370 3.565491 8.913727
840 837 0.000241 0.017793 3.506775 8.766937
841 838 0.000318 0.023521 3.437805 8.594513
842 839 0.000290 0.010959 3.373108 8.432770
843 840 0.000000 0.005555 3.311279 8.278198
844 841 0.000424 0.006892 3.257507 8.143768
845 842 0.000215 0.007646 3.216736 8.041840
846 843 0.000434 0.007875 3.181519 7.953796
847 844 0.000942 0.012497 3.151733 7.879333
848 845 0.000519 0.010403 3.122925 7.807312
849 846 0.000000 0.005905 3.092285 7.730713
850 847 0.000159 0.006041 3.066589 7.666473
851 848 0.000681 0.007171 3.039978 7.599945
852 849 0.000161 0.014186 3.030945 7.577362
853 850 0.000427 0.012218 3.027100 7.567749
854 851 0.000737 0.008209 3.034424 7.586060
855 852 0.000483 0.012910 3.033325 7.583313
856 853 0.000322 0.010358 3.036011 7.590027
857 854 0.000483 0.009819 3.034668 7.586670
858 855 0.000510 0.014934 3.027100 7.567749
859 856 0.000229 0.010194 3.015381 7.538452
860 857 0.000230 0.014804 3.006226 7.515564
861 858 0.000000 0.007596 3.008850 7.522125
862 859 0.000323 0.005341 3.019653 7.549133
863 860 0.000457 0.012156 3.019104 7.547760
864 861 0.000361 0.011508 3.026428 7.566071
865 862 0.000322 0.008860 3.037354 7.593384
866 863 0.000320 0.010482 3.052673 7.631683
867 864 0.000318 0.019885 3.074829 7.687073
868 865 0.000316 0.019704 3.094788 7.736969
869 866 0.000313 0.006170 3.115356 7.788391
870 867 0.000311 0.006688 3.137573 7.843933
871 868 0.000346 0.009780 3.155762 7.889404
872 869 0.000617 0.008137 3.164001 7.910004
873 870 0.000377 0.009993 3.173828 7.934570
874 871 0.000511 0.009618 3.170044 7.925110
875 872 0.000571 0.005059 3.200012 8.000031
876 873 0.000526 0.007906 3.215942 8.039856
877 874 0.000213 0.012109 3.241150 8.102875
878 875 0.000449 0.011157 3.263977 8.159943
879 876 0.000149 0.010258 3.285645 8.214111
880 877 0.000392 0.011027 3.294189 8.235474
881 878 0.000148 0.011698 3.301392 8.253479
882 879 0.000296 0.008743 3.302795 8.256989
883 880 0.000507 0.011226 3.336731 8.341827
884 881 0.000384 0.010791 3.360535 8.401337
885 882 0.000434 0.013590 3.374268 8.435669
886 883 0.000407 0.007246 3.391113 8.477783
887 884 0.000825 0.011513 3.398804 8.497009
888 885 0.000320 0.016326 3.412537 8.531342
889 886 0.000452 0.008270 3.416748 8.541870
890 887 0.000572 0.008646 3.416565 8.541412
891 888 0.000317 0.006241 3.441589 8.603973
892 889 0.000374 0.008354 3.453796 8.634491
893 890 0.000281 0.007383 3.469971 8.674927
894 891 0.000314 0.008289 3.478455 8.696136
895 892 0.000198 0.013709 3.484375 8.710938
896 893 0.000279 0.004249 3.501648 8.754120
897 894 0.000341 0.004930 3.510559 8.776398
898 895 0.000240 0.008833 3.527344 8.818359
899 896 0.000195 0.012432 3.539734 8.849335
900 897 0.000195 0.013922 3.539917 8.849792
901 898 0.000458 0.014555 3.533752 8.834381
902 899 0.000240 0.010057 3.519409 8.798523
903 900 0.000196 0.011084 3.515869 8.789673
904 901 0.000590 0.010886 3.509521 8.773804
905 902 0.000139 0.012035 3.502869 8.757172
906 903 0.000484 0.012447 3.492676 8.731689
907 904 0.000344 0.012689 3.479370 8.698425
908 905 0.000244 0.011156 3.466553 8.666382
909 906 0.000284 0.014951 3.439514 8.598785
910 907 0.000143 0.006924 3.409851 8.524628
911 908 0.000205 0.010385 3.371338 8.428345
912 909 0.000146 0.009706 3.340637 8.351593
913 910 0.000257 0.013053 3.295593 8.238983
914 911 0.000563 0.013657 3.243103 8.107758
915 912 0.000000 0.007376 3.186218 7.965546
916 913 0.000000 0.008247 3.129272 7.823181
917 914 0.000317 0.008405 3.082581 7.706451
918 915 0.000000 0.012713 3.029907 7.574768
919 916 0.000164 0.010349 2.974731 7.436829
920 917 0.000290 0.005457 2.920776 7.301941
921 918 0.000241 0.009032 2.862671 7.156677
922 919 0.000174 0.007731 2.805786 7.014465
923 920 0.000643 0.008962 2.736633 6.841583
924 921 0.000368 0.012020 2.651184 6.627960
925 922 0.000378 0.019100 2.584290 6.460724
926 923 0.000992 0.024336 2.510925 6.277313
927 924 0.000836 0.011315 2.477173 6.192932
928 925 0.000447 0.004017 2.443848 6.109619
929 926 0.000575 0.012623 2.403381 6.008453
930 927 0.000460 0.017785 2.373230 5.933075
931 928 0.000701 0.031855 2.308960 5.772400
932 929 0.000708 0.019554 2.287781 5.719452
933 930 0.000717 0.009402 2.259766 5.649414
934 931 0.000819 0.013773 2.230469 5.576172
935 932 0.000438 0.004045 2.230225 5.575562
936 933 0.000835 0.032679 2.187378 5.468445
937 934 0.000820 0.012271 2.229370 5.573425
938 935 0.001292 0.016940 2.235535 5.588837
939 936 0.000922 0.013889 2.246643 5.616608
940 937 0.000725 0.020875 2.233276 5.583191
941 938 0.000547 0.039339 2.185852 5.464630
942 939 0.000739 0.023486 2.191406 5.478516
943 940 0.000503 0.023634 2.172791 5.431976
944 941 0.000711 0.036354 2.173035 5.432587
945 942 0.000449 0.034999 2.173584 5.433960
946 943 0.000390 0.041559 2.166016 5.415039
947 944 0.000775 0.025786 2.183105 5.457764
948 945 0.000975 0.031755 2.183167 5.457916
949 946 0.000315 0.038251 2.192322 5.480804
950 947 0.000861 0.028835 2.195557 5.488892
951 948 0.000702 0.034414 2.199707 5.499268
952 949 0.000584 0.029090 2.210632 5.526581
953 950 0.000311 0.033417 2.220642 5.551605
954 951 0.000309 0.029674 2.232849 5.582123
955 952 0.000653 0.044184 2.242676 5.606689
956 953 0.000752 0.040437 2.250549 5.626373
957 954 0.001147 0.051176 2.252136 5.630341
958 955 0.000612 0.025623 2.255615 5.639038
959 956 0.000751 0.027663 2.250854 5.627136
960 957 0.000217 0.014131 2.249695 5.624237
961 958 0.000614 0.012847 2.249023 5.622559
962 959 0.000683 0.022116 2.259155 5.647888
963 960 0.000964 0.015650 2.264038 5.660095
964 961 0.000609 0.034042 2.267700 5.669250
965 962 0.000968 0.016044 2.255188 5.637970
966 963 0.001273 0.020186 2.236389 5.590973
967 964 0.000621 0.024877 2.225708 5.564270
968 965 0.000222 0.033535 2.204224 5.510559
969 966 0.000702 0.048864 2.199280 5.498199
970 967 0.000817 0.035450 2.154663 5.386658
971 968 0.000651 0.030880 2.122070 5.305176
972 969 0.000523 0.035923 2.088257 5.220642
973 970 0.000333 0.021807 2.071472 5.178680
974 971 0.000334 0.022870 2.067505 5.168762
975 972 0.000334 0.027799 2.067993 5.169983
976 973 0.000666 0.033717 2.074585 5.186462
977 974 0.000572 0.032594 2.090271 5.225677
978 975 0.000331 0.031665 2.086304 5.215759
979 976 0.000573 0.035086 2.086548 5.216370
980 977 0.000571 0.034860 2.094543 5.236359
981 978 0.000466 0.030770 2.096741 5.241852
982 979 0.000403 0.033552 2.098206 5.245514
983 980 0.000735 0.029418 2.101990 5.254974
984 981 0.001164 0.026195 2.097107 5.242767
985 982 0.001023 0.016992 2.133911 5.334778
986 983 0.000649 0.016756 2.127258 5.318146
987 984 0.000756 0.016969 2.141541 5.353851
988 985 0.000558 0.017766 2.144836 5.362091
989 986 0.000394 0.014533 2.148743 5.371857
990 987 0.000390 0.019518 2.166504 5.416260
991 988 0.000499 0.008921 2.188538 5.471344
992 989 0.000441 0.016499 2.214355 5.535889
993 990 0.000375 0.012488 2.253418 5.633545
994 991 0.000751 0.021478 2.251465 5.628662
995 992 0.000429 0.023249 2.276855 5.692139
996 993 0.000213 0.031479 2.295044 5.737610
997 994 0.000420 0.025049 2.325928 5.814819
998 995 0.000293 0.020213 2.358032 5.895081
999 996 0.000766 0.014951 2.384399 5.960999
1000 997 0.000286 0.024874 2.413574 6.033936
1001 998 0.000000 0.023680 2.446777 6.116943
1002 999 0.000483 0.020757 2.478027 6.195068
1003 1000 0.000645 0.011434 2.511963 6.279907
1004 1001 0.000429 0.015138 2.542236 6.355591
1005 1002 0.000269 0.013973 2.569336 6.423340
1006 1003 0.000421 0.014191 2.592773 6.481934
1007 1004 0.000000 0.012260 2.625488 6.563721
1008 1005 0.000581 0.012286 2.659302 6.648254
1009 1006 0.000256 0.010628 2.696533 6.741333
1010 1007 0.000254 0.009265 2.720459 6.801147
1011 1008 0.000398 0.004109 2.744263 6.860657
1012 1009 0.000000 0.009225 2.772339 6.930847
1013 1010 0.000174 0.010704 2.802490 7.006226
1014 1011 0.000298 0.014093 2.837036 7.092590
1015 1012 0.000171 0.014562 2.860107 7.150269
1016 1013 0.000293 0.014211 2.886963 7.217407
1017 1014 0.000291 0.013379 2.909668 7.274170
1018 1015 0.000000 0.007099 2.937256 7.343140
1019 1016 0.000000 0.004858 2.960327 7.400818
1020 1017 0.000232 0.006112 2.982788 7.456970
1021 1018 0.000230 0.007948 2.999756 7.499390
1022 1019 0.000363 0.010629 3.011475 7.528687
1023 1020 0.000280 0.012073 3.017822 7.544556
1024 1021 0.000228 0.008059 3.028320 7.570801
1025 1022 0.001091 0.005638 3.035034 7.587585
1026 1023 0.000787 0.004219 3.040894 7.602234
1027 1024 0.000392 0.005894 3.049683 7.624207
1028 1025 0.001409 0.009949 3.059570 7.648926
1029 1026 0.000813 0.007783 3.062378 7.655945
1030 1027 0.000452 0.005317 3.057983 7.644958
1031 1028 0.000598 0.005647 3.054688 7.636719
1032 1029 0.000391 0.006424 3.057617 7.644043
1033 1030 0.000529 0.009972 3.060425 7.651062
1034 1031 0.000529 0.004241 3.060425 7.651062
1035 1032 0.000277 0.005706 3.056152 7.640381
1036 1033 0.000000 0.009331 3.054565 7.636414
1037 1034 0.000226 0.014869 3.050415 7.626038
1038 1035 0.000226 0.009016 3.055298 7.638245
1039 1036 0.000160 0.014245 3.053223 7.633057
1040 1037 0.000452 0.017111 3.053223 7.633057
1041 1038 0.000320 0.016419 3.053467 7.633667
1042 1039 0.000320 0.018013 3.047119 7.617798
1043 1040 0.000321 0.016060 3.038574 7.596436
1044 1041 0.000484 0.014320 3.026123 7.565308
1045 1042 0.000427 0.011895 3.022827 7.557068
1046 1043 0.000723 0.011562 3.022217 7.555542
1047 1044 0.000395 0.014186 3.024170 7.560425
1048 1045 0.000457 0.013971 3.024536 7.561340
1049 1046 0.000686 0.015145 3.020386 7.550964
1050 1047 0.000396 0.010926 3.018799 7.546997
1051 1048 0.000397 0.007179 3.013916 7.534790
1052 1049 0.000361 0.008935 3.020752 7.551880
1053 1050 0.000397 0.010341 3.015625 7.539062
1054 1051 0.000229 0.010757 3.013184 7.532959
1055 1052 0.000229 0.008963 3.009888 7.524719
1056 1053 0.000363 0.006560 3.006592 7.516479
1057 1054 0.000362 0.008330 3.012939 7.532349
1058 1055 0.000229 0.001760 3.012939 7.532349
1059 1056 0.000427 0.005348 3.025513 7.563782
1060 1057 0.000362 0.007064 3.014893 7.537231
1061 1058 0.000325 0.003576 3.009399 7.523499
1062 1059 0.000163 0.005484 2.996460 7.491150
1063 1060 0.000000 0.009211 3.003540 7.508850
1064 1061 0.000363 0.012468 3.005005 7.512512
1065 1062 0.000000 0.010265 3.011230 7.528076
1066 1063 0.000324 0.007281 3.015625 7.539062
1067 1064 0.000162 0.009174 3.017822 7.544556
1068 1065 0.000000 0.007051 3.013428 7.533569
1069 1066 0.000230 0.006166 3.007812 7.519531
1070 1067 0.000325 0.006632 3.005859 7.514648
1071 1068 0.000230 0.004266 3.001953 7.504883
1072 1069 0.000231 0.007445 2.994507 7.486267
1073 1070 0.000164 0.009855 2.985352 7.463379
1074 1071 0.000164 0.008621 2.976929 7.442322
1075 1072 0.000233 0.010718 2.968994 7.422485
1076 1073 0.000233 0.012420 2.960938 7.402344
1077 1074 0.000437 0.014504 2.953247 7.383118
1078 1075 0.000235 0.007468 2.942017 7.355042
1079 1076 0.000288 0.007176 2.935791 7.339478
1080 1077 0.000334 0.005933 2.928223 7.320557
1081 1078 0.000167 0.010011 2.921387 7.303467
1082 1079 0.000236 0.006624 2.921265 7.303162
1083 1080 0.000339 0.009995 2.878174 7.195435
1084 1081 0.000000 0.015019 2.853271 7.133179
1085 1082 0.000348 0.023198 2.805298 7.013245
1086 1083 0.000349 0.020289 2.794312 6.985779
1087 1084 0.000469 0.016216 2.754883 6.887207
1088 1085 0.000598 0.012204 2.708252 6.770630
1089 1086 0.000368 0.008957 2.652100 6.630249
1090 1087 0.000655 0.008985 2.581787 6.454468
1091 1088 0.000276 0.007567 2.505493 6.263733
1092 1089 0.000000 0.013587 2.432983 6.082458
1093 1090 0.000207 0.018715 2.362305 5.905762
1094 1091 0.000521 0.018435 2.293945 5.734863
1095 1092 0.000440 0.018211 2.219971 5.549927
1096 1093 0.000320 0.013861 2.156982 5.392456
1097 1094 0.000000 0.016064 2.112671 5.281677
1098 1095 0.000774 0.024094 2.091919 5.229797
1099 1096 0.000702 0.033983 2.086060 5.215149
1100 1097 0.000526 0.035860 2.074829 5.187073
1101 1098 0.000922 0.044984 2.051025 5.127563
1102 1099 0.000834 0.042150 2.027100 5.067749
1103 1100 0.000688 0.050628 2.005981 5.014954
1104 1101 0.000982 0.044271 1.988525 4.971313
1105 1102 0.000853 0.041687 1.983887 4.959717
1106 1103 0.000862 0.026263 1.961182 4.902954
1107 1104 0.001220 0.031914 1.960327 4.900818
1108 1105 0.001017 0.029944 1.920654 4.801636
1109 1106 0.001126 0.045502 1.938721 4.846802
1110 1107 0.000573 0.029600 1.906982 4.767456
1111 1108 0.000728 0.020676 1.897705 4.744263
1112 1109 0.001207 0.037111 1.897339 4.743347
1113 1110 0.001210 0.039281 1.892090 4.730225
1114 1111 0.001006 0.063211 1.941406 4.853516
1115 1112 0.000721 0.035463 1.916748 4.791870
1116 1113 0.000712 0.045290 1.939209 4.848022
1117 1114 0.001247 0.045826 1.957397 4.893494
1118 1115 0.000656 0.041472 1.970581 4.926453
1119 1116 0.000591 0.045756 2.023315 5.058289
1120 1117 0.000000 0.047090 1.998291 4.995728
1121 1118 0.000687 0.042512 2.009521 5.023804
1122 1119 0.000342 0.035978 2.018188 5.045471
1123 1120 0.000000 0.017002 2.030396 5.075989
1124 1121 0.000779 0.025111 2.079834 5.199585
1125 1122 0.000666 0.023277 2.073242 5.183105
1126 1123 0.000612 0.026797 2.109741 5.274353
1127 1124 0.000510 0.020169 2.141724 5.354309
1128 1125 0.000447 0.020206 2.182861 5.457153
1129 1126 0.000438 0.023353 2.229858 5.574646
1130 1127 0.000305 0.017294 2.260498 5.651245
1131 1128 0.000636 0.011808 2.301514 5.753784
1132 1129 0.000294 0.012415 2.352661 5.881653
1133 1130 0.000354 0.013800 2.390381 5.975952
1134 1131 0.000400 0.014525 2.442383 6.105957
1135 1132 0.000591 0.012602 2.479248 6.198120
1136 1133 0.000385 0.015689 2.533447 6.333618
1137 1134 0.000535 0.013563 2.580688 6.451721
1138 1135 0.000262 0.013314 2.630615 6.576538
1139 1136 0.000576 0.014079 2.679321 6.698303
1140 1137 0.000253 0.017952 2.724487 6.811218
1141 1138 0.000176 0.019804 2.767944 6.919861
1142 1139 0.000174 0.024109 2.799194 6.997986
1143 1140 0.000298 0.016650 2.835938 7.089844
1144 1141 0.000241 0.020320 2.869751 7.174377
1145 1142 0.000000 0.015249 2.904907 7.262268
1146 1143 0.000235 0.017135 2.938965 7.347412
1147 1144 0.000233 0.012422 2.967041 7.417603
1148 1145 0.000163 0.013814 2.997070 7.492676
1149 1146 0.000228 0.010844 3.023071 7.557678
1150 1147 0.000277 0.010925 3.053467 7.633667
1151 1148 0.000448 0.008697 3.079590 7.698975
1152 1149 0.000223 0.010385 3.102661 7.756653
1153 1150 0.000496 0.005544 3.114136 7.785339
1154 1151 0.000412 0.005009 3.133301 7.833252
1155 1152 0.000311 0.007655 3.140015 7.850037
1156 1153 0.000268 0.007619 3.153320 7.883301
1157 1154 0.000219 0.008244 3.156982 7.892456
1158 1155 0.000000 0.008031 3.170166 7.925415
1159 1156 0.000000 0.009393 3.176636 7.941589
1160 1157 0.000217 0.007124 3.181274 7.953186
1161 1158 0.000306 0.007942 3.186768 7.966919
1162 1159 0.000305 0.009976 3.196655 7.991638
1163 1160 0.000341 0.013463 3.205322 8.013306
1164 1161 0.000216 0.005560 3.201904 8.004761
1165 1162 0.000264 0.003538 3.204956 8.012390
1166 1163 0.000458 0.015024 3.195312 7.988281
1167 1164 0.000153 0.008083 3.199829 7.999573
1168 1165 0.000341 0.006379 3.199951 7.999878
1169 1166 0.000215 0.006487 3.208984 8.022461
1170 1167 0.000402 0.009762 3.212524 8.031311
1171 1168 0.000570 0.011278 3.207520 8.018799
1172 1169 0.000264 0.011266 3.203369 8.008423
1173 1170 0.000482 0.013021 3.206665 8.016663
1174 1171 0.000340 0.015599 3.213257 8.033142
1175 1172 0.000478 0.015562 3.228149 8.070374
1176 1173 0.000000 0.018048 3.239990 8.099976
1177 1174 0.000368 0.015906 3.251343 8.128357
1178 1175 0.000395 0.006095 3.268066 8.170166
1179 1176 0.000447 0.006414 3.279053 8.197632
1180 1177 0.000000 0.006643 3.301758 8.254395
1181 1178 0.000255 0.005750 3.317627 8.294067
1182 1179 0.000359 0.004210 3.335083 8.337708
1183 1180 0.000253 0.008888 3.345215 8.363037
1184 1181 0.000291 0.004777 3.354980 8.387451
1185 1182 0.000251 0.005596 3.364136 8.410339
1186 1183 0.000323 0.009794 3.377075 8.442688
1187 1184 0.000204 0.007070 3.392334 8.480835
1188 1185 0.000320 0.005998 3.409668 8.524170
1189 1186 0.000451 0.008648 3.424438 8.561096
1190 1187 0.000283 0.006810 3.447754 8.619385
1191 1188 0.000315 0.007478 3.462769 8.656921
1192 1189 0.000281 0.007836 3.479980 8.699951
1193 1190 0.000280 0.009169 3.488647 8.721619
1194 1191 0.000139 0.009507 3.510620 8.776550
1195 1192 0.000195 0.008975 3.533447 8.833618
1196 1193 0.000000 0.012561 3.559326 8.898315
1197 1194 0.000136 0.012056 3.582153 8.955383
1198 1195 0.000235 0.014048 3.595947 8.989868
1199 1196 0.000191 0.012080 3.613037 9.032593
1200 1197 0.000233 0.014577 3.628418 9.071045
1201 1198 0.000443 0.013486 3.654785 9.136963
1202 1199 0.000421 0.016870 3.671265 9.178162
1203 1200 0.000000 0.011367 3.689453 9.223633
1204 1201 0.000132 0.013125 3.708618 9.271545
1205 1202 0.000000 0.009763 3.736572 9.341431
1206 1203 0.000318 0.011782 3.757568 9.393921
1207 1204 0.000410 0.010163 3.769897 9.424744
1208 1205 0.000259 0.010158 3.775757 9.439392
1209 1206 0.000341 0.007196 3.789062 9.472656
1210 1207 0.000257 0.007233 3.804321 9.510803
1211 1208 0.000442 0.006708 3.823364 9.558411
1212 1209 0.000220 0.008065 3.840332 9.600830
1213 1210 0.000401 0.010788 3.849976 9.624939
1214 1211 0.000380 0.015423 3.858154 9.645386
1215 1212 0.000252 0.005151 3.870483 9.676208
1216 1213 0.000251 0.006568 3.893066 9.732666
1217 1214 0.000279 0.004505 3.907959 9.769897
1218 1215 0.000598 0.009367 3.914429 9.786072
1219 1216 0.000484 0.005471 3.903687 9.759216
1220 1217 0.000434 0.006719 3.899902 9.749756
1221 1218 0.000752 0.011697 3.898193 9.745483
1222 1219 0.000216 0.008082 3.913696 9.784241
1223 1220 0.000176 0.004309 3.933960 9.834900
1224 1221 0.000175 0.003631 3.952881 9.882202
1225 1222 0.000174 0.006535 3.971191 9.927979
1226 1223 0.000212 0.007093 3.982056 9.955139
1227 1224 0.000122 0.007698 3.988159 9.970398
1228 1225 0.000000 0.007674 3.992065 9.980164
1229 1226 0.000172 0.003566 4.006714 10.016785
1230 1227 0.000171 0.010636 4.027588 10.068970
1231 1228 0.000295 0.011684 4.051758 10.129395
1232 1229 0.000240 0.017062 4.067505 10.168762
1233 1230 0.000548 0.019486 4.083618 10.209045
1234 1231 0.000169 0.019813 4.090210 10.225525
1235 1232 0.000358 0.015423 4.095581 10.238953
1236 1233 0.000705 0.014413 4.098877 10.247192
1237 1234 0.000119 0.010940 4.101929 10.254822
1238 1235 0.000266 0.002700 4.110229 10.275574
1239 1236 0.000205 0.002729 4.116089 10.290222
1240 1237 0.000118 0.005179 4.130127 10.325317
1241 1238 0.000167 0.008456 4.134766 10.336914
1242 1239 0.000118 0.008909 4.141846 10.354614
1243 1240 0.000166 0.009217 4.158813 10.397034
1244 1241 0.000117 0.009459 4.175171 10.437927
1245 1242 0.000202 0.016593 4.195923 10.489807
1246 1243 0.000284 0.019518 4.206299 10.515747
1247 1244 0.000258 0.012875 4.228760 10.571899
1248 1245 0.000230 0.012888 4.250610 10.626526
1249 1246 0.000323 0.013693 4.278442 10.696106
1250 1247 0.000227 0.023744 4.293945 10.734863
1251 1248 0.000227 0.015839 4.308594 10.771484
1252 1249 0.000113 0.019050 4.318237 10.795593
1253 1250 0.000226 0.019089 4.330078 10.825195
1254 1251 0.000113 0.021084 4.335571 10.838928
1255 1252 0.000195 0.019331 4.344604 10.861511
1256 1253 0.000336 0.024283 4.356567 10.891418
1257 1254 0.000460 0.029393 4.374634 10.936584
1258 1255 0.000369 0.036591 4.394165 10.985413
1259 1256 0.000248 0.029570 4.406372 11.015930
1260 1257 0.000221 0.032187 4.423828 11.059570
1261 1258 0.000313 0.026026 4.415039 11.037598
1262 1259 0.000366 0.026461 4.421021 11.052551
1263 1260 0.000221 0.022341 4.414795 11.036987
1264 1261 0.000110 0.017208 4.427856 11.069641
1265 1262 0.000270 0.017270 4.430420 11.076050
1266 1263 0.000156 0.014984 4.427612 11.069031
1267 1264 0.000191 0.020827 4.427979 11.069946
1268 1265 0.000000 0.017256 4.422241 11.055603
1269 1266 0.000191 0.015008 4.430542 11.076355
1270 1267 0.000349 0.013109 4.429932 11.074829
1271 1268 0.000000 0.012401 4.430176 11.075439
1272 1269 0.000000 0.015883 4.434082 11.085205
1273 1270 0.000312 0.017311 4.429810 11.074524
1274 1271 0.000000 0.017379 4.423584 11.058960
1275 1272 0.000111 0.014262 4.410278 11.025696
1276 1273 0.000192 0.013135 4.403687 11.009216
1277 1274 0.000384 0.009485 4.408203 11.020508
1278 1275 0.000332 0.010839 4.408081 11.020203
1279 1276 0.000192 0.005526 4.402954 11.007385
1280 1277 0.000192 0.009496 4.395508 10.988770
1281 1278 0.000272 0.009166 4.391479 10.978699
1282 1279 0.000272 0.013032 4.397461 10.993652
1283 1280 0.000111 0.011459 4.402954 11.007385
1284 1281 0.000314 0.013875 4.403687 11.009216
1285 1282 0.000111 0.010822 4.403687 11.009216
1286 1283 0.000157 0.011571 4.398926 10.997314
1287 1284 0.000333 0.006431 4.393433 10.983582
1288 1285 0.000223 0.005078 4.381714 10.954285
1289 1286 0.000446 0.005003 4.378174 10.945435
1290 1287 0.000316 0.004824 4.373657 10.934143
1291 1288 0.000223 0.007225 4.372925 10.932312
1292 1289 0.000371 0.007394 4.367432 10.918579
1293 1290 0.000316 0.006567 4.369263 10.923157
1294 1291 0.000158 0.009567 4.371948 10.929871
1295 1292 0.000316 0.013599 4.372314 10.930786
1296 1293 0.000193 0.010519 4.375977 10.939941
1297 1294 0.000274 0.009718 4.365601 10.914001
1298 1295 0.000404 0.009042 4.358765 10.896912
1299 1296 0.000275 0.012028 4.353394 10.883484
1300 1297 0.000388 0.012132 4.363159 10.907898
1301 1298 0.000371 0.012142 4.370728 10.926819
1302 1299 0.000275 0.013259 4.354736 10.886841
1303 1300 0.000159 0.010837 4.339233 10.848083
1304 1301 0.000339 0.012153 4.324341 10.810852
1305 1302 0.000276 0.011905 4.330444 10.826111
1306 1303 0.000225 0.010325 4.331787 10.829468
1307 1304 0.000113 0.009610 4.336548 10.841370
1308 1305 0.000356 0.016318 4.331421 10.828552
1309 1306 0.000159 0.009599 4.332275 10.830688
1310 1307 0.000226 0.012882 4.322144 10.805359
1311 1308 0.000277 0.011601 4.324341 10.810852
1312 1309 0.000113 0.010479 4.327271 10.818176
1313 1310 0.000159 0.006637 4.340332 10.850830
1314 1311 0.000000 0.003639 4.345093 10.862732
1315 1312 0.000318 0.004621 4.346680 10.866699
1316 1313 0.000224 0.005780 4.352539 10.881348
1317 1314 0.000000 0.007707 4.356445 10.891113
1318 1315 0.000274 0.007637 4.362183 10.905457
1319 1316 0.000194 0.009659 4.360596 10.901489
1320 1317 0.000000 0.003994 4.363892 10.909729
1321 1318 0.000296 0.005888 4.362671 10.906677
1322 1319 0.000158 0.004571 4.360107 10.900269
1323 1320 0.000000 0.005292 4.358765 10.896912
1324 1321 0.000000 0.002883 4.354370 10.885925
1325 1322 0.000158 0.006350 4.362183 10.905457
1326 1323 0.000158 0.005962 4.357300 10.893250
1327 1324 0.000000 0.006321 4.356445 10.891113
1328 1325 0.000112 0.004532 4.340820 10.852051
1329 1326 0.000112 0.006152 4.340576 10.851440
1330 1327 0.000225 0.006563 4.339600 10.848999
1331 1328 0.000159 0.004647 4.345337 10.863342
1332 1329 0.000194 0.003139 4.355225 10.888062
1333 1330 0.000158 0.002063 4.363892 10.909729
1334 1331 0.000193 0.010790 4.375366 10.938416
1335 1332 0.000000 0.010430 4.364136 10.910339
1336 1333 0.000194 0.016376 4.350586 10.876465
1337 1334 0.000159 0.013726 4.330078 10.825195
1338 1335 0.000226 0.012953 4.325562 10.813904
1339 1336 0.000000 0.018185 4.323730 10.809326
1340 1337 0.000299 0.018467 4.319824 10.799561
1341 1338 0.000227 0.020375 4.307129 10.767822
1342 1339 0.000114 0.018005 4.300049 10.750122
1343 1340 0.000455 0.016769 4.290649 10.726624
1344 1341 0.000377 0.013059 4.294678 10.736694
1345 1342 0.000254 0.008943 4.290771 10.726929
1346 1343 0.000161 0.005949 4.289551 10.723877
1347 1344 0.000197 0.004218 4.283447 10.708618
1348 1345 0.000161 0.006592 4.283936 10.709839
1349 1346 0.000228 0.010772 4.287598 10.718994
1350 1347 0.000161 0.010491 4.283203 10.708008
1351 1348 0.000161 0.007185 4.282715 10.706787
1352 1349 0.000255 0.009168 4.288574 10.721436
1353 1350 0.000279 0.010831 4.294434 10.736084
1354 1351 0.000377 0.012345 4.298218 10.745544
1355 1352 0.000557 0.012205 4.291382 10.728455
1356 1353 0.000470 0.012526 4.286011 10.715027
1357 1354 0.000379 0.008882 4.272705 10.681763
1358 1355 0.000648 0.007373 4.262329 10.655823
1359 1356 0.000257 0.003767 4.254517 10.636292
1360 1357 0.000473 0.004600 4.258057 10.645142
1361 1358 0.000550 0.003060 4.259399 10.648499
1362 1359 0.000162 0.004675 4.260864 10.652161
1363 1360 0.000344 0.004936 4.262695 10.656738
1364 1361 0.000302 0.004972 4.271240 10.678101
1365 1362 0.000378 0.006792 4.285522 10.713806
1366 1363 0.000197 0.010162 4.293701 10.734253
1367 1364 0.000000 0.006870 4.297241 10.743103
1368 1365 0.000591 0.008009 4.293335 10.733337
1369 1366 0.000469 0.012251 4.293701 10.734253
1370 1367 0.000161 0.012131 4.301025 10.752563
1371 1368 0.000359 0.009921 4.306152 10.765381
1372 1369 0.000376 0.009363 4.305542 10.763855
1373 1370 0.000197 0.011337 4.303711 10.759277
1374 1371 0.000197 0.011496 4.298096 10.745239
1375 1372 0.000227 0.009999 4.302124 10.755310
1376 1373 0.000376 0.011047 4.303101 10.757751
1377 1374 0.000253 0.008026 4.313843 10.784607
1378 1375 0.000253 0.010308 4.323364 10.808411
1379 1376 0.000225 0.008356 4.330933 10.827332
1380 1377 0.000159 0.003980 4.336792 10.841980
1381 1378 0.000159 0.004800 4.341309 10.853271
1382 1379 0.000159 0.008602 4.352539 10.881348
1383 1380 0.000418 0.005603 4.368286 10.920715
1384 1381 0.000158 0.007747 4.374146 10.935364
1385 1382 0.000112 0.011795 4.379150 10.947876
1386 1383 0.000193 0.015852 4.376221 10.940552
1387 1384 0.000315 0.014810 4.385010 10.962524
1388 1385 0.000315 0.015153 4.390137 10.975342
1389 1386 0.000222 0.009065 4.395142 10.987854
1390 1387 0.000157 0.008710 4.388550 10.971375
1391 1388 0.000295 0.005171 4.383423 10.958557
1392 1389 0.000111 0.007362 4.389526 10.973816
1393 1390 0.000111 0.006034 4.398682 10.996704
1394 1391 0.000271 0.006997 4.409790 11.024475
1395 1392 0.000221 0.010608 4.413086 11.032715
1396 1393 0.000192 0.006228 4.412964 11.032410
1397 1394 0.000156 0.004484 4.414795 11.036987
1398 1395 0.000111 0.004863 4.416748 11.041870
1399 1396 0.000110 0.002995 4.426147 11.065369
1400 1397 0.000110 0.005122 4.430298 11.075745
1401 1398 0.000220 0.001845 4.432739 11.081848
1402 1399 0.000110 0.004404 4.437256 11.093140
1403 1400 0.000269 0.002315 4.448975 11.122437
1404 1401 0.000109 0.008275 4.465454 11.163635
1405 1402 0.000154 0.012923 4.481079 11.202698
1406 1403 0.000154 0.009933 4.497192 11.242981
1407 1404 0.000188 0.010542 4.502808 11.257019
1408 1405 0.000153 0.004706 4.499023 11.247559
1409 1406 0.000243 0.006096 4.487915 11.219788
1410 1407 0.000154 0.007851 4.493896 11.234741
1411 1408 0.000000 0.012356 4.515381 11.288452
1412 1409 0.000216 0.010453 4.526733 11.316833
1413 1410 0.000286 0.005956 4.511963 11.279907
1414 1411 0.000308 0.003632 4.479492 11.198730
1415 1412 0.000328 0.004633 4.465698 11.164246
1416 1413 0.000154 0.004545 4.477173 11.192932
1417 1414 0.000154 0.002647 4.489136 11.222839
1418 1415 0.000243 0.001674 4.490356 11.225891
1419 1416 0.000154 0.002636 4.479614 11.199036
1420 1417 0.000000 0.000526 4.485840 11.214600
1421 1418 0.000000 0.006361 4.499634 11.249084
1422 1419 0.000000 0.011960 4.517944 11.294861
1423 1420 0.000153 0.014225 4.517334 11.293335
1424 1421 0.000000 0.011270 4.507690 11.269226
1425 1422 0.000000 0.006770 4.488159 11.220398
1426 1423 0.000218 0.004411 4.478027 11.195068
1427 1424 0.000154 0.007464 4.471069 11.177673
1428 1425 0.000189 0.009476 4.476196 11.190491
1429 1426 0.000154 0.010060 4.478760 11.196899
1430 1427 0.000000 0.011152 4.473755 11.184387
1431 1428 0.000000 0.013478 4.473145 11.182861
1432 1429 0.000268 0.013631 4.466675 11.166687
1433 1430 0.000000 0.011229 4.466919 11.167297
1434 1431 0.000000 0.009459 4.460571 11.151428
1435 1432 0.000219 0.009232 4.460571 11.151428
1436 1433 0.000155 0.008119 4.460205 11.150513
1437 1434 0.000109 0.008279 4.460083 11.150208
1438 1435 0.000268 0.005003 4.458374 11.145935
1439 1436 0.000155 0.004732 4.451782 11.129456
1440 1437 0.000220 0.002270 4.447754 11.119385
1441 1438 0.000329 0.006380 4.451660 11.129150
1442 1439 0.000268 0.005869 4.456787 11.141968
1443 1440 0.000347 0.002782 4.454468 11.136169
1444 1441 0.000363 0.007734 4.462769 11.156921
1445 1442 0.000154 0.006051 4.470947 11.177368
1446 1443 0.000109 0.013754 4.489746 11.224365
1447 1444 0.000344 0.010430 4.483032 11.207581
1448 1445 0.000360 0.022545 4.498291 11.245728
1449 1446 0.000109 0.019627 4.493408 11.233521
1450 1447 0.000242 0.028890 4.510254 11.275635
1451 1448 0.000243 0.025056 4.496948 11.242371
1452 1449 0.000154 0.029793 4.497803 11.244507
1453 1450 0.000218 0.023921 4.480835 11.202087
1454 1451 0.000109 0.019274 4.472290 11.180725
1455 1452 0.000219 0.012937 4.463257 11.158142
1456 1453 0.000000 0.009910 4.468872 11.172180
1457 1454 0.000244 0.015039 4.481323 11.203308
1458 1455 0.000109 0.011982 4.485352 11.213379
1459 1456 0.000109 0.015911 4.480469 11.201172
1460 1457 0.000219 0.013432 4.465210 11.163025
1461 1458 0.000329 0.017708 4.453735 11.134338
1462 1459 0.000000 0.009179 4.439575 11.098938
1463 1460 0.000270 0.010280 4.434204 11.085510
1464 1461 0.000156 0.016716 4.421021 11.052551
1465 1462 0.000350 0.016681 4.409668 11.024170
1466 1463 0.000248 0.016043 4.395874 10.989685
1467 1464 0.000192 0.014499 4.399902 10.999756
1468 1465 0.000156 0.023416 4.419189 11.047974
1469 1466 0.000247 0.026645 4.423828 11.059570
1470 1467 0.000221 0.029885 4.413330 11.033325
1471 1468 0.000448 0.028831 4.363159 10.907898
1472 1469 0.000160 0.022245 4.317261 10.793152
1473 1470 0.000280 0.015798 4.272705 10.681763
1474 1471 0.000199 0.011123 4.241699 10.604248
1475 1472 0.000116 0.010187 4.201538 10.503845
1476 1473 0.000372 0.006961 4.148438 10.371094
1477 1474 0.000207 0.006590 4.093628 10.234070
1478 1475 0.000171 0.008242 4.043091 10.107727
1479 1476 0.000122 0.004993 3.997437 9.993591
1480 1477 0.000304 0.002158 3.939575 9.848938
1481 1478 0.000281 0.004515 3.883545 9.708862
1482 1479 0.000127 0.001952 3.837280 9.593201
1483 1480 0.000183 0.006657 3.776978 9.442444
1484 1481 0.000228 0.008204 3.713379 9.283447
1485 1482 0.000000 0.012950 3.647949 9.119873
1486 1483 0.000192 0.004038 3.598877 8.997192
1487 1484 0.000479 0.001141 3.532593 8.831482
1488 1485 0.000318 0.005098 3.432251 8.580627
1489 1486 0.000207 0.009586 3.329102 8.322754
1490 1487 0.000302 0.013953 3.234619 8.086548
1491 1488 0.000310 0.016985 3.154175 7.885437
1492 1489 0.000391 0.019742 3.058228 7.645569
1493 1490 0.000331 0.025375 2.953003 7.382507
1494 1491 0.000298 0.025476 2.837891 7.094727
1495 1492 0.000356 0.018933 2.739380 6.848450
1496 1493 0.000262 0.009694 2.639160 6.597900
1497 1494 0.000192 0.006725 2.546997 6.367493
1498 1495 0.000345 0.009755 2.452637 6.131592
1499 1496 0.000505 0.004654 2.366577 5.916443
1500 1497 0.000427 0.010196 2.284546 5.711365
1501 1498 0.000443 0.012482 2.202881 5.507202
1502 1499 0.000922 0.019022 2.118652 5.296631
1503 1500 0.001074 0.018056 2.032593 5.081482
1504 1501 0.000794 0.017612 1.945801 4.864502
1505 1502 0.001010 0.013841 1.871704 4.679260
1506 1503 0.000966 0.017363 1.822021 4.555054
1507 1504 0.001092 0.029248 1.789062 4.472656
1508 1505 0.001537 0.032489 1.769043 4.422607
1509 1506 0.002262 0.041272 1.740601 4.351501
1510 1507 0.002010 0.035246 1.718018 4.295044
1511 1508 0.001691 0.032244 1.683472 4.208679
1512 1509 0.001251 0.031943 1.655518 4.138794
1513 1510 0.001344 0.023184 1.624634 4.061584
1514 1511 0.001396 0.035737 1.602783 4.006958
1515 1512 0.002988 0.070114 1.567383 3.918457
1516 1513 0.004827 0.093431 1.540771 3.851929
1517 1514 0.004577 0.085302 1.523682 3.809204
1518 1515 0.002081 0.047497 1.520874 3.802185
1519 1516 0.002080 0.056875 1.521362 3.803406
1520 1517 0.001326 0.048109 1.517944 3.794861
1521 1518 0.001979 0.058561 1.520996 3.802490
1522 1519 0.001234 0.046793 1.532715 3.831787
1523 1520 0.003124 0.057273 1.547485 3.868713
1524 1521 0.002727 0.050155 1.571167 3.927917
1525 1522 0.002259 0.049783 1.588623 3.971558
1526 1523 0.002183 0.042576 1.613159 4.032898
1527 1524 0.002254 0.046930 1.635620 4.089050
1528 1525 0.003909 0.060208 1.657104 4.142761
1529 1526 0.000873 0.065384 1.677246 4.193115
1530 1527 0.001217 0.064176 1.701782 4.254456
1531 1528 0.003359 0.074021 1.726318 4.315796
1532 1529 0.000278 0.042670 1.754883 4.387207
1533 1530 0.000773 0.062496 1.785645 4.464111
1534 1531 0.000466 0.050790 1.815552 4.538879
1535 1532 0.000698 0.040835 1.850342 4.625854
1536 1533 0.001193 0.033035 1.875732 4.689331
1537 1534 0.000919 0.028596 1.916626 4.791565
1538 1535 0.000937 0.027059 1.948853 4.872131
1539 1536 0.000983 0.026529 1.987793 4.969482
1540 1537 0.000641 0.024098 2.014160 5.035400
1541 1538 0.000584 0.023795 2.048584 5.121460
1542 1539 0.000704 0.029382 2.082031 5.205078
1543 1540 0.000831 0.031047 2.118896 5.297241
1544 1541 0.000907 0.030790 2.153198 5.382996
1545 1542 0.000708 0.033037 2.181885 5.454712
1546 1543 0.000493 0.033776 2.213135 5.532837
1547 1544 0.000000 0.026987 2.241211 5.603027
1548 1545 0.000429 0.026236 2.274536 5.686340
1549 1546 0.000213 0.026553 2.297119 5.742798
1550 1547 0.000000 0.027946 2.323486 5.808716
1551 1548 0.000294 0.026198 2.348877 5.872192
1552 1549 0.000502 0.040363 2.382080 5.955200
1553 1550 0.000452 0.043493 2.413086 6.032715
1554 1551 0.000346 0.046692 2.442017 6.105042
1555 1552 0.000484 0.029233 2.468628 6.171570
1556 1553 0.000338 0.032032 2.499146 6.247864
1557 1554 0.000386 0.028268 2.530396 6.325989
1558 1555 0.000000 0.030502 2.557983 6.394958
1559 1556 0.001020 0.025762 2.577637 6.444092
1560 1557 0.000463 0.031132 2.581909 6.454773
1561 1558 0.000502 0.039501 2.574829 6.437073
1562 1559 0.000469 0.044164 2.552124 6.380310
1563 1560 0.000386 0.045948 2.532471 6.331177
1564 1561 0.000275 0.036905 2.509766 6.274414
1565 1562 0.000392 0.033480 2.489380 6.223450
1566 1563 0.000198 0.021357 2.461670 6.154175
1567 1564 0.000201 0.023536 2.432617 6.081543
1568 1565 0.000288 0.023808 2.401367 6.003418
1569 1566 0.000505 0.019964 2.369141 5.922852
1570 1567 0.000209 0.024386 2.338745 5.846863
1571 1568 0.000298 0.023467 2.314087 5.785217
1572 1569 0.000601 0.026154 2.298218 5.745544
1573 1570 0.000642 0.021640 2.281250 5.703125
1574 1571 0.000750 0.022241 2.253784 5.634460
1575 1572 0.000440 0.016329 2.218506 5.546265
1576 1573 0.000386 0.023032 2.191162 5.477905
1577 1574 0.000000 0.023317 2.175293 5.438232
1578 1575 0.000319 0.022554 2.161987 5.404968
1579 1576 0.000719 0.013213 2.146484 5.366211
1580 1577 0.000860 0.011634 2.124268 5.310669
1581 1578 0.000802 0.023211 2.109985 5.274963
1582 1579 0.000984 0.026950 2.106323 5.265808
1583 1580 0.000326 0.038411 2.119019 5.297546
1584 1581 0.000457 0.025894 2.137085 5.342712
1585 1582 0.000717 0.025650 2.153076 5.382690
1586 1583 0.000554 0.024776 2.160156 5.400391
1587 1584 0.000844 0.028512 2.163574 5.408936
1588 1585 0.000226 0.035985 2.161377 5.403442
1589 1586 0.000391 0.015229 2.164551 5.411377
1590 1587 0.000389 0.013736 2.174927 5.437317
