10 7 0.000488 0.019488 0.748110 1.870275
11 8 0.000977 0.023020 0.784338 1.960845
12 9 0.002184 0.005837 0.814555 2.036388
13 10 0.001619 0.019058 0.843815 2.109539
14 11 0.001544 0.026280 0.879236 2.198091
15 12 0.000691 0.041868 0.918256 2.295639
16 13 0.001761 0.027963 0.956490 2.391224
17 14 0.001196 0.031124 0.997323 2.493307
18 15 0.002128 0.023714 1.045847 2.614619
19 16 0.002013 0.022004 1.096395 2.740988
20 17 0.002013 0.021474 1.154919 2.887297
21 18 0.001092 0.018657 1.215328 3.038319
22 19 0.001092 0.028635 1.280975 3.202438
23 20 0.001092 0.026511 1.348954 3.372384
24 21 0.001381 0.027051 1.416733 3.541832
25 22 0.000691 0.021521 1.484954 3.712386
26 23 0.001196 0.028127 1.554348 3.885869
27 24 0.001953 0.028232 1.629012 4.072530
28 25 0.002184 0.022176 1.705907 4.264769
29 26 0.001619 0.038858 1.785845 4.464612
30 27 0.000977 0.032962 1.863048 4.657619
31 28 0.001196 0.052300 1.940341 4.850852
32 29 0.000846 0.028946 2.014524 5.036309
33 30 0.000488 0.038681 2.084254 5.210636
34 31 0.000691 0.017293 2.151559 5.378897
35 32 0.000977 0.040392 2.211932 5.529830
36 33 0.000000 0.034623 2.269549 5.673873
37 34 0.000691 0.040339 2.322719 5.806797
38 35 0.000691 0.044499 2.365188 5.912969
39 36 0.000488 0.043901 2.396770 5.991926
40 37 0.001092 0.037323 2.414608 6.036520
41 38 0.001292 0.032842 2.425280 6.063199
42 39 0.000977 0.035351 2.436090 6.090226
43 40 0.000691 0.038961 2.446493 6.116233
44 41 0.000977 0.022497 2.458956 6.147389
45 42 0.001544 0.023193 2.470655 6.176639
46 43 0.002184 0.018642 2.479677 6.199193
47 44 0.000977 0.024272 2.492590 6.231475
48 45 0.001196 0.031719 2.501877 6.254692
49 46 0.000488 0.034527 2.511517 6.278791
50 47 0.000488 0.039473 2.517031 6.292577
51 48 0.001619 0.032494 2.521343 6.303358
52 49 0.000691 0.026059 2.525215 6.313038
53 50 0.000846 0.019104 2.528397 6.320992
54 51 0.001761 0.028026 2.528296 6.320739
55 52 0.000488 0.012608 2.530201 6.325502
56 53 0.000000 0.006066 2.537531 6.343827
57 54 0.001827 0.012171 2.540705 6.351762
58 55 0.001619 0.011122 2.531721 6.329303
59 56 0.001953 0.012961 2.510227 6.275568
60 57 0.001691 0.006723 2.491745 6.229362
61 58 0.002013 0.012347 2.489162 6.222906
62 59 0.000977 0.016497 2.492767 6.231918
63 60 0.000000 0.010105 2.501030 6.252575
64 61 0.000488 0.005639 2.502525 6.256313
65 62 0.001827 0.011313 2.497971 6.244926
66 63 0.001953 0.013795 2.486122 6.215305
67 64 0.001761 0.016396 2.463753 6.159382
68 65 0.003997 0.018694 2.438816 6.097040
69 66 0.001544 0.012908 2.416885 6.042213
70 67 0.001381 0.024304 2.408279 6.020699
71 68 0.000691 0.022825 2.408630 6.021576
72 69 0.000691 0.024234 2.418312 6.045780
73 70 0.001827 0.019780 2.437645 6.094112
74 71 0.000488 0.019767 2.471893 6.179733
75 72 0.001544 0.029547 2.519768 6.299419
76 73 0.000977 0.010376 2.573242 6.433105
77 74 0.001196 0.022351 2.626335 6.565838
78 75 0.000488 0.031963 2.676777 6.691942
79 76 0.000691 0.035597 2.725349 6.813374
80 77 0.000000 0.024967 2.776138 6.940346
81 78 0.000488 0.027323 2.828754 7.071886
82 79 0.000488 0.033451 2.880550 7.201376
83 80 0.001544 0.028034 2.928345 7.320862
84 81 0.000977 0.029718 2.968357 7.420893
85 82 0.001092 0.028166 3.008991 7.522478
86 83 0.000691 0.025380 3.047451 7.618628
87 84 0.000691 0.021980 3.081024 7.702560
88 85 0.000488 0.030014 3.104992 7.762480
89 86 0.001465 0.032140 3.114788 7.786970
90 87 0.000846 0.032074 3.116932 7.792330
91 88 0.000000 0.029391 3.110516 7.776289
92 89 0.000488 0.026973 3.106216 7.765541
93 90 0.000691 0.034202 3.101116 7.752790
94 91 0.000691 0.025776 3.093365 7.733412
95 92 0.000977 0.027032 3.084496 7.711239
96 93 0.000691 0.025527 3.076134 7.690334
97 94 0.000000 0.024175 3.064407 7.661018
98 95 0.000691 0.024886 3.050400 7.625999
99 96 0.000000 0.028014 3.032974 7.582436
100 97 0.000000 0.031539 3.025146 7.562866
101 98 0.000000 0.027927 3.016609 7.541523
102 99 0.000977 0.031887 3.006279 7.515697
103 100 0.001544 0.041426 2.987061 7.467651
104 101 0.000977 0.055996 2.966446 7.416115
105 102 0.001092 0.057448 2.952316 7.380791
106 103 0.000846 0.027929 2.940384 7.350960
107 104 0.000977 0.021874 2.932175 7.330437
108 105 0.001465 0.025667 2.929520 7.323799
109 106 0.001381 0.027237 2.929176 7.322941
110 107 0.002290 0.027936 2.923943 7.309856
111 108 0.000000 0.015617 2.897896 7.244740
112 109 0.000977 0.020129 2.870483 7.176208
113 110 0.003521 0.028227 2.852852 7.132130
114 111 0.001196 0.035493 2.852020 7.130051
115 112 0.001292 0.042102 2.854141 7.135353
116 113 0.002072 0.033278 2.852112 7.130280
117 114 0.002290 0.025164 2.849396 7.123489
118 115 0.001092 0.030004 2.839882 7.099705
119 116 0.000691 0.029813 2.831268 7.078171
120 117 0.002290 0.041188 2.819839 7.049599
121 118 0.001619 0.012364 2.812752 7.031879
122 119 0.000977 0.019171 2.802750 7.006874
123 120 0.001381 0.029098 2.796509 6.991272
124 121 0.001465 0.038391 2.796783 6.991959
125 122 0.000977 0.007036 2.794418 6.986046
126 123 0.001827 0.011616 2.793495 6.983738
127 124 0.001761 0.010233 2.788635 6.971588
128 125 0.000691 0.013230 2.783195 6.957989
129 126 0.000977 0.020664 2.779366 6.948414
130 127 0.001544 0.011304 2.770248 6.925621
131 128 0.002013 0.029645 2.763908 6.909771
132 129 0.001761 0.038586 2.745293 6.863232
133 130 0.001544 0.037329 2.735512 6.838779
134 131 0.002762 0.029892 2.735954 6.839886
135 132 0.001691 0.016210 2.744324 6.860809
136 133 0.000977 0.009276 2.741951 6.854877
137 134 0.001465 0.014831 2.726791 6.816978
138 135 0.001761 0.014415 2.712494 6.781235
139 136 0.001827 0.016725 2.709526 6.773815
140 137 0.001381 0.027458 2.714043 6.785107
141 138 0.000691 0.020646 2.714561 6.786404
142 139 0.001196 0.014751 2.715790 6.789474
143 140 0.001619 0.018068 2.718765 6.796913
144 141 0.001092 0.023564 2.718971 6.797428
145 142 0.001196 0.013844 2.712151 6.780376
146 143 0.000488 0.022668 2.699608 6.749020
147 144 0.002290 0.023704 2.689224 6.723061
148 145 0.000488 0.023141 2.684448 6.711121
149 146 0.001092 0.017978 2.685944 6.714859
150 147 0.001691 0.020411 2.695091 6.737728
151 148 0.000691 0.020094 2.702950 6.757374
152 149 0.000977 0.026375 2.698410 6.746025
153 150 0.000691 0.022135 2.691711 6.729279
154 151 0.001196 0.024373 2.684319 6.710796
155 152 0.000691 0.025646 2.689880 6.724701
156 153 0.001196 0.025938 2.692276 6.730690
157 154 0.001196 0.026222 2.693275 6.733189
158 155 0.000000 0.027810 2.689835 6.724586
159 156 0.001381 0.026452 2.687943 6.719856
160 157 0.001381 0.024528 2.688080 6.720200
161 158 0.000977 0.017752 2.688568 6.721420
162 159 0.001092 0.014616 2.688377 6.720943
163 160 0.001196 0.019381 2.684387 6.710968
164 161 0.001465 0.028128 2.686813 6.717033
165 162 0.001292 0.026341 2.687592 6.718979
166 163 0.001292 0.029823 2.687805 6.719513
167 164 0.001196 0.019082 2.681137 6.702843
168 165 0.001381 0.019020 2.672562 6.681404
169 166 0.000846 0.024669 2.670227 6.675568
170 167 0.000691 0.020730 2.667831 6.669579
171 168 0.000846 0.019063 2.668823 6.672058
172 169 0.001092 0.016122 2.672028 6.680069
173 170 0.000691 0.014768 2.666702 6.666756
174 171 0.000846 0.012683 2.651886 6.629715
175 172 0.000691 0.028706 2.630005 6.575012
176 173 0.001465 0.016601 2.618927 6.547318
177 174 0.001196 0.024480 2.618225 6.545563
178 175 0.001761 0.044606 2.616135 6.540337
179 176 0.000977 0.018938 2.605270 6.513176
180 177 0.001381 0.016527 2.590500 6.476250
181 178 0.001381 0.018829 2.573456 6.433640
182 179 0.003487 0.024131 2.561005 6.402512
183 180 0.002342 0.023315 2.548019 6.370049
184 181 0.000846 0.022423 2.532333 6.330833
185 182 0.001544 0.015517 2.524307 6.310768
186 183 0.001827 0.014669 2.511932 6.279831
187 184 0.001381 0.013111 2.512650 6.281624
188 185 0.000691 0.014462 2.494583 6.236458
189 186 0.000691 0.016036 2.476959 6.192398
190 187 0.000977 0.016461 2.450134 6.125336
191 188 0.001381 0.015682 2.434738 6.086845
192 189 0.000691 0.020750 2.430161 6.075401
193 190 0.000691 0.026575 2.424622 6.061554
194 191 0.001196 0.024605 2.412445 6.031113
195 192 0.000977 0.020946 2.395691 5.989227
196 193 0.001544 0.017684 2.383606 5.959015
197 194 0.001092 0.011847 2.369247 5.923119
198 195 0.000977 0.009039 2.349976 5.874939
199 196 0.000691 0.013885 2.321320 5.803299
200 197 0.000846 0.016224 2.300842 5.752106
201 198 0.002013 0.020460 2.294449 5.736122
202 199 0.000846 0.019833 2.301361 5.753403
203 200 0.000691 0.018288 2.303009 5.757523
204 201 0.001827 0.023970 2.284515 5.711288
205 202 0.001196 0.026112 2.257721 5.644302
206 203 0.001196 0.037299 2.244080 5.610199
207 204 0.002490 0.031009 2.253723 5.634308
208 205 0.001292 0.028999 2.266479 5.666199
209 206 0.001196 0.023522 2.273239 5.683098
210 207 0.001827 0.029468 2.263504 5.658760
211 208 0.002013 0.026899 2.253143 5.632858
212 209 0.001619 0.037742 2.250702 5.626755
213 210 0.000977 0.036242 2.249557 5.623894
214 211 0.001196 0.040109 2.250656 5.626640
215 212 0.000691 0.034972 2.243546 5.608864
216 213 0.000488 0.034421 2.230652 5.576630
217 214 0.000488 0.032386 2.215118 5.537796
218 215 0.000691 0.027874 2.196838 5.492096
219 216 0.000691 0.027044 2.183258 5.458145
220 217 0.002184 0.031596 2.166840 5.417099
221 218 0.000977 0.033083 2.159439 5.398598
222 219 0.001381 0.033509 2.155731 5.389328
223 220 0.000691 0.030330 2.149933 5.374832
224 221 0.001196 0.026935 2.130295 5.325737
225 222 0.001196 0.024103 2.109222 5.273056
226 223 0.000977 0.025970 2.092087 5.230217
227 224 0.000000 0.025575 2.078583 5.196457
228 225 0.000691 0.025741 2.067245 5.168114
229 226 0.000000 0.018065 2.054993 5.137482
230 227 0.000000 0.026138 2.042145 5.105362
231 228 0.000846 0.023274 2.023956 5.059891
232 229 0.000691 0.022742 1.999893 4.999733
233 230 0.001381 0.020073 1.980606 4.951515
234 231 0.001196 0.018631 1.951614 4.879036
235 232 0.002128 0.017038 1.936203 4.840508
236 233 0.001292 0.008834 1.916336 4.790840
237 234 0.001092 0.004027 1.913712 4.784279
238 235 0.001381 0.009258 1.902985 4.757462
239 236 0.001196 0.009076 1.888931 4.722328
240 237 0.001465 0.006907 1.867050 4.667625
241 238 0.000488 0.020647 1.843567 4.608917
242 239 0.000691 0.018479 1.832092 4.580231
243 240 0.002441 0.009774 1.833237 4.583092
244 241 0.001827 0.004370 1.854568 4.636421
245 242 0.001827 0.015289 1.875687 4.689217
246 243 0.002072 0.011277 1.892151 4.730377
247 244 0.001381 0.013576 1.885666 4.714165
248 245 0.001691 0.015292 1.873611 4.684029
249 246 0.001092 0.015891 1.862015 4.655037
250 247 0.001196 0.021101 1.864487 4.661217
251 248 0.001092 0.023096 1.873245 4.683113
252 249 0.001196 0.009170 1.892456 4.731140
253 250 0.001196 0.008969 1.910431 4.776077
254 251 0.000000 0.020614 1.928467 4.821167
255 252 0.000691 0.019787 1.937119 4.842796
256 253 0.000488 0.023120 1.941071 4.852676
257 254 0.000846 0.026804 1.941772 4.854431
258 255 0.001092 0.029748 1.942322 4.855804
259 256 0.000488 0.015682 1.951492 4.878731
260 257 0.001381 0.027593 1.971664 4.929161
261 258 0.000977 0.037882 1.999207 4.998016
262 259 0.000488 0.039511 2.017685 5.044212
263 260 0.001544 0.038849 2.024994 5.062485
264 261 0.001381 0.025307 2.035889 5.089722
265 262 0.000691 0.019076 2.051178 5.127945
266 263 0.001544 0.018725 2.081711 5.204277
267 264 0.001292 0.027310 2.109131 5.272827
268 265 0.001196 0.017997 2.129166 5.322914
269 266 0.000977 0.012478 2.144043 5.360107
270 267 0.000691 0.012898 2.160172 5.400429
271 268 0.000488 0.021950 2.196396 5.490990
272 269 0.000846 0.032172 2.224350 5.560875
273 270 0.000691 0.032684 2.244583 5.611458
274 271 0.001292 0.020672 2.249710 5.624275
275 272 0.000846 0.018912 2.255081 5.637703
276 273 0.000691 0.014867 2.255814 5.639534
277 274 0.001544 0.014595 2.252304 5.630760
278 275 0.000691 0.016348 2.246918 5.617294
279 276 0.000977 0.016560 2.239380 5.598450
280 277 0.001292 0.011259 2.237396 5.593491
281 278 0.001544 0.018411 2.239899 5.599747
282 279 0.001891 0.027142 2.243576 5.608940
283 280 0.002013 0.029302 2.246078 5.615196
284 281 0.000846 0.021583 2.243912 5.609779
285 282 0.001691 0.010682 2.239777 5.599442
286 283 0.001196 0.010244 2.237045 5.592613
287 284 0.002441 0.013822 2.227402 5.568504
288 285 0.000977 0.014044 2.226807 5.567017
289 286 0.001381 0.024306 2.225037 5.562592
290 287 0.001292 0.034086 2.234558 5.586395
291 288 0.000977 0.027635 2.238892 5.597229
292 289 0.000977 0.013745 2.237778 5.594444
293 290 0.002128 0.010045 2.234055 5.585136
294 291 0.000977 0.006750 2.230377 5.575943
295 292 0.001465 0.016471 2.240448 5.601120
296 293 0.000846 0.015282 2.245300 5.613251
297 294 0.001092 0.032628 2.256348 5.640869
298 295 0.000977 0.018708 2.263443 5.658607
299 296 0.001381 0.031900 2.275497 5.688744
300 297 0.000846 0.027772 2.283905 5.709763
301 298 0.000846 0.029600 2.290939 5.727348
302 299 0.001381 0.034681 2.304718 5.761795
303 300 0.001092 0.036574 2.317627 5.794067
304 301 0.001092 0.028884 2.335175 5.837936
305 302 0.000488 0.008051 2.342514 5.856285
306 303 0.000691 0.009826 2.352768 5.881920
307 304 0.001465 0.040934 2.356537 5.891342
308 305 0.001465 0.048542 2.363419 5.908546
309 306 0.000488 0.060845 2.368881 5.922203
310 307 0.001761 0.028928 2.378174 5.945435
311 308 0.001761 0.035976 2.383408 5.958519
312 309 0.001544 0.033434 2.391754 5.979385
313 310 0.000691 0.041964 2.396240 5.990601
314 311 0.001092 0.038995 2.401611 6.004028
315 312 0.000977 0.025036 2.395767 5.989418
316 313 0.001196 0.013498 2.383209 5.958023
317 314 0.001381 0.015865 2.374115 5.935287
318 315 0.001619 0.027711 2.375153 5.937881
319 316 0.000000 0.035135 2.377151 5.942879
320 317 0.002072 0.049227 2.366516 5.916290
321 318 0.001544 0.044217 2.351013 5.877533
322 319 0.000691 0.040509 2.344498 5.861244
323 320 0.001381 0.030980 2.359100 5.897751
324 321 0.001092 0.026486 2.379593 5.948982
325 322 0.000977 0.020417 2.398834 5.997086
326 323 0.000691 0.014344 2.408798 6.021996
327 324 0.001544 0.003987 2.409088 6.022720
328 325 0.002184 0.004133 2.395554 5.988884
329 326 0.000846 0.014790 2.382050 5.955124
330 327 0.001196 0.015626 2.374054 5.935135
331 328 0.000691 0.015726 2.377045 5.942612
332 329 0.000000 0.014965 2.377945 5.944862
333 330 0.000977 0.012191 2.383423 5.958557
334 331 0.000846 0.010028 2.395386 5.988464
335 332 0.000691 0.012468 2.410278 6.025696
336 333 0.000691 0.016700 2.422974 6.057434
337 334 0.001092 0.023881 2.429840 6.074600
338 335 0.000691 0.022564 2.440521 6.101303
339 336 0.001292 0.017932 2.441742 6.104355
340 337 0.001891 0.005819 2.428467 6.071167
341 338 0.002889 0.006001 2.409088 6.022720
342 339 0.001691 0.009403 2.392944 5.982361
343 340 0.001953 0.014657 2.405640 6.014099
344 341 0.001691 0.011897 2.424164 6.060410
345 342 0.001619 0.019532 2.440002 6.100006
346 343 0.000846 0.018014 2.439850 6.099625
347 344 0.001691 0.013443 2.440887 6.102219
348 345 0.002072 0.018599 2.450439 6.126099
349 346 0.000846 0.015087 2.456360 6.140900
350 347 0.001292 0.027308 2.455109 6.137772
351 348 0.001891 0.019375 2.447876 6.119690
352 349 0.001691 0.019645 2.444244 6.110611
353 350 0.001196 0.021606 2.444550 6.111374
354 351 0.001196 0.036636 2.448212 6.120529
355 352 0.001196 0.036063 2.454163 6.135406
356 353 0.001381 0.040262 2.454712 6.136780
357 354 0.001381 0.032198 2.451752 6.129379
358 355 0.001761 0.044707 2.446350 6.115875
359 356 0.000488 0.042880 2.440155 6.100388
360 357 0.000691 0.043630 2.442230 6.105576
361 358 0.000488 0.035591 2.446167 6.115417
362 359 0.000691 0.029570 2.454590 6.136475
363 360 0.000846 0.033917 2.452515 6.131287
364 361 0.000977 0.036812 2.456238 6.140594
365 362 0.001827 0.032921 2.461975 6.154938
366 363 0.002013 0.023885 2.470673 6.176682
367 364 0.001381 0.030552 2.470123 6.175308
368 365 0.000977 0.033385 2.461029 6.152573
369 366 0.001465 0.026110 2.453125 6.132812
370 367 0.000846 0.024397 2.451935 6.129837
371 368 0.001544 0.022009 2.454193 6.135483
372 369 0.001465 0.022518 2.453430 6.133575
373 370 0.001465 0.018351 2.445312 6.113281
374 371 0.002392 0.032455 2.439362 6.098404
375 372 0.001196 0.032060 2.444641 6.111603
376 373 0.000488 0.041568 2.448975 6.122437
377 374 0.001381 0.041495 2.452759 6.131897
378 375 0.000846 0.043500 2.445038 6.112595
379 376 0.000977 0.031234 2.440186 6.100464
380 377 0.000000 0.020702 2.442780 6.106949
381 378 0.000846 0.019200 2.448700 6.121750
382 379 0.000977 0.032671 2.461975 6.154938
383 380 0.001196 0.039316 2.469635 6.174088
384 381 0.001381 0.040598 2.480438 6.201096
385 382 0.001465 0.032047 2.479248 6.198120
386 383 0.001691 0.031211 2.472717 6.181793
387 384 0.000691 0.034028 2.459259 6.148148
388 385 0.000488 0.039916 2.459503 6.148758
389 386 0.001196 0.053568 2.472900 6.182251
390 387 0.000846 0.049420 2.500153 6.250381
391 388 0.001292 0.042640 2.517822 6.294556
392 389 0.001544 0.029392 2.533569 6.333923
393 390 0.000977 0.033045 2.545258 6.363144
394 391 0.001761 0.022613 2.561920 6.404800
395 392 0.001092 0.023657 2.573730 6.434326
396 393 0.001827 0.014099 2.584167 6.460419
397 394 0.001196 0.010575 2.595398 6.488495
398 395 0.001196 0.011672 2.598938 6.497345
399 396 0.000977 0.016907 2.604767 6.511917
400 397 0.000977 0.018882 2.606018 6.515045
401 398 0.000846 0.026333 2.620270 6.550674
402 399 0.000691 0.026198 2.636047 6.590118
403 400 0.001196 0.025102 2.657654 6.644135
404 401 0.001092 0.021065 2.680603 6.701508
405 402 0.001196 0.028243 2.703278 6.758194
406 403 0.001691 0.033391 2.717590 6.793976
407 404 0.002013 0.017495 2.718506 6.796265
408 405 0.000846 0.004854 2.705261 6.763153
409 406 0.000846 0.024191 2.688629 6.721573
410 407 0.000977 0.033841 2.678711 6.696777
411 408 0.000691 0.055907 2.678497 6.696243
412 409 0.001092 0.035994 2.694275 6.735687
413 410 0.002184 0.049237 2.720184 6.800461
414 411 0.000691 0.056952 2.748962 6.872406
415 412 0.000977 0.080208 2.769287 6.923218
416 413 0.001196 0.055615 2.776154 6.940384
417 414 0.002537 0.110119 2.836121 7.090302
418 415 0.000977 0.211918 2.918488 7.296219
419 416 0.000000 0.346226 3.003326 7.508316
420 417 0.001381 0.320190 3.005341 7.513351
421 418 0.000691 0.277875 2.977661 7.444153
422 419 0.001381 0.216676 2.949097 7.372742
423 420 0.001544 0.203912 2.942047 7.355118
424 421 0.001827 0.192824 2.947113 7.367783
425 422 0.002072 0.164468 2.950043 7.375107
426 423 0.001092 0.161030 2.952454 7.381134
427 424 0.000691 0.113863 2.930725 7.326813
428 425 0.000691 0.098661 2.922089 7.305222
429 426 0.000977 0.080789 2.908936 7.272339
430 427 0.001691 0.084987 2.918640 7.296600
431 428 0.000691 0.084328 2.907532 7.268829
432 429 0.001691 0.072943 2.907806 7.269516
433 430 0.000977 0.063238 2.896942 7.242355
434 431 0.001619 0.051645 2.894073 7.235184
435 432 0.001465 0.043207 2.885773 7.214432
436 433 0.000846 0.043872 2.874115 7.185287
437 434 0.000488 0.048784 2.869598 7.173996
438 435 0.001465 0.044627 2.860199 7.150497
439 436 0.000691 0.050697 2.860840 7.152100
440 437 0.002290 0.037957 2.848541 7.121353
441 438 0.001953 0.047929 2.845184 7.112961
442 439 0.000977 0.038454 2.844147 7.110367
443 440 0.001292 0.043253 2.848755 7.121887
444 441 0.001827 0.036587 2.848755 7.121887
445 442 0.001953 0.035791 2.846527 7.116318
446 443 0.001381 0.028131 2.837860 7.094650
447 444 0.001196 0.044184 2.830750 7.076874
448 445 0.001465 0.028202 2.816406 7.041016
449 446 0.002674 0.033486 2.815216 7.038040
450 447 0.000000 0.017141 2.819885 7.049713
451 448 0.000977 0.028747 2.835968 7.089920
452 449 0.001544 0.026775 2.850403 7.126007
453 450 0.000977 0.027322 2.856445 7.141113
454 451 0.001092 0.030865 2.857147 7.142868
455 452 0.000846 0.021050 2.855133 7.137833
456 453 0.000691 0.026161 2.861816 7.154541
457 454 0.001196 0.025474 2.874054 7.185135
458 455 0.000691 0.012701 2.887238 7.218094
459 456 0.001196 0.063015 2.898376 7.245941
460 457 0.000846 0.050946 2.913696 7.284241
461 458 0.001381 0.056023 2.928284 7.320709
462 459 0.002072 0.024962 2.929352 7.323380
463 460 0.000488 0.018138 2.920135 7.300339
464 461 0.000846 0.019221 2.913605 7.284012
465 462 0.002238 0.024538 2.924927 7.312317
466 463 0.000691 0.028603 2.944092 7.360229
467 464 0.001381 0.025398 2.959900 7.399750
468 465 0.001544 0.024214 2.971313 7.428284
469 466 0.001196 0.023099 2.978180 7.445450
470 467 0.002184 0.022270 2.989014 7.472534
471 468 0.000691 0.019517 2.994781 7.486954
472 469 0.000846 0.021251 3.002991 7.507477
473 470 0.001544 0.028803 3.008453 7.521133
474 471 0.000691 0.031441 3.018951 7.547379
475 472 0.000000 0.016405 3.023987 7.559967
476 473 0.001544 0.021543 3.035095 7.587738
477 474 0.000000 0.024605 3.038940 7.597351
478 475 0.000000 0.021454 3.044189 7.610474
479 476 0.001381 0.019722 3.042725 7.606812
480 477 0.000488 0.020054 3.039093 7.597733
481 478 0.000691 0.017557 3.035004 7.587509
482 479 0.000488 0.024261 3.030975 7.577438
483 480 0.001619 0.022706 3.038239 7.595596
484 481 0.000691 0.017465 3.047913 7.619781
485 482 0.001465 0.016572 3.057007 7.642517
486 483 0.001761 0.020670 3.052185 7.630463
487 484 0.001381 0.025040 3.039093 7.597733
488 485 0.001092 0.025469 3.025635 7.564087
489 486 0.001292 0.034098 3.022278 7.555695
490 487 0.001092 0.040178 3.033936 7.584839
491 488 0.000691 0.043775 3.043060 7.607651
492 489 0.000000 0.039595 3.050568 7.626419
493 490 0.000846 0.036446 3.049927 7.624817
494 491 0.000000 0.035346 3.045532 7.613831
495 492 0.000691 0.036976 3.042908 7.607269
496 493 0.000846 0.037260 3.034760 7.586899
497 494 0.001092 0.038196 3.038849 7.597122
498 495 0.000846 0.035584 3.041962 7.604904
499 496 0.000846 0.038713 3.045197 7.612991
500 497 0.000977 0.040625 3.043335 7.608337
501 498 0.001761 0.045524 3.038177 7.595444
502 499 0.001544 0.050299 3.039734 7.599335
503 500 0.000977 0.042885 3.040070 7.600174
504 501 0.000488 0.043091 3.040436 7.601089
505 502 0.000488 0.028222 3.036163 7.590408
506 503 0.001196 0.024212 3.028900 7.572250
507 504 0.001196 0.016394 3.018860 7.547150
508 505 0.000977 0.020727 3.008728 7.521820
509 506 0.001381 0.016501 2.997314 7.493286
510 507 0.002490 0.025918 2.987335 7.468338
511 508 0.001953 0.033912 2.970245 7.425613
512 509 0.001953 0.031780 2.947144 7.367859
513 510 0.000488 0.015289 2.916931 7.292328
514 511 0.001381 0.019062 2.884705 7.211761
515 512 0.002719 0.021347 2.849548 7.123871
516 513 0.001761 0.019498 2.812531 7.031326
517 514 0.000977 0.021758 2.774933 6.937332
518 515 0.000000 0.020706 2.732117 6.830292
519 516 0.001292 0.013648 2.685333 6.713333
520 517 0.001381 0.026945 2.631531 6.578827
521 518 0.001381 0.023011 2.578461 6.446152
522 519 0.000488 0.020859 2.524200 6.310501
523 520 0.000691 0.031721 2.471832 6.179581
524 521 0.001691 0.022675 2.424835 6.062088
525 522 0.001619 0.029971 2.384857 5.962143
526 523 0.000846 0.033867 2.349731 5.874329
527 524 0.000691 0.041544 2.314392 5.785980
528 525 0.000846 0.037382 2.276672 5.691681
529 526 0.000691 0.038607 2.242432 5.606079
530 527 0.000000 0.036825 2.207092 5.517731
531 528 0.000691 0.038393 2.169495 5.423737
532 529 0.001196 0.031837 2.133453 5.333633
533 530 0.000846 0.035340 2.109375 5.273438
534 531 0.001196 0.040701 2.103363 5.258408
535 532 0.002184 0.051823 2.116699 5.291748
536 533 0.001292 0.046645 2.136810 5.342026
537 534 0.000691 0.063173 2.159210 5.398026
538 535 0.001953 0.055831 2.175323 5.438309
539 536 0.002184 0.046248 2.183990 5.459976
540 537 0.001544 0.029135 2.191895 5.479736
541 538 0.002072 0.029822 2.193726 5.484314
542 539 0.001544 0.029470 2.202820 5.507050
543 540 0.000977 0.019685 2.217316 5.543289
544 541 0.002184 0.017557 2.241058 5.602646
545 542 0.001891 0.021295 2.279785 5.699463
546 543 0.002290 0.024428 2.320099 5.800247
547 544 0.001761 0.020168 2.352966 5.882416
548 545 0.003049 0.019720 2.364136 5.910339
549 546 0.002719 0.025203 2.366730 5.916824
550 547 0.001381 0.018898 2.371246 5.928116
551 548 0.002674 0.019019 2.389160 5.972900
552 549 0.000488 0.014152 2.404968 6.012421
553 550 0.002184 0.021908 2.420288 6.050720
554 551 0.002128 0.012252 2.414490 6.036224
555 552 0.001691 0.027161 2.400543 6.001358
556 553 0.000691 0.013362 2.380981 5.952454
557 554 0.000691 0.011609 2.366364 5.915909
558 555 0.000691 0.022434 2.351318 5.878296
559 556 0.001691 0.010056 2.332977 5.832443
560 557 0.000000 0.007241 2.307892 5.769730
561 558 0.001761 0.021610 2.286011 5.715027
562 559 0.001953 0.025807 2.258789 5.646973
563 560 0.002441 0.020740 2.228424 5.571060
564 561 0.000846 0.014487 2.193695 5.484238
565 562 0.001891 0.017413 2.164581 5.411453
566 563 0.000000 0.030686 2.143768 5.359421
567 564 0.000691 0.035915 2.141754 5.354385
568 565 0.001544 0.029176 2.130524 5.326309
569 566 0.001196 0.029060 2.133087 5.332718
570 567 0.000977 0.019738 2.129791 5.324478
571 568 0.000000 0.024968 2.134827 5.337067
572 569 0.000488 0.028298 2.154541 5.386353
573 570 0.001196 0.033226 2.167847 5.419617
574 571 0.002342 0.023951 2.208374 5.520935
575 572 0.001953 0.026298 2.233154 5.582886
576 573 0.000846 0.017382 2.258453 5.646133
577 574 0.001292 0.016479 2.270569 5.676422
578 575 0.001691 0.018895 2.278564 5.696411
579 576 0.000846 0.028578 2.293030 5.732574
580 577 0.000846 0.028924 2.306213 5.765533
581 578 0.001381 0.032865 2.310455 5.776138
582 579 0.002290 0.026997 2.300140 5.750351
583 580 0.001544 0.026172 2.279633 5.699081
584 581 0.001092 0.026889 2.267487 5.668716
585 582 0.003164 0.025081 2.288879 5.722198
586 583 0.003049 0.026085 2.328857 5.822144
587 584 0.002184 0.018687 2.361084 5.902710
588 585 0.004475 0.024976 2.348206 5.870514
589 586 0.002490 0.030201 2.296478 5.741196
590 587 0.002441 0.035829 2.260895 5.652237
591 588 0.005503 0.036597 2.260132 5.650330
592 589 0.001827 0.029628 2.288086 5.720215
593 590 0.002290 0.048474 2.289612 5.724030
594 591 0.004683 0.016826 2.255829 5.639572
595 592 0.001544 0.020800 2.202393 5.505981
596 593 0.000846 0.023134 2.162048 5.405121
597 594 0.002184 0.036991 2.140533 5.351334
598 595 0.001196 0.031001 2.123901 5.309753
599 596 0.001292 0.037714 2.096802 5.242004
600 597 0.001827 0.039277 2.063324 5.158310
601 598 0.000977 0.027224 2.030121 5.075302
602 599 0.000691 0.034034 2.005981 5.014954
603 600 0.000000 0.038205 1.983093 4.957733
604 601 0.000691 0.039721 1.966095 4.915237
605 602 0.001381 0.034009 1.937683 4.844208
606 603 0.000846 0.033519 1.911591 4.778976
607 604 0.001092 0.026279 1.861023 4.652557
608 605 0.000691 0.036422 1.802063 4.505157
609 606 0.001465 0.040264 1.732605 4.331512
610 607 0.000846 0.042857 1.667145 4.167862
611 608 0.000846 0.036890 1.609924 4.024811
612 609 0.000488 0.031095 1.543121 3.857803
613 610 0.001092 0.031338 1.465485 3.663712
614 611 0.001381 0.031210 1.378174 3.445435
615 612 0.000977 0.043514 1.292480 3.231201
616 613 0.000691 0.045753 1.214844 3.037109
617 614 0.001761 0.026987 1.151611 2.879028
618 615 0.001381 0.018422 1.097473 2.743683
619 616 0.001292 0.016276 1.056030 2.640076
620 617 0.001544 0.023650 1.010803 2.527008
621 618 0.000691 0.021270 0.963837 2.409592
622 619 0.001619 0.012447 0.913574 2.283936
623 620 0.002847 0.032875 0.856903 2.142258
624 621 0.001092 0.033434 0.799408 1.998520
625 622 0.000691 0.033365 0.738373 1.845932
626 623 0.000977 0.019745 0.674835 1.687088
627 624 0.000488 0.019008 0.604858 1.512146
628 625 0.000691 0.013506 0.538788 1.346970
629 626 0.000000 0.025499 0.488281 1.220703
630 627 0.001196 0.031056 0.461517 1.153793
631 628 0.001827 0.046829 0.454651 1.136627
632 629 0.001827 0.043382 0.460602 1.151505
633 630 0.001381 0.038723 0.463196 1.157990
634 631 0.000000 0.035224 0.458344 1.145859
635 632 0.000977 0.040048 0.447937 1.119843
636 633 0.000488 0.034740 0.441986 1.104965
637 634 0.000488 0.028539 0.444031 1.110077
638 635 0.000977 0.044592 0.459686 1.149216
639 636 0.000691 0.045116 0.489899 1.224747
640 637 0.001381 0.042826 0.535858 1.339645
641 638 0.001544 0.044048 0.588196 1.470490
642 639 0.001292 0.029805 0.637115 1.592789
643 640 0.001691 0.042889 0.675842 1.689606
644 641 0.001196 0.035202 0.708862 1.772156
645 642 0.001381 0.045268 0.734344 1.835861
646 643 0.000691 0.038192 0.764191 1.910477
647 644 0.001619 0.045888 0.787323 1.968307
648 645 0.000691 0.038446 0.807678 2.019196
649 646 0.001691 0.045045 0.833435 2.083588
650 647 0.001292 0.046233 0.863983 2.159958
651 648 0.002072 0.063592 0.893768 2.234421
652 649 0.000846 0.058529 0.930725 2.326813
653 650 0.000691 0.043526 0.967896 2.419739
654 651 0.001196 0.046751 1.002716 2.506790
655 652 0.000977 0.038360 1.041901 2.604752
656 653 0.000691 0.039407 1.065979 2.664948
657 654 0.000488 0.052788 1.123230 2.808075
658 655 0.000000 0.041445 1.166016 2.915039
659 656 0.000846 0.039722 1.212891 3.032227
660 657 0.001381 0.055700 1.259949 3.149872
661 658 0.000846 0.104191 1.310181 3.275452
662 659 0.000000 0.143282 1.369476 3.423691
663 660 0.000977 0.142590 1.425018 3.562546
664 661 0.000691 0.131875 1.472321 3.680801
665 662 0.001092 0.116619 1.536285 3.840714
666 663 0.000977 0.112875 1.591675 3.979187
667 664 0.000691 0.107531 1.642822 4.107056
668 665 0.000691 0.072402 1.685181 4.212952
669 666 0.000000 0.057289 1.727600 4.319000
670 667 0.001196 0.018647 1.773376 4.433441
671 668 0.001761 0.028849 1.825684 4.564209
672 669 0.001092 0.042399 1.870178 4.675446
673 670 0.000000 0.067384 1.937195 4.842987
674 671 0.000000 0.072789 1.996643 4.991608
675 672 0.000488 0.083349 2.061890 5.154724
676 673 0.000846 0.072696 2.109253 5.273132
677 674 0.000977 0.069082 2.153564 5.383911
678 675 0.000846 0.051277 2.195374 5.488434
679 676 0.000691 0.068635 2.238770 5.596924
680 677 0.000691 0.032816 2.282227 5.705566
681 678 0.000691 0.032226 2.326782 5.816956
682 679 0.000488 0.028010 2.369812 5.924530
683 680 0.000691 0.027266 2.415222 6.038055
684 681 0.000000 0.029885 2.457458 6.143646
685 682 0.000000 0.029941 2.498352 6.245880
686 683 0.000846 0.037718 2.532898 6.332245
687 684 0.000691 0.037280 2.562561 6.406403
688 685 0.000846 0.033030 2.596130 6.490326
689 686 0.000846 0.026459 2.626343 6.565857
690 687 0.000691 0.028834 2.662354 6.655884
691 688 0.001196 0.039267 2.693298 6.733246
692 689 0.000846 0.042630 2.733276 6.833191
693 690 0.000691 0.030801 2.773682 6.934204
694 691 0.000977 0.023976 2.812195 7.030487
695 692 0.000846 0.034086 2.845886 7.114716
696 693 0.000000 0.038213 2.874756 7.186890
697 694 0.000691 0.052619 2.908325 7.270813
698 695 0.000488 0.039460 2.942078 7.355194
699 696 0.000846 0.040678 2.980103 7.450256
700 697 0.000977 0.034915 3.013611 7.534027
701 698 0.001196 0.038655 3.046265 7.615662
702 699 0.000691 0.028626 3.080139 7.700348
703 700 0.001292 0.036488 3.113831 7.784576
704 701 0.000846 0.028868 3.140991 7.852478
705 702 0.000488 0.031039 3.149109 7.872772
706 703 0.001092 0.061241 3.158081 7.895203
707 704 0.000977 0.058837 3.168640 7.921600
708 705 0.000691 0.056852 3.196411 7.991028
709 706 0.001292 0.037880 3.214233 8.035583
710 707 0.000846 0.040150 3.232788 8.081970
711 708 0.000691 0.053505 3.238770 8.096924
712 709 0.000488 0.077545 3.243164 8.107910
713 710 0.000691 0.065087 3.255432 8.138580
714 711 0.001544 0.066042 3.265991 8.164978
715 712 0.000846 0.053561 3.272888 8.182220
716 713 0.000846 0.064191 3.272400 8.181000
717 714 0.001196 0.057669 3.272400 8.181000
718 715 0.000691 0.081919 3.296021 8.240051
719 716 0.000977 0.075604 3.313904 8.284760
720 717 0.001544 0.092494 3.313660 8.284149
721 718 0.001381 0.070846 3.310303 8.275757
722 719 0.002847 0.099573 3.289612 8.224030
723 720 0.000691 0.083453 3.306335 8.265839
724 721 0.000691 0.046428 3.308472 8.271179
725 722 0.002072 0.046054 3.304504 8.261261
726 723 0.001761 0.026196 3.308960 8.272400
727 724 0.000977 0.052433 3.291809 8.229523
728 725 0.000977 0.042998 3.318542 8.296356
729 726 0.001544 0.058985 3.321228 8.303070
730 727 0.001196 0.037709 3.339417 8.348541
731 728 0.001953 0.032870 3.356018 8.390045
732 729 0.001465 0.031804 3.367249 8.418121
733 730 0.001092 0.046385 3.376465 8.441162
734 731 0.001465 0.043753 3.382690 8.456726
735 732 0.001465 0.045015 3.388794 8.471985
736 733 0.001619 0.037625 3.410461 8.526154
737 734 0.001761 0.053932 3.416321 8.540802
738 735 0.001544 0.044946 3.429688 8.574219
739 736 0.000977 0.051504 3.435059 8.587646
740 737 0.000691 0.040012 3.444824 8.612061
741 738 0.000846 0.057902 3.456238 8.640594
742 739 0.000691 0.033559 3.479004 8.697510
743 740 0.001092 0.049485 3.508057 8.770142
744 741 0.001544 0.036569 3.543762 8.859406
745 742 0.001196 0.035716 3.574219 8.935547
746 743 0.001196 0.045314 3.598877 8.997192
747 744 0.000691 0.048939 3.612061 9.030151
748 745 0.001691 0.053521 3.633118 9.082794
749 746 0.000691 0.030958 3.656433 9.141083
750 747 0.000691 0.044362 3.690491 9.226227
751 748 0.000977 0.045794 3.716675 9.291687
752 749 0.001196 0.054040 3.739075 9.347687
753 750 0.001092 0.039192 3.760559 9.401398
754 751 0.001544 0.058532 3.786255 9.465637
755 752 0.001381 0.062504 3.808777 9.521942
756 753 0.000977 0.070053 3.832092 9.580231
757 754 0.001691 0.039949 3.851318 9.628296
758 755 0.001292 0.044253 3.879028 9.697571
759 756 0.000977 0.036268 3.901978 9.754944
760 757 0.001092 0.048445 3.945312 9.863281
761 758 0.001092 0.033191 3.987488 9.968719
762 759 0.000977 0.062428 4.030029 10.075073
763 760 0.001196 0.057187 4.047791 10.119476
764 761 0.000977 0.064482 4.068176 10.170441
765 762 0.001761 0.066108 4.086914 10.217285
766 763 0.000691 0.046175 4.110107 10.275269
767 764 0.000977 0.043009 4.128235 10.320587
768 765 0.000691 0.036723 4.148682 10.371704
769 766 0.001196 0.035589 4.168396 10.420990
770 767 0.000691 0.028162 4.190918 10.477295
771 768 0.000691 0.023051 4.212952 10.532379
772 769 0.000488 0.028228 4.232910 10.582275
773 770 0.000488 0.010195 4.257751 10.644379
774 771 0.000488 0.013965 4.276978 10.692444
775 772 0.001827 0.008487 4.305115 10.762787
776 773 0.000488 0.039838 4.324585 10.811462
777 774 0.001092 0.044025 4.350708 10.876770
778 775 0.000000 0.027139 4.368652 10.921631
779 776 0.000488 0.024008 4.394897 10.987244
780 777 0.000691 0.031515 4.413574 11.033936
781 778 0.000488 0.047631 4.437256 11.093140
782 779 0.001381 0.017379 4.453979 11.134949
783 780 0.001196 0.032176 4.484253 11.210632
784 781 0.000691 0.040554 4.499878 11.249695
785 782 0.000691 0.028732 4.506104 11.265259
786 783 0.000846 0.016714 4.503052 11.257629
787 784 0.000691 0.025910 4.506531 11.266327
788 785 0.000488 0.023647 4.520020 11.300049
789 786 0.000846 0.049714 4.533386 11.333466
790 787 0.000977 0.066351 4.544312 11.360779
791 788 0.000691 0.080043 4.550903 11.377258
792 789 0.000488 0.074188 4.553711 11.384277
793 790 0.000977 0.065207 4.555969 11.389923
794 791 0.000488 0.064433 4.563477 11.408691
795 792 0.000977 0.058895 4.563538 11.408844
796 793 0.001691 0.075048 4.563721 11.409302
797 794 0.000691 0.065617 4.554382 11.385956
798 795 0.000977 0.050994 4.552795 11.381989
799 796 0.000000 0.039291 4.550293 11.375732
800 797 0.000691 0.045310 4.545898 11.364746
801 798 0.000846 0.031768 4.534424 11.336060
802 799 0.000846 0.021488 4.527039 11.317596
803 800 0.000846 0.020498 4.523499 11.308746
804 801 0.000000 0.016808 4.523438 11.308594
805 802 0.001292 0.023442 4.517456 11.293640
806 803 0.001953 0.021053 4.507812 11.269531
807 804 0.000977 0.023609 4.507690 11.269226
808 805 0.000846 0.033465 4.510010 11.275024
809 806 0.001619 0.028924 4.514404 11.286011
810 807 0.000000 0.020020 4.511108 11.277771
811 808 0.000846 0.043174 4.509583 11.273956
812 809 0.001196 0.046897 4.507446 11.268616
813 810 0.001381 0.030441 4.507812 11.269531
814 811 0.000691 0.026998 4.502014 11.255035
815 812 0.000977 0.034305 4.498596 11.246490
816 813 0.000691 0.014034 4.489990 11.224976
817 814 0.000488 0.018520 4.488708 11.221771
818 815 0.000691 0.030081 4.477234 11.193085
819 816 0.000000 0.028472 4.457703 11.144257
820 817 0.001381 0.042401 4.435486 11.088715
821 818 0.000488 0.025808 4.413208 11.033020
822 819 0.001092 0.027395 4.392273 10.980682
823 820 0.001381 0.028096 4.361084 10.902710
824 821 0.000846 0.038357 4.334534 10.836334
825 822 0.000488 0.036259 4.308716 10.771790
826 823 0.000977 0.035430 4.283875 10.709686
827 824 0.000691 0.031508 4.257568 10.643921
828 825 0.000691 0.031373 4.225342 10.563354
829 826 0.000000 0.042798 4.187744 10.469360
830 827 0.000691 0.045973 4.132080 10.330200
831 828 0.001196 0.062404 4.071533 10.178833
832 829 0.000488 0.031206 3.999817 9.999542
833 830 0.000488 0.036167 3.925659 9.814148
834 831 0.001196 0.040721 3.836914 9.592285
835 832 0.000977 0.035291 3.753540 9.383850
836 833 0.000846 0.037988 3.675415 9.188538
837 834 0.000846 0.022245 3.593506 8.983765
838 835 0.001381 0.049233 3.500061 8.750153
839 836 0.000846 0.042210 3.394653 8.486633
840 837 0.000691 0.055277 3.293213 8.233032
841 838 0.000977 0.046111 3.185120 7.962799
842 839 0.000488 0.034855 3.076965 7.692413
843 840 0.000977 0.024344 2.955261 7.388153
844 841 0.001092 0.019563 2.832825 7.082062
845 842 0.001196 0.032683 2.706055 6.765137
846 843 0.001196 0.038244 2.580627 6.451569
847 844 0.000000 0.035628 2.456665 6.141663
848 845 0.001196 0.037115 2.332397 5.830994
849 846 0.001827 0.045545 2.210205 5.525513
850 847 0.001761 0.037840 2.101257 5.253143
851 848 0.001292 0.032756 2.007446 5.018616
852 849 0.000977 0.041247 1.905701 4.764252
853 850 0.001544 0.027799 1.863647 4.659119
854 851 0.002072 0.107997 1.777588 4.443970
855 852 0.001544 0.027210 1.800049 4.500122
856 853 0.001381 0.022590 1.790283 4.475708
857 854 0.001292 0.032098 1.757690 4.394226
858 855 0.000691 0.086054 1.738525 4.346313
859 856 0.001619 0.058233 1.614014 4.035034
860 857 0.002970 0.048624 1.660583 4.151459
861 858 0.001381 0.118817 1.544434 3.861084
862 859 0.000691 0.020351 1.591003 3.977509
863 860 0.001544 0.033454 1.556580 3.891449
864 861 0.002490 0.021101 1.556030 3.890076
865 862 0.002392 0.034925 1.545532 3.863831
866 863 0.002072 0.129596 1.500854 3.752136
867 864 0.002072 0.020562 1.548340 3.870850
868 865 0.001196 0.019716 1.547241 3.868103
869 866 0.002584 0.028114 1.571045 3.927612
870 867 0.003347 0.039252 1.572815 3.932037
871 868 0.004931 0.168489 1.589050 3.972626
872 869 0.004931 0.033818 1.618469 4.046173
873 870 0.004475 0.020345 1.643799 4.109497
874 871 0.002013 0.039843 1.689819 4.224548
875 872 0.000488 0.043832 1.702087 4.255219
876 873 0.002342 0.110005 1.765381 4.413452
877 874 0.001544 0.048323 1.745789 4.364471
878 875 0.002238 0.039446 1.775452 4.438629
879 876 0.001891 0.027198 1.824646 4.561615
880 877 0.003275 0.048846 1.872192 4.680481
881 878 0.002128 0.053753 1.921875 4.804688
882 879 0.002805 0.028491 1.957153 4.892883
883 880 0.001381 0.058733 2.007690 5.019226
884 881 0.002392 0.059178 2.057617 5.144043
885 882 0.002805 0.029821 2.086792 5.216980
886 883 0.003719 0.060596 2.143066 5.357666
887 884 0.003621 0.055229 2.197266 5.493164
888 885 0.001953 0.066986 2.224670 5.561676
889 886 0.001827 0.018881 2.256897 5.642242
890 887 0.000846 0.034539 2.304626 5.761566
891 888 0.001953 0.079997 2.335144 5.837860
892 889 0.001953 0.070766 2.368408 5.921021
893 890 0.001381 0.060559 2.389954 5.974884
894 891 0.001196 0.027554 2.409546 6.023865
895 892 0.001196 0.025876 2.434753 6.086884
896 893 0.002441 0.035517 2.454468 6.136169
897 894 0.003202 0.024268 2.461304 6.153259
898 895 0.003164 0.027974 2.484253 6.210632
899 896 0.002490 0.019482 2.475769 6.189423
900 897 0.001691 0.041446 2.501282 6.253204
901 898 0.000977 0.046729 2.517883 6.294708
902 899 0.001292 0.051941 2.541870 6.354675
903 900 0.001544 0.034493 2.556213 6.390533
904 901 0.001196 0.031472 2.578186 6.445465
905 902 0.000977 0.041292 2.615906 6.539764
906 903 0.001891 0.043413 2.652710 6.631775
907 904 0.003312 0.044720 2.673340 6.683350
908 905 0.002629 0.034466 2.685120 6.712799
909 906 0.001292 0.033211 2.704529 6.761322
910 907 0.001891 0.011552 2.722473 6.806183
911 908 0.002805 0.018050 2.759644 6.899109
912 909 0.001196 0.022905 2.790283 6.975708
913 910 0.001691 0.028487 2.823853 7.059631
914 911 0.000846 0.041460 2.843018 7.107544
915 912 0.000846 0.048226 2.860474 7.151184
916 913 0.001092 0.051589 2.889343 7.223358
917 914 0.001891 0.051238 2.923706 7.309265
918 915 0.001381 0.041295 2.963806 7.409515
919 916 0.001691 0.045400 2.997620 7.494049
920 917 0.000691 0.030392 3.027893 7.569733
921 918 0.000977 0.021495 3.046387 7.615967
922 919 0.002013 0.017002 3.049133 7.622833
923 920 0.001381 0.013973 3.046326 7.615814
924 921 0.000000 0.008833 3.041199 7.602997
925 922 0.000691 0.027896 3.043457 7.608643
926 923 0.001196 0.039083 3.040833 7.602081
927 924 0.000000 0.041325 3.031555 7.578888
928 925 0.000691 0.042999 3.020203 7.550507
929 926 0.001092 0.044102 3.007324 7.518311
930 927 0.000977 0.030065 2.990112 7.475281
931 928 0.000691 0.032262 2.965271 7.413177
932 929 0.001196 0.029827 2.934387 7.335968
933 930 0.000691 0.038970 2.918945 7.297363
934 931 0.000977 0.029027 2.903931 7.259827
935 932 0.001619 0.042122 2.892639 7.231598
936 933 0.000691 0.048307 2.870911 7.177277
937 934 0.000000 0.049221 2.841980 7.104950
938 935 0.000488 0.036261 2.812439 7.031097
939 936 0.001953 0.028939 2.778992 6.947479
940 937 0.001092 0.035019 2.755920 6.889801
941 938 0.001381 0.046231 2.726074 6.815186
942 939 0.001619 0.037329 2.696106 6.740265
943 940 0.001092 0.051980 2.649780 6.624451
944 941 0.001381 0.050284 2.602295 6.505737
945 942 0.001465 0.071322 2.552063 6.380157
946 943 0.001292 0.060160 2.499023 6.247559
947 944 0.002013 0.078604 2.438538 6.096344
948 945 0.000000 0.067936 2.370422 5.926056
949 946 0.000691 0.061616 2.300476 5.751190
950 947 0.001292 0.055636 2.229736 5.574341
951 948 0.001465 0.055002 2.156006 5.390015
952 949 0.000000 0.053131 2.075623 5.189056
953 950 0.001381 0.046052 1.991638 4.979095
954 951 0.001196 0.045821 1.901978 4.754944
955 952 0.000691 0.044551 1.810913 4.527283
956 953 0.000846 0.028214 1.709229 4.273071
957 954 0.000977 0.025155 1.606628 4.016571
958 955 0.000977 0.044311 1.504272 3.760681
959 956 0.000691 0.048077 1.407349 3.518372
960 957 0.001196 0.055604 1.316162 3.290405
961 958 0.000977 0.040926 1.220276 3.050690
962 959 0.001196 0.035019 1.130432 2.826080
963 960 0.001196 0.019994 1.036377 2.590942
964 961 0.000846 0.014489 0.950684 2.376709
965 962 0.001544 0.034662 0.867859 2.169647
966 963 0.001092 0.041301 0.796936 1.992340
967 964 0.001196 0.036420 0.732117 1.830292
968 965 0.000488 0.023956 0.685608 1.714020
969 966 0.000846 0.024070 0.651428 1.628571
970 967 0.000977 0.028333 0.635315 1.588287
971 968 0.000691 0.035977 0.626038 1.565094
972 969 0.000691 0.036928 0.623718 1.559296
973 970 0.001092 0.028159 0.619995 1.549988
974 971 0.001196 0.023641 0.614624 1.536560
975 972 0.000977 0.026439 0.609558 1.523895
976 973 0.000488 0.032015 0.607910 1.519775
977 974 0.000000 0.036887 0.611755 1.529388
978 975 0.000977 0.030276 0.605530 1.513824
979 976 0.000846 0.024068 0.597778 1.494446
980 977 0.001691 0.026723 0.576355 1.440887
981 978 0.001691 0.030771 0.561157 1.402893
982 979 0.000691 0.028390 0.549255 1.373138
983 980 0.000000 0.025572 0.541992 1.354980
984 981 0.000488 0.017772 0.531921 1.329803
985 982 0.000846 0.015671 0.513916 1.284790
986 983 0.000691 0.003710 0.491089 1.227722
987 984 0.000977 0.009136 0.466064 1.165161
988 985 0.000691 0.011791 0.445679 1.114197
989 986 0.000691 0.018966 0.432190 1.080475
990 987 0.000488 0.011771 0.427185 1.067963
991 988 0.000488 0.008181 0.422729 1.056824
992 989 0.001381 0.014045 0.428711 1.071777
993 990 0.000691 0.020457 0.431152 1.077881
994 991 0.000000 0.011025 0.426758 1.066895
995 992 0.001092 0.011417 0.409424 1.023560
996 993 0.001092 0.024090 0.394775 0.986938
997 994 0.000691 0.030277 0.390747 0.976868
998 995 0.000000 0.017508 0.395447 0.988617
999 996 0.000691 0.011425 0.405701 1.014252
1000 997 0.000488 0.022732 0.424988 1.062469
1001 998 0.000000 0.026341 0.449768 1.124420
1002 999 0.000977 0.024035 0.487244 1.218109
1003 1000 0.000000 0.009396 0.540955 1.352386
1004 1001 0.000000 0.010904 0.614014 1.535034
1005 1002 0.000846 0.018833 0.697083 1.742706
1006 1003 0.001196 0.021481 0.783569 1.958923
1007 1004 0.001292 0.020366 0.870972 2.177429
1008 1005 0.000977 0.029815 0.956787 2.391968
1009 1006 0.001292 0.040171 1.043335 2.608337
1010 1007 0.000977 0.040678 1.119507 2.798767
1011 1008 0.001092 0.047731 1.201660 3.004150
1012 1009 0.000488 0.054849 1.273926 3.184814
1013 1010 0.000488 0.056319 1.351257 3.378143
1014 1011 0.000691 0.053472 1.411621 3.529053
1015 1012 0.000488 0.047440 1.477295 3.693237
1016 1013 0.000846 0.052066 1.547241 3.868103
1017 1014 0.000691 0.061277 1.622620 4.056549
1018 1015 0.000846 0.062299 1.684998 4.212494
1019 1016 0.000488 0.065332 1.741089 4.352722
1020 1017 0.000691 0.053698 1.798828 4.497070
1021 1018 0.000000 0.050530 1.853210 4.633026
1022 1019 0.000977 0.038464 1.910339 4.775848
1023 1020 0.000846 0.038826 1.961426 4.903564
1024 1021 0.001292 0.041237 2.022095 5.055237
1025 1022 0.000488 0.041054 2.077087 5.192719
1026 1023 0.000691 0.030150 2.133179 5.332947
1027 1024 0.001092 0.023506 2.181519 5.453796
1028 1025 0.000000 0.022246 2.230286 5.575714
1029 1026 0.001381 0.024380 2.276550 5.691376
1030 1027 0.002392 0.022053 2.336243 5.840607
1031 1028 0.000846 0.016121 2.395996 5.989990
1032 1029 0.002072 0.021057 2.451965 6.129913
1033 1030 0.002490 0.025879 2.499817 6.249542
1034 1031 0.001196 0.025348 2.538086 6.345215
1035 1032 0.000846 0.045446 2.592529 6.481323
1036 1033 0.001196 0.043097 2.638977 6.597443
1037 1034 0.000488 0.048157 2.686523 6.716309
1038 1035 0.000000 0.032240 2.716370 6.790924
1039 1036 0.001092 0.043973 2.744324 6.860809
1040 1037 0.001761 0.038613 2.760071 6.900177
1041 1038 0.001092 0.037070 2.764526 6.911316
1042 1039 0.001196 0.022836 2.760254 6.900635
1043 1040 0.000977 0.024900 2.753479 6.883698
1044 1041 0.000488 0.026638 2.752441 6.881104
1045 1042 0.002072 0.025721 2.751892 6.879730
1046 1043 0.002013 0.028007 2.755737 6.889343
1047 1044 0.001827 0.024550 2.755737 6.889343
1048 1045 0.002072 0.028059 2.765503 6.913757
1049 1046 0.002238 0.024897 2.780823 6.952057
1050 1047 0.000977 0.034614 2.795776 6.989441
1051 1048 0.001381 0.042110 2.802856 7.007141
1052 1049 0.001465 0.034621 2.808960 7.022400
1053 1050 0.001953 0.030251 2.816467 7.041168
1054 1051 0.000488 0.002323 2.828613 7.071533
1055 1052 0.000977 0.013278 2.838562 7.096405
1056 1053 0.001196 0.010650 2.844238 7.110596
1057 1054 0.000691 0.023632 2.849182 7.122955
1058 1055 0.000691 0.013782 2.856628 7.141571
1059 1056 0.000691 0.005450 2.866699 7.166748
1060 1057 0.000691 0.008244 2.881165 7.202911
1061 1058 0.000691 0.014993 2.890869 7.227173
1062 1059 0.001092 0.009429 2.902161 7.255402
1063 1060 0.000846 0.005878 2.907898 7.269745
1064 1061 0.000488 0.009475 2.919434 7.298584
1065 1062 0.000691 0.012900 2.931885 7.329712
1066 1063 0.000000 0.014927 2.935913 7.339783
1067 1064 0.001619 0.007988 2.932861 7.332153
1068 1065 0.002128 0.026545 2.923889 7.309723
1069 1066 0.002629 0.035646 2.924683 7.311707
1070 1067 0.002072 0.055490 2.921570 7.303925
1071 1068 0.003418 0.025637 2.922668 7.306671
1072 1069 0.000000 0.029502 2.910828 7.277069
1073 1070 0.001827 0.013026 2.902710 7.256775
1074 1071 0.001827 0.019447 2.888916 7.222290
1075 1072 0.001196 0.024027 2.878845 7.197113
1076 1073 0.000846 0.005729 2.862061 7.155151
1077 1074 0.000000 0.011847 2.845215 7.113037
1078 1075 0.001381 0.012151 2.832642 7.081604
1079 1076 0.000846 0.013351 2.826233 7.065582
1080 1077 0.000691 0.009935 2.822632 7.056580
1081 1078 0.001465 0.010282 2.809937 7.024841
1082 1079 0.001827 0.017477 2.785767 6.964417
1083 1080 0.001544 0.019789 2.765137 6.912842
1084 1081 0.001292 0.039568 2.749878 6.874695
1085 1082 0.000846 0.012191 2.743591 6.858978
1086 1083 0.001544 0.014425 2.726257 6.815643
1087 1084 0.000691 0.011585 2.699951 6.749878
1088 1085 0.001827 0.013426 2.671692 6.679230
1089 1086 0.001196 0.016528 2.637268 6.593170
1090 1087 0.001092 0.016019 2.604431 6.511078
1091 1088 0.000846 0.010329 2.548706 6.371765
1092 1089 0.001381 0.007942 2.488831 6.222076
1093 1090 0.001381 0.008531 2.424927 6.062317
1094 1091 0.000000 0.011652 2.372620 5.931549
1095 1092 0.000977 0.019099 2.318909 5.797272
1096 1093 0.000691 0.025136 2.244446 5.611115
1097 1094 0.001691 0.019867 2.158264 5.395660
1098 1095 0.000977 0.011530 2.060181 5.150452
1099 1096 0.000000 0.010262 1.969788 4.924469
1100 1097 0.001953 0.008733 1.887634 4.719086
1101 1098 0.001381 0.012039 1.814087 4.535217
1102 1099 0.000691 0.021348 1.745728 4.364319
1103 1100 0.001196 0.030992 1.675720 4.189301
1104 1101 0.001381 0.028193 1.611755 4.029388
1105 1102 0.000691 0.040568 1.561279 3.903198
1106 1103 0.000977 0.028594 1.522400 3.806000
1107 1104 0.000846 0.026241 1.492004 3.730011
1108 1105 0.000691 0.020594 1.462463 3.656158
1109 1106 0.000977 0.013009 1.429382 3.573456
1110 1107 0.000691 0.009687 1.394897 3.487244
1111 1108 0.000000 0.005947 1.360352 3.400879
1112 1109 0.000488 0.004945 1.330750 3.326874
1113 1110 0.000488 0.014552 1.302734 3.256836
1114 1111 0.000691 0.021911 1.275146 3.187866
1115 1112 0.000691 0.025473 1.242859 3.107147
1116 1113 0.001827 0.013937 1.205505 3.013763
1117 1114 0.000691 0.021224 1.163696 2.909241
1118 1115 0.000691 0.036485 1.120972 2.802429
1119 1116 0.000846 0.031897 1.083130 2.707825
1120 1117 0.001381 0.045451 1.043518 2.608795
1121 1118 0.000977 0.037691 1.007690 2.519226
1122 1119 0.000977 0.039678 0.971008 2.427521
1123 1120 0.000846 0.030424 0.942078 2.355194
1124 1121 0.001196 0.030047 0.912415 2.281036
1125 1122 0.000691 0.022695 0.878723 2.196808
1126 1123 0.001092 0.013327 0.837646 2.094116
1127 1124 0.000000 0.007960 0.794128 1.985321
1128 1125 0.000691 0.020078 0.746094 1.865234
1129 1126 0.001691 0.026816 0.700500 1.751251
1130 1127 0.001092 0.018550 0.656067 1.640167
1131 1128 0.001092 0.009285 0.621460 1.553650
1132 1129 0.000691 0.008237 0.583313 1.458282
1133 1130 0.000000 0.010677 0.548035 1.370087
1134 1131 0.000977 0.017128 0.510742 1.276855
1135 1132 0.000000 0.014347 0.479431 1.198578
1136 1133 0.000977 0.014491 0.450806 1.127014
1137 1134 0.000691 0.015939 0.423157 1.057892
1138 1135 0.000000 0.015700 0.398254 0.995636
1139 1136 0.000691 0.019025 0.372742 0.931854
1140 1137 0.000691 0.015105 0.347290 0.868225
1141 1138 0.000000 0.014189 0.322937 0.807343
1142 1139 0.000000 0.014651 0.301514 0.753784
1143 1140 0.000691 0.014216 0.286743 0.716858
1144 1141 0.000846 0.007924 0.271667 0.679169
1145 1142 0.000488 0.003926 0.253479 0.633698
1146 1143 0.000488 0.005006 0.234497 0.586243
1147 1144 0.000000 0.010795 0.218445 0.546112
1148 1145 0.000000 0.010274 0.203918 0.509796
1149 1146 0.000488 0.006887 0.190308 0.475769
1150 1147 0.000691 0.008859 0.176880 0.442200
1151 1148 0.000000 0.013807 0.166809 0.417023
1152 1149 0.000488 0.010715 0.155762 0.389404
1153 1150 0.000000 0.006406 0.143799 0.359497
1154 1151 0.000488 0.007289 0.129883 0.324707
1155 1152 0.000000 0.015202 0.118164 0.295410
1156 1153 0.000000 0.014711 0.105286 0.263214
1157 1154 0.000488 0.016211 0.093384 0.233459
1158 1155 0.000000 0.008157 0.078430 0.196075
1159 1156 0.000000 0.011867 0.064697 0.161743
1160 1157 0.000000 0.008056 0.052612 0.131531
1161 1158 0.000846 0.003289 0.044128 0.110321
1162 1159 0.000488 0.007423 0.039368 0.098419
1163 1160 0.000488 0.009902 0.037048 0.092621
1164 1161 0.000000 0.015703 0.046509 0.116272
1165 1162 0.000691 0.020307 0.055603 0.139008
1166 1163 0.000000 0.032322 0.075745 0.189362
1167 1164 0.000000 0.036426 0.086487 0.216217
1168 1165 0.000691 0.038073 0.099854 0.249634
1169 1166 0.000488 0.033178 0.100708 0.251770
1170 1167 0.000000 0.022806 0.102295 0.255737
1171 1168 0.000000 0.010664 0.106567 0.266418
1172 1169 0.000000 0.009290 0.116699 0.291748
1173 1170 0.000000 0.013575 0.130310 0.325775
1174 1171 0.000488 0.014842 0.142456 0.356140
1175 1172 0.000488 0.008631 0.157288 0.393219
1176 1173 0.000977 0.008941 0.170471 0.426178
1177 1174 0.000488 0.012528 0.188293 0.470734
1178 1175 0.000488 0.013059 0.202026 0.505066
1179 1176 0.000000 0.015327 0.218567 0.546417
1180 1177 0.000000 0.017643 0.231567 0.578918
1181 1178 0.000000 0.024349 0.247681 0.619202
1182 1179 0.000000 0.022188 0.261475 0.653687
1183 1180 0.000000 0.019443 0.274841 0.687103
1184 1181 0.000000 0.021458 0.288879 0.722198
1185 1182 0.000000 0.021660 0.301086 0.752716
1186 1183 0.000691 0.026254 0.311401 0.778503
1187 1184 0.000000 0.019004 0.316895 0.792236
1188 1185 0.000000 0.020477 0.326843 0.817108
1189 1186 0.000000 0.017680 0.336182 0.840454
1190 1187 0.000846 0.019462 0.345581 0.863953
1191 1188 0.000000 0.021652 0.349304 0.873260
1192 1189 0.000691 0.020224 0.350647 0.876617
1193 1190 0.000488 0.026274 0.345642 0.864105
1194 1191 0.000000 0.025973 0.334534 0.836334
1195 1192 0.000488 0.025106 0.319946 0.799866
1196 1193 0.000000 0.022246 0.305298 0.763245
1197 1194 0.000691 0.019087 0.291748 0.729370
1198 1195 0.000000 0.016892 0.275513 0.688782
1199 1196 0.000488 0.027254 0.258423 0.646057
1200 1197 0.000000 0.023429 0.236938 0.592346
