10 5 0.001619 0.231081 4.943513 8.239188
11 6 0.002013 0.208789 4.932791 8.221318
12 7 0.002290 0.214169 4.921285 8.202142
13 8 0.001891 0.225242 4.909734 8.182890
14 9 0.002392 0.219175 4.896983 8.161638
15 10 0.002013 0.253234 4.878979 8.131631
16 11 0.002128 0.256628 4.865757 8.109595
17 12 0.002441 0.292077 4.851123 8.085205
18 13 0.001761 0.281165 4.835644 8.059406
19 14 0.001196 0.351093 4.817079 8.028464
20 15 0.001544 0.289852 4.802958 8.004930
21 16 0.001381 0.345617 4.786489 7.977482
22 17 0.001953 0.295663 4.774218 7.957029
23 18 0.003312 0.329875 4.766071 7.943452
24 19 0.002184 0.273599 4.770618 7.951031
25 20 0.002072 0.304701 4.781538 7.969230
26 21 0.002970 0.259282 4.794666 7.991110
27 22 0.003347 0.280332 4.818918 8.031530
28 23 0.002238 0.259531 4.853603 8.089339
29 24 0.002805 0.247555 4.886034 8.143390
30 25 0.003164 0.228502 4.915163 8.191938
31 26 0.003088 0.247862 4.950644 8.251073
32 27 0.002184 0.219809 4.989105 8.315175
33 28 0.002847 0.214532 5.028959 8.381598
34 29 0.002537 0.234549 5.075304 8.458840
35 30 0.002537 0.227296 5.135298 8.558829
36 31 0.002072 0.227784 5.198944 8.664907
37 32 0.002441 0.249687 5.261206 8.768676
38 33 0.002392 0.278560 5.326515 8.877525
39 34 0.003127 0.283686 5.391193 8.985322
40 35 0.003127 0.323292 5.454624 9.091041
41 36 0.002847 0.342855 5.519840 9.199734
42 37 0.002584 0.367030 5.577427 9.295712
43 38 0.002847 0.354378 5.627666 9.379444
44 39 0.002238 0.366203 5.673141 9.455235
45 40 0.001691 0.357133 5.718521 9.530869
46 41 0.001691 0.337490 5.769077 9.615129
47 42 0.001619 0.331954 5.837330 9.728883
48 43 0.001465 0.329885 5.922676 9.871127
49 44 0.001544 0.331282 6.025085 10.041809
50 45 0.001381 0.329000 6.132828 10.221379
51 46 0.001381 0.318370 6.247765 10.412941
52 47 0.000977 0.328047 6.360111 10.600185
53 48 0.000691 0.312809 6.473595 10.789325
54 49 0.000488 0.328188 6.586620 10.977700
55 50 0.000691 0.308575 6.701313 11.168855
56 51 0.001196 0.299446 6.811329 11.352215
57 52 0.001092 0.286065 6.919933 11.533222
58 53 0.001465 0.266729 7.026730 11.711216
59 54 0.001761 0.230935 7.125797 11.876328
60 55 0.001544 0.215930 7.228695 12.047825
61 56 0.002013 0.222394 7.334351 12.223918
62 57 0.002441 0.182208 7.439903 12.399838
63 58 0.002674 0.192275 7.543571 12.572619
64 59 0.002342 0.160874 7.648628 12.747714
65 60 0.002392 0.149629 7.759972 12.933286
66 61 0.002290 0.125006 7.864418 13.107364
67 62 0.002238 0.142866 7.969246 13.282077
68 63 0.002184 0.124937 8.067879 13.446465
69 64 0.001619 0.217206 8.158630 13.597717
70 65 0.001465 0.218957 8.237549 13.729248
71 66 0.002013 0.241739 8.313118 13.855197
72 67 0.002013 0.225174 8.383194 13.971990
73 68 0.002128 0.227043 8.458580 14.097633
74 69 0.002290 0.129446 8.537079 14.228465
75 70 0.002719 0.144466 8.615242 14.358737
76 71 0.002013 0.115285 8.696136 14.493561
77 72 0.001196 0.125033 8.772781 14.621303
78 73 0.000977 0.117104 8.843178 14.738629
79 74 0.001196 0.122179 8.915627 14.859378
80 75 0.000846 0.095946 8.992325 14.987208
81 76 0.001292 0.100979 9.064079 15.106799
82 77 0.000691 0.091373 9.142715 15.237859
83 78 0.001381 0.078128 9.218124 15.363541
84 79 0.001196 0.061539 9.298088 15.496814
85 80 0.000846 0.052192 9.369736 15.616226
86 81 0.000846 0.058313 9.441566 15.735944
87 82 0.000977 0.062578 9.506714 15.844523
88 83 0.000846 0.052607 9.565994 15.943324
89 84 0.000691 0.051684 9.620392 16.033987
90 85 0.000977 0.061830 9.670334 16.117224
91 86 0.001196 0.053583 9.723213 16.205355
92 87 0.000846 0.057856 9.777061 16.295103
93 88 0.001465 0.055746 9.835953 16.393255
94 89 0.000846 0.070974 9.892052 16.486753
95 90 0.001544 0.065050 9.947563 16.579271
96 91 0.001381 0.067577 9.995758 16.659597
97 92 0.001292 0.093882 10.042603 16.737671
98 93 0.000000 0.117247 10.094322 16.823870
99 94 0.000977 0.118555 10.142845 16.904741
100 95 0.001092 0.142148 10.188187 16.980310
101 96 0.000691 0.132718 10.240967 17.068277
102 97 0.001292 0.144510 10.289658 17.149429
103 98 0.001092 0.145506 10.337265 17.228775
104 99 0.001092 0.141363 10.381531 17.302551
105 100 0.001092 0.161194 10.432892 17.388153
106 101 0.000691 0.160302 10.477753 17.462921
107 102 0.001891 0.167784 10.532227 17.553711
108 103 0.001544 0.164936 10.570694 17.617823
109 104 0.000488 0.188572 10.619156 17.698593
110 105 0.000000 0.194047 10.665710 17.776184
111 106 0.000488 0.207661 10.706833 17.844721
112 107 0.002013 0.197899 10.743317 17.905527
113 108 0.001292 0.244164 10.798889 17.998148
114 109 0.002342 0.228506 10.837112 18.061853
115 110 0.002392 0.217643 10.878708 18.131180
116 111 0.001691 0.229684 10.924377 18.207296
117 112 0.001196 0.227030 10.964340 18.273901
118 113 0.001092 0.208976 11.003616 18.339361
119 114 0.000846 0.211784 11.050827 18.418045
120 115 0.000488 0.212917 11.093231 18.488718
121 116 0.000691 0.224046 11.138077 18.563461
122 117 0.001827 0.218369 11.187668 18.646112
123 118 0.000000 0.226991 11.227997 18.713327
124 119 0.001381 0.266617 11.270187 18.783646
125 120 0.001544 0.306649 11.314697 18.857828
126 121 0.001691 0.294851 11.356308 18.927179
127 122 0.001761 0.345169 11.395309 18.992182
128 123 0.002238 0.346661 11.437775 19.062958
129 124 0.001827 0.320706 11.482605 19.137674
130 125 0.001092 0.271699 11.520905 19.201508
131 126 0.001196 0.278913 11.558548 19.264246
132 127 0.000691 0.236970 11.606827 19.344711
133 128 0.000977 0.229241 11.650787 19.417978
134 129 0.000977 0.222140 11.688431 19.480719
135 130 0.001381 0.257814 11.736664 19.561106
136 131 0.000846 0.241803 11.763275 19.605459
137 132 0.000691 0.250090 11.801117 19.668528
138 133 0.000691 0.289583 11.815659 19.692764
139 134 0.000691 0.310315 11.841614 19.736023
140 135 0.000691 0.288744 11.857559 19.762598
141 136 0.000977 0.296361 11.892593 19.820990
142 137 0.001292 0.283284 11.895477 19.825796
143 138 0.000977 0.243890 11.925140 19.875235
144 139 0.001544 0.234978 11.955612 19.926020
145 140 0.001381 0.221729 11.958099 19.930166
146 141 0.000691 0.238710 11.970352 19.950586
147 142 0.001465 0.260773 11.989853 19.983088
148 143 0.001092 0.278384 11.997864 19.996439
149 144 0.000846 0.265032 11.995514 19.992523
150 145 0.001292 0.313783 12.014267 20.023779
151 146 0.001196 0.323487 12.019592 20.032654
152 147 0.001381 0.292530 12.027679 20.046133
153 148 0.001092 0.277562 12.033920 20.056534
154 149 0.001196 0.273222 12.036179 20.060297
155 150 0.001092 0.244419 12.037674 20.062790
156 151 0.001691 0.210995 12.037262 20.062103
157 152 0.001196 0.254994 12.030579 20.050964
158 153 0.000977 0.233030 12.024811 20.041351
159 154 0.000691 0.238587 12.021820 20.036367
160 155 0.001292 0.211449 12.013580 20.022635
161 156 0.001196 0.226482 12.017120 20.028534
162 157 0.001292 0.194299 12.024536 20.040894
163 158 0.002072 0.212963 12.035492 20.059153
164 159 0.001465 0.200757 12.047302 20.078836
165 160 0.001381 0.209529 12.064301 20.107168
166 161 0.001092 0.199180 12.095245 20.158743
167 162 0.000977 0.191390 12.099426 20.165710
168 163 0.000977 0.191894 12.124939 20.208231
169 164 0.001691 0.198067 12.160156 20.266928
170 165 0.001691 0.210989 12.199677 20.332794
171 166 0.002392 0.192975 12.237885 20.396475
172 167 0.001619 0.216728 12.302094 20.503489
173 168 0.001619 0.206172 12.369629 20.616049
174 169 0.000846 0.224699 12.406799 20.677999
175 170 0.001381 0.280906 12.462311 20.770517
176 171 0.001544 0.277439 12.517151 20.861917
177 172 0.000977 0.249745 12.574677 20.957794
178 173 0.000977 0.278285 12.621674 21.036123
179 174 0.001092 0.245498 12.689178 21.148630
180 175 0.000977 0.183824 12.756470 21.260782
181 176 0.000846 0.199275 12.800781 21.334635
182 177 0.000691 0.245235 12.856445 21.427408
183 178 0.001691 0.242095 12.904694 21.507822
184 179 0.001292 0.263035 12.961761 21.602936
185 180 0.001092 0.326617 13.013214 21.688690
186 181 0.000977 0.365450 13.078156 21.796926
187 182 0.000488 0.354540 13.135864 21.893106
188 183 0.000000 0.291974 13.192780 21.987967
189 184 0.001292 0.240406 13.242828 22.071381
190 185 0.000488 0.178206 13.293091 22.155151
191 186 0.000691 0.157560 13.345184 22.241974
192 187 0.001092 0.163511 13.384247 22.307077
193 188 0.001544 0.211563 13.419586 22.365976
194 189 0.001544 0.283725 13.446838 22.411398
195 190 0.000488 0.323959 13.466949 22.444916
196 191 0.001761 0.324943 13.476501 22.460836
197 192 0.001292 0.325951 13.489044 22.481741
198 193 0.000977 0.293453 13.500671 22.501120
199 194 0.001381 0.239917 13.513306 22.522177
200 195 0.001691 0.223458 13.529999 22.549997
201 196 0.001292 0.201356 13.543152 22.571920
202 197 0.001465 0.223840 13.556580 22.594299
203 198 0.000977 0.291452 13.571472 22.619120
204 199 0.000846 0.322174 13.582397 22.637329
205 200 0.000691 0.353154 13.595612 22.659353
206 201 0.001381 0.376553 13.600220 22.667032
207 202 0.000488 0.324282 13.603973 22.673288
208 203 0.000846 0.281371 13.615326 22.692209
209 204 0.001381 0.258554 13.620697 22.701162
210 205 0.001691 0.211595 13.613373 22.688955
211 206 0.002013 0.210212 13.613007 22.688345
212 207 0.001196 0.201559 13.614227 22.690378
213 208 0.000977 0.184059 13.596039 22.660065
214 209 0.001465 0.189252 13.592834 22.654724
215 210 0.001381 0.195346 13.591583 22.652639
216 211 0.000488 0.176697 13.563690 22.606150
217 212 0.000977 0.171782 13.548187 22.580313
218 213 0.001619 0.177763 13.542694 22.571157
219 214 0.001196 0.146209 13.540070 22.566782
220 215 0.001381 0.133491 13.534912 22.558187
221 216 0.000846 0.132542 13.552399 22.587332
222 217 0.001196 0.128488 13.546753 22.577921
223 218 0.000977 0.113703 13.531982 22.553305
224 219 0.001691 0.158326 13.511780 22.519632
225 220 0.001381 0.145244 13.493439 22.489065
226 221 0.000977 0.134936 13.481506 22.469177
227 222 0.000691 0.114969 13.475677 22.459463
228 223 0.000846 0.113537 13.468018 22.446695
229 224 0.000846 0.113921 13.472137 22.453562
230 225 0.000488 0.109031 13.466400 22.444000
231 226 0.001292 0.138330 13.463593 22.439322
232 227 0.001381 0.146688 13.464233 22.440390
233 228 0.002013 0.148540 13.463318 22.438864
234 229 0.002013 0.139257 13.462189 22.436981
235 230 0.003588 0.159218 13.457458 22.429098
236 231 0.003383 0.146562 13.446808 22.411346
237 232 0.003906 0.146088 13.435730 22.392883
238 233 0.002184 0.154744 13.435699 22.392832
239 234 0.002930 0.186287 13.425568 22.375946
240 235 0.001381 0.166545 13.420074 22.366791
241 236 0.000691 0.164102 13.419983 22.366638
242 237 0.000846 0.164591 13.410919 22.351532
243 238 0.001465 0.173672 13.406738 22.344564
244 239 0.001196 0.160536 13.391022 22.318369
245 240 0.001544 0.166932 13.384705 22.307840
246 241 0.001381 0.175658 13.372925 22.288208
247 242 0.001691 0.181385 13.360077 22.266794
248 243 0.001891 0.173160 13.359406 22.265676
249 244 0.002584 0.193930 13.365112 22.275187
250 245 0.001761 0.191387 13.366882 22.278137
251 246 0.000977 0.186472 13.363953 22.273254
252 247 0.000000 0.191496 13.367340 22.278900
253 248 0.002072 0.210109 13.362274 22.270456
254 249 0.000691 0.196974 13.356537 22.260895
255 250 0.000977 0.214125 13.348938 22.248230
256 251 0.000977 0.204475 13.346558 22.244263
257 252 0.001196 0.179195 13.349182 22.248636
258 253 0.000488 0.197110 13.344666 22.241110
259 254 0.000691 0.211425 13.338806 22.231344
260 255 0.000977 0.211772 13.332581 22.220968
261 256 0.001196 0.215657 13.331360 22.218933
262 257 0.001544 0.215512 13.321777 22.202963
263 258 0.001196 0.216479 13.321106 22.201843
264 259 0.001544 0.211527 13.321777 22.202963
265 260 0.001381 0.206065 13.322571 22.204285
266 261 0.001953 0.221532 13.318359 22.197266
267 262 0.001691 0.252244 13.325989 22.209982
268 263 0.001891 0.226108 13.318054 22.196756
269 264 0.000846 0.257408 13.316040 22.193399
270 265 0.000977 0.285912 13.314026 22.190042
271 266 0.000977 0.278961 13.312561 22.187601
272 267 0.000488 0.235626 13.313049 22.188416
273 268 0.000846 0.213981 13.313721 22.189535
274 269 0.000691 0.183175 13.310486 22.184143
275 270 0.000488 0.173079 13.310608 22.184347
276 271 0.000488 0.175264 13.305908 22.176514
277 272 0.000691 0.214519 13.312317 22.187195
278 273 0.000691 0.229989 13.313416 22.189026
279 274 0.001544 0.229367 13.314148 22.190247
280 275 0.000977 0.242071 13.314697 22.191162
281 276 0.001953 0.251427 13.315674 22.192789
282 277 0.001381 0.267133 13.311646 22.186075
283 278 0.001827 0.287788 13.310364 22.183939
284 279 0.000977 0.296491 13.309998 22.183329
285 280 0.000691 0.300025 13.308838 22.181396
286 281 0.001891 0.325574 13.313965 22.189941
287 282 0.001092 0.279653 13.312012 22.186686
288 283 0.001292 0.282782 13.312256 22.187094
289 284 0.002184 0.302316 13.310242 22.183737
290 285 0.002805 0.377324 13.311096 22.185160
291 286 0.002762 0.363429 13.305603 22.176004
292 287 0.003654 0.369106 13.307983 22.179972
293 288 0.003487 0.343303 13.307129 22.178549
294 289 0.002930 0.363170 13.309814 22.183023
295 290 0.001381 0.308965 13.312622 22.187704
296 291 0.000691 0.296172 13.323425 22.205709
297 292 0.000846 0.261954 13.321838 22.203064
298 293 0.000846 0.284292 13.321899 22.203165
299 294 0.001381 0.223112 13.325562 22.209269
300 295 0.001381 0.211165 13.319214 22.198690
301 296 0.000488 0.205649 13.324463 22.207438
302 297 0.000846 0.239268 13.327576 22.212626
303 298 0.000000 0.228291 13.330261 22.217102
304 299 0.000977 0.215309 13.330200 22.217001
305 300 0.001196 0.198487 13.336426 22.227377
306 301 0.000691 0.201847 13.339050 22.231750
307 302 0.000691 0.183442 13.337036 22.228394
308 303 0.000000 0.154274 13.345032 22.241720
309 304 0.000488 0.165858 13.345642 22.242737
310 305 0.000691 0.162132 13.345154 22.241922
311 306 0.001092 0.165506 13.347229 22.245382
312 307 0.001381 0.171128 13.349548 22.249247
313 308 0.002392 0.196545 13.345032 22.241720
314 309 0.001827 0.214221 13.347595 22.245993
315 310 0.001381 0.230688 13.342224 22.237040
316 311 0.000977 0.207835 13.332764 22.221273
317 312 0.001381 0.208888 13.322510 22.204184
318 313 0.001196 0.210829 13.325500 22.209167
319 314 0.000488 0.229170 13.344055 22.240091
320 315 0.001691 0.218576 13.304077 22.173462
321 316 0.000000 0.257320 13.296143 22.160238
322 317 0.001891 0.281335 13.290649 22.151083
323 318 0.001381 0.291169 13.279175 22.131958
324 319 0.001196 0.250423 13.249023 22.081705
325 320 0.000691 0.245665 13.284363 22.140604
326 321 0.000846 0.247528 13.284302 22.140503
327 322 0.002013 0.228050 13.290039 22.150064
328 323 0.000691 0.225782 13.292542 22.154236
329 324 0.001196 0.233917 13.289001 22.148336
330 325 0.001196 0.246936 13.299866 22.166443
331 326 0.001092 0.239202 13.301880 22.169800
332 327 0.000691 0.219934 13.294556 22.157593
333 328 0.001292 0.169543 13.297302 22.162170
334 329 0.000977 0.150935 13.299133 22.165222
335 330 0.000977 0.143829 13.296143 22.160238
336 331 0.001092 0.135457 13.299927 22.166544
337 332 0.000488 0.145171 13.306091 22.176819
338 333 0.001292 0.191671 13.304199 22.173666
339 334 0.002490 0.219497 13.306641 22.177734
340 335 0.002629 0.224728 13.311401 22.185669
341 336 0.002629 0.224451 13.305847 22.176413
342 337 0.002072 0.232937 13.310364 22.183939
343 338 0.002128 0.206495 13.297852 22.163086
344 339 0.001196 0.210678 13.298035 22.163391
345 340 0.001292 0.206039 13.291504 22.152506
346 341 0.000977 0.222145 13.286804 22.144674
347 342 0.001292 0.221349 13.278870 22.131449
348 343 0.000977 0.216183 13.284058 22.140097
349 344 0.000846 0.220598 13.277954 22.129923
350 345 0.001092 0.213697 13.276855 22.128092
351 346 0.000977 0.198322 13.274963 22.124939
352 347 0.000488 0.169312 13.271790 22.119650
353 348 0.001092 0.189115 13.264465 22.107443
354 349 0.001196 0.162752 13.260864 22.101440
355 350 0.001292 0.152291 13.261108 22.101847
356 351 0.000000 0.147143 13.263428 22.105713
357 352 0.000488 0.190016 13.262329 22.103882
358 353 0.000691 0.181891 13.268311 22.113852
359 354 0.000977 0.200194 13.275757 22.126261
360 355 0.000846 0.221896 13.270874 22.118124
361 356 0.000846 0.235915 13.274658 22.124430
362 357 0.001092 0.208210 13.275940 22.126566
363 358 0.000846 0.218288 13.280029 22.133383
364 359 0.000977 0.247987 13.281677 22.136129
365 360 0.000846 0.248292 13.286499 22.144165
366 361 0.000691 0.255300 13.284973 22.141623
367 362 0.001465 0.260222 13.286499 22.144165
368 363 0.000977 0.262892 13.280945 22.134909
369 364 0.000846 0.211521 13.281494 22.135824
370 365 0.000691 0.234017 13.278931 22.131552
371 366 0.000000 0.267246 13.281128 22.135214
372 367 0.000000 0.244293 13.283630 22.139383
373 368 0.000691 0.253981 13.284668 22.141113
374 369 0.001092 0.301121 13.286621 22.144369
375 370 0.001381 0.323774 13.286682 22.144470
376 371 0.000977 0.291318 13.280518 22.134195
377 372 0.001092 0.330415 13.278748 22.131247
378 373 0.000691 0.305585 13.285645 22.142740
379 374 0.000691 0.282507 13.278137 22.130228
380 375 0.000977 0.250361 13.273254 22.122091
381 376 0.001196 0.238548 13.266418 22.110697
382 377 0.000977 0.225914 13.257385 22.095642
383 378 0.001196 0.197997 13.243530 22.072550
384 379 0.001544 0.183534 13.240784 22.067972
385 380 0.001544 0.179403 13.237976 22.063293
386 381 0.001196 0.174486 13.242493 22.070822
387 382 0.000977 0.176633 13.246704 22.077841
388 383 0.001381 0.178169 13.248169 22.080282
389 384 0.001544 0.192029 13.242371 22.070618
390 385 0.001465 0.171406 13.242737 22.071228
391 386 0.002392 0.174329 13.237671 22.062784
392 387 0.002629 0.150688 13.240479 22.067465
393 388 0.002584 0.179104 13.241516 22.069193
394 389 0.002584 0.191590 13.244385 22.073975
395 390 0.001691 0.189813 13.242981 22.071634
396 391 0.001092 0.201253 13.247498 22.079163
397 392 0.001544 0.181048 13.242554 22.070923
398 393 0.001381 0.177414 13.247131 22.078552
399 394 0.000000 0.171386 13.248047 22.080078
400 395 0.001092 0.181414 13.251160 22.085266
401 396 0.000977 0.207699 13.248962 22.081604
402 397 0.000977 0.234695 13.249939 22.083231
403 398 0.000691 0.232847 13.254089 22.090149
404 399 0.000691 0.241687 13.258362 22.097269
405 400 0.000488 0.226903 13.261047 22.101746
406 401 0.000691 0.193830 13.267883 22.113138
407 402 0.000691 0.180430 13.269226 22.115377
408 403 0.000846 0.185848 13.267395 22.112326
409 404 0.000977 0.191663 13.270020 22.116699
410 405 0.000846 0.212060 13.268433 22.114054
411 406 0.000977 0.210961 13.260986 22.101645
412 407 0.001292 0.205595 13.265930 22.109884
413 408 0.001196 0.189802 13.260376 22.100626
414 409 0.001196 0.192281 13.252930 22.088217
415 410 0.001827 0.196957 13.250549 22.084249
416 411 0.000000 0.200862 13.243530 22.072550
417 412 0.000977 0.208797 13.234619 22.057699
418 413 0.000846 0.220771 13.226562 22.044271
419 414 0.000691 0.215693 13.220581 22.034302
420 415 0.000691 0.230694 13.209045 22.015076
421 416 0.000977 0.228585 13.204102 22.006836
422 417 0.000488 0.236169 13.189819 21.983032
423 418 0.000977 0.226701 13.178955 21.964926
424 419 0.001619 0.206362 13.170471 21.950785
425 420 0.001092 0.198280 13.167236 21.945395
426 421 0.001381 0.207005 13.161804 21.936340
427 422 0.001827 0.199718 13.166748 21.944580
428 423 0.001691 0.203928 13.168396 21.947327
429 424 0.000977 0.221712 13.171997 21.953329
430 425 0.001092 0.209910 13.171631 21.952719
431 426 0.000846 0.218623 13.178467 21.964111
432 427 0.000691 0.218103 13.183289 21.972147
433 428 0.000691 0.220828 13.189453 21.982422
434 429 0.000000 0.204215 13.192322 21.987204
435 430 0.001292 0.207150 13.194336 21.990561
436 431 0.001544 0.189796 13.202576 22.004293
437 432 0.001827 0.188950 13.211121 22.018534
438 433 0.001891 0.186657 13.221436 22.035727
439 434 0.001953 0.210431 13.229919 22.049866
440 435 0.001544 0.216788 13.243286 22.072144
441 436 0.001381 0.211188 13.257263 22.095438
442 437 0.000977 0.241781 13.263611 22.106018
443 438 0.001196 0.236628 13.270203 22.117004
444 439 0.000691 0.195672 13.277344 22.128906
445 440 0.000691 0.198905 13.282349 22.137247
446 441 0.001761 0.209136 13.291626 22.152710
447 442 0.001196 0.202572 13.292297 22.153830
448 443 0.000691 0.221006 13.300293 22.167154
449 444 0.001196 0.273364 13.308105 22.180176
450 445 0.001381 0.249025 13.319214 22.198690
451 446 0.002013 0.213139 13.321655 22.202759
452 447 0.001761 0.195361 13.327148 22.211914
453 448 0.002072 0.178875 13.330078 22.216797
454 449 0.001196 0.179162 13.325439 22.209066
455 450 0.001465 0.197151 13.307617 22.179361
456 451 0.001953 0.197227 13.296875 22.161459
457 452 0.001827 0.188272 13.287964 22.146606
458 453 0.002072 0.207361 13.273804 22.123007
459 454 0.001761 0.208218 13.261230 22.102051
460 455 0.001196 0.201536 13.260498 22.100830
461 456 0.000691 0.192778 13.266602 22.111002
462 457 0.000000 0.190091 13.220703 22.034506
463 458 0.000000 0.181620 13.202271 22.003784
464 459 0.001381 0.202062 13.178833 21.964722
465 460 0.000691 0.207181 13.160889 21.934814
466 461 0.000488 0.225186 13.114746 21.857910
467 462 0.000977 0.199098 13.123047 21.871744
468 463 0.001092 0.175854 13.104614 21.841024
469 464 0.000846 0.157648 13.087769 21.812948
470 465 0.000691 0.169073 13.079224 21.798706
471 466 0.000691 0.166853 13.061768 21.769613
472 467 0.000488 0.165209 13.048096 21.746826
473 468 0.001196 0.170840 13.033691 21.722818
474 469 0.001092 0.185069 13.020508 21.700846
475 470 0.000488 0.200561 12.998291 21.663818
476 471 0.001196 0.229179 13.001587 21.669312
477 472 0.000691 0.215908 12.997681 21.662802
478 473 0.000977 0.195702 12.999268 21.665445
479 474 0.000846 0.181520 12.992554 21.654257
480 475 0.001292 0.175929 12.979980 21.633301
481 476 0.001292 0.165299 12.970459 21.617432
482 477 0.000846 0.210322 12.970581 21.617636
483 478 0.000000 0.229323 12.966797 21.611328
484 479 0.000846 0.227546 12.964600 21.607666
485 480 0.000846 0.196788 12.976807 21.628012
486 481 0.001196 0.227261 12.977417 21.629028
487 482 0.001292 0.221796 12.973267 21.622110
488 483 0.000691 0.214702 12.972412 21.620687
489 484 0.001092 0.222751 12.985107 21.641846
490 485 0.000488 0.245287 12.988647 21.647745
491 486 0.000977 0.222402 12.993164 21.655273
492 487 0.001196 0.225112 13.004395 21.673990
493 488 0.001691 0.229653 13.007812 21.679688
494 489 0.000977 0.205139 13.013184 21.688639
495 490 0.001196 0.211567 13.023071 21.705118
496 491 0.000977 0.213502 13.024292 21.707153
497 492 0.001619 0.237912 13.026611 21.711020
498 493 0.000000 0.250927 13.029663 21.716105
499 494 0.000846 0.262252 13.043457 21.739096
500 495 0.000691 0.249389 13.035034 21.725058
501 496 0.000977 0.276138 13.036377 21.727295
502 497 0.001092 0.289530 13.031738 21.719564
503 498 0.000691 0.276896 13.031006 21.718344
504 499 0.000977 0.298560 13.023560 21.705933
505 500 0.000000 0.277920 13.027222 21.712036
506 501 0.000691 0.234050 13.032593 21.720987
507 502 0.000000 0.219469 13.036255 21.727091
508 503 0.000691 0.233660 13.039917 21.733194
509 504 0.000977 0.209194 13.041260 21.735434
510 505 0.001196 0.208872 13.045654 21.742758
511 506 0.000977 0.202488 13.046021 21.743368
512 507 0.000488 0.199417 13.046509 21.744181
513 508 0.000488 0.184213 13.044312 21.740519
514 509 0.000691 0.205785 13.043701 21.739502
515 510 0.000488 0.227765 13.034546 21.724243
516 511 0.000488 0.274892 13.026611 21.711020
517 512 0.001196 0.315068 13.017700 21.696167
518 513 0.001381 0.385515 13.013428 21.689047
519 514 0.000691 0.433320 13.001953 21.669922
520 515 0.001827 0.453512 12.993042 21.655069
521 516 0.001544 0.401065 12.979980 21.633301
522 517 0.001381 0.396173 12.969116 21.615194
523 518 0.000691 0.338582 12.955444 21.592407
524 519 0.000488 0.289274 12.943359 21.572266
525 520 0.001196 0.257505 12.929321 21.548868
526 521 0.001196 0.290476 12.916016 21.526693
527 522 0.000000 0.250870 12.897705 21.496176
528 523 0.000000 0.275765 12.882812 21.471354
529 524 0.001292 0.251492 12.866211 21.443686
530 525 0.001292 0.244882 12.848022 21.413370
531 526 0.000000 0.221718 12.832031 21.386719
532 527 0.000000 0.233779 12.810913 21.351522
533 528 0.000977 0.237564 12.796143 21.326904
534 529 0.000000 0.258948 12.783569 21.305948
535 530 0.001196 0.244599 12.775635 21.292725
536 531 0.001691 0.299747 12.768677 21.281128
537 532 0.001619 0.312431 12.769897 21.283163
538 533 0.000691 0.328561 12.756592 21.260986
539 534 0.000000 0.332004 12.746216 21.243692
540 535 0.001196 0.354487 12.737915 21.229858
541 536 0.001381 0.324313 12.728516 21.214193
542 537 0.001691 0.323409 12.727051 21.211752
543 538 0.002072 0.353007 12.730835 21.218058
544 539 0.001827 0.333786 12.725342 21.208902
545 540 0.001891 0.339225 12.717529 21.195883
546 541 0.001827 0.323757 12.711060 21.185099
547 542 0.001381 0.320419 12.699951 21.166586
548 543 0.001544 0.305243 12.688843 21.148071
549 544 0.001544 0.294216 12.685303 21.142172
550 545 0.002290 0.275854 12.688721 21.147867
551 546 0.001891 0.274594 12.685669 21.142782
552 547 0.002184 0.279105 12.693115 21.155191
553 548 0.001465 0.245465 12.691895 21.153158
554 549 0.001092 0.261605 12.685913 21.143188
555 550 0.000977 0.247907 12.678223 21.130371
556 551 0.000977 0.236520 12.674927 21.124878
557 552 0.001381 0.220818 12.671997 21.119995
558 553 0.001691 0.249754 12.668335 21.113892
559 554 0.001619 0.281848 12.677124 21.128540
560 555 0.002184 0.302129 12.688477 21.147461
561 556 0.001761 0.300926 12.693115 21.155191
562 557 0.001544 0.371160 12.690796 21.151327
563 558 0.001196 0.396750 12.688477 21.147461
564 559 0.000691 0.340073 12.684570 21.140951
565 560 0.000488 0.361256 12.675537 21.125895
566 561 0.000977 0.368520 12.678711 21.131186
567 562 0.000691 0.272796 12.673096 21.121826
568 563 0.000000 0.236386 12.682373 21.137289
569 564 0.000691 0.282396 12.682251 21.137085
570 565 0.001196 0.255570 12.677979 21.129965
571 566 0.001196 0.263212 12.685669 21.142782
572 567 0.000846 0.289580 12.699463 21.165771
573 568 0.001891 0.267225 12.704712 21.174520
574 569 0.001619 0.247119 12.716797 21.194662
575 570 0.002184 0.239536 12.731445 21.219076
576 571 0.001827 0.249171 12.736084 21.226807
577 572 0.001691 0.267174 12.741699 21.236166
578 573 0.000977 0.282618 12.754150 21.256918
579 574 0.000691 0.312732 12.763428 21.272379
580 575 0.000691 0.360953 12.775513 21.292521
581 576 0.001761 0.363371 12.790527 21.317545
582 577 0.000846 0.331464 12.796997 21.328329
583 578 0.001691 0.316756 12.803955 21.339926
584 579 0.001891 0.295304 12.814453 21.357422
585 580 0.002238 0.229743 12.820435 21.367392
586 581 0.002584 0.181822 12.826172 21.376953
587 582 0.003202 0.156519 12.832764 21.387939
588 583 0.002441 0.162852 12.841675 21.402792
589 584 0.002392 0.138576 12.848267 21.413778
590 585 0.002674 0.160366 12.855957 21.426596
591 586 0.001619 0.185998 12.863525 21.439209
592 587 0.001827 0.207848 12.878052 21.463419
593 588 0.002490 0.220544 12.890137 21.483561
594 589 0.001619 0.262366 12.900391 21.500650
595 590 0.001196 0.256524 12.915649 21.526083
596 591 0.001691 0.311337 12.997559 21.662598
597 592 0.002072 0.246127 12.954346 21.590576
598 593 0.001292 0.197579 12.974854 21.624756
599 594 0.001544 0.189649 12.991577 21.652628
600 595 0.001092 0.226787 13.029419 21.715698
601 596 0.000977 0.192041 12.978760 21.631266
602 597 0.000977 0.249301 13.051636 21.752726
603 598 0.000846 0.258619 13.066650 21.777750
604 599 0.001196 0.244884 13.097290 21.828817
605 600 0.000846 0.210664 13.092285 21.820475
606 601 0.001381 0.210603 13.111816 21.853027
607 602 0.001619 0.230924 13.141479 21.902466
608 603 0.002013 0.240490 13.151855 21.919760
609 604 0.001827 0.220761 13.150513 21.917521
610 605 0.001196 0.237604 13.179443 21.965738
611 606 0.000977 0.237009 13.186646 21.977743
612 607 0.001465 0.223916 13.188477 21.980795
613 608 0.001465 0.258908 13.206055 22.010092
614 609 0.000000 0.322435 13.224365 22.040609
615 610 0.000977 0.297301 13.226929 22.044882
616 611 0.000488 0.320567 13.244019 22.073364
617 612 0.000846 0.291609 13.256958 22.094931
618 613 0.000977 0.290201 13.267578 22.112631
619 614 0.000691 0.280303 13.276367 22.127279
620 615 0.000691 0.294883 13.295654 22.159424
621 616 0.001092 0.308200 13.311401 22.185669
622 617 0.001092 0.322968 13.325806 22.209677
623 618 0.001196 0.308243 13.333496 22.222494
624 619 0.000846 0.272123 13.363037 22.271729
625 620 0.000691 0.262722 13.370972 22.284952
626 621 0.000000 0.224585 13.386841 22.311401
627 622 0.000000 0.259027 13.405273 22.342123
628 623 0.001619 0.302854 13.428711 22.381186
629 624 0.001292 0.300000 13.440186 22.400309
630 625 0.001196 0.319502 13.465454 22.442423
631 626 0.001544 0.351876 13.485352 22.475586
632 627 0.000846 0.330057 13.501465 22.502441
633 628 0.001761 0.292092 13.512451 22.520752
634 629 0.002342 0.331959 13.546753 22.577921
635 630 0.002128 0.296301 13.540283 22.567139
636 631 0.001196 0.242875 13.555054 22.591757
637 632 0.002537 0.233303 13.576538 22.627563
638 633 0.001691 0.254306 13.597168 22.661947
639 634 0.000000 0.250683 13.603516 22.672525
640 635 0.000846 0.305912 13.638794 22.731323
641 636 0.000977 0.367663 13.650635 22.751059
642 637 0.001827 0.340702 13.659302 22.765503
643 638 0.001196 0.294980 13.668579 22.780966
644 639 0.000977 0.281592 13.661133 22.768555
645 640 0.000691 0.258641 13.660767 22.767944
646 641 0.001196 0.190410 13.659912 22.766520
647 642 0.000846 0.193643 13.657471 22.762451
648 643 0.000977 0.215553 13.658447 22.764078
649 644 0.000488 0.220129 13.661377 22.768961
650 645 0.000488 0.213744 13.662109 22.770182
651 646 0.000488 0.230944 13.657593 22.762655
652 647 0.000691 0.208003 13.648682 22.747803
653 648 0.001292 0.230702 13.649048 22.748413
654 649 0.000691 0.222256 13.645996 22.743326
655 650 0.001292 0.224499 13.643066 22.738443
656 651 0.001691 0.230351 13.648438 22.747396
657 652 0.002342 0.238994 13.647583 22.745972
658 653 0.002184 0.208646 13.643921 22.739868
659 654 0.001092 0.193959 13.639893 22.733154
660 655 0.000977 0.168845 13.642700 22.737833
661 656 0.001891 0.163923 13.640137 22.733561
662 657 0.002584 0.175279 13.641357 22.735596
663 658 0.002128 0.181733 13.641113 22.735189
664 659 0.001544 0.202834 13.642822 22.738037
665 660 0.001092 0.225710 13.636597 22.727661
666 661 0.000846 0.245010 13.630859 22.718100
667 662 0.000488 0.249545 13.627563 22.712606
668 663 0.000488 0.269541 13.631104 22.718506
669 664 0.001381 0.289191 13.627441 22.712402
670 665 0.001691 0.275837 13.626343 22.710571
671 666 0.000000 0.321903 13.631348 22.718912
672 667 0.001891 0.303836 13.631226 22.718710
673 668 0.000846 0.290138 13.624268 22.707113
674 669 0.001196 0.245818 13.615234 22.692057
675 670 0.000691 0.244758 13.601318 22.668863
676 671 0.000488 0.209074 13.582886 22.638144
677 672 0.000977 0.203301 13.569824 22.616373
678 673 0.000488 0.162275 13.551025 22.585043
679 674 0.000488 0.169065 13.539917 22.566528
680 675 0.000000 0.174489 13.529663 22.549438
681 676 0.000488 0.156216 13.515381 22.525635
682 677 0.000977 0.163962 13.510498 22.517496
683 678 0.000691 0.195352 13.502563 22.504272
684 679 0.001196 0.197828 13.498657 22.497763
685 680 0.001381 0.175620 13.492310 22.487183
686 681 0.001381 0.185728 13.495361 22.492270
687 682 0.000846 0.174004 13.495239 22.492065
688 683 0.000691 0.167727 13.492432 22.487387
689 684 0.000691 0.181901 13.490479 22.484131
690 685 0.000488 0.221012 13.494629 22.491049
691 686 0.000691 0.238243 13.484619 22.474365
692 687 0.000488 0.271162 13.478027 22.463379
693 688 0.000977 0.288716 13.472290 22.453817
694 689 0.000488 0.300291 13.457642 22.429403
695 690 0.000000 0.280792 13.439819 22.399698
696 691 0.000846 0.274860 13.423950 22.373251
697 692 0.001381 0.288895 13.404053 22.340088
698 693 0.000977 0.292228 13.385742 22.309570
699 694 0.000846 0.291668 13.370483 22.284140
700 695 0.001196 0.287872 13.361816 22.269693
701 696 0.000691 0.305815 13.358032 22.263388
702 697 0.000000 0.282249 13.355103 22.258505
703 698 0.000977 0.273186 13.352295 22.253824
704 699 0.000977 0.299219 13.350708 22.251181
705 700 0.001092 0.314695 13.343506 22.239176
706 701 0.001196 0.311459 13.340820 22.234701
707 702 0.002238 0.342203 13.337769 22.229614
708 703 0.001196 0.382294 13.333862 22.223104
709 704 0.001381 0.375854 13.324341 22.207235
710 705 0.001619 0.372063 13.314087 22.190145
711 706 0.001691 0.368619 13.304932 22.174887
712 707 0.001196 0.347038 13.289429 22.149048
713 708 0.000977 0.327474 13.273560 22.122599
714 709 0.000691 0.251267 13.262695 22.104492
715 710 0.001092 0.231141 13.249023 22.081705
716 711 0.000977 0.233410 13.234619 22.057699
717 712 0.000000 0.218024 13.210083 22.016806
718 713 0.000977 0.223649 13.190552 21.984253
719 714 0.001381 0.236512 13.172119 21.953531
720 715 0.000691 0.259207 13.151001 21.918335
721 716 0.001292 0.281036 13.130371 21.883951
722 717 0.001465 0.286500 13.114136 21.856894
723 718 0.002342 0.262817 13.092651 21.821085
724 719 0.000691 0.279645 13.069946 21.783243
725 720 0.000488 0.259909 13.042725 21.737875
726 721 0.000000 0.231176 13.013794 21.689657
727 722 0.000000 0.194763 12.991699 21.652832
728 723 0.000977 0.203964 12.967041 21.611734
729 724 0.000488 0.210049 12.934692 21.557821
730 725 0.001196 0.222183 12.913330 21.522217
731 726 0.001953 0.219572 12.883423 21.472372
732 727 0.002184 0.242651 12.856201 21.427002
733 728 0.001827 0.242709 12.823242 21.372070
734 729 0.001544 0.226922 12.790039 21.316732
735 730 0.001196 0.234758 12.767334 21.278891
736 731 0.001465 0.241803 12.746460 21.244101
737 732 0.001619 0.251155 12.722046 21.203409
738 733 0.001691 0.248320 12.700806 21.168009
739 734 0.002889 0.241528 12.684814 21.141357
740 735 0.003906 0.239248 12.664551 21.107584
741 736 0.001827 0.220371 12.645874 21.076456
742 737 0.001292 0.231417 12.624756 21.041260
743 738 0.002441 0.245570 12.611084 21.018473
744 739 0.000488 0.231515 12.595947 20.993246
745 740 0.000488 0.240182 12.576660 20.961100
746 741 0.001196 0.252634 12.551270 20.918783
747 742 0.001196 0.248471 12.530762 20.884604
748 743 0.001196 0.240772 12.509888 20.849813
749 744 0.001761 0.254429 12.491943 20.819906
750 745 0.001465 0.240650 12.473389 20.788980
751 746 0.001827 0.241525 12.456787 20.761312
752 747 0.001827 0.215569 12.436646 20.727743
753 748 0.002490 0.210924 12.409668 20.682779
754 749 0.002290 0.232115 12.379028 20.631714
755 750 0.001761 0.232130 12.356201 20.593668
756 751 0.001465 0.225889 12.329346 20.548910
757 752 0.001619 0.235567 12.302612 20.504354
758 753 0.001196 0.225839 12.279785 20.466309
759 754 0.001196 0.188402 12.261719 20.436197
760 755 0.000691 0.166753 12.229736 20.382895
761 756 0.000691 0.165113 12.204834 20.341391
762 757 0.000691 0.162356 12.177979 20.296631
763 758 0.000000 0.174196 12.152832 20.254721
764 759 0.001196 0.174993 12.132446 20.220743
765 760 0.000977 0.218068 12.119263 20.198771
766 761 0.001092 0.209651 12.104126 20.173544
767 762 0.001292 0.208439 12.093018 20.155029
768 763 0.001292 0.184891 12.078491 20.130819
769 764 0.001292 0.204339 12.071899 20.119833
770 765 0.001691 0.169028 12.057251 20.095419
771 766 0.000977 0.170354 12.045776 20.076294
772 767 0.000691 0.163967 12.033569 20.055948
773 768 0.000488 0.159425 12.020996 20.034994
774 769 0.000691 0.158502 12.004517 20.007528
775 770 0.000691 0.210249 11.983032 19.971720
776 771 0.000488 0.251207 11.963379 19.938965
777 772 0.000488 0.279031 11.942505 19.904175
778 773 0.001292 0.314370 11.922729 19.871216
779 774 0.002290 0.314059 11.894653 19.824423
780 775 0.001761 0.280976 11.871826 19.786377
781 776 0.001953 0.228533 11.849243 19.748739
782 777 0.001381 0.206021 11.826172 19.710287
783 778 0.001292 0.174579 11.799072 19.665121
784 779 0.000691 0.146319 11.776489 19.627481
785 780 0.001465 0.136675 11.753174 19.588623
786 781 0.001691 0.139129 11.726318 19.543863
787 782 0.002290 0.134280 11.691895 19.486490
788 783 0.001761 0.134414 11.671509 19.452515
789 784 0.001691 0.169468 11.636475 19.394125
790 785 0.001292 0.171809 11.605103 19.341837
791 786 0.001292 0.168662 11.573486 19.289145
792 787 0.001196 0.155087 11.547485 19.245810
793 788 0.001196 0.139244 11.518433 19.197388
794 789 0.001544 0.133631 11.490234 19.150391
795 790 0.001092 0.132455 11.466187 19.110312
796 791 0.001381 0.137691 11.440674 19.067789
797 792 0.000691 0.123409 11.405518 19.009195
798 793 0.001381 0.121166 11.380371 18.967285
799 794 0.000691 0.122131 11.354370 18.923950
800 795 0.000000 0.111668 11.323853 18.873087
801 796 0.000000 0.110751 11.298584 18.830973
802 797 0.000977 0.169308 11.278564 18.797607
803 798 0.000691 0.175235 11.247803 18.746338
804 799 0.002674 0.151198 11.213013 18.688354
805 800 0.000846 0.196096 11.178711 18.631186
806 801 0.001761 0.207269 11.143311 18.572184
807 802 0.001196 0.177067 11.124390 18.540649
808 803 0.000488 0.175603 11.101685 18.502808
809 804 0.003088 0.194886 11.092041 18.486734
810 805 0.000691 0.158206 11.086914 18.478189
811 806 0.000977 0.159433 11.074707 18.457846
812 807 0.001196 0.166025 11.054321 18.423868
813 808 0.000977 0.185011 11.042358 18.403931
814 809 0.001196 0.198260 11.036987 18.394979
815 810 0.000846 0.181624 11.010864 18.351440
816 811 0.000000 0.155664 10.994629 18.324381
817 812 0.000000 0.153097 10.984375 18.307291
818 813 0.000000 0.131740 10.967773 18.279623
819 814 0.001381 0.108949 10.946045 18.243408
820 815 0.001196 0.118192 10.939209 18.232016
821 816 0.001092 0.111590 10.924438 18.207397
822 817 0.001092 0.103293 10.903931 18.173218
823 818 0.000000 0.104182 10.882812 18.138021
824 819 0.000977 0.112382 10.861938 18.103231
825 820 0.000846 0.092710 10.840576 18.067627
826 821 0.000000 0.114828 10.829346 18.048910
827 822 0.000691 0.102354 10.825806 18.043009
828 823 0.000691 0.114277 10.804321 18.007202
829 824 0.000977 0.118304 10.775269 17.958780
830 825 0.000977 0.133253 10.764404 17.940674
831 826 0.000691 0.116437 10.740234 17.900391
832 827 0.000488 0.122035 10.705811 17.843018
833 828 0.000488 0.134157 10.690063 17.816772
834 829 0.000000 0.110964 10.686768 17.811279
835 830 0.000488 0.134051 10.660645 17.767740
836 831 0.000691 0.163761 10.647339 17.745565
837 832 0.000846 0.191024 10.635986 17.726645
838 833 0.000691 0.164163 10.623047 17.705078
839 834 0.001381 0.177823 10.604736 17.674561
840 835 0.001381 0.155008 10.585327 17.642212
841 836 0.001381 0.151286 10.559326 17.598877
842 837 0.000977 0.129047 10.544678 17.574463
843 838 0.000691 0.130672 10.498413 17.497355
844 839 0.000846 0.132379 10.458862 17.431437
845 840 0.000691 0.127389 10.411499 17.352499
846 841 0.000691 0.105169 10.367065 17.278442
847 842 0.001619 0.112078 10.296509 17.160849
848 843 0.000977 0.111923 10.252686 17.087809
849 844 0.001544 0.136314 10.194702 16.991171
850 845 0.001092 0.107893 10.141724 16.902872
851 846 0.001092 0.200658 10.098145 16.830240
852 847 0.001381 0.208364 10.046631 16.744385
853 848 0.000977 0.191331 10.000488 16.667480
854 849 0.000977 0.179741 9.959473 16.599121
855 850 0.001544 0.199206 9.916504 16.527506
856 851 0.001092 0.105682 9.871338 16.452230
857 852 0.000691 0.122334 9.841553 16.402588
858 853 0.000977 0.110518 9.807373 16.345621
859 854 0.000000 0.102064 9.762451 16.270752
860 855 0.000846 0.072007 9.721436 16.202393
861 856 0.000691 0.077769 9.664062 16.106771
862 857 0.000000 0.075153 9.602295 16.003824
863 858 0.000000 0.086119 9.530273 15.883789
864 859 0.000977 0.079872 9.457275 15.762126
865 860 0.001196 0.098976 9.382080 15.636800
866 861 0.000000 0.085899 9.306396 15.510661
867 862 0.000691 0.079348 9.234863 15.391438
868 863 0.000977 0.079295 9.165527 15.275879
869 864 0.000488 0.086065 9.096436 15.160726
870 865 0.000691 0.085611 9.029297 15.048828
871 866 0.000488 0.085093 8.955566 14.925944
872 867 0.000691 0.087554 8.872314 14.787190
873 868 0.001092 0.074911 8.785156 14.641927
874 869 0.000977 0.069932 8.697998 14.496663
875 870 0.000846 0.071328 8.608643 14.347737
876 871 0.001092 0.068564 8.520752 14.201253
877 872 0.001292 0.064268 8.431885 14.053142
878 873 0.001196 0.062145 8.350342 13.917236
879 874 0.001292 0.059212 8.254639 13.757731
880 875 0.000977 0.065384 8.180908 13.634847
881 876 0.000846 0.067262 8.113281 13.522136
882 877 0.001381 0.054803 8.026123 13.376872
883 878 0.001196 0.057606 7.970215 13.283691
884 879 0.000691 0.065061 7.931885 13.219808
885 880 0.001092 0.066338 7.851074 13.085124
886 881 0.000977 0.064769 7.805664 13.009440
887 882 0.000977 0.082128 7.754150 12.923584
888 883 0.001381 0.078773 7.719238 12.865397
889 884 0.000000 0.071956 7.692139 12.820231
890 885 0.001544 0.087624 7.654297 12.757161
891 886 0.001196 0.080393 7.635254 12.725423
892 887 0.001196 0.087304 7.662598 12.770996
893 888 0.001544 0.081246 7.593994 12.656657
894 889 0.001827 0.083585 7.584717 12.641194
895 890 0.000691 0.089068 7.559326 12.598877
896 891 0.001196 0.098899 7.558350 12.597249
897 892 0.002584 0.095009 7.555664 12.592773
898 893 0.000691 0.105802 7.543213 12.572021
899 894 0.001381 0.098839 7.541992 12.569987
900 895 0.001381 0.078417 7.593262 12.655437
901 896 0.002128 0.099178 7.516113 12.526855
902 897 0.000691 0.086812 7.504150 12.506917
903 898 0.001544 0.094737 7.493652 12.489421
904 899 0.001544 0.086011 7.486816 12.478027
905 900 0.000846 0.072953 7.491211 12.485352
906 901 0.000691 0.066876 7.481689 12.469482
907 902 0.000846 0.067830 7.478516 12.464192
908 903 0.001381 0.096969 7.537842 12.563069
909 904 0.000691 0.059631 7.474609 12.457683
910 905 0.001381 0.058604 7.465088 12.441813
911 906 0.001292 0.058370 7.468750 12.447917
912 907 0.001691 0.056457 7.459961 12.433269
913 908 0.001544 0.056809 7.452881 12.421468
914 909 0.002184 0.051381 7.453125 12.421875
915 910 0.002128 0.044599 7.448730 12.414551
916 911 0.001092 0.078813 7.503906 12.506511
917 912 0.000691 0.059955 7.454346 12.423909
918 913 0.000846 0.067665 7.454590 12.424316
919 914 0.000977 0.046103 7.504395 12.507324
920 915 0.001196 0.074479 7.458984 12.431641
921 916 0.001465 0.075782 7.459717 12.432861
922 917 0.001827 0.072201 7.468262 12.447103
923 918 0.002184 0.073816 7.472900 12.454834
924 919 0.001761 0.080156 7.473877 12.456462
925 920 0.001691 0.067076 7.488770 12.481282
926 921 0.001761 0.077455 7.490234 12.483724
927 922 0.001381 0.043298 7.535156 12.558594
928 923 0.001827 0.093159 7.515137 12.525228
929 924 0.001619 0.078267 7.526367 12.543945
930 925 0.001619 0.093618 7.542236 12.570394
931 926 0.001544 0.080182 7.561279 12.602132
932 927 0.001292 0.064546 7.575439 12.625732
933 928 0.000846 0.057398 7.589111 12.648519
934 929 0.000846 0.055867 7.594482 12.657471
935 930 0.000977 0.062594 7.629395 12.715657
936 931 0.001092 0.048207 7.617188 12.695312
937 932 0.000488 0.067510 7.620361 12.700603
938 933 0.001092 0.070591 7.643799 12.739665
939 934 0.001092 0.081591 7.637451 12.729085
940 935 0.001092 0.098400 7.634766 12.724609
941 936 0.001196 0.132950 7.641113 12.735188
942 937 0.001544 0.145665 7.641357 12.735596
943 938 0.000977 0.143502 7.645264 12.742106
944 939 0.001544 0.157665 7.656494 12.760823
945 940 0.001092 0.151289 7.654297 12.757161
946 941 0.001691 0.149565 7.654297 12.757161
947 942 0.000977 0.147062 7.656494 12.760823
948 943 0.001691 0.148298 7.641602 12.736003
949 944 0.000488 0.135672 7.644531 12.740886
950 945 0.000977 0.132005 7.635010 12.725017
951 946 0.000691 0.163762 7.625488 12.709147
952 947 0.000977 0.171590 7.632080 12.720134
953 948 0.000977 0.194447 7.632080 12.720134
954 949 0.001465 0.210026 7.614258 12.690430
955 950 0.001196 0.216884 7.649658 12.749431
956 951 0.000691 0.174967 7.658936 12.764893
957 952 0.000846 0.153225 7.680176 12.800293
958 953 0.000846 0.139875 7.693604 12.822673
959 954 0.001196 0.127057 7.707764 12.846272
960 955 0.001544 0.117525 7.728516 12.880859
961 956 0.001381 0.135803 7.747803 12.913005
962 957 0.001292 0.198615 7.735352 12.892253
963 958 0.000977 0.172882 7.793457 12.989095
964 959 0.001196 0.190260 7.819580 13.032634
965 960 0.001827 0.245811 7.816406 13.027344
966 961 0.002184 0.225099 7.880127 13.133545
967 962 0.001465 0.212310 7.908203 13.180339
968 963 0.002072 0.212806 7.936279 13.227132
969 964 0.001761 0.224270 7.971436 13.285726
970 965 0.001381 0.232481 8.004150 13.340251
971 966 0.000846 0.243960 8.026367 13.377278
972 967 0.000000 0.248082 8.065186 13.441976
973 968 0.000977 0.269209 8.073975 13.456624
974 969 0.001381 0.235253 8.125488 13.542480
975 970 0.001465 0.210417 8.164062 13.606771
976 971 0.001381 0.211124 8.183105 13.638509
977 972 0.001196 0.182314 8.232666 13.721110
978 973 0.001196 0.160154 8.271240 13.785400
979 974 0.000977 0.168591 8.306152 13.843587
980 975 0.000488 0.185547 8.337646 13.896077
981 976 0.000000 0.183030 8.387451 13.979085
982 977 0.000691 0.203334 8.417236 14.028728
983 978 0.000846 0.220126 8.450928 14.084880
984 979 0.001196 0.213191 8.474121 14.123535
985 980 0.000977 0.179913 8.501953 14.169922
986 981 0.000000 0.154502 8.506592 14.177653
987 982 0.000691 0.139133 8.517334 14.195557
988 983 0.000488 0.109475 8.524170 14.206950
989 984 0.000488 0.100262 8.526367 14.210612
990 985 0.000488 0.091041 8.529297 14.215495
991 986 0.000977 0.087262 8.535645 14.226074
992 987 0.000000 0.092033 8.535400 14.225667
993 988 0.000488 0.096773 8.542725 14.237874
994 989 0.000977 0.089905 8.546387 14.243978
995 990 0.000000 0.090994 8.553223 14.255371
996 991 0.000846 0.104599 8.559570 14.265950
997 992 0.000846 0.100230 8.565918 14.276530
998 993 0.000488 0.114831 8.566162 14.276937
999 994 0.000488 0.116587 8.571533 14.285889
1000 995 0.000488 0.112805 8.571045 14.285075
1001 996 0.000977 0.106197 8.567139 14.278564
1002 997 0.000691 0.107572 8.554199 14.256999
1003 998 0.000691 0.098752 8.536377 14.227295
1004 999 0.000846 0.106101 8.504395 14.173991
1005 1000 0.000977 0.097147 8.472168 14.120280
1006 1001 0.000691 0.094136 8.436035 14.060059
1007 1002 0.000691 0.097872 8.403564 14.005940
1008 1003 0.001196 0.090784 8.371094 13.951823
1009 1004 0.000977 0.075418 8.341553 13.902588
1010 1005 0.001092 0.080838 8.312012 13.853353
1011 1006 0.000977 0.079331 8.264893 13.774821
1012 1007 0.000846 0.054301 8.224609 13.707683
1013 1008 0.000691 0.058219 8.167969 13.613281
1014 1009 0.000691 0.075157 8.104980 13.508301
1015 1010 0.001544 0.081364 8.051758 13.419597
1016 1011 0.001381 0.091633 7.985107 13.308513
1017 1012 0.001544 0.105112 7.928223 13.213704
1018 1013 0.001465 0.097232 7.857910 13.096517
1019 1014 0.001544 0.113830 7.781006 12.968343
1020 1015 0.000488 0.109271 7.723389 12.872314
1021 1016 0.000846 0.114004 7.648682 12.747803
1022 1017 0.000488 0.151909 7.550537 12.584229
1023 1018 0.001292 0.136436 7.525146 12.541911
1024 1019 0.001381 0.119877 7.457275 12.428792
1025 1020 0.001953 0.108880 7.434814 12.391357
1026 1021 0.001465 0.116383 7.408447 12.347412
1027 1022 0.001092 0.110693 7.376465 12.294108
1028 1023 0.001691 0.117064 7.385010 12.308350
1029 1024 0.001827 0.118515 7.374023 12.290039
1030 1025 0.001196 0.165487 7.296875 12.161458
1031 1026 0.001292 0.155871 7.358154 12.263591
1032 1027 0.002072 0.194080 7.343262 12.238770
1033 1028 0.001292 0.191299 7.354248 12.257080
1034 1029 0.001381 0.219437 7.331787 12.219646
1035 1030 0.000977 0.221272 7.292969 12.154948
1036 1031 0.001381 0.226727 7.293945 12.156575
1037 1032 0.001619 0.195034 7.267090 12.111816
1038 1033 0.001953 0.225357 7.128418 11.880696
1039 1034 0.001544 0.169385 7.233887 12.056478
1040 1035 0.002584 0.158683 7.224121 12.040202
1041 1036 0.002072 0.132034 7.217041 12.028401
1042 1037 0.001761 0.140757 7.199707 11.999512
1043 1038 0.002184 0.150835 7.190674 11.984456
1044 1039 0.002674 0.167378 7.175537 11.959229
1045 1040 0.002013 0.159966 7.168945 11.948242
1046 1041 0.001292 0.302328 7.031494 11.719157
1047 1042 0.001381 0.148788 7.147705 11.912842
1048 1043 0.000846 0.171854 7.148682 11.914470
1049 1044 0.001544 0.178054 7.136475 11.894124
1050 1045 0.002072 0.207992 7.135010 11.891683
1051 1046 0.002847 0.153678 7.152100 11.920166
1052 1047 0.002584 0.191000 7.136963 11.894938
1053 1048 0.002629 0.151623 7.158447 11.930745
1054 1049 0.001761 0.218110 7.070312 11.783854
1055 1050 0.001381 0.114887 7.172119 11.953532
1056 1051 0.001761 0.127501 7.181885 11.969808
1057 1052 0.002719 0.242265 7.107422 11.845703
1058 1053 0.001292 0.145750 7.203125 12.005208
1059 1054 0.001827 0.193279 7.215576 12.025960
1060 1055 0.002762 0.153219 7.231445 12.052409
1061 1056 0.002128 0.178550 7.227539 12.045898
1062 1057 0.001953 0.190141 7.237549 12.062581
1063 1058 0.001544 0.189799 7.243164 12.071940
1064 1059 0.000488 0.157075 7.266113 12.110188
1065 1060 0.003010 0.316237 7.201416 12.002360
1066 1061 0.001381 0.179614 7.300293 12.167155
1067 1062 0.001196 0.167976 7.315430 12.192383
1068 1063 0.002674 0.164444 7.310791 12.184651
1069 1064 0.003010 0.180118 7.318604 12.197673
1070 1065 0.000977 0.185753 7.332764 12.221272
1071 1066 0.001544 0.217139 7.333008 12.221680
1072 1067 0.002013 0.234494 7.354248 12.257080
1073 1068 0.002013 0.333610 7.318848 12.198079
1074 1069 0.001465 0.274645 7.377441 12.295735
1075 1070 0.001827 0.252777 7.410645 12.351074
1076 1071 0.001292 0.272628 7.423828 12.373047
1077 1072 0.002184 0.269879 7.471924 12.453206
1078 1073 0.000691 0.268458 7.517822 12.529704
1079 1074 0.001092 0.293346 7.541016 12.568359
1080 1075 0.001196 0.293036 7.584229 12.640381
1081 1076 0.001619 0.314816 7.604004 12.673340
1082 1077 0.001381 0.295993 7.644287 12.740479
1083 1078 0.002290 0.253521 7.706787 12.844646
1084 1079 0.001691 0.272819 7.728027 12.880046
1085 1080 0.001891 0.235924 7.774414 12.957356
1086 1081 0.001619 0.251506 7.816406 13.027344
1087 1082 0.001619 0.230577 7.858398 13.097331
1088 1083 0.001619 0.245163 7.890625 13.151042
1089 1084 0.001761 0.230720 7.956055 13.260091
1090 1085 0.001465 0.265090 7.986816 13.311360
1091 1086 0.001619 0.273162 8.028076 13.380127
1092 1087 0.001196 0.272384 8.080322 13.467204
1093 1088 0.000846 0.298850 8.121094 13.535156
1094 1089 0.001092 0.282227 8.169678 13.616130
1095 1090 0.000977 0.282091 8.222168 13.703613
1096 1091 0.000977 0.258938 8.273682 13.789470
1097 1092 0.000691 0.250529 8.317871 13.863118
1098 1093 0.000977 0.208876 8.392334 13.987224
1099 1094 0.000977 0.272923 8.389648 13.982747
1100 1095 0.001292 0.267624 8.446777 14.077962
