10 5 0.000277 0.017065 4.660241 7.767068
11 6 0.000235 0.012635 4.650654 7.751091
12 7 0.000148 0.015879 4.663862 7.773103
13 8 0.000000 0.013725 4.618048 7.696747
14 9 0.000150 0.016351 4.598706 7.664510
15 10 0.000213 0.020940 4.576788 7.627980
16 11 0.000107 0.024550 4.558037 7.596728
17 12 0.000000 0.023320 4.508258 7.513763
18 13 0.000000 0.021387 4.521172 7.535286
19 14 0.000153 0.017020 4.502988 7.504980
20 15 0.000154 0.011505 4.486614 7.477690
21 16 0.000154 0.007904 4.469842 7.449737
22 17 0.000190 0.007671 4.449765 7.416276
23 18 0.000270 0.005841 4.427015 7.378359
24 19 0.000222 0.005393 4.404289 7.340482
25 20 0.000158 0.004030 4.375298 7.292162
26 21 0.000275 0.004842 4.344751 7.241252
27 22 0.000320 0.005413 4.321766 7.202943
28 23 0.000162 0.007517 4.274384 7.123972
29 24 0.000000 0.007910 4.229446 7.049078
30 25 0.000117 0.008262 4.180698 6.967831
31 26 0.000000 0.007550 4.120523 6.867539
32 27 0.000241 0.010732 4.055569 6.759281
33 28 0.000322 0.008747 4.014116 6.690194
34 29 0.000174 0.006886 3.962124 6.603540
35 30 0.000176 0.008464 3.914703 6.524506
36 31 0.000126 0.007985 3.878307 6.463846
37 32 0.000180 0.009470 3.830004 6.383339
38 33 0.000183 0.007474 3.782682 6.304471
39 34 0.000131 0.006707 3.738768 6.231279
40 35 0.000000 0.005817 3.714087 6.190144
41 36 0.000000 0.006084 3.644279 6.073799
42 37 0.000000 0.006501 3.593189 5.988649
43 38 0.000000 0.004963 3.543640 5.906067
44 39 0.000000 0.004605 3.492275 5.820459
45 40 0.000202 0.017894 3.413055 5.688426
46 41 0.000251 0.011672 3.375458 5.625763
47 42 0.000208 0.008861 3.319611 5.532684
48 43 0.000366 0.009169 3.268509 5.447515
49 44 0.000452 0.008254 3.241615 5.402692
50 45 0.000406 0.009763 3.184406 5.307344
51 46 0.000382 0.014527 3.130573 5.217622
52 47 0.000317 0.009966 3.078022 5.130037
53 48 0.000397 0.010111 3.009289 5.015481
54 49 0.000168 0.016741 2.907471 4.845785
55 50 0.000345 0.013129 2.828663 4.714438
56 51 0.000178 0.010488 2.736961 4.561602
57 52 0.000185 0.016124 2.635258 4.392096
58 53 0.000334 0.019982 2.530514 4.217523
59 54 0.000349 0.021270 2.421772 4.036287
60 55 0.000422 0.022274 2.316551 3.860919
61 56 0.000383 0.026321 2.206554 3.677591
62 57 0.000330 0.028403 2.095577 3.492629
63 58 0.000245 0.022611 1.994869 3.324782
64 59 0.000453 0.022391 1.866928 3.111547
65 60 0.000000 0.017956 1.744198 2.906996
66 61 0.000301 0.025721 1.622616 2.704360
67 62 0.000455 0.025080 1.517986 2.529977
68 63 0.000000 0.028699 1.416279 2.360465
69 64 0.000716 0.026109 1.364502 2.274170
70 65 0.000825 0.035254 1.323391 2.205652
71 66 0.001175 0.024034 1.314468 2.190781
72 67 0.000536 0.029761 1.288509 2.147516
73 68 0.000764 0.040199 1.278755 2.131259
74 69 0.000663 0.028689 1.274788 2.124646
75 70 0.000550 0.024205 1.256271 2.093786
76 71 0.000394 0.036170 1.238419 2.064031
77 72 0.000679 0.021513 1.246437 2.077395
78 73 0.000781 0.016331 1.249886 2.083143
79 74 0.000390 0.019094 1.251797 2.086328
80 75 0.001210 0.014624 1.276337 2.127228
81 76 0.000761 0.016033 1.283634 2.139390
82 77 0.000924 0.023324 1.295082 2.158470
83 78 0.000915 0.020774 1.307213 2.178688
84 79 0.001049 0.021343 1.316837 2.194729
85 80 0.000521 0.023073 1.325562 2.209269
86 81 0.000952 0.021285 1.357025 2.261708
87 82 0.001211 0.010965 1.396538 2.327563
88 83 0.001130 0.017747 1.433033 2.388388
89 84 0.000732 0.013886 1.492336 2.487227
90 85 0.000699 0.014125 1.562305 2.603842
91 86 0.000732 0.011073 1.634113 2.723522
92 87 0.000850 0.028213 1.722485 2.870808
93 88 0.000658 0.041471 1.817966 3.029944
94 89 0.001090 0.050783 1.901146 3.168576
95 90 0.001649 0.062189 1.986328 3.310547
96 91 0.001083 0.056211 2.065945 3.443241
97 92 0.001048 0.047334 2.134430 3.557383
98 93 0.001295 0.047879 2.198589 3.664315
99 94 0.000610 0.044763 2.262989 3.771648
100 95 0.000594 0.043586 2.324566 3.874276
101 96 0.000456 0.038243 2.391956 3.986594
102 97 0.000627 0.042339 2.460827 4.101378
103 98 0.000583 0.031186 2.513248 4.188747
104 99 0.000424 0.026410 2.573124 4.288540
105 100 0.000370 0.026550 2.637016 4.395027
106 101 0.000362 0.022595 2.697018 4.495029
107 102 0.000711 0.016772 2.748814 4.581356
108 103 0.000548 0.019267 2.816105 4.693508
109 104 0.000338 0.019538 2.888058 4.813429
110 105 0.000333 0.020277 2.936504 4.894174
111 106 0.000490 0.026016 2.990158 4.983597
112 107 0.000278 0.025280 3.043457 5.072428
113 108 0.000223 0.024739 3.100231 5.167052
114 109 0.000410 0.031610 3.149094 5.248489
115 110 0.000215 0.034187 3.210205 5.350342
116 111 0.000334 0.029680 3.272072 5.453453
117 112 0.000147 0.027369 3.328194 5.546989
118 113 0.000144 0.028205 3.380257 5.633761
119 114 0.000143 0.030104 3.423096 5.705160
120 115 0.000141 0.024369 3.464134 5.773557
121 116 0.000540 0.022504 3.503654 5.839424
122 117 0.000194 0.019694 3.554817 5.924695
123 118 0.000271 0.016247 3.601746 6.002909
124 119 0.000329 0.013862 3.640434 6.067390
125 120 0.000188 0.019352 3.664192 6.106987
126 121 0.000230 0.021995 3.672943 6.121572
127 122 0.000188 0.022459 3.671936 6.119894
128 123 0.000533 0.029741 3.663918 6.106529
129 124 0.000441 0.023937 3.671181 6.118635
130 125 0.000187 0.019369 3.683891 6.139819
131 126 0.000133 0.018890 3.678497 6.130829
132 127 0.000297 0.022928 3.675629 6.126048
133 128 0.000325 0.015814 3.683609 6.139349
134 129 0.000440 0.018433 3.681435 6.135725
135 130 0.000440 0.020769 3.677185 6.128642
136 131 0.000132 0.023854 3.688820 6.148033
137 132 0.000265 0.020455 3.689636 6.149394
138 133 0.000187 0.018742 3.691681 6.152802
139 134 0.000418 0.017122 3.692657 6.154429
140 135 0.000512 0.018129 3.696564 6.160940
141 136 0.000186 0.016508 3.703850 6.173083
142 137 0.000131 0.015347 3.713211 6.188685
143 138 0.000186 0.016040 3.721764 6.202940
144 139 0.000414 0.016891 3.725479 6.209132
145 140 0.000261 0.019602 3.743286 6.238810
146 141 0.000184 0.018179 3.754944 6.258240
147 142 0.000259 0.019445 3.766525 6.277542
148 143 0.000224 0.019250 3.781075 6.301791
149 144 0.000406 0.021154 3.802559 6.337598
150 145 0.000181 0.017963 3.820366 6.367277
151 146 0.000127 0.016086 3.844261 6.407102
152 147 0.000179 0.013055 3.868340 6.447233
153 148 0.000177 0.012403 3.892509 6.487516
154 149 0.000000 0.011359 3.919907 6.533178
155 150 0.000247 0.010531 3.956223 6.593704
156 151 0.000123 0.012118 3.957817 6.596362
157 152 0.000389 0.016790 3.973076 6.621793
158 153 0.000212 0.013422 3.994514 6.657524
159 154 0.000172 0.019225 4.022301 6.703835
160 155 0.000172 0.012763 4.011360 6.685600
161 156 0.000417 0.016005 4.052605 6.754341
162 157 0.000397 0.013197 4.080177 6.800295
163 158 0.000357 0.011697 4.097794 6.829656
164 159 0.000315 0.008099 4.097755 6.829592
165 160 0.000355 0.011814 4.130272 6.883787
166 161 0.000412 0.013532 4.104721 6.841202
167 162 0.000169 0.011645 4.082146 6.803576
168 163 0.000418 0.011650 4.050728 6.751213
169 164 0.000000 0.018742 4.004021 6.673368
170 165 0.000303 0.015644 3.951904 6.586507
171 166 0.000391 0.011593 3.944672 6.574453
172 167 0.000125 0.012650 3.902679 6.504466
173 168 0.000827 0.013318 3.871071 6.451785
174 169 0.000359 0.011354 3.851761 6.419601
175 170 0.000405 0.012211 3.810448 6.350746
176 171 0.000260 0.017095 3.750793 6.251322
177 172 0.000263 0.014804 3.710884 6.184807
178 173 0.000500 0.013718 3.655830 6.093050
179 174 0.000384 0.016083 3.593964 5.989939
180 175 0.000275 0.016849 3.545349 5.908915
181 176 0.000312 0.013176 3.499992 5.833321
182 177 0.000245 0.016017 3.457703 5.762838
183 178 0.000286 0.016463 3.417007 5.695013
184 179 0.000354 0.015886 3.376198 5.626997
185 180 0.000254 0.016623 3.329704 5.549507
186 181 0.000298 0.017221 3.281876 5.469793
187 182 0.000261 0.010473 3.245399 5.408999
188 183 0.000378 0.013469 3.166504 5.277506
189 184 0.000221 0.011186 3.131477 5.219129
190 185 0.000419 0.009250 3.080185 5.133642
191 186 0.000000 0.009920 3.037094 5.061823
192 187 0.000402 0.015028 2.977715 4.962858
193 188 0.000405 0.008207 2.951317 4.918861
194 189 0.000239 0.014705 2.888618 4.814364
195 190 0.000000 0.013525 2.847443 4.745738
196 191 0.000174 0.016848 2.801971 4.669952
197 192 0.000305 0.014912 2.768425 4.614042
198 193 0.000250 0.017068 2.759674 4.599457
199 194 0.000177 0.010660 2.754486 4.590810
200 195 0.000354 0.011943 2.756287 4.593811
201 196 0.000000 0.009392 2.767204 4.612007
202 197 0.000351 0.007980 2.784775 4.641291
203 198 0.000303 0.013007 2.791290 4.652151
204 199 0.000347 0.015487 2.813065 4.688441
205 200 0.000938 0.007142 2.851517 4.752528
206 201 0.000681 0.011930 2.869171 4.781952
207 202 0.000633 0.014889 2.887009 4.811681
208 203 0.000621 0.010780 2.939865 4.899775
209 204 0.000809 0.009659 2.956161 4.926936
210 205 0.000432 0.018858 2.992050 4.986750
211 206 0.000278 0.012621 3.037598 5.062663
212 207 0.000223 0.012474 3.089996 5.149994
213 208 0.000271 0.020110 3.120056 5.200094
214 209 0.000216 0.012876 3.194931 5.324885
215 210 0.000000 0.011133 3.243561 5.405935
216 211 0.000208 0.010263 3.321716 5.536194
217 212 0.000407 0.013312 3.395828 5.659714
218 213 0.000421 0.017607 3.475616 5.792694
219 214 0.000496 0.017141 3.547821 5.913035
220 215 0.000883 0.020703 3.625397 6.042328
221 216 0.000398 0.026273 3.680984 6.134974
222 217 0.000184 0.026171 3.753784 6.256307
223 218 0.000425 0.025672 3.808319 6.347198
224 219 0.000220 0.027372 3.852921 6.421534
225 220 0.000667 0.017775 3.872665 6.454443
226 221 0.000306 0.013187 3.902634 6.504389
227 222 0.000354 0.007681 3.899963 6.499939
228 223 0.000355 0.007198 3.891541 6.485901
229 224 0.000126 0.006775 3.874710 6.457850
230 225 0.000283 0.007436 3.852859 6.421432
231 226 0.000255 0.009513 3.823074 6.371790
232 227 0.000259 0.016340 3.768387 6.280645
233 228 0.000185 0.017431 3.735168 6.225281
234 229 0.000228 0.017542 3.708755 6.181259
235 230 0.000189 0.022167 3.661133 6.101888
236 231 0.000269 0.017959 3.629211 6.048686
237 232 0.000193 0.017861 3.575195 5.958659
238 233 0.000196 0.016889 3.516556 5.860926
239 234 0.000141 0.019723 3.452423 5.754038
240 235 0.000320 0.016939 3.410019 5.683365
241 236 0.000207 0.022203 3.340683 5.567805
242 237 0.000361 0.013184 3.316315 5.527191
243 238 0.000395 0.011959 3.271301 5.452169
244 239 0.000372 0.015497 3.215866 5.359777
245 240 0.000267 0.018186 3.170227 5.283712
246 241 0.000271 0.018646 3.121277 5.202128
247 242 0.000318 0.016572 3.075134 5.125224
248 243 0.000394 0.011914 3.032227 5.053711
249 244 0.000431 0.005303 3.000122 5.000204
250 245 0.000233 0.007532 2.962784 4.937973
251 246 0.000288 0.009831 2.935074 4.891790
252 247 0.000237 0.008563 2.914597 4.857661
253 248 0.000168 0.006343 2.900894 4.834824
254 249 0.000415 0.002364 2.879745 4.799576
255 250 0.000240 0.013724 2.877686 4.796143
256 251 0.000241 0.014607 2.868881 4.781469
257 252 0.000170 0.017380 2.867188 4.778646
258 253 0.000294 0.017501 2.879410 4.799016
259 254 0.000502 0.018054 2.917206 4.862010
260 255 0.000438 0.015598 2.952606 4.921010
261 256 0.000398 0.019816 3.007034 5.011724
262 257 0.000451 0.021860 3.060226 5.100378
263 258 0.000416 0.023106 3.103027 5.171712
264 259 0.000310 0.023134 3.146454 5.244090
265 260 0.000306 0.023376 3.190277 5.317129
266 261 0.000563 0.023335 3.244705 5.407842
267 262 0.000418 0.022887 3.307220 5.512034
268 263 0.000204 0.025281 3.383179 5.638631
269 264 0.000244 0.027888 3.459900 5.766500
270 265 0.000309 0.026844 3.536316 5.893860
271 266 0.000192 0.022671 3.601120 6.001867
272 267 0.000299 0.021224 3.657669 6.096115
273 268 0.000228 0.017055 3.717392 6.195653
274 269 0.000224 0.013683 3.776566 6.294276
275 270 0.000127 0.015400 3.839417 6.399027
276 271 0.000280 0.015495 3.904282 6.507136
277 272 0.000441 0.019251 3.991714 6.652857
278 273 0.000242 0.020262 4.033112 6.721853
279 274 0.000266 0.019275 4.104767 6.841278
280 275 0.000166 0.019362 4.168106 6.946844
281 276 0.000232 0.018707 4.211044 7.018407
282 277 0.000230 0.018413 4.239258 7.065430
283 278 0.000161 0.015409 4.295425 7.159042
284 279 0.000252 0.018517 4.336136 7.226893
285 280 0.000318 0.017367 4.346222 7.243703
286 281 0.000111 0.017620 4.387177 7.311961
287 282 0.000191 0.012730 4.422104 7.370173
288 283 0.000155 0.012180 4.461563 7.435938
289 284 0.000362 0.010179 4.468323 7.447205
290 285 0.000153 0.006956 4.502777 7.504629
291 286 0.000520 0.005262 4.507446 7.512411
292 287 0.000495 0.006245 4.524918 7.541529
293 288 0.000404 0.006340 4.517303 7.528839
294 289 0.000456 0.007207 4.538361 7.563934
295 290 0.000490 0.005286 4.562119 7.603531
296 291 0.000150 0.003469 4.591354 7.652257
297 292 0.000336 0.004964 4.600204 7.667007
298 293 0.000422 0.005809 4.632950 7.721583
299 294 0.000257 0.007143 4.651031 7.751719
300 295 0.000363 0.006769 4.663956 7.773260
301 296 0.000208 0.009556 4.698639 7.831065
302 297 0.000403 0.005123 4.695206 7.825343
303 298 0.000415 0.007310 4.709564 7.849274
304 299 0.000414 0.007490 4.714218 7.857030
305 300 0.000273 0.009144 4.724350 7.873917
306 301 0.000206 0.011180 4.730148 7.883581
307 302 0.000206 0.011159 4.730347 7.883911
308 303 0.000146 0.012039 4.722977 7.871628
309 304 0.000179 0.014207 4.731735 7.886225
310 305 0.000146 0.017814 4.720612 7.867686
311 306 0.000104 0.016107 4.684845 7.808075
312 307 0.000180 0.015368 4.694244 7.823740
313 308 0.000148 0.015664 4.675476 7.792460
314 309 0.000394 0.014707 4.634811 7.724686
315 310 0.000150 0.015739 4.615723 7.692871
316 311 0.000528 0.015475 4.620087 7.700144
317 312 0.000562 0.016147 4.595276 7.658793
318 313 0.000351 0.017645 4.610504 7.684174
319 314 0.000543 0.019973 4.588577 7.647629
320 315 0.000185 0.013313 4.574417 7.624029
321 316 0.000442 0.012373 4.556656 7.594427
322 317 0.000515 0.016114 4.545654 7.576090
323 318 0.000188 0.018178 4.497482 7.495804
324 319 0.000307 0.023035 4.503159 7.505264
325 320 0.000154 0.028418 4.497345 7.495575
326 321 0.000243 0.032068 4.485916 7.476527
327 322 0.000344 0.035883 4.486191 7.476985
328 323 0.000359 0.031670 4.507111 7.511851
329 324 0.000375 0.029517 4.513840 7.523066
330 325 0.000431 0.026812 4.534042 7.556737
331 326 0.000107 0.028942 4.545319 7.575531
332 327 0.000399 0.027780 4.580688 7.634481
333 328 0.000150 0.029647 4.607071 7.678452
334 329 0.000210 0.029103 4.639938 7.733231
335 330 0.000209 0.030759 4.662094 7.770157
336 331 0.000232 0.030564 4.702835 7.838058
337 332 0.000000 0.028132 4.686996 7.811661
338 333 0.000330 0.024210 4.684052 7.806753
339 334 0.000274 0.025911 4.718719 7.864532
340 335 0.000254 0.025086 4.706451 7.844086
341 336 0.000234 0.027286 4.669647 7.782745
342 337 0.000835 0.026668 4.678360 7.797266
343 338 0.000148 0.025767 4.677475 7.795792
344 339 0.000149 0.023193 4.623291 7.705485
345 340 0.000184 0.023743 4.596725 7.661209
346 341 0.000320 0.018877 4.572525 7.620875
347 342 0.000747 0.018478 4.526505 7.544174
348 343 0.000435 0.018388 4.492966 7.488276
349 344 0.000191 0.015268 4.425842 7.376404
350 345 0.000336 0.012013 4.366104 7.276840
351 346 0.000375 0.013143 4.319412 7.199020
352 347 0.000510 0.009688 4.284332 7.140554
353 348 0.000654 0.011994 4.221848 7.036413
354 349 0.000466 0.011623 4.190933 6.984889
355 350 0.000332 0.014419 4.154694 6.924489
356 351 0.000266 0.010882 4.099655 6.832758
357 352 0.000436 0.011224 4.041458 6.735764
358 353 0.000323 0.009098 4.005371 6.675619
359 354 0.000175 0.008246 3.951172 6.585287
360 355 0.000622 0.006886 3.926346 6.543910
361 356 0.000831 0.004242 3.899567 6.499278
362 357 0.000456 0.002012 3.863403 6.439005
363 358 0.000314 0.007478 3.807251 6.345418
364 359 0.000342 0.003771 3.777298 6.295496
365 360 0.000294 0.007130 3.719574 6.199290
366 361 0.000326 0.009869 3.667267 6.112112
367 362 0.000357 0.015663 3.618286 6.030477
368 363 0.000452 0.016628 3.580414 5.967356
369 364 0.000458 0.018805 3.532532 5.887553
370 365 0.000525 0.019295 3.481567 5.802612
371 366 0.000348 0.021166 3.433411 5.722351
372 367 0.000204 0.023938 3.391327 5.652212
373 368 0.000206 0.025435 3.347626 5.579376
374 369 0.000147 0.018894 3.317047 5.528412
375 370 0.000209 0.019331 3.308838 5.514730
376 371 0.000295 0.023641 3.309204 5.515340
377 372 0.000147 0.015617 3.327026 5.545044
378 373 0.000412 0.015559 3.351501 5.585836
379 374 0.000323 0.018788 3.384338 5.640564
380 375 0.000248 0.015147 3.409943 5.683238
381 376 0.000246 0.009109 3.440704 5.734507
382 377 0.000422 0.015315 3.468903 5.781504
383 378 0.000139 0.006454 3.503387 5.838979
384 379 0.000239 0.005170 3.544159 5.906931
385 380 0.000193 0.005733 3.585999 5.976664
386 381 0.000190 0.005714 3.635651 6.059418
387 382 0.000265 0.004123 3.690063 6.150106
388 383 0.000226 0.007652 3.744598 6.240997
389 384 0.000182 0.007878 3.800018 6.333364
390 385 0.000126 0.004509 3.878784 6.464640
391 386 0.000215 0.004845 3.931732 6.552887
392 387 0.000173 0.005373 3.992615 6.654358
393 388 0.000170 0.006091 4.052979 6.754964
394 389 0.000337 0.006281 4.099579 6.832632
395 390 0.000291 0.003156 4.108124 6.846873
396 391 0.000166 0.002909 4.155975 6.926626
397 392 0.000232 0.004373 4.208588 7.014313
398 393 0.000457 0.003050 4.269165 7.115275
399 394 0.000275 0.002382 4.349823 7.249705
400 395 0.000271 0.003309 4.410156 7.350260
401 396 0.000156 0.004538 4.437439 7.395731
402 397 0.000266 0.006474 4.488770 7.481283
403 398 0.000000 0.010805 4.491943 7.486572
404 399 0.000000 0.013243 4.497498 7.495829
405 400 0.000000 0.010611 4.533478 7.555796
406 401 0.000213 0.010825 4.580078 7.633463
407 402 0.000151 0.010117 4.586792 7.644653
408 403 0.000183 0.007182 4.630890 7.718150
409 404 0.000148 0.007634 4.660217 7.767029
410 405 0.000000 0.005858 4.695160 7.825266
411 406 0.000292 0.004923 4.724518 7.874197
412 407 0.000145 0.006246 4.752930 7.921549
413 408 0.000000 0.006132 4.775146 7.958578
414 409 0.000144 0.006038 4.788300 7.980499
415 410 0.000000 0.012576 4.792847 7.988078
416 411 0.000144 0.012420 4.796570 7.994283
417 412 0.000270 0.010634 4.792938 7.988230
418 413 0.000353 0.010000 4.794861 7.991435
419 414 0.000612 0.009917 4.789032 7.981720
420 415 0.000408 0.003599 4.785980 7.976634
421 416 0.000510 0.007002 4.788116 7.980194
422 417 0.000499 0.005487 4.793182 7.988637
423 418 0.000459 0.003830 4.761108 7.935181
424 419 0.000581 0.003359 4.750214 7.917023
425 420 0.000409 0.002912 4.770111 7.950185
426 421 0.000462 0.009382 4.731506 7.885844
427 422 0.000273 0.011491 4.731628 7.886047
428 423 0.000179 0.012667 4.725525 7.875875
429 424 0.000146 0.017288 4.718323 7.863871
430 425 0.000208 0.025759 4.685333 7.808889
431 426 0.000147 0.013714 4.707764 7.846273
432 427 0.000000 0.012417 4.697266 7.828776
433 428 0.000104 0.009595 4.717377 7.862295
434 429 0.000104 0.009784 4.715118 7.858531
435 430 0.000000 0.009723 4.711945 7.853241
436 431 0.000179 0.011242 4.716217 7.860362
437 432 0.000000 0.007919 4.693787 7.822978
438 433 0.000104 0.007203 4.676056 7.793427
439 434 0.000105 0.009590 4.664307 7.773844
440 435 0.000148 0.007831 4.656403 7.760671
441 436 0.000210 0.007675 4.640625 7.734375
442 437 0.000182 0.009973 4.642670 7.737783
443 438 0.000149 0.008948 4.641266 7.735443
444 439 0.000258 0.008484 4.637817 7.729696
445 440 0.000149 0.009441 4.627380 7.712301
446 441 0.000150 0.010777 4.607361 7.678935
447 442 0.000000 0.010441 4.582001 7.636668
448 443 0.000185 0.012043 4.569275 7.615458
449 444 0.000185 0.011534 4.560608 7.601013
450 445 0.000000 0.013124 4.546570 7.577616
451 446 0.000000 0.010584 4.528992 7.548319
452 447 0.000530 0.010311 4.511078 7.518463
453 448 0.000000 0.010333 4.496948 7.494914
454 449 0.000326 0.013180 4.489899 7.483164
455 450 0.000243 0.011470 4.485382 7.475637
456 451 0.000344 0.011536 4.488373 7.480621
457 452 0.000754 0.011438 4.487579 7.479299
458 453 0.000488 0.009147 4.473938 7.456563
459 454 0.000329 0.009207 4.456970 7.428284
460 455 0.000156 0.009211 4.438324 7.397207
461 456 0.000156 0.011290 4.416809 7.361349
462 457 0.000000 0.010723 4.402863 7.338104
463 458 0.000157 0.011818 4.386810 7.311350
464 459 0.000000 0.012932 4.375732 7.292887
465 460 0.000000 0.009811 4.369354 7.282257
466 461 0.000194 0.009044 4.366394 7.277323
467 462 0.000194 0.010692 4.362244 7.270406
468 463 0.000317 0.009854 4.354614 7.257690
469 464 0.000225 0.008994 4.346100 7.243500
470 465 0.000159 0.010450 4.338440 7.230733
471 466 0.000113 0.011100 4.334869 7.224782
472 467 0.000113 0.008486 4.330627 7.217712
473 468 0.000225 0.008373 4.333221 7.222036
474 469 0.000160 0.010999 4.326385 7.210642
475 470 0.000160 0.008077 4.315308 7.192179
476 471 0.000000 0.006822 4.301056 7.168427
477 472 0.000161 0.005052 4.285065 7.141775
478 473 0.000162 0.003477 4.272491 7.120819
479 474 0.000164 0.005705 4.220245 7.033742
480 475 0.000165 0.005022 4.182587 6.970978
481 476 0.000204 0.004742 4.137939 6.896566
482 477 0.000206 0.005822 4.097260 6.828766
483 478 0.000210 0.013025 4.031067 6.718445
484 479 0.000299 0.006531 4.002136 6.670227
485 480 0.000124 0.005535 3.948608 6.581014
486 481 0.000217 0.006069 3.894653 6.491089
487 482 0.000493 0.007883 3.832428 6.387380
488 483 0.000129 0.002638 3.789032 6.315053
489 484 0.000000 0.008095 3.731842 6.219737
490 485 0.000265 0.006311 3.683075 6.138458
491 486 0.000191 0.007663 3.617554 6.029256
492 487 0.000275 0.012506 3.549591 5.915985
493 488 0.000243 0.011566 3.473633 5.789388
494 489 0.000203 0.009433 3.407928 5.679881
495 490 0.000207 0.015743 3.333923 5.556539
496 491 0.000447 0.007065 3.274628 5.457713
497 492 0.000000 0.001280 3.216766 5.361277
498 493 0.000346 0.004251 3.155334 5.258891
499 494 0.000315 0.004710 3.103027 5.171712
500 495 0.000427 0.006033 3.028076 5.046793
501 496 0.000164 0.004093 2.976990 4.961649
502 497 0.000528 0.007103 2.922028 4.870046
503 498 0.000481 0.007417 2.870575 4.784292
504 499 0.000348 0.007910 2.809143 4.681905
505 500 0.000176 0.010648 2.773773 4.622955
506 501 0.000254 0.015719 2.718750 4.531250
507 502 0.000259 0.016146 2.668488 4.447479
508 503 0.000264 0.017833 2.617523 4.362539
509 504 0.000190 0.017132 2.573456 4.289093
510 505 0.000432 0.018415 2.529388 4.215647
511 506 0.000277 0.015710 2.496796 4.161326
512 507 0.000000 0.012137 2.472168 4.120280
513 508 0.000000 0.010632 2.466125 4.110209
514 509 0.000198 0.010414 2.469910 4.116516
515 510 0.000000 0.006287 2.487579 4.145966
516 511 0.000195 0.006239 2.507629 4.179382
517 512 0.000334 0.008120 2.533112 4.221853
518 513 0.000000 0.005586 2.560394 4.267324
519 514 0.000000 0.006487 2.589844 4.316406
520 515 0.000321 0.007567 2.630737 4.384562
521 516 0.000258 0.006030 2.677856 4.463094
522 517 0.000253 0.005834 2.733765 4.556274
523 518 0.000350 0.008100 2.794159 4.656931
524 519 0.000242 0.004318 2.852966 4.754944
525 520 0.000168 0.007545 2.901611 4.836019
526 521 0.000406 0.008954 2.948425 4.914042
527 522 0.000398 0.006961 3.001587 5.002645
528 523 0.000424 0.008636 3.050018 5.083364
529 524 0.000157 0.006045 3.106934 5.178223
530 525 0.000000 0.006875 3.167725 5.279541
531 526 0.000262 0.006251 3.229004 5.381673
532 527 0.000421 0.009983 3.279663 5.466105
533 528 0.000254 0.008058 3.333923 5.556539
534 529 0.000000 0.009196 3.391754 5.652924
535 530 0.000284 0.008659 3.439240 5.732066
536 531 0.000594 0.010660 3.486786 5.811310
537 532 0.000437 0.006360 3.534637 5.891062
538 533 0.000237 0.005236 3.574951 5.958252
539 534 0.000234 0.006526 3.611023 6.018372
540 535 0.000231 0.007103 3.660828 6.101379
541 536 0.000372 0.004485 3.710480 6.184133
542 537 0.000225 0.006811 3.758881 6.264801
543 538 0.000128 0.005538 3.807617 6.346029
544 539 0.000127 0.007254 3.849457 6.415761
545 540 0.000000 0.000990 3.887787 6.479645
546 541 0.000176 0.000728 3.926117 6.543528
547 542 0.000123 0.000755 3.967285 6.612142
548 543 0.000122 0.001853 4.006317 6.677195
549 544 0.000209 0.002613 4.054199 6.756999
550 545 0.000000 0.003097 4.091614 6.819356
551 546 0.000000 0.002298 4.132416 6.887360
552 547 0.000000 0.003338 4.170349 6.950582
553 548 0.000000 0.004836 4.212006 7.020010
554 549 0.000282 0.002403 4.243927 7.073212
555 550 0.000000 0.001623 4.286133 7.143555
556 551 0.000160 0.006897 4.327728 7.212881
557 552 0.000112 0.004501 4.362396 7.270660
558 553 0.000157 0.003788 4.397675 7.329458
559 554 0.000110 0.008850 4.436188 7.393646
560 555 0.000109 0.009311 4.466614 7.444356
561 556 0.000000 0.009060 4.489838 7.483063
562 557 0.000375 0.008685 4.514435 7.524058
563 558 0.000417 0.008601 4.538696 7.564494
564 559 0.000322 0.006865 4.556000 7.593333
565 560 0.000338 0.008424 4.574432 7.624054
566 561 0.000369 0.006142 4.589447 7.649078
567 562 0.000260 0.007201 4.604065 7.673441
568 563 0.000351 0.007485 4.609131 7.681885
569 564 0.000183 0.008592 4.616272 7.693787
570 565 0.000106 0.008815 4.617737 7.696228
571 566 0.000183 0.008223 4.614349 7.690582
572 567 0.000367 0.008228 4.607330 7.678884
573 568 0.000487 0.011411 4.596893 7.661489
574 569 0.000369 0.012283 4.584473 7.640788
575 570 0.000302 0.007654 4.574951 7.624918
576 571 0.000338 0.008717 4.568237 7.613729
577 572 0.000338 0.013116 4.562622 7.604370
578 573 0.000303 0.011053 4.563965 7.606608
579 574 0.000371 0.012005 4.555817 7.593028
580 575 0.000263 0.011088 4.545288 7.575480
581 576 0.000215 0.009071 4.534546 7.557577
582 577 0.000264 0.007737 4.528839 7.548065
583 578 0.000286 0.006561 4.524506 7.540843
584 579 0.000771 0.007252 4.519867 7.533112
585 580 0.000216 0.003246 4.518585 7.530975
586 581 0.000187 0.005153 4.517212 7.528687
587 582 0.000286 0.008425 4.516907 7.528178
588 583 0.000242 0.011183 4.512634 7.521057
589 584 0.000917 0.017125 4.517853 7.529755
590 585 0.000241 0.017825 4.522064 7.536774
591 586 0.000431 0.020031 4.531189 7.551981
592 587 0.000152 0.021003 4.534607 7.557678
593 588 0.000215 0.022811 4.541504 7.569173
594 589 0.000304 0.022231 4.548126 7.580210
595 590 0.000283 0.028223 4.560638 7.601064
596 591 0.000185 0.030603 4.564178 7.606964
597 592 0.000151 0.030720 4.568085 7.613474
598 593 0.000283 0.029165 4.568787 7.614645
599 594 0.000151 0.030690 4.568298 7.613831
600 595 0.000151 0.027286 4.561981 7.603302
601 596 0.000239 0.025241 4.559753 7.599589
602 597 0.000303 0.024405 4.555511 7.592519
603 598 0.000263 0.021744 4.555389 7.592316
604 599 0.000107 0.012756 4.544952 7.574921
605 600 0.000215 0.009000 4.539917 7.566528
606 601 0.000152 0.004969 4.531403 7.552338
607 602 0.000153 0.003250 4.526398 7.543996
608 603 0.000108 0.004266 4.520264 7.533773
609 604 0.000153 0.004045 4.523804 7.539673
610 605 0.000000 0.006432 4.528229 7.547048
611 606 0.000000 0.006772 4.537811 7.563019
612 607 0.000152 0.007828 4.550537 7.584229
613 608 0.000000 0.008204 4.560242 7.600403
614 609 0.000000 0.008544 4.574921 7.624868
615 610 0.000107 0.006982 4.578094 7.630157
616 611 0.000107 0.008007 4.575500 7.625834
617 612 0.000240 0.006405 4.557404 7.595673
618 613 0.000000 0.006503 4.541107 7.568512
619 614 0.000000 0.007686 4.511627 7.519379
620 615 0.000109 0.011500 4.481842 7.469737
621 616 0.000109 0.012343 4.459473 7.432455
622 617 0.000411 0.010001 4.449432 7.415720
623 618 0.000156 0.015964 4.431641 7.386068
624 619 0.000156 0.015056 4.417236 7.362061
625 620 0.000272 0.018637 4.397888 7.329813
626 621 0.000112 0.012347 4.375732 7.292887
627 622 0.000159 0.017972 4.352875 7.254791
628 623 0.000319 0.015857 4.330414 7.217356
629 624 0.000160 0.011673 4.314880 7.191467
630 625 0.000360 0.012950 4.294098 7.156830
631 626 0.000162 0.014491 4.268982 7.114970
632 627 0.000115 0.012216 4.240051 7.066752
633 628 0.000201 0.012207 4.217102 7.028503
634 629 0.000000 0.010265 4.202454 7.004089
635 630 0.000201 0.007038 4.202454 7.004089
636 631 0.000201 0.004083 4.198151 6.996918
637 632 0.000116 0.001790 4.191589 6.985982
638 633 0.000285 0.001882 4.190155 6.983592
639 634 0.000202 0.006179 4.194061 6.990102
640 635 0.000260 0.009435 4.203918 7.006531
641 636 0.000200 0.007921 4.225342 7.042236
642 637 0.000000 0.008378 4.256134 7.093557
643 638 0.000278 0.006249 4.306183 7.176971
644 639 0.000226 0.006736 4.318390 7.197317
645 640 0.000223 0.018159 4.385010 7.308350
646 641 0.000000 0.005761 4.390961 7.318268
647 642 0.000000 0.006164 4.428253 7.380422
648 643 0.000155 0.008129 4.445557 7.409261
649 644 0.000154 0.009801 4.495453 7.492422
650 645 0.000267 0.021308 4.477905 7.463175
651 646 0.000187 0.015016 4.521973 7.536621
652 647 0.000152 0.013256 4.530212 7.550354
653 648 0.000000 0.012837 4.538177 7.563629
654 649 0.000263 0.010840 4.540527 7.567545
655 650 0.000387 0.012089 4.544708 7.574514
656 651 0.000284 0.008412 4.542664 7.571106
657 652 0.000152 0.009862 4.534790 7.557983
658 653 0.000000 0.011998 4.527252 7.545420
659 654 0.000265 0.013441 4.517670 7.529449
660 655 0.000343 0.016318 4.501038 7.501729
661 656 0.000218 0.019657 4.483093 7.471822
662 657 0.000219 0.019214 4.457001 7.428335
663 658 0.000000 0.014089 4.422150 7.370249
664 659 0.000193 0.014511 4.373627 7.289378
665 660 0.000113 0.012395 4.338928 7.231547
666 661 0.000161 0.012117 4.285950 7.143250
667 662 0.000163 0.011698 4.240021 7.066701
668 663 0.000202 0.015660 4.186340 6.977234
669 664 0.000334 0.019943 4.134613 6.891022
670 665 0.000000 0.016123 4.070892 6.784821
671 666 0.000210 0.012463 4.029816 6.716360
672 667 0.000173 0.013675 3.990387 6.650645
673 668 0.000174 0.012978 3.961853 6.603088
674 669 0.000351 0.007394 3.939911 6.566518
675 670 0.000176 0.010044 3.921417 6.535696
676 671 0.000281 0.013822 3.890289 6.483816
677 672 0.000126 0.010974 3.863586 6.439311
678 673 0.000539 0.016909 3.842224 6.403707
679 674 0.000478 0.015931 3.820618 6.367696
680 675 0.000602 0.016550 3.802124 6.336874
681 676 0.000314 0.010960 3.815002 6.358337
682 677 0.000182 0.015027 3.802002 6.336670
683 678 0.000406 0.018252 3.802917 6.338196
684 679 0.000405 0.018588 3.812866 6.354777
685 680 0.000477 0.017504 3.830383 6.383972
686 681 0.000285 0.017220 3.827148 6.378581
687 682 0.000285 0.013131 3.836182 6.393636
688 683 0.000128 0.011377 3.810486 6.350810
689 684 0.000224 0.008593 3.783630 6.306051
690 685 0.000226 0.007870 3.746704 6.244507
691 686 0.000132 0.004210 3.686951 6.144918
692 687 0.000269 0.008087 3.633728 6.056213
693 688 0.000304 0.006856 3.594910 5.991516
694 689 0.000138 0.009449 3.545288 5.908813
695 690 0.000281 0.009455 3.476318 5.793864
696 691 0.000000 0.013776 3.433411 5.722351
697 692 0.000143 0.010744 3.404236 5.673727
698 693 0.000147 0.013877 3.327515 5.545858
699 694 0.000211 0.013390 3.267944 5.446574
700 695 0.000301 0.012432 3.239746 5.399577
701 696 0.000000 0.012351 3.165833 5.276388
702 697 0.000000 0.012970 3.107605 5.179342
703 698 0.000160 0.014448 3.052124 5.086874
704 699 0.000000 0.016681 2.995361 4.992269
705 700 0.000334 0.023057 2.921265 4.868774
706 701 0.000000 0.017617 2.881409 4.802348
707 702 0.000000 0.021046 2.811951 4.686584
708 703 0.000000 0.017021 2.776550 4.627584
709 704 0.000179 0.013184 2.722839 4.538065
710 705 0.000184 0.014792 2.659851 4.433085
711 706 0.000325 0.013996 2.600830 4.334717
712 707 0.000271 0.018257 2.545471 4.242452
713 708 0.000278 0.016931 2.484497 4.140829
714 709 0.000201 0.019999 2.424927 4.041544
715 710 0.000206 0.020126 2.375122 3.958537
716 711 0.000211 0.017659 2.319519 3.865865
717 712 0.000305 0.012925 2.262207 3.770345
718 713 0.000385 0.023982 2.194580 3.657634
719 714 0.000325 0.017545 2.127686 3.546143
720 715 0.000000 0.021644 2.062012 3.436686
721 716 0.000425 0.027526 1.990540 3.317566
722 717 0.000253 0.028696 1.926575 3.210958
723 718 0.000368 0.020382 1.874573 3.124288
724 719 0.000269 0.023883 1.817017 3.028361
725 720 0.000392 0.031295 1.759705 2.932841
726 721 0.000000 0.025516 1.709412 2.849019
727 722 0.000419 0.025776 1.649353 2.748922
728 723 0.000433 0.024778 1.595642 2.659404
729 724 0.000315 0.022705 1.550964 2.584941
730 725 0.000645 0.013384 1.514771 2.524617
731 726 0.000806 0.022405 1.484131 2.473552
732 727 0.000472 0.027856 1.462708 2.437846
733 728 0.000674 0.014286 1.448181 2.413635
734 729 0.000482 0.016265 1.433777 2.389628
735 730 0.000687 0.012927 1.421143 2.368571
736 731 0.000489 0.008419 1.413086 2.355143
737 732 0.000602 0.008853 1.405640 2.342733
738 733 0.000000 0.015005 1.405823 2.343038
739 734 0.000346 0.019059 1.409241 2.348735
740 735 0.000342 0.030311 1.426941 2.378235
741 736 0.000000 0.030753 1.442505 2.404175
742 737 0.000000 0.026442 1.462341 2.437236
743 738 0.000000 0.021869 1.489990 2.483317
744 739 0.000453 0.022184 1.525574 2.542623
745 740 0.000000 0.014427 1.552490 2.587484
746 741 0.000622 0.009316 1.570923 2.618205
747 742 0.000613 0.011508 1.593811 2.656352
748 743 0.000680 0.014191 1.605469 2.675781
749 744 0.000612 0.022686 1.594482 2.657471
750 745 0.000757 0.023628 1.579346 2.632243
751 746 0.000985 0.027994 1.568359 2.613932
752 747 0.001099 0.020129 1.538574 2.564290
753 748 0.000797 0.024633 1.499756 2.499593
754 749 0.001157 0.024867 1.461426 2.435710
755 750 0.001612 0.036760 1.421021 2.368367
756 751 0.000724 0.056212 1.349731 2.249552
757 752 0.000628 0.058665 1.346313 2.243856
758 753 0.001038 0.064647 1.330872 2.218119
759 754 0.002074 0.069337 1.331787 2.219645
760 755 0.001325 0.070491 1.328308 2.213847
761 756 0.001062 0.063499 1.379639 2.299398
762 757 0.001230 0.051042 1.375427 2.292379
763 758 0.000706 0.043808 1.383911 2.306519
764 759 0.000349 0.037250 1.399414 2.332357
765 760 0.000842 0.016706 1.421143 2.368571
766 761 0.000979 0.012679 1.410706 2.351176
767 762 0.000923 0.012525 1.400085 2.333476
768 763 0.000871 0.013970 1.373291 2.288818
769 764 0.000633 0.018935 1.335754 2.226257
770 765 0.001247 0.017998 1.298157 2.163594
771 766 0.000954 0.014670 1.254333 2.090556
772 767 0.000911 0.010658 1.198486 1.997477
773 768 0.000837 0.025471 1.167114 1.945190
774 769 0.000618 0.018219 1.117432 1.862386
775 770 0.001233 0.023818 1.047424 1.745707
776 771 0.001694 0.022986 0.998474 1.664124
777 772 0.001351 0.040874 0.956543 1.594238
778 773 0.006347 0.071511 0.883911 1.473185
779 774 0.002765 0.054955 0.828369 1.380615
780 775 0.001771 0.071386 0.780029 1.300049
781 776 0.000951 0.080609 0.726074 1.210124
782 777 0.001030 0.081954 0.670349 1.117249
783 778 0.007382 0.097504 0.651489 1.085815
784 779 0.001123 0.140947 0.615173 1.025289
785 780 0.000000 0.133965 0.583679 0.972799
786 781 0.001236 0.140558 0.558472 0.930786
787 782 0.001299 0.147290 0.531616 0.886027
788 783 0.002425 0.145093 0.493286 0.822144
789 784 0.002548 0.124700 0.469482 0.782471
790 785 0.002683 0.136140 0.445801 0.743001
791 786 0.002377 0.159383 0.410767 0.684611
792 787 0.003395 0.136012 0.380554 0.634257
793 788 0.004873 0.097821 0.347107 0.578512
794 789 0.002167 0.090031 0.318604 0.531006
795 790 0.004021 0.038942 0.297485 0.495809
796 791 0.002960 0.038141 0.285706 0.476176
797 792 0.003616 0.033035 0.270081 0.450134
798 793 0.002665 0.061389 0.259094 0.431824
799 794 0.002816 0.040101 0.245239 0.408732
800 795 0.003007 0.080104 0.229614 0.382690
