10 5 0.000104 0.008860 6.660882 11.101469
11 6 0.000073 0.009005 6.672202 11.120336
12 7 0.000103 0.008621 6.692278 11.153796
13 8 0.000192 0.007701 6.713191 11.188652
14 9 0.000103 0.007631 6.731079 11.218465
15 10 0.000102 0.005026 6.745302 11.242170
16 11 0.000102 0.005802 6.761523 11.269205
17 12 0.000102 0.006987 6.775960 11.293266
18 13 0.000102 0.005185 6.790857 11.318095
19 14 0.000277 0.008453 6.815025 11.358376
20 15 0.000124 0.005794 6.834663 11.391106
21 16 0.000214 0.002407 6.854521 11.424201
22 17 0.000159 0.003577 6.865316 11.442194
23 18 0.000213 0.004264 6.878702 11.464503
24 19 0.000256 0.006187 6.887657 11.479428
25 20 0.000173 0.003291 6.898664 11.497774
26 21 0.000122 0.004453 6.917414 11.529023
27 22 0.000122 0.004459 6.939234 11.565390
28 23 0.000122 0.004235 6.957493 11.595821
29 24 0.000121 0.003267 6.967659 11.612765
30 25 0.000198 0.006055 6.987854 11.646423
31 26 0.000197 0.006005 7.001369 11.668949
32 27 0.000000 0.004890 7.011730 11.686217
33 28 0.000000 0.004912 7.023338 11.705564
34 29 0.000069 0.005204 7.040688 11.734479
35 30 0.000098 0.004990 7.053677 11.756127
36 31 0.000000 0.005692 7.069561 11.782601
37 32 0.000097 0.005623 7.084499 11.807499
38 33 0.000097 0.008379 7.100945 11.834908
39 34 0.000000 0.007961 7.116695 11.861159
40 35 0.000068 0.006108 7.128399 11.880665
41 36 0.000137 0.007097 7.137730 11.896216
42 37 0.000137 0.008134 7.144066 11.906776
43 38 0.000118 0.007830 7.146046 11.910076
44 39 0.000097 0.007886 7.146736 11.911227
45 40 0.000167 0.008395 7.144009 11.906681
46 41 0.000068 0.010515 7.136124 11.893539
47 42 0.000119 0.009630 7.127110 11.878516
48 43 0.000097 0.009366 7.116539 11.860898
49 44 0.000138 0.005990 7.100735 11.834558
50 45 0.000000 0.009949 7.088902 11.814836
51 46 0.000119 0.009281 7.078941 11.798236
52 47 0.000154 0.008638 7.068855 11.781425
53 48 0.000170 0.008508 7.051369 11.752281
54 49 0.000000 0.010769 7.040207 11.733678
55 50 0.000139 0.008557 7.029388 11.715648
56 51 0.000156 0.005733 7.011574 11.685956
57 52 0.000099 0.007654 6.995941 11.659902
58 53 0.000000 0.007976 6.986351 11.643918
59 54 0.000099 0.008296 6.969315 11.615524
60 55 0.000099 0.007466 6.953461 11.589101
61 56 0.000000 0.008053 6.943649 11.572749
62 57 0.000122 0.007428 6.931450 11.552417
63 58 0.000141 0.006633 6.925636 11.542727
64 59 0.000071 0.007454 6.919075 11.531792
65 60 0.000100 0.008051 6.910118 11.516864
66 61 0.000100 0.005363 6.892555 11.487592
67 62 0.000000 0.003632 6.876709 11.461182
68 63 0.000101 0.006664 6.854240 11.423734
69 64 0.000101 0.004536 6.832870 11.388118
70 65 0.000000 0.004351 6.808792 11.347987
71 66 0.000072 0.006135 6.791664 11.319440
72 67 0.000102 0.011403 6.775421 11.292369
73 68 0.000125 0.007196 6.758446 11.264076
74 69 0.000125 0.010744 6.746140 11.243566
75 70 0.000162 0.012031 6.733513 11.222522
76 71 0.000073 0.016380 6.720459 11.200765
77 72 0.000146 0.011048 6.706879 11.178131
78 73 0.000178 0.014562 6.706390 11.177318
79 74 0.000126 0.012396 6.702354 11.170590
80 75 0.000000 0.016213 6.700241 11.167068
81 76 0.000126 0.012744 6.693718 11.156197
82 77 0.000073 0.014309 6.686028 11.143379
83 78 0.000073 0.008027 6.664932 11.108220
84 79 0.000000 0.010788 6.655228 11.092046
85 80 0.000073 0.004528 6.649635 11.082726
86 81 0.000104 0.004501 6.651787 11.086311
87 82 0.000104 0.004496 6.657005 11.095009
88 83 0.000000 0.007955 6.676590 11.127650
89 84 0.000103 0.005972 6.709312 11.182187
90 85 0.000000 0.011722 6.732407 11.220677
91 86 0.000072 0.013854 6.757538 11.262563
92 87 0.000000 0.017069 6.777412 11.295688
93 88 0.000072 0.018501 6.790047 11.316745
94 89 0.000072 0.017612 6.783119 11.305199
95 90 0.000144 0.020002 6.784828 11.308047
96 91 0.000072 0.013193 6.774147 11.290245
97 92 0.000161 0.014232 6.774590 11.290982
98 93 0.000072 0.011684 6.770752 11.284587
99 94 0.000102 0.012271 6.766937 11.278229
100 95 0.000162 0.011416 6.755371 11.258952
101 96 0.000000 0.012450 6.758499 11.264165
102 97 0.000072 0.011339 6.754669 11.257782
103 98 0.000072 0.012535 6.753220 11.255366
104 99 0.000102 0.010433 6.749130 11.248550
105 100 0.000072 0.009651 6.750793 11.251323
106 101 0.000145 0.010954 6.746887 11.244812
107 102 0.000102 0.010019 6.740097 11.233495
108 103 0.000192 0.010033 6.742584 11.237640
109 104 0.000072 0.009678 6.742462 11.237437
110 105 0.000217 0.012510 6.739944 11.233241
111 106 0.000251 0.012122 6.735657 11.226094
112 107 0.000145 0.008584 6.738159 11.230266
113 108 0.000103 0.008569 6.732315 11.220525
114 109 0.000103 0.004921 6.731781 11.219635
115 110 0.000162 0.003696 6.736603 11.227672
116 111 0.000102 0.003049 6.741943 11.236572
117 112 0.000102 0.005422 6.742676 11.237793
118 113 0.000125 0.004120 6.745972 11.243286
119 114 0.000145 0.006405 6.747055 11.245091
120 115 0.000162 0.009334 6.747787 11.246312
121 116 0.000072 0.008804 6.749969 11.249949
122 117 0.000072 0.011188 6.761612 11.269353
123 118 0.000000 0.010417 6.772263 11.287105
124 119 0.000102 0.012716 6.782700 11.304500
125 120 0.000072 0.008727 6.791595 11.319325
126 121 0.000227 0.010966 6.804886 11.341476
127 122 0.000227 0.013725 6.815521 11.359202
128 123 0.000160 0.013809 6.830795 11.384659
129 124 0.000123 0.017089 6.850159 11.416931
130 125 0.000071 0.018863 6.867020 11.445033
131 126 0.000071 0.015563 6.877960 11.463267
132 127 0.000100 0.014263 6.890213 11.483688
133 128 0.000224 0.012555 6.893204 11.488673
134 129 0.000173 0.012832 6.902054 11.503423
135 130 0.000173 0.011242 6.919662 11.532771
136 131 0.000122 0.011142 6.939697 11.566162
137 132 0.000099 0.009771 6.957932 11.596553
138 133 0.000070 0.009742 6.980179 11.633632
139 134 0.000099 0.009540 6.996307 11.660512
140 135 0.000000 0.013704 7.010254 11.683757
141 136 0.000070 0.016557 7.023392 11.705653
142 137 0.000098 0.016290 7.042511 11.737518
143 138 0.000098 0.015406 7.060532 11.767552
144 139 0.000000 0.016775 7.078018 11.796697
145 140 0.000000 0.014760 7.090363 11.817271
146 141 0.000097 0.014681 7.105667 11.842778
147 142 0.000227 0.016955 7.120743 11.867905
148 143 0.000137 0.015745 7.139069 11.898448
149 144 0.000000 0.011107 7.154709 11.924515
150 145 0.000000 0.009487 7.172165 11.953609
151 146 0.000096 0.005543 7.196152 11.993587
152 147 0.000135 0.003474 7.212051 12.020085
153 148 0.000068 0.005390 7.229385 12.048976
154 149 0.000165 0.006243 7.253586 12.089310
155 150 0.000095 0.003395 7.276276 12.127126
156 151 0.000116 0.006879 7.297516 12.162526
157 152 0.000116 0.006663 7.320297 12.200496
158 153 0.000067 0.005295 7.340164 12.233607
159 154 0.000066 0.004158 7.358780 12.264633
160 155 0.000094 0.004995 7.375656 12.292760
161 156 0.000000 0.004407 7.392776 12.321294
162 157 0.000000 0.004743 7.404602 12.341003
163 158 0.000000 0.004744 7.419022 12.365036
164 159 0.000066 0.004291 7.428726 12.381210
165 160 0.000093 0.005325 7.442490 12.404149
166 161 0.000066 0.004877 7.447159 12.411931
167 162 0.000093 0.006326 7.457275 12.428792
168 163 0.000093 0.008042 7.464432 12.440720
169 164 0.000092 0.007249 7.469971 12.449951
170 165 0.000065 0.007418 7.480103 12.466838
171 166 0.000065 0.007644 7.494934 12.491557
172 167 0.000092 0.006771 7.506104 12.510173
173 168 0.000092 0.007229 7.519913 12.533188
174 169 0.000092 0.007132 7.535141 12.558568
175 170 0.000158 0.006679 7.550018 12.583364
176 171 0.000224 0.006280 7.559052 12.598419
177 172 0.000091 0.005368 7.574738 12.624562
178 173 0.000111 0.003391 7.588852 12.648087
179 174 0.000091 0.004550 7.598389 12.663981
180 175 0.000091 0.004857 7.610428 12.684047
181 176 0.000181 0.006197 7.623306 12.705510
182 177 0.000090 0.006988 7.635056 12.725093
183 178 0.000212 0.007845 7.641876 12.736461
184 179 0.000156 0.008089 7.655869 12.759781
185 180 0.000169 0.007409 7.665848 12.776413
186 181 0.000127 0.007376 7.677292 12.795486
187 182 0.000142 0.007696 7.679291 12.798818
188 183 0.000090 0.008308 7.685730 12.809550
189 184 0.000063 0.006219 7.689484 12.815806
190 185 0.000179 0.007085 7.697266 12.828776
191 186 0.000000 0.011296 7.699371 12.832286
192 187 0.000179 0.012399 7.704315 12.840526
193 188 0.000090 0.010583 7.706146 12.843577
194 189 0.000000 0.011134 7.709595 12.849324
195 190 0.000200 0.013879 7.710388 12.850647
196 191 0.000000 0.011679 7.711700 12.852834
197 192 0.000000 0.012341 7.718842 12.864736
198 193 0.000126 0.013175 7.721191 12.868652
199 194 0.000063 0.014936 7.730011 12.883351
200 195 0.000000 0.013071 7.734192 12.890320
201 196 0.000109 0.014278 7.745972 12.909953
202 197 0.000109 0.012404 7.749908 12.916514
203 198 0.000126 0.012013 7.752991 12.921651
204 199 0.000109 0.010621 7.757294 12.928823
205 200 0.000109 0.011428 7.760315 12.933858
206 201 0.000089 0.010446 7.762939 12.938232
207 202 0.000166 0.007133 7.771149 12.951915
208 203 0.000125 0.006466 7.788666 12.981110
209 204 0.000108 0.005679 7.803223 13.005371
210 205 0.000165 0.004491 7.821136 13.035228
211 206 0.000125 0.004284 7.842224 13.070374
212 207 0.000152 0.004913 7.869751 13.116252
213 208 0.000124 0.005835 7.891602 13.152669
214 209 0.000151 0.006459 7.914307 13.190511
215 210 0.000123 0.007447 7.938995 13.231659
216 211 0.000150 0.007186 7.960297 13.267161
217 212 0.000061 0.007092 7.976868 13.294780
218 213 0.000122 0.007792 8.000061 13.333435
219 214 0.000000 0.008417 8.022491 13.370819
220 215 0.000000 0.007986 8.037689 13.396149
221 216 0.000000 0.008896 8.062469 13.437449
222 217 0.000171 0.008885 8.086609 13.477681
223 218 0.000159 0.009692 8.108002 13.513336
224 219 0.000000 0.009638 8.122040 13.536733
225 220 0.000159 0.008683 8.140259 13.567098
226 221 0.000104 0.008210 8.147949 13.579915
227 222 0.000085 0.010077 8.146729 13.577881
228 223 0.000120 0.010670 8.146362 13.577271
229 224 0.000159 0.010308 8.147583 13.579305
230 225 0.000085 0.008038 8.144379 13.573964
231 226 0.000085 0.008618 8.139404 13.565674
232 227 0.000085 0.007394 8.131989 13.553314
233 228 0.000085 0.008925 8.123444 13.539073
234 229 0.000120 0.007588 8.106964 13.511607
235 230 0.000000 0.007974 8.087769 13.479614
236 231 0.000000 0.008355 8.072601 13.454335
237 232 0.000105 0.009056 8.061768 13.436279
238 233 0.000061 0.008325 8.059143 13.431905
239 234 0.000086 0.006917 8.052460 13.420766
240 235 0.000086 0.006434 8.044495 13.407491
241 236 0.000086 0.007121 8.035706 13.392842
242 237 0.000122 0.004105 8.027618 13.379364
243 238 0.000000 0.008251 8.008179 13.346965
244 239 0.000061 0.007167 7.996368 13.327281
245 240 0.000150 0.007648 7.995453 13.325755
246 241 0.000122 0.007837 7.984344 13.307240
247 242 0.000087 0.008692 7.977753 13.296254
248 243 0.000106 0.008061 7.970917 13.284862
249 244 0.000087 0.007768 7.967072 13.278453
250 245 0.000061 0.007995 7.959778 13.266296
251 246 0.000061 0.007210 7.953583 13.255971
252 247 0.000106 0.006960 7.958374 13.263957
253 248 0.000173 0.008077 7.964508 13.274180
254 249 0.000000 0.008064 7.971039 13.285065
255 250 0.000061 0.009033 7.985504 13.309174
256 251 0.000150 0.006837 7.988922 13.314870
257 252 0.000086 0.009722 8.031525 13.385875
258 253 0.000172 0.011384 8.044281 13.407135
259 254 0.000173 0.009253 8.002899 13.338165
260 255 0.000202 0.008609 8.003357 13.338928
261 256 0.000172 0.007337 8.020142 13.366902
262 257 0.000061 0.005388 7.993896 13.323161
263 258 0.000220 0.007182 7.997040 13.328400
264 259 0.000192 0.005994 8.061737 13.436229
265 260 0.000271 0.007488 8.065979 13.443298
266 261 0.000218 0.007597 8.077057 13.461761
267 262 0.000085 0.007237 8.080780 13.467967
268 263 0.000121 0.009706 8.087769 13.479614
269 264 0.000104 0.008117 8.097046 13.495076
270 265 0.000269 0.016516 8.108582 13.514302
