10 5 0.006291 0.043110 5.959602 9.932670
11 6 0.006176 0.036393 5.961197 9.935328
12 7 0.006836 0.045878 5.960131 9.933551
13 8 0.006533 0.038478 5.961914 9.936523
14 9 0.005236 0.040503 5.961316 9.935527
15 10 0.002674 0.037221 5.963225 9.938709
16 11 0.001092 0.023586 5.966685 9.944475
17 12 0.000691 0.020898 5.968659 9.947765
18 13 0.000000 0.036519 5.969987 9.949978
19 14 0.000000 0.029605 5.973200 9.955333
20 15 0.000000 0.030786 5.973963 9.956605
21 16 0.000000 0.037915 5.972372 9.953954
22 17 0.000691 0.032881 5.975130 9.958550
23 18 0.000846 0.019406 5.979273 9.965455
24 19 0.000691 0.022508 5.980539 9.967566
25 20 0.000977 0.016593 5.977598 9.962664
26 21 0.000846 0.009965 5.983368 9.972280
27 22 0.000488 0.019156 5.991198 9.985330
28 23 0.001381 0.018768 5.981045 9.968408
29 24 0.000977 0.020757 5.980354 9.967257
30 25 0.000691 0.028622 5.987020 9.978368
31 26 0.000488 0.038308 5.984228 9.973714
32 27 0.000000 0.023787 5.977913 9.963188
33 28 0.000000 0.022862 5.988247 9.980412
34 29 0.000846 0.018961 5.990658 9.984429
35 30 0.000691 0.031663 5.989235 9.982059
36 31 0.000691 0.039119 5.989708 9.982846
37 32 0.000000 0.042069 5.991848 9.986413
38 33 0.000691 0.030807 5.993130 9.988549
39 34 0.000691 0.037597 5.996449 9.994081
40 35 0.000488 0.023809 6.005215 10.008691
41 36 0.000977 0.034282 6.010700 10.017834
42 37 0.000977 0.031624 6.009438 10.015729
43 38 0.000691 0.032037 6.010231 10.017052
44 39 0.000691 0.032948 6.010826 10.018044
45 40 0.001196 0.033332 6.010777 10.017961
46 41 0.000691 0.035507 6.011654 10.019423
47 42 0.000488 0.032767 6.017868 10.029780
48 43 0.000977 0.030115 6.024403 10.040671
49 44 0.000000 0.027376 6.028080 10.046800
50 45 0.000000 0.022349 6.028770 10.047951
51 46 0.000691 0.030484 6.028481 10.047467
52 47 0.000488 0.030048 6.027058 10.045096
53 48 0.000691 0.022369 6.021404 10.035674
54 49 0.000977 0.028473 6.016655 10.027759
55 50 0.000846 0.027666 6.013554 10.022590
56 51 0.000691 0.027858 6.007248 10.012080
57 52 0.000977 0.029210 5.997219 9.995365
58 53 0.000691 0.028395 5.989712 9.982853
59 54 0.001092 0.027816 5.980621 9.967702
60 55 0.000977 0.027180 5.967682 9.946136
61 56 0.000977 0.023944 5.956673 9.927788
62 57 0.000488 0.029576 5.948463 9.914105
63 58 0.001292 0.033899 5.932137 9.886894
64 59 0.000977 0.029104 5.916237 9.860394
65 60 0.001196 0.030270 5.901695 9.836159
66 61 0.000846 0.033316 5.893646 9.822743
67 62 0.001381 0.035775 5.881996 9.803327
68 63 0.001619 0.037934 5.869904 9.783173
69 64 0.000488 0.039747 5.859268 9.765447
70 65 0.000977 0.035109 5.842743 9.737905
71 66 0.000000 0.033953 5.824028 9.706714
72 67 0.000000 0.035457 5.809921 9.683202
73 68 0.000488 0.039012 5.798294 9.663823
74 69 0.000977 0.031951 5.786774 9.644623
75 70 0.000691 0.017066 5.777794 9.629657
76 71 0.000691 0.026697 5.768883 9.614804
77 72 0.000691 0.026074 5.763062 9.605103
78 73 0.000846 0.026563 5.764252 9.607086
79 74 0.000691 0.040371 5.767990 9.613317
80 75 0.000488 0.045019 5.774597 9.624329
81 76 0.000691 0.037312 5.777901 9.629834
82 77 0.000488 0.053082 5.783264 9.638774
83 78 0.000691 0.047032 5.788208 9.647014
84 79 0.000488 0.051947 5.800529 9.667549
85 80 0.000691 0.057184 5.820000 9.700000
86 81 0.000488 0.057564 5.848213 9.747022
87 82 0.000846 0.059422 5.874664 9.791107
88 83 0.000488 0.059079 5.906860 9.844768
89 84 0.000691 0.054238 5.936928 9.894879
90 85 0.000691 0.055242 5.961296 9.935493
91 86 0.000691 0.063226 5.984688 9.974480
92 87 0.000488 0.059042 6.006508 10.010846
93 88 0.000000 0.058207 6.027473 10.045789
94 89 0.000000 0.051742 6.044502 10.074170
95 90 0.000000 0.054150 6.060829 10.101382
96 91 0.000000 0.051783 6.074265 10.123775
97 92 0.000000 0.054434 6.087227 10.145378
98 93 0.000000 0.051398 6.096886 10.161476
99 94 0.000488 0.060307 6.106445 10.177409
100 95 0.000488 0.060947 6.118141 10.196902
101 96 0.001196 0.053572 6.130806 10.218010
102 97 0.000488 0.069536 6.140419 10.234032
103 98 0.000846 0.068478 6.158325 10.263875
104 99 0.000000 0.061564 6.173210 10.288684
105 100 0.000846 0.061948 6.186104 10.310173
106 101 0.000977 0.066557 6.200668 10.334447
107 102 0.000846 0.042615 6.220718 10.367864
108 103 0.000977 0.033790 6.229195 10.381991
109 104 0.001092 0.051935 6.238754 10.397923
110 105 0.000488 0.041397 6.252884 10.421474
111 106 0.000977 0.050705 6.264519 10.440865
112 107 0.000846 0.043183 6.276787 10.461311
113 108 0.000846 0.050614 6.290436 10.484059
114 109 0.000000 0.035531 6.303467 10.505778
115 110 0.000691 0.038605 6.314835 10.524724
116 111 0.000691 0.033586 6.324234 10.540390
117 112 0.000488 0.051981 6.335693 10.559489
118 113 0.001292 0.050954 6.347748 10.579579
119 114 0.000846 0.064570 6.358780 10.597966
120 115 0.001196 0.059066 6.364731 10.607884
121 116 0.000000 0.055968 6.368561 10.614268
122 117 0.000846 0.039339 6.364670 10.607783
123 118 0.000977 0.033241 6.356445 10.594075
124 119 0.000691 0.034432 6.348221 10.580368
125 120 0.000691 0.039375 6.341064 10.568440
126 121 0.000000 0.040924 6.334076 10.556793
127 122 0.000691 0.037124 6.333008 10.555013
128 123 0.000488 0.045928 6.329559 10.549266
129 124 0.000000 0.030473 6.328751 10.547917
130 125 0.000488 0.023817 6.326904 10.544841
131 126 0.000488 0.039068 6.323883 10.539805
132 127 0.000691 0.044279 6.319611 10.532684
133 128 0.000000 0.057638 6.317612 10.529353
134 129 0.000488 0.063053 6.313034 10.521724
135 130 0.000488 0.070163 6.311600 10.519333
136 131 0.000977 0.040660 6.314926 10.524877
137 132 0.000691 0.048362 6.312271 10.520452
138 133 0.000846 0.042458 6.313293 10.522156
139 134 0.000488 0.047935 6.315216 10.525360
140 135 0.000488 0.050900 6.318176 10.530293
141 136 0.000691 0.055121 6.317474 10.529124
142 137 0.000488 0.048237 6.321930 10.536550
143 138 0.000846 0.055677 6.323181 10.538635
144 139 0.000000 0.038521 6.325058 10.541763
145 140 0.000977 0.047783 6.320892 10.534821
146 141 0.000691 0.061712 6.325043 10.541738
147 142 0.000691 0.052689 6.321838 10.536397
148 143 0.000846 0.063524 6.318375 10.530624
149 144 0.000691 0.061825 6.315857 10.526428
150 145 0.000000 0.050082 6.316635 10.527725
151 146 0.000488 0.037939 6.313660 10.522766
152 147 0.000691 0.043638 6.307541 10.512568
153 148 0.000691 0.039375 6.297104 10.495173
154 149 0.000000 0.033589 6.284836 10.474727
155 150 0.000691 0.039448 6.269867 10.449779
156 151 0.000488 0.043409 6.252228 10.420380
157 152 0.000000 0.042854 6.240799 10.401332
158 153 0.000488 0.042858 6.229980 10.383301
159 154 0.000977 0.050583 6.214493 10.357488
160 155 0.000846 0.048017 6.198730 10.331218
161 156 0.000000 0.053568 6.178436 10.297394
162 157 0.000977 0.054951 6.153732 10.256221
163 158 0.000488 0.060947 6.131866 10.219777
164 159 0.000488 0.055667 6.110764 10.184606
165 160 0.000488 0.062803 6.087524 10.145874
166 161 0.001092 0.066461 6.062256 10.103760
167 162 0.000488 0.062038 6.036270 10.060451
168 163 0.000691 0.057927 6.006821 10.011368
169 164 0.000488 0.070982 5.972672 9.954453
170 165 0.000691 0.067443 5.935242 9.892070
171 166 0.000846 0.060226 5.890564 9.817607
172 167 0.000000 0.065817 5.838501 9.730835
173 168 0.000846 0.068485 5.780228 9.633713
174 169 0.000977 0.057831 5.713303 9.522171
175 170 0.000691 0.052891 5.639893 9.399821
176 171 0.000691 0.049714 5.567215 9.278691
177 172 0.000977 0.043111 5.494858 9.158096
178 173 0.000691 0.039589 5.424591 9.040985
179 174 0.000691 0.036282 5.356339 8.927231
180 175 0.000488 0.034659 5.296555 8.827591
181 176 0.000000 0.043142 5.234680 8.724467
182 177 0.000488 0.035928 5.168060 8.613434
183 178 0.000691 0.035307 5.092453 8.487422
184 179 0.000000 0.048372 5.015182 8.358638
185 180 0.000488 0.048198 4.919632 8.199387
186 181 0.000691 0.039698 4.817841 8.029735
187 182 0.000000 0.060881 4.710831 7.851385
188 183 0.001092 0.064071 4.601578 7.669296
189 184 0.000691 0.057927 4.488876 7.481461
190 185 0.000488 0.053184 4.377548 7.295914
191 186 0.000846 0.054982 4.270538 7.117564
192 187 0.000846 0.055425 4.168015 6.946691
193 188 0.000977 0.046234 4.071228 6.785380
194 189 0.000488 0.042237 3.975784 6.626307
195 190 0.000691 0.041180 3.887115 6.478526
196 191 0.000691 0.038182 3.804626 6.341044
197 192 0.000488 0.029832 3.738251 6.230418
198 193 0.000691 0.034619 3.683746 6.139577
199 194 0.000691 0.036371 3.647705 6.079508
200 195 0.000691 0.037979 3.623978 6.039963
201 196 0.000488 0.032506 3.607117 6.011861
202 197 0.000488 0.041068 3.590118 5.983531
203 198 0.000846 0.041280 3.573547 5.955912
204 199 0.000000 0.036232 3.554611 5.924352
205 200 0.000000 0.031051 3.536484 5.894140
206 201 0.000488 0.038203 3.518509 5.864182
207 202 0.000000 0.029793 3.499908 5.833181
208 203 0.000000 0.029177 3.481171 5.801951
209 204 0.000691 0.028271 3.465332 5.775553
210 205 0.000977 0.029979 3.454010 5.756683
211 206 0.000488 0.029017 3.451096 5.751826
212 207 0.000846 0.028158 3.454865 5.758108
213 208 0.000000 0.026111 3.469254 5.782089
214 209 0.000846 0.025808 3.484802 5.808004
215 210 0.000000 0.025878 3.500549 5.834249
216 211 0.000691 0.023753 3.515152 5.858587
217 212 0.001092 0.021572 3.533676 5.889460
218 213 0.000488 0.015985 3.553070 5.921783
219 214 0.001465 0.013544 3.577835 5.963058
220 215 0.000846 0.015929 3.607101 6.011836
221 216 0.001196 0.018306 3.641037 6.068395
222 217 0.000977 0.020927 3.672287 6.120478
223 218 0.000691 0.021331 3.703308 6.172180
224 219 0.000000 0.021207 3.736313 6.227188
225 220 0.000846 0.021320 3.776855 6.294759
226 221 0.000691 0.018528 3.818817 6.364695
227 222 0.000691 0.013837 3.859924 6.433207
228 223 0.000846 0.018213 3.901810 6.503016
229 224 0.000846 0.013972 3.935776 6.559626
230 225 0.001196 0.013645 3.967880 6.613134
231 226 0.000691 0.017676 4.001755 6.669591
232 227 0.000488 0.026841 4.043167 6.738612
233 228 0.000977 0.021231 4.083893 6.806488
234 229 0.000488 0.043618 4.126144 6.876907
235 230 0.000846 0.033564 4.159241 6.932068
236 231 0.000488 0.033225 4.176178 6.960297
237 232 0.001092 0.052210 4.185272 6.975454
238 233 0.001544 0.059873 4.189423 6.982371
239 234 0.001891 0.044530 4.195618 6.992696
240 235 0.000977 0.057982 4.198944 6.998240
241 236 0.001196 0.054666 4.204620 7.007700
242 237 0.000846 0.041982 4.211182 7.018636
243 238 0.000000 0.047045 4.216064 7.026774
244 239 0.000488 0.040924 4.220184 7.033640
245 240 0.001381 0.040420 4.226624 7.044373
246 241 0.001092 0.037388 4.234802 7.058004
247 242 0.000488 0.042049 4.244415 7.074026
248 243 0.001381 0.042219 4.253876 7.089793
249 244 0.001092 0.042250 4.262848 7.104746
250 245 0.000488 0.032347 4.269135 7.115224
251 246 0.000691 0.033265 4.273804 7.123006
252 247 0.000691 0.026218 4.276733 7.127889
253 248 0.000977 0.020323 4.276215 7.127024
254 249 0.000691 0.017825 4.271698 7.119497
255 250 0.000488 0.014736 4.266418 7.110697
256 251 0.000691 0.026374 4.261810 7.103017
257 252 0.000977 0.017427 4.250885 7.084808
258 253 0.001381 0.017647 4.236694 7.061157
259 254 0.000000 0.027894 4.218475 7.030792
260 255 0.000691 0.028718 4.189484 6.982473
261 256 0.000488 0.025085 4.154327 6.923879
262 257 0.000691 0.030232 4.109131 6.848551
263 258 0.000000 0.027421 4.054199 6.756999
264 259 0.000488 0.023017 3.987885 6.646474
265 260 0.000000 0.018946 3.916534 6.527557
266 261 0.000000 0.006907 3.833679 6.389465
267 262 0.000488 0.008116 3.741211 6.235352
268 263 0.000488 0.005053 3.646118 6.076864
269 264 0.000691 0.009064 3.546448 5.910746
270 265 0.000000 0.011693 3.447601 5.746002
271 266 0.000488 0.012369 3.355499 5.592499
272 267 0.000691 0.006107 3.276947 5.461578
273 268 0.001196 0.003915 3.200714 5.334524
274 269 0.001196 0.012068 3.138763 5.231272
275 270 0.001619 0.005393 3.069092 5.115153
276 271 0.001196 0.014291 3.010651 5.017751
277 272 0.001465 0.026960 2.949890 4.916483
278 273 0.001691 0.028861 2.881866 4.803111
279 274 0.002128 0.023753 2.824829 4.708048
280 275 0.001761 0.046271 2.781342 4.635569
281 276 0.002072 0.043053 2.708344 4.513906
282 277 0.002490 0.040037 2.656860 4.428101
283 278 0.002013 0.051894 2.594818 4.324697
284 279 0.001827 0.044789 2.548828 4.248047
285 280 0.002013 0.081744 2.509888 4.183146
286 281 0.002342 0.057605 2.465118 4.108531
287 282 0.001761 0.073953 2.436249 4.060415
288 283 0.001761 0.084201 2.437469 4.062449
289 284 0.001691 0.088917 2.384003 3.973338
290 285 0.001381 0.063776 2.361786 3.936310
291 286 0.001465 0.091089 2.339264 3.898773
292 287 0.001381 0.090239 2.321899 3.869832
293 288 0.001691 0.092246 2.300781 3.834635
294 289 0.001196 0.080686 2.279114 3.798523
295 290 0.001691 0.091181 2.251617 3.752696
296 291 0.001891 0.109452 2.253235 3.755391
297 292 0.002290 0.079400 2.195007 3.658345
298 293 0.002805 0.089714 2.156189 3.593648
299 294 0.004257 0.106397 2.139404 3.565674
300 295 0.004026 0.112613 2.109192 3.515320
301 296 0.002490 0.092541 2.090302 3.483836
302 297 0.002674 0.090408 2.105774 3.509623
303 298 0.003312 0.101976 2.121674 3.536123
304 299 0.003845 0.077383 2.158295 3.597158
305 300 0.003906 0.079500 2.208649 3.681081
306 301 0.002674 0.095701 2.254639 3.757731
307 302 0.003588 0.098053 2.322510 3.870850
308 303 0.003239 0.065204 2.371521 3.952535
309 304 0.002184 0.075176 2.423157 4.038595
310 305 0.002184 0.074940 2.491302 4.152171
311 306 0.003418 0.067635 2.550018 4.250031
312 307 0.001465 0.119573 2.625732 4.376221
313 308 0.002805 0.112183 2.702789 4.504649
314 309 0.003814 0.096420 2.795715 4.659525
315 310 0.003383 0.085444 2.891998 4.819997
316 311 0.003751 0.162695 3.000397 5.000661
317 312 0.002490 0.064185 3.112671 5.187785
318 313 0.003010 0.081853 3.228333 5.380554
319 314 0.002847 0.137278 3.362854 5.604757
320 315 0.003487 0.113344 3.455231 5.758718
321 316 0.002719 0.041951 3.570709 5.951182
322 317 0.001953 0.063516 3.682495 6.137492
323 318 0.001761 0.064234 3.803680 6.339468
324 319 0.002490 0.027211 3.923645 6.539408
325 320 0.002762 0.057557 4.045898 6.743164
326 321 0.002441 0.079128 4.188385 6.980642
327 322 0.002441 0.040461 4.289185 7.148641
328 323 0.003010 0.075466 4.407745 7.346242
329 324 0.002584 0.090734 4.526703 7.544505
330 325 0.002537 0.085046 4.646210 7.743683
331 326 0.001544 0.068703 4.755341 7.925568
332 327 0.001196 0.075361 4.871033 8.118388
333 328 0.000691 0.061650 4.992126 8.320210
334 329 0.000846 0.057159 5.102448 8.504079
335 330 0.001761 0.058729 5.225189 8.708649
336 331 0.001619 0.063308 5.342804 8.904674
337 332 0.001761 0.069447 5.468292 9.113820
338 333 0.001196 0.054313 5.591919 9.319865
339 334 0.001465 0.043725 5.695557 9.492595
340 335 0.000691 0.036461 5.798340 9.663899
341 336 0.001619 0.028805 5.889313 9.815521
342 337 0.000977 0.042627 5.980011 9.966685
343 338 0.001092 0.048163 6.063538 10.105896
344 339 0.000000 0.073933 6.146881 10.244802
345 340 0.000846 0.083206 6.235352 10.392253
346 341 0.001196 0.085488 6.320648 10.534413
347 342 0.000846 0.085786 6.401794 10.669658
348 343 0.000000 0.101586 6.476807 10.794678
349 344 0.000000 0.081179 6.547852 10.913086
350 345 0.000846 0.063473 6.600464 11.000773
351 346 0.000691 0.089721 6.637299 11.062164
352 347 0.000000 0.080633 6.656799 11.094666
353 348 0.001092 0.095165 6.674194 11.123657
354 349 0.000691 0.097460 6.680664 11.134440
355 350 0.000977 0.105806 6.688538 11.147563
356 351 0.000691 0.089381 6.702301 11.170502
357 352 0.000691 0.091031 6.723022 11.205037
358 353 0.000977 0.066728 6.732788 11.221313
359 354 0.000846 0.053608 6.743164 11.238606
360 355 0.000488 0.067549 6.758087 11.263478
361 356 0.000691 0.051947 6.762909 11.271515
362 357 0.000977 0.049022 6.771545 11.285909
363 358 0.000691 0.053309 6.787567 11.312612
364 359 0.000691 0.060907 6.805573 11.342621
365 360 0.000977 0.042150 6.822662 11.371104
366 361 0.000488 0.047319 6.844147 11.406911
367 362 0.001196 0.036596 6.869598 11.449330
368 363 0.001092 0.040066 6.882538 11.470897
369 364 0.001292 0.040320 6.898651 11.497752
370 365 0.000977 0.042166 6.913788 11.522980
371 366 0.000977 0.051560 6.933289 11.555481
372 367 0.000000 0.058385 6.947906 11.579844
373 368 0.000488 0.053070 6.967987 11.613312
374 369 0.000000 0.056309 6.984497 11.640828
375 370 0.000977 0.052633 6.999054 11.665090
376 371 0.000977 0.046035 7.010834 11.684723
377 372 0.000977 0.052878 7.024719 11.707866
378 373 0.000691 0.050595 7.040741 11.734569
379 374 0.000691 0.044559 7.059998 11.766663
380 375 0.000000 0.061258 7.079559 11.799266
381 376 0.001292 0.061471 7.099396 11.832326
382 377 0.001092 0.059230 7.116943 11.861572
383 378 0.000977 0.060848 7.128601 11.881001
384 379 0.000846 0.062128 7.145294 11.908824
385 380 0.000691 0.047556 7.161255 11.935425
386 381 0.000846 0.038761 7.178650 11.964417
387 382 0.000488 0.029994 7.189728 11.982880
388 383 0.000691 0.016412 7.208435 12.014058
389 384 0.000691 0.022203 7.223175 12.038625
390 385 0.000691 0.024838 7.237793 12.062988
391 386 0.000691 0.033173 7.256775 12.094625
392 387 0.000691 0.024716 7.279480 12.132466
393 388 0.000691 0.048599 7.295685 12.159474
394 389 0.000691 0.041921 7.307678 12.179463
395 390 0.000691 0.042418 7.313232 12.188721
396 391 0.000977 0.036463 7.321350 12.202250
397 392 0.000488 0.042163 7.322083 12.203471
398 393 0.000691 0.036444 7.319916 12.199860
399 394 0.001292 0.041001 7.316254 12.193756
400 395 0.000691 0.025940 7.312439 12.187398
401 396 0.000000 0.015351 7.299713 12.166188
402 397 0.000846 0.033965 7.287964 12.146606
403 398 0.000488 0.040359 7.275391 12.125651
404 399 0.000977 0.039560 7.263794 12.106323
405 400 0.000691 0.047053 7.250092 12.083486
406 401 0.000691 0.051506 7.237885 12.063141
407 402 0.000691 0.041696 7.225006 12.041677
408 403 0.000977 0.036614 7.213501 12.022502
409 404 0.000691 0.040913 7.195740 11.992900
410 405 0.000977 0.037239 7.179413 11.965688
411 406 0.000977 0.061246 7.160004 11.933339
412 407 0.000977 0.066189 7.133575 11.889293
413 408 0.000488 0.077329 7.104156 11.840261
414 409 0.000977 0.068332 7.065613 11.776021
415 410 0.000000 0.096594 7.021240 11.702067
416 411 0.000000 0.068876 6.960999 11.601665
417 412 0.000691 0.077482 6.892487 11.487477
418 413 0.000846 0.067100 6.805481 11.342468
419 414 0.000000 0.061759 6.718262 11.197103
420 415 0.000977 0.045969 6.619873 11.033122
421 416 0.000846 0.050337 6.515472 10.859120
422 417 0.000977 0.045377 6.402802 10.671336
423 418 0.000000 0.054356 6.292145 10.486908
424 419 0.000488 0.061345 6.171204 10.285339
425 420 0.000691 0.063536 6.048584 10.080974
426 421 0.000488 0.086186 5.921722 9.869537
427 422 0.000691 0.079170 5.799011 9.665019
428 423 0.000691 0.072871 5.670288 9.450480
429 424 0.000000 0.062276 5.537903 9.229838
430 425 0.000691 0.056930 5.406799 9.011333
431 426 0.000691 0.045129 5.274445 8.790741
432 427 0.000000 0.047833 5.141052 8.568420
433 428 0.000691 0.042684 5.008636 8.347728
434 429 0.000691 0.043575 4.879364 8.132274
435 430 0.000000 0.045650 4.750458 7.917429
436 431 0.000488 0.034413 4.627747 7.712911
437 432 0.000000 0.031856 4.513794 7.522990
438 433 0.000488 0.034889 4.409851 7.349752
439 434 0.000000 0.032363 4.319031 7.198385
440 435 0.000488 0.030261 4.237274 7.062124
441 436 0.000000 0.034741 4.160370 6.933950
442 437 0.000691 0.046093 4.080597 6.800995
443 438 0.001092 0.043078 4.003082 6.671804
444 439 0.000691 0.033832 3.930756 6.551260
445 440 0.000488 0.027696 3.862671 6.437785
446 441 0.000000 0.038664 3.804108 6.340179
447 442 0.000691 0.031014 3.755463 6.259104
448 443 0.000691 0.047755 3.709198 6.181997
449 444 0.000000 0.043234 3.664093 6.106822
450 445 0.000488 0.060151 3.621796 6.036326
451 446 0.000000 0.056672 3.583344 5.972239
452 447 0.000000 0.060176 3.550232 5.917053
453 448 0.000488 0.056125 3.527985 5.879974
454 449 0.000000 0.054866 3.510864 5.851440
455 450 0.000846 0.053122 3.498352 5.830587
456 451 0.000691 0.046305 3.489319 5.815531
457 452 0.000846 0.042229 3.476746 5.794576
458 453 0.000691 0.044309 3.457703 5.762838
459 454 0.001891 0.046258 3.442963 5.738271
460 455 0.001465 0.045621 3.431976 5.719961
461 456 0.000488 0.043086 3.433960 5.723267
462 457 0.000000 0.046722 3.454010 5.756683
463 458 0.000691 0.041677 3.496552 5.827586
464 459 0.001691 0.046686 3.546265 5.910441
465 460 0.001196 0.034633 3.602570 6.004282
466 461 0.001196 0.041330 3.656982 6.094971
467 462 0.000691 0.029482 3.711853 6.186422
468 463 0.000846 0.026372 3.771790 6.286316
469 464 0.000691 0.016921 3.841400 6.402334
470 465 0.000846 0.019950 3.918945 6.531576
471 466 0.000691 0.027991 4.002563 6.670939
472 467 0.000488 0.031359 4.087799 6.812998
473 468 0.001092 0.035922 4.172028 6.953379
474 469 0.000000 0.039050 4.252502 7.087504
475 470 0.000977 0.037528 4.333466 7.222443
476 471 0.000000 0.026056 4.418793 7.364655
477 472 0.000691 0.028098 4.507507 7.512512
478 473 0.000000 0.030580 4.598114 7.663523
479 474 0.000000 0.028982 4.687042 7.811737
480 475 0.000691 0.035479 4.773621 7.956034
481 476 0.000846 0.026498 4.855988 8.093312
482 477 0.000000 0.026105 4.940857 8.234761
483 478 0.000846 0.023155 5.024963 8.374939
484 479 0.000488 0.036200 5.111603 8.519338
485 480 0.000691 0.026412 5.197479 8.662465
486 481 0.000977 0.037381 5.284790 8.807983
487 482 0.001292 0.025252 5.368286 8.947144
488 483 0.001292 0.028209 5.459381 9.098969
489 484 0.000977 0.024048 5.554779 9.257965
490 485 0.001196 0.040747 5.649475 9.415792
491 486 0.001196 0.037182 5.733856 9.556427
492 487 0.000488 0.041027 5.822906 9.704844
493 488 0.000691 0.039382 5.902527 9.837544
494 489 0.000691 0.050322 5.975494 9.959157
495 490 0.000691 0.034127 6.049957 10.083262
496 491 0.000846 0.040754 6.132996 10.221660
497 492 0.001196 0.041660 6.215759 10.359599
498 493 0.001092 0.026132 6.289734 10.482890
499 494 0.001381 0.036315 6.368347 10.613912
500 495 0.001381 0.034351 6.444275 10.740458
501 496 0.000488 0.046700 6.508545 10.847575
502 497 0.002674 0.052187 6.576721 10.961202
503 498 0.001465 0.063970 6.663635 11.106059
504 499 0.001292 0.053239 6.745605 11.242676
505 500 0.000977 0.050720 6.824646 11.374410
506 501 0.001827 0.040329 6.906799 11.511333
507 502 0.001092 0.022335 6.988770 11.647949
508 503 0.001092 0.029569 7.058838 11.764729
509 504 0.001196 0.020515 7.128662 11.881104
510 505 0.001196 0.028651 7.203125 12.005208
511 506 0.000977 0.039848 7.272583 12.120972
512 507 0.000691 0.030532 7.321228 12.202046
513 508 0.000488 0.021232 7.352600 12.254333
514 509 0.001196 0.027689 7.369080 12.281799
515 510 0.000977 0.027162 7.366516 12.277527
516 511 0.000691 0.032586 7.362549 12.270915
517 512 0.001092 0.033537 7.354370 12.257283
518 513 0.000691 0.044315 7.349731 12.249553
519 514 0.000846 0.059868 7.341675 12.236125
520 515 0.001092 0.049907 7.336975 12.228292
521 516 0.001092 0.053794 7.338318 12.230530
522 517 0.000691 0.038220 7.340576 12.234294
523 518 0.001381 0.038836 7.338562 12.230937
524 519 0.000488 0.030332 7.336487 12.227478
525 520 0.000000 0.026077 7.326782 12.211304
526 521 0.000691 0.022737 7.314270 12.190450
527 522 0.000691 0.029660 7.300659 12.167766
528 523 0.000691 0.025461 7.286865 12.144775
529 524 0.000977 0.038135 7.279724 12.132874
530 525 0.000000 0.036574 7.276672 12.127788
531 526 0.000000 0.028183 7.265991 12.109985
532 527 0.000691 0.030973 7.247925 12.079875
533 528 0.000977 0.024643 7.232910 12.054851
534 529 0.000488 0.030910 7.216492 12.027486
535 530 0.000691 0.033181 7.202148 12.003581
536 531 0.000691 0.033801 7.191589 11.985982
537 532 0.000691 0.037033 7.181396 11.968994
538 533 0.000691 0.038808 7.169373 11.948955
539 534 0.000000 0.040139 7.155945 11.926575
540 535 0.000488 0.043728 7.139526 11.899211
541 536 0.000000 0.045048 7.119385 11.865642
542 537 0.000000 0.036524 7.114319 11.857198
543 538 0.000000 0.047691 7.104553 11.840922
544 539 0.000691 0.050771 7.089111 11.815186
545 540 0.000488 0.026835 7.076599 11.794332
546 541 0.000977 0.024479 7.063843 11.773071
547 542 0.000488 0.027048 7.038574 11.730957
548 543 0.000000 0.023802 7.013245 11.688741
549 544 0.000488 0.039513 6.987061 11.645101
550 545 0.000691 0.036047 6.963928 11.606547
551 546 0.000691 0.031659 6.939819 11.566365
552 547 0.001092 0.038956 6.917480 11.529134
553 548 0.000977 0.037429 6.896362 11.493937
554 549 0.000691 0.030850 6.879517 11.465861
555 550 0.000977 0.023994 6.868835 11.448059
556 551 0.000977 0.025111 6.857300 11.428833
557 552 0.001619 0.025568 6.847412 11.412354
558 553 0.001092 0.032933 6.841309 11.402181
559 554 0.001196 0.032895 6.833069 11.388448
560 555 0.000488 0.046647 6.823181 11.371968
561 556 0.000488 0.051554 6.816162 11.360271
562 557 0.001544 0.058112 6.813477 11.355794
563 558 0.001292 0.045337 6.816101 11.360168
564 559 0.001465 0.041162 6.829285 11.382141
565 560 0.000000 0.030079 6.839111 11.398519
566 561 0.000000 0.038895 6.854675 11.424459
567 562 0.000000 0.024491 6.870483 11.450806
568 563 0.000488 0.028110 6.887329 11.478882
569 564 0.000691 0.023794 6.904724 11.507874
570 565 0.000977 0.036706 6.922485 11.537476
571 566 0.000977 0.019552 6.943542 11.572571
572 567 0.000000 0.027365 6.959595 11.599324
573 568 0.000000 0.025092 6.973083 11.621806
574 569 0.000977 0.027647 6.987122 11.645203
575 570 0.000000 0.021182 7.004028 11.673381
576 571 0.000488 0.029090 7.011047 11.685079
577 572 0.000488 0.032973 7.025269 11.708781
578 573 0.000488 0.036998 7.038208 11.730347
579 574 0.000000 0.036363 7.054199 11.756999
580 575 0.000846 0.039076 7.066406 11.777344
581 576 0.000488 0.033478 7.081787 11.802979
582 577 0.000691 0.027885 7.095459 11.825765
583 578 0.000977 0.034306 7.104980 11.841634
584 579 0.001544 0.041148 7.112671 11.854451
585 580 0.000846 0.042212 7.124756 11.874593
586 581 0.000488 0.040045 7.129456 11.882426
587 582 0.000691 0.040067 7.129700 11.882833
588 583 0.000691 0.032751 7.133423 11.889038
589 584 0.000977 0.025385 7.130493 11.884155
590 585 0.001381 0.034692 7.119141 11.865234
591 586 0.000488 0.036677 7.110413 11.850688
592 587 0.000000 0.033102 7.104309 11.840515
593 588 0.000488 0.034601 7.095398 11.825664
594 589 0.000691 0.028148 7.079712 11.799520
595 590 0.000846 0.022921 7.060669 11.767781
596 591 0.000691 0.019135 7.049805 11.749675
597 592 0.000691 0.014513 7.040466 11.734111
598 593 0.001292 0.021755 7.031616 11.719360
599 594 0.001196 0.021133 7.025513 11.709188
600 595 0.000000 0.021392 7.025452 11.709086
601 596 0.000691 0.020852 7.024048 11.706746
602 597 0.000691 0.017594 7.011780 11.686299
603 598 0.000000 0.022408 7.007324 11.678874
604 599 0.000488 0.023936 7.007324 11.678874
605 600 0.000488 0.017428 7.004578 11.674296
606 601 0.000691 0.012330 6.999512 11.665853
607 602 0.000000 0.024535 7.002808 11.671346
608 603 0.000691 0.015702 7.003235 11.672058
609 604 0.000488 0.015759 6.999756 11.666260
610 605 0.000691 0.030692 7.000427 11.667378
611 606 0.000000 0.023339 6.996887 11.661479
612 607 0.000691 0.015315 6.990479 11.650798
613 608 0.000691 0.011354 6.984131 11.640218
614 609 0.000000 0.029960 6.973389 11.622314
615 610 0.001381 0.027760 6.958435 11.597392
616 611 0.000488 0.029539 6.949463 11.582438
617 612 0.000488 0.025822 6.938110 11.563518
618 613 0.000691 0.031588 6.922424 11.537374
619 614 0.000691 0.032150 6.903931 11.506551
620 615 0.000488 0.026652 6.885681 11.476135
621 616 0.000691 0.030826 6.859192 11.431987
622 617 0.000000 0.038609 6.841919 11.403198
623 618 0.000000 0.043752 6.825073 11.375122
624 619 0.000000 0.044678 6.809448 11.349080
625 620 0.000691 0.043661 6.791748 11.319580
626 621 0.000488 0.037768 6.774170 11.290283
627 622 0.000691 0.038144 6.754211 11.257019
628 623 0.000000 0.039173 6.728577 11.214294
629 624 0.001196 0.034139 6.707275 11.178792
630 625 0.000000 0.035200 6.693726 11.156209
631 626 0.000488 0.037759 6.674561 11.124268
632 627 0.000691 0.028078 6.654846 11.091411
633 628 0.000691 0.037361 6.638306 11.063843
634 629 0.000691 0.029280 6.623047 11.038411
635 630 0.000000 0.047840 6.600647 11.001079
636 631 0.000488 0.049631 6.584229 10.973714
637 632 0.000691 0.045318 6.566711 10.944519
638 633 0.000488 0.033937 6.547852 10.913086
639 634 0.000691 0.054741 6.529297 10.882161
640 635 0.000691 0.037576 6.509888 10.849813
641 636 0.000488 0.045669 6.489624 10.816040
642 637 0.000691 0.054121 6.473206 10.788676
643 638 0.000488 0.063945 6.453857 10.756429
644 639 0.000977 0.052290 6.437683 10.729472
645 640 0.000846 0.050576 6.420166 10.700276
646 641 0.000691 0.033299 6.404907 10.674846
647 642 0.000488 0.033624 6.385376 10.642293
648 643 0.000691 0.028857 6.365784 10.609639
649 644 0.000691 0.033265 6.340576 10.567627
650 645 0.000488 0.034191 6.318970 10.531616
651 646 0.000488 0.034946 6.296875 10.494792
652 647 0.000000 0.036651 6.267029 10.445048
653 648 0.000000 0.037294 6.234436 10.390727
654 649 0.000000 0.055873 6.198608 10.331014
655 650 0.001092 0.049962 6.158264 10.263774
656 651 0.000488 0.057846 6.114197 10.190328
657 652 0.000691 0.049328 6.071594 10.119324
658 653 0.000488 0.054859 6.026001 10.043335
659 654 0.000488 0.039709 5.978760 9.964600
660 655 0.000846 0.044826 5.927979 9.879964
661 656 0.000691 0.034869 5.875610 9.792684
662 657 0.000488 0.047655 5.815002 9.691670
663 658 0.000977 0.041617 5.747620 9.579366
664 659 0.000488 0.043486 5.669312 9.448853
665 660 0.000000 0.041316 5.585999 9.309998
666 661 0.000977 0.048205 5.492798 9.154663
667 662 0.000000 0.042520 5.388062 8.980103
668 663 0.001381 0.047715 5.279114 8.798523
669 664 0.000846 0.032148 5.163147 8.605245
670 665 0.001196 0.058523 5.037720 8.396199
671 666 0.000846 0.059488 4.902893 8.171489
672 667 0.000000 0.074949 4.766174 7.943624
673 668 0.000977 0.064795 4.626221 7.710368
674 669 0.001196 0.086842 4.479431 7.465719
675 670 0.001953 0.050807 4.332886 7.221476
676 671 0.001381 0.036211 4.189148 6.981913
677 672 0.001544 0.020720 4.048950 6.748250
678 673 0.001891 0.020633 3.908325 6.513875
679 674 0.001619 0.036186 3.781494 6.302490
680 675 0.000977 0.046860 3.650330 6.083883
681 676 0.002013 0.051702 3.511902 5.853170
682 677 0.002342 0.069683 3.382874 5.638123
683 678 0.002238 0.082675 3.263367 5.438944
684 679 0.002674 0.084377 3.127747 5.212911
685 680 0.002674 0.105816 3.023071 5.038452
686 681 0.002238 0.095885 2.914551 4.857584
687 682 0.001827 0.105176 2.837097 4.728495
688 683 0.001953 0.114944 2.772400 4.620667
689 684 0.001761 0.119631 2.714722 4.524536
690 685 0.001465 0.113142 2.675659 4.459432
691 686 0.002013 0.142040 2.667114 4.445190
692 687 0.002537 0.118700 2.615723 4.359538
693 688 0.002490 0.133276 2.585205 4.308675
694 689 0.002392 0.138536 2.562500 4.270833
695 690 0.002930 0.146099 2.529419 4.215698
696 691 0.003202 0.173944 2.497681 4.162801
697 692 0.003239 0.160830 2.478760 4.131266
698 693 0.002290 0.090942 2.448853 4.081421
699 694 0.002072 0.087497 2.436157 4.060262
700 695 0.001619 0.083389 2.412659 4.021098
701 696 0.001761 0.066008 2.398132 3.996887
702 697 0.001196 0.080242 2.408447 4.014079
703 698 0.002629 0.141724 2.417419 4.029032
704 699 0.003418 0.144210 2.436890 4.061483
705 700 0.003997 0.134815 2.472473 4.120789
706 701 0.004528 0.156838 2.498840 4.164734
707 702 0.004257 0.150620 2.531555 4.219259
708 703 0.002392 0.109600 2.553772 4.256287
709 704 0.002930 0.096373 2.583862 4.306437
710 705 0.002342 0.091986 2.633667 4.389445
711 706 0.003654 0.150399 2.679199 4.465332
712 707 0.003202 0.107411 2.743652 4.572754
713 708 0.002392 0.096445 2.800476 4.667460
714 709 0.002238 0.097285 2.856995 4.761658
715 710 0.003049 0.080334 2.916138 4.860229
716 711 0.003487 0.075654 2.980164 4.966939
717 712 0.004200 0.129198 3.051392 5.085653
718 713 0.005074 0.134636 3.124756 5.207926
719 714 0.004883 0.122358 3.198242 5.330404
720 715 0.003845 0.139523 3.278381 5.463969
721 716 0.004709 0.125033 3.357910 5.596517
722 717 0.002674 0.067992 3.430542 5.717570
723 718 0.002490 0.088682 3.523438 5.872396
724 719 0.003487 0.105538 3.638306 6.063843
725 720 0.002762 0.068560 3.724854 6.208089
726 721 0.003164 0.065754 3.840393 6.400655
727 722 0.002847 0.055396 3.945740 6.576233
728 723 0.002072 0.043566 4.061523 6.769206
729 724 0.001827 0.029637 4.165039 6.941732
730 725 0.002392 0.027726 4.271484 7.119141
731 726 0.002238 0.032717 4.377319 7.295532
732 727 0.001691 0.030117 4.477356 7.462260
733 728 0.001465 0.038642 4.582336 7.637228
734 729 0.000691 0.035260 4.682983 7.804972
735 730 0.000977 0.037058 4.785828 7.976379
736 731 0.001092 0.043081 4.882874 8.138123
737 732 0.000977 0.036931 4.978027 8.296712
738 733 0.001292 0.037572 5.070923 8.451538
739 734 0.000977 0.031825 5.164062 8.606771
740 735 0.000977 0.032854 5.253723 8.756206
741 736 0.000000 0.038096 5.344666 8.907776
742 737 0.001292 0.041724 5.434998 9.058330
743 738 0.000691 0.037086 5.522827 9.204712
744 739 0.000691 0.051573 5.608337 9.347229
745 740 0.000691 0.059962 5.689148 9.481914
746 741 0.000691 0.072756 5.772827 9.621379
747 742 0.001092 0.078690 5.854919 9.758199
748 743 0.000691 0.070743 5.935242 9.892070
749 744 0.000846 0.068741 6.010803 10.018005
750 745 0.000000 0.069882 6.085876 10.143127
751 746 0.000000 0.065407 6.158081 10.263469
752 747 0.000691 0.055059 6.235535 10.392558
753 748 0.000000 0.060864 6.309753 10.516255
754 749 0.000000 0.079217 6.387817 10.646362
755 750 0.000488 0.082188 6.464417 10.774028
756 751 0.000000 0.055954 6.538452 10.897420
757 752 0.000488 0.080541 6.612488 11.020813
758 753 0.000846 0.039732 6.686829 11.144714
759 754 0.001292 0.027000 6.757874 11.263123
760 755 0.001691 0.021041 6.831360 11.385600
761 756 0.001196 0.030809 6.906616 11.511027
762 757 0.001196 0.027437 6.975464 11.625773
763 758 0.000977 0.039088 7.043640 11.739400
764 759 0.001196 0.040399 7.117371 11.862285
765 760 0.000977 0.038536 7.196167 11.993611
766 761 0.000846 0.054317 7.265503 12.109172
767 762 0.000977 0.047692 7.345276 12.242126
768 763 0.001092 0.045893 7.419434 12.365723
769 764 0.000488 0.044111 7.479126 12.465210
770 765 0.000977 0.046272 7.518433 12.530721
771 766 0.000691 0.035034 7.548767 12.581279
772 767 0.001381 0.039495 7.551575 12.585958
773 768 0.000846 0.038443 7.543945 12.573242
774 769 0.001092 0.044312 7.536743 12.561238
775 770 0.000691 0.043078 7.525513 12.542521
776 771 0.001292 0.047598 7.529114 12.548523
777 772 0.000977 0.052870 7.527710 12.546184
778 773 0.001092 0.055492 7.528748 12.547913
779 774 0.000846 0.054626 7.525513 12.542521
780 775 0.001092 0.053640 7.528503 12.547505
781 776 0.000488 0.053543 7.520691 12.534485
782 777 0.000691 0.049825 7.518188 12.530314
783 778 0.000691 0.049902 7.509766 12.516276
784 779 0.000691 0.038662 7.499512 12.499187
785 780 0.000977 0.055783 7.484192 12.473653
786 781 0.000691 0.055899 7.472534 12.454224
787 782 0.000846 0.055036 7.461548 12.435913
788 783 0.000000 0.057781 7.448181 12.413635
789 784 0.000977 0.065004 7.439209 12.398682
790 785 0.001292 0.032520 7.431396 12.385661
791 786 0.000691 0.057926 7.418152 12.363586
792 787 0.000977 0.068591 7.396729 12.327881
793 788 0.000691 0.068847 7.386780 12.311299
794 789 0.000846 0.076337 7.378845 12.298076
795 790 0.000691 0.076735 7.366394 12.277324
796 791 0.001196 0.051261 7.348999 12.248332
797 792 0.000000 0.055854 7.340698 12.234497
798 793 0.000691 0.045458 7.326904 12.211507
799 794 0.000000 0.047298 7.306824 12.178040
800 795 0.000691 0.062160 7.293396 12.155660
801 796 0.001292 0.061790 7.282288 12.137146
802 797 0.000691 0.045593 7.270447 12.117412
803 798 0.000977 0.068115 7.255005 12.091675
804 799 0.001196 0.062911 7.245667 12.076111
805 800 0.001292 0.053391 7.234619 12.057698
806 801 0.000488 0.057443 7.222473 12.037456
807 802 0.000488 0.049267 7.207520 12.012532
808 803 0.000977 0.043987 7.199280 11.998799
809 804 0.000488 0.046244 7.185730 11.976216
810 805 0.000000 0.045966 7.174377 11.957295
811 806 0.000000 0.049790 7.162659 11.937764
812 807 0.000000 0.065020 7.149902 11.916504
813 808 0.000691 0.057588 7.135132 11.891887
814 809 0.000000 0.069245 7.118530 11.864217
815 810 0.000691 0.070991 7.108765 11.847941
816 811 0.000977 0.074175 7.089233 11.815389
817 812 0.000488 0.068667 7.071533 11.785889
818 813 0.000691 0.067736 7.055237 11.758728
819 814 0.000488 0.062222 7.040527 11.734212
820 815 0.000691 0.065411 7.017029 11.695048
821 816 0.000977 0.059191 7.005981 11.676636
822 817 0.000691 0.065361 6.995239 11.658732
823 818 0.000977 0.059692 6.975830 11.626384
824 819 0.000000 0.082586 6.957825 11.596375
825 820 0.000846 0.080865 6.938721 11.564534
826 821 0.000488 0.088604 6.918152 11.530253
827 822 0.000488 0.071653 6.897400 11.495667
828 823 0.001196 0.106099 6.882874 11.471456
829 824 0.000691 0.075975 6.870361 11.450603
830 825 0.000691 0.104052 6.857666 11.429443
831 826 0.001092 0.095622 6.845947 11.409912
832 827 0.000488 0.102389 6.838135 11.396892
833 828 0.000846 0.068290 6.830933 11.384888
834 829 0.001196 0.073553 6.825684 11.376140
835 830 0.000691 0.058275 6.819824 11.366374
836 831 0.001092 0.057143 6.814819 11.358032
837 832 0.000691 0.052091 6.809082 11.348470
838 833 0.000000 0.058333 6.802917 11.338196
839 834 0.000691 0.052873 6.797607 11.329346
840 835 0.001196 0.086451 6.792908 11.321513
841 836 0.000000 0.036045 6.789307 11.315511
842 837 0.000977 0.034740 6.785461 11.309102
843 838 0.000691 0.034045 6.781494 11.302490
844 839 0.000977 0.040156 6.775269 11.292114
845 840 0.000977 0.042634 6.772888 11.288147
846 841 0.000977 0.060749 6.767517 11.279195
847 842 0.001092 0.061498 6.764954 11.274922
848 843 0.000000 0.055808 6.762390 11.270650
849 844 0.000691 0.057350 6.758545 11.264241
850 845 0.000488 0.054283 6.752380 11.253967
851 846 0.000691 0.050963 6.748108 11.246846
852 847 0.000691 0.057999 6.742065 11.236775
853 848 0.000488 0.057595 6.732971 11.221619
854 849 0.001196 0.048605 6.724060 11.206767
855 850 0.000846 0.041428 6.715332 11.192220
856 851 0.000846 0.040117 6.699707 11.166179
857 852 0.000977 0.041047 6.680176 11.133626
858 853 0.000000 0.041488 6.671265 11.118774
859 854 0.000000 0.041596 6.653931 11.089885
860 855 0.000691 0.040271 6.636169 11.060283
861 856 0.000691 0.037909 6.621826 11.036377
862 857 0.000488 0.041802 6.606323 11.010539
863 858 0.000488 0.044423 6.586243 10.977071
864 859 0.000977 0.033714 6.569336 10.948894
865 860 0.000691 0.040192 6.555237 10.925395
866 861 0.000691 0.044907 6.537048 10.895081
867 862 0.000977 0.041109 6.523071 10.871785
868 863 0.000691 0.038966 6.508667 10.847778
869 864 0.000846 0.041543 6.498352 10.830586
870 865 0.000691 0.037184 6.482849 10.804749
871 866 0.001827 0.042990 6.472717 10.787862
872 867 0.000846 0.044861 6.453125 10.755208
873 868 0.000000 0.037952 6.438721 10.731201
874 869 0.000977 0.037343 6.418579 10.697632
875 870 0.000691 0.034265 6.401428 10.669047
876 871 0.001196 0.029829 6.381897 10.636495
877 872 0.000977 0.027401 6.376038 10.626729
878 873 0.000977 0.026006 6.362671 10.604451
879 874 0.000846 0.016641 6.349243 10.582072
880 875 0.000691 0.023120 6.336243 10.560405
881 876 0.000691 0.016512 6.322388 10.537313
882 877 0.000488 0.026018 6.308411 10.514018
883 878 0.000691 0.028335 6.290222 10.483704
884 879 0.000000 0.028399 6.278870 10.464783
885 880 0.001092 0.039761 6.261963 10.436604
886 881 0.000691 0.039511 6.245239 10.408732
887 882 0.000977 0.035625 6.229065 10.381775
888 883 0.000000 0.044278 6.213928 10.356547
889 884 0.000000 0.039616 6.193787 10.322978
890 885 0.000691 0.036941 6.177063 10.295105
891 886 0.000488 0.038957 6.153015 10.255025
892 887 0.001092 0.038347 6.113464 10.189107
893 888 0.000691 0.032375 6.056458 10.094096
894 889 0.001465 0.037252 5.988770 9.981282
895 890 0.000488 0.038191 5.912048 9.853414
896 891 0.001092 0.050486 5.820374 9.700623
897 892 0.001381 0.061478 5.725464 9.542439
898 893 0.000691 0.040475 5.645325 9.408875
899 894 0.001292 0.036667 5.576111 9.293518
900 895 0.001196 0.040556 5.521240 9.202067
901 896 0.000846 0.037053 5.496521 9.160869
902 897 0.000977 0.035692 5.484619 9.141032
903 898 0.000691 0.032357 5.470947 9.118245
904 899 0.001196 0.026256 5.458496 9.097493
905 900 0.000691 0.024469 5.441833 9.069722
906 901 0.000488 0.025117 5.421753 9.036255
907 902 0.000488 0.024500 5.399902 8.999837
908 903 0.000488 0.026305 5.383484 8.972473
909 904 0.000000 0.033326 5.364319 8.940532
910 905 0.000691 0.036341 5.347839 8.913066
911 906 0.000488 0.040605 5.323975 8.873291
912 907 0.000488 0.043580 5.303589 8.839314
913 908 0.000000 0.043541 5.290649 8.817749
914 909 0.000000 0.049595 5.289429 8.815715
915 910 0.000000 0.038913 5.293579 8.822632
916 911 0.000846 0.038817 5.314087 8.856812
917 912 0.000488 0.039524 5.338257 8.897095
918 913 0.000691 0.069986 5.364014 8.940022
919 914 0.000488 0.059110 5.391479 8.985799
920 915 0.000488 0.082790 5.420166 9.033610
921 916 0.000846 0.055942 5.444946 9.074910
922 917 0.001092 0.058443 5.472778 9.121297
923 918 0.000488 0.039451 5.502686 9.171143
924 919 0.000691 0.044533 5.534546 9.224243
925 920 0.000488 0.040208 5.566162 9.276937
926 921 0.000977 0.044278 5.602661 9.337769
927 922 0.000691 0.050956 5.634766 9.391276
928 923 0.000488 0.039522 5.668213 9.447021
929 924 0.000000 0.031837 5.699097 9.498494
930 925 0.000691 0.052018 5.734863 9.558105
931 926 0.000488 0.058283 5.765747 9.609578
932 927 0.000691 0.050842 5.804932 9.674886
933 928 0.000977 0.063682 5.842651 9.737752
934 929 0.000846 0.069922 5.881470 9.802449
935 930 0.000977 0.054060 5.922119 9.870198
936 931 0.001196 0.045024 5.964844 9.941406
937 932 0.001092 0.041766 6.007324 10.012207
938 933 0.000977 0.050213 6.052612 10.087687
939 934 0.000977 0.052404 6.096802 10.161336
940 935 0.000691 0.059173 6.139526 10.232544
941 936 0.000846 0.064727 6.187622 10.312703
942 937 0.001196 0.062617 6.240234 10.400391
943 938 0.000977 0.050862 6.292725 10.487874
944 939 0.001196 0.047575 6.351196 10.585327
945 940 0.000977 0.041237 6.406616 10.677693
946 941 0.000000 0.047178 6.458252 10.763753
947 942 0.000488 0.050429 6.512329 10.853882
948 943 0.000977 0.051440 6.567139 10.945231
949 944 0.000691 0.065005 6.615479 11.025798
950 945 0.000691 0.056048 6.674072 11.123454
951 946 0.000488 0.046069 6.731201 11.218669
952 947 0.000691 0.057220 6.778442 11.297404
953 948 0.000691 0.057367 6.826172 11.376953
954 949 0.000977 0.052420 6.871826 11.453044
955 950 0.000691 0.054771 6.916138 11.526896
956 951 0.000488 0.055638 6.963135 11.605225
957 952 0.000488 0.048954 7.012817 11.688029
958 953 0.000977 0.049801 7.057983 11.763306
959 954 0.000000 0.049175 7.106201 11.843669
960 955 0.000488 0.054357 7.144897 11.908162
961 956 0.000000 0.061759 7.172974 11.954956
962 957 0.000691 0.071342 7.193115 11.988525
963 958 0.000977 0.082624 7.205200 12.008667
964 959 0.000000 0.081493 7.209229 12.015381
965 960 0.000691 0.074118 7.204102 12.006836
966 961 0.000691 0.070710 7.199463 11.999104
967 962 0.000691 0.068420 7.192993 11.988322
968 963 0.000000 0.063593 7.186768 11.977946
969 964 0.000488 0.069646 7.187500 11.979167
970 965 0.000691 0.070961 7.183228 11.972046
971 966 0.000488 0.063421 7.179077 11.965129
972 967 0.000488 0.058249 7.170288 11.950480
973 968 0.001092 0.060674 7.158691 11.931152
974 969 0.000977 0.061358 7.142456 11.904094
975 970 0.000000 0.057941 7.127563 11.879272
976 971 0.000488 0.067008 7.109497 11.849162
977 972 0.000691 0.053794 7.095581 11.825969
978 973 0.000000 0.057001 7.084961 11.808269
979 974 0.000691 0.054484 7.071167 11.785278
980 975 0.001196 0.053553 7.053345 11.755574
981 976 0.000488 0.041360 7.033203 11.722005
982 977 0.000977 0.055533 7.012329 11.687215
983 978 0.000488 0.045858 6.994019 11.656697
984 979 0.000000 0.048279 6.975952 11.626587
985 980 0.000691 0.045905 6.961304 11.602173
986 981 0.000691 0.051392 6.947510 11.579183
987 982 0.000691 0.046251 6.930176 11.550293
988 983 0.000000 0.047181 6.911255 11.518758
989 984 0.000488 0.039488 6.890625 11.484375
990 985 0.000691 0.045853 6.871216 11.452026
991 986 0.000000 0.045049 6.856201 11.427002
992 987 0.000000 0.052008 6.836914 11.394856
993 988 0.000977 0.063033 6.821167 11.368611
994 989 0.001092 0.079174 6.802002 11.336670
995 990 0.000691 0.080603 6.781494 11.302490
996 991 0.000846 0.082452 6.759644 11.266072
997 992 0.000691 0.086160 6.741821 11.236369
998 993 0.000488 0.081432 6.723145 11.205241
999 994 0.001292 0.075748 6.704590 11.174316
1000 995 0.001092 0.072841 6.683716 11.139526
1001 996 0.000977 0.065287 6.656738 11.094563
1002 997 0.000846 0.060295 6.618164 11.030273
1003 998 0.000691 0.064684 6.559082 10.931804
1004 999 0.000000 0.057646 6.484131 10.806885
1005 1000 0.000488 0.058136 6.394165 10.656941
1006 1001 0.000488 0.063637 6.286011 10.476685
1007 1002 0.000000 0.071799 6.164062 10.273438
1008 1003 0.000488 0.067707 6.039551 10.065918
1009 1004 0.000846 0.083089 5.906006 9.843343
1010 1005 0.000846 0.092465 5.765015 9.608357
1011 1006 0.000488 0.091689 5.619263 9.365438
1012 1007 0.000691 0.078174 5.478149 9.130249
1013 1008 0.000000 0.078194 5.322144 8.870239
1014 1009 0.000977 0.071194 5.167480 8.612468
1015 1010 0.001196 0.060983 5.011841 8.353068
1016 1011 0.000488 0.065165 4.851929 8.086548
1017 1012 0.000977 0.062110 4.687866 7.813110
1018 1013 0.000000 0.053463 4.527344 7.545573
1019 1014 0.000846 0.052985 4.363892 7.273153
1020 1015 0.000977 0.060720 4.211426 7.019043
1021 1016 0.000000 0.049401 4.082764 6.804606
1022 1017 0.000846 0.050820 3.983887 6.639811
1023 1018 0.000846 0.049639 3.915894 6.526489
1024 1019 0.000000 0.048657 3.878540 6.464233
1025 1020 0.000977 0.038936 3.860840 6.434733
1026 1021 0.000488 0.043810 3.849121 6.415202
1027 1022 0.000488 0.039961 3.838867 6.398112
1028 1023 0.000488 0.038379 3.823853 6.373087
1029 1024 0.000691 0.035079 3.807861 6.346436
1030 1025 0.000691 0.034302 3.790405 6.317342
1031 1026 0.000846 0.029578 3.775757 6.292928
1032 1027 0.000977 0.021173 3.757324 6.262207
1033 1028 0.000977 0.016113 3.742676 6.237793
1034 1029 0.001381 0.016203 3.725098 6.208496
1035 1030 0.001196 0.010417 3.710571 6.184286
1036 1031 0.001292 0.015269 3.703979 6.173299
1037 1032 0.000846 0.012803 3.704468 6.174113
1038 1033 0.001544 0.016774 3.715210 6.192017
1039 1034 0.001381 0.015207 3.734863 6.224772
1040 1035 0.001381 0.019674 3.758545 6.264242
1041 1036 0.000977 0.013544 3.783691 6.306152
1042 1037 0.001292 0.019222 3.805298 6.342163
1043 1038 0.000488 0.015743 3.824951 6.374918
1044 1039 0.000000 0.013897 3.850342 6.417236
1045 1040 0.000846 0.018921 3.879761 6.466268
1046 1041 0.000000 0.016901 3.910645 6.517741
1047 1042 0.000691 0.002301 3.937988 6.563314
1048 1043 0.000691 0.009460 3.960205 6.600342
1049 1044 0.000000 0.010700 3.979126 6.631876
1050 1045 0.000977 0.009574 3.996094 6.660156
1051 1046 0.000488 0.021571 4.018311 6.697184
1052 1047 0.000488 0.032785 4.046021 6.743368
1053 1048 0.000691 0.037482 4.078979 6.798299
1054 1049 0.000846 0.032060 4.109619 6.849365
1055 1050 0.000977 0.033532 4.139404 6.899007
1056 1051 0.001544 0.054669 4.164551 6.940918
1057 1052 0.002013 0.046702 4.195435 6.992391
1058 1053 0.001691 0.047451 4.234741 7.057902
1059 1054 0.001196 0.048335 4.278564 7.130941
1060 1055 0.000691 0.048461 4.326782 7.211304
1061 1056 0.000977 0.038128 4.375244 7.292074
1062 1057 0.000977 0.051185 4.423706 7.372843
1063 1058 0.000977 0.047929 4.466064 7.443441
1064 1059 0.000691 0.050169 4.509521 7.515869
1065 1060 0.000691 0.054054 4.549927 7.583211
1066 1061 0.000000 0.048557 4.589478 7.649129
1067 1062 0.000691 0.037439 4.622681 7.704468
1068 1063 0.000000 0.036385 4.651123 7.751872
1069 1064 0.000488 0.035823 4.668335 7.780558
1070 1065 0.000488 0.036636 4.679199 7.798666
1071 1066 0.000691 0.034276 4.682251 7.803751
1072 1067 0.000691 0.036020 4.681030 7.801717
1073 1068 0.000977 0.036157 4.676758 7.794596
1074 1069 0.001196 0.040662 4.673218 7.788696
1075 1070 0.000691 0.035266 4.670410 7.784017
1076 1071 0.000691 0.039210 4.662231 7.770386
1077 1072 0.000000 0.040890 4.652954 7.754923
1078 1073 0.000000 0.039326 4.640747 7.734579
1079 1074 0.000691 0.039813 4.627075 7.711792
1080 1075 0.000000 0.033542 4.609131 7.681885
1081 1076 0.000000 0.031790 4.593018 7.655029
1082 1077 0.000000 0.029247 4.567505 7.612508
1083 1078 0.000488 0.029274 4.528809 7.548014
1084 1079 0.000691 0.018724 4.470703 7.451172
1085 1080 0.000691 0.020731 4.399048 7.331747
1086 1081 0.000000 0.018292 4.318237 7.197062
1087 1082 0.000488 0.018583 4.245728 7.076212
1088 1083 0.000000 0.014675 4.187500 6.979167
1089 1084 0.000488 0.014883 4.151001 6.918335
1090 1085 0.000000 0.013812 4.127319 6.878866
1091 1086 0.000488 0.025091 4.111816 6.853027
1092 1087 0.000691 0.036174 4.097290 6.828817
1093 1088 0.000000 0.044466 4.080322 6.800537
1094 1089 0.000691 0.050166 4.064819 6.774699
1095 1090 0.001196 0.030029 4.048218 6.747030
1096 1091 0.001196 0.050146 4.032593 6.720988
1097 1092 0.001292 0.051734 4.018066 6.696777
1098 1093 0.000691 0.042322 4.006226 6.677042
1099 1094 0.000000 0.030402 3.995728 6.659546
1100 1095 0.000691 0.050244 3.992798 6.654663
