10 5 0.000488 0.030306 0.763463 1.272439
11 6 0.000691 0.032218 0.817178 1.361963
12 7 0.000000 0.034584 0.865111 1.441852
13 8 0.000691 0.044302 0.907479 1.512465
14 9 0.000691 0.042388 0.946371 1.577284
15 10 0.000488 0.032657 0.984161 1.640268
16 11 0.001292 0.026012 1.021210 1.702016
17 12 0.001092 0.041195 1.055505 1.759174
18 13 0.001196 0.048297 1.082788 1.804647
19 14 0.001092 0.060536 1.109533 1.849222
20 15 0.001761 0.082446 1.131962 1.886603
21 16 0.002392 0.079731 1.149579 1.915965
22 17 0.002290 0.078704 1.168329 1.947216
23 18 0.001292 0.100788 1.195488 1.992480
24 19 0.002441 0.098466 1.227153 2.045254
25 20 0.002184 0.081395 1.260470 2.100783
26 21 0.002889 0.083012 1.298748 2.164580
27 22 0.003275 0.061370 1.338991 2.231652
28 23 0.004340 0.049758 1.381620 2.302700
29 24 0.003487 0.043961 1.422212 2.370353
30 25 0.004143 0.044267 1.471864 2.453106
31 26 0.000977 0.053201 1.523919 2.539864
32 27 0.001381 0.050501 1.579109 2.631848
33 28 0.001465 0.044620 1.638740 2.731233
34 29 0.001381 0.036296 1.701063 2.835105
35 30 0.002013 0.070994 1.766652 2.944419
36 31 0.002674 0.055463 1.832613 3.054355
37 32 0.002290 0.084276 1.899451 3.165752
38 33 0.001544 0.085124 1.967129 3.278549
39 34 0.000977 0.083678 2.038033 3.396722
40 35 0.002238 0.070494 2.105340 3.508900
41 36 0.002128 0.071563 2.177332 3.628886
42 37 0.002584 0.041877 2.250739 3.751232
43 38 0.002584 0.040251 2.325033 3.875055
44 39 0.002970 0.041215 2.398262 3.997103
45 40 0.001691 0.023232 2.477573 4.129289
46 41 0.001544 0.024590 2.558202 4.263669
47 42 0.001691 0.024798 2.639928 4.399880
48 43 0.001619 0.024194 2.721565 4.535942
49 44 0.001381 0.018503 2.801325 4.668875
50 45 0.001381 0.020428 2.879658 4.799429
51 46 0.001465 0.019271 2.957844 4.929739
52 47 0.000691 0.019508 3.037951 5.063251
53 48 0.000691 0.022822 3.115899 5.193165
54 49 0.000488 0.015489 3.191392 5.318986
55 50 0.000488 0.012436 3.267288 5.445480
56 51 0.000000 0.020016 3.344492 5.574153
57 52 0.001196 0.019641 3.422394 5.703990
58 53 0.000488 0.028885 3.499006 5.831677
59 54 0.000977 0.019666 3.575359 5.958932
60 55 0.000691 0.017539 3.647379 6.078965
61 56 0.000691 0.022967 3.714048 6.190081
62 57 0.001292 0.022354 3.784206 6.307011
63 58 0.000691 0.028975 3.846445 6.410742
64 59 0.000977 0.027173 3.907034 6.511723
65 60 0.000691 0.028392 3.953943 6.589905
66 61 0.000846 0.035943 3.994455 6.657425
67 62 0.000488 0.029088 4.029343 6.715571
68 63 0.001381 0.034587 4.067230 6.778717
69 64 0.000488 0.036075 4.110180 6.850300
70 65 0.001619 0.032496 4.156763 6.927938
71 66 0.000977 0.034456 4.197765 6.996275
72 67 0.000000 0.026925 4.223850 7.039751
73 68 0.001953 0.016343 4.235050 7.058417
74 69 0.000488 0.018574 4.229992 7.049986
75 70 0.000846 0.018273 4.225769 7.042948
76 71 0.000000 0.016879 4.218817 7.031361
77 72 0.000691 0.027758 4.214695 7.024492
78 73 0.000000 0.024216 4.206028 7.010046
79 74 0.000977 0.030480 4.202557 7.004261
80 75 0.000488 0.027621 4.196785 6.994642
81 76 0.000691 0.034205 4.194714 6.991189
82 77 0.000691 0.034445 4.193607 6.989346
83 78 0.000977 0.038132 4.203140 7.005234
84 79 0.000846 0.033504 4.203609 7.006016
85 80 0.000691 0.052390 4.199650 6.999416
86 81 0.000691 0.048683 4.192898 6.988163
87 82 0.000977 0.058224 4.179466 6.965777
88 83 0.000488 0.071236 4.165726 6.942876
89 84 0.000691 0.072728 4.157955 6.929925
90 85 0.000846 0.043245 4.149109 6.915182
91 86 0.000000 0.032574 4.142155 6.903591
92 87 0.001092 0.025760 4.137421 6.895701
93 88 0.000977 0.023429 4.132271 6.887118
94 89 0.001092 0.032308 4.129704 6.882839
95 90 0.000000 0.035993 4.122028 6.870047
96 91 0.000977 0.045136 4.108856 6.848094
97 92 0.001292 0.045219 4.090271 6.817118
98 93 0.001196 0.053484 4.066441 6.777401
99 94 0.000488 0.041454 4.040127 6.733545
100 95 0.000000 0.023464 4.019562 6.699270
101 96 0.000488 0.024762 4.003551 6.672586
102 97 0.000691 0.024923 3.987270 6.645451
103 98 0.001544 0.022156 3.972061 6.620102
104 99 0.000691 0.022019 3.953968 6.589947
105 100 0.000691 0.032161 3.934315 6.557191
106 101 0.001092 0.025428 3.914089 6.523482
107 102 0.000000 0.028547 3.891731 6.486219
108 103 0.000000 0.026456 3.865227 6.442045
109 104 0.000000 0.022865 3.833462 6.389103
110 105 0.000977 0.026500 3.791447 6.319078
111 106 0.000846 0.031503 3.744709 6.241182
112 107 0.000691 0.034411 3.689381 6.148968
113 108 0.000846 0.036092 3.628094 6.046823
114 109 0.001196 0.045632 3.559952 5.933253
115 110 0.000977 0.036370 3.490742 5.817903
116 111 0.000691 0.037182 3.412407 5.687345
117 112 0.000977 0.034318 3.336395 5.560659
118 113 0.000977 0.035549 3.258598 5.430997
119 114 0.000000 0.029616 3.177818 5.296364
120 115 0.000691 0.030338 3.094788 5.157979
121 116 0.000977 0.023463 3.004677 5.007795
122 117 0.000977 0.024333 2.908791 4.847984
123 118 0.001465 0.027985 2.804749 4.674581
124 119 0.001465 0.032957 2.699516 4.499194
125 120 0.001381 0.054759 2.595345 4.325574
126 121 0.002013 0.041890 2.495842 4.159737
127 122 0.002970 0.080176 2.418869 4.031448
128 123 0.003588 0.077445 2.351593 3.919322
129 124 0.003719 0.086515 2.305878 3.843129
130 125 0.003937 0.096329 2.263535 3.772557
131 126 0.003383 0.083728 2.247055 3.745092
132 127 0.002342 0.044982 2.218674 3.697789
133 128 0.003164 0.057556 2.210793 3.684654
134 129 0.004312 0.071441 2.199806 3.666344
135 130 0.005567 0.081102 2.191963 3.653272
136 131 0.005282 0.079587 2.174088 3.623479
137 132 0.005631 0.096514 2.156036 3.593394
138 133 0.005074 0.064980 2.146561 3.577601
139 134 0.005259 0.058672 2.144600 3.574333
140 135 0.004026 0.044326 2.178612 3.631020
141 136 0.004056 0.045123 2.230858 3.718096
142 137 0.005327 0.026873 2.300369 3.833949
143 138 0.004606 0.035572 2.381233 3.968722
144 139 0.002013 0.071066 2.466995 4.111659
145 140 0.002490 0.067426 2.544296 4.240494
146 141 0.002719 0.056538 2.626038 4.376729
147 142 0.002719 0.040448 2.716080 4.526800
148 143 0.003164 0.027103 2.798470 4.664116
149 144 0.003202 0.021301 2.885460 4.809100
150 145 0.002719 0.026661 2.972847 4.954745
151 146 0.002392 0.027588 3.052841 5.088068
152 147 0.002392 0.047811 3.133408 5.222346
153 148 0.001953 0.053206 3.209198 5.348663
154 149 0.001292 0.058100 3.284431 5.474052
155 150 0.001465 0.052700 3.356979 5.594965
156 151 0.001381 0.050651 3.432312 5.720520
157 152 0.001465 0.047133 3.499672 5.832787
158 153 0.001292 0.041148 3.567184 5.945307
159 154 0.001953 0.039442 3.627892 6.046486
160 155 0.002184 0.045250 3.689491 6.149152
161 156 0.001761 0.046731 3.748268 6.247114
162 157 0.001619 0.046509 3.802971 6.338285
163 158 0.001465 0.049474 3.842163 6.403605
164 159 0.000488 0.053328 3.864708 6.441180
165 160 0.000977 0.044810 3.872162 6.453603
166 161 0.000846 0.050725 3.869835 6.449725
167 162 0.000846 0.034515 3.863197 6.438662
168 163 0.001196 0.040735 3.858932 6.431554
169 164 0.001891 0.043656 3.854622 6.424370
170 165 0.001544 0.052736 3.846924 6.411540
171 166 0.002072 0.054523 3.835648 6.392746
172 167 0.000846 0.050648 3.821808 6.369680
173 168 0.000846 0.047198 3.817970 6.363284
174 169 0.002184 0.030290 3.814674 6.357790
175 170 0.001196 0.027896 3.813301 6.355502
176 171 0.001465 0.026935 3.805817 6.343028
177 172 0.001292 0.023921 3.797165 6.328608
178 173 0.001381 0.031032 3.781418 6.302363
179 174 0.001619 0.029074 3.774193 6.290321
180 175 0.000846 0.037422 3.769951 6.283251
181 176 0.000691 0.032209 3.779602 6.299337
182 177 0.001465 0.036198 3.798035 6.330058
183 178 0.001953 0.040754 3.816399 6.360664
184 179 0.001092 0.042995 3.839928 6.399879
185 180 0.000977 0.038591 3.869354 6.448924
186 181 0.001381 0.056088 3.893333 6.488889
187 182 0.000691 0.031119 3.923470 6.539116
188 183 0.001544 0.038239 3.948334 6.580556
189 184 0.001953 0.044864 3.970810 6.618017
190 185 0.002072 0.037329 3.997643 6.662737
191 186 0.000691 0.022452 4.030716 6.717860
192 187 0.000846 0.029915 4.065033 6.775055
193 188 0.001381 0.023605 4.106659 6.844431
194 189 0.000488 0.030088 4.152763 6.921272
195 190 0.001196 0.031607 4.193108 6.988513
196 191 0.001196 0.051909 4.229019 7.048365
197 192 0.001544 0.042499 4.259041 7.098402
198 193 0.000846 0.033945 4.284203 7.140337
199 194 0.000691 0.034339 4.304047 7.173411
200 195 0.001381 0.033335 4.321373 7.202288
201 196 0.000977 0.039960 4.336914 7.228190
202 197 0.000691 0.029109 4.353310 7.255516
203 198 0.000691 0.026522 4.369209 7.282015
204 199 0.002342 0.032802 4.378372 7.297287
205 200 0.001465 0.032165 4.377357 7.295596
206 201 0.001092 0.029607 4.365623 7.276039
207 202 0.001619 0.050124 4.347679 7.246132
208 203 0.001619 0.045501 4.323502 7.205836
209 204 0.000977 0.024073 4.304123 7.173538
210 205 0.001827 0.029754 4.288239 7.147064
211 206 0.000691 0.029936 4.286072 7.143453
212 207 0.002184 0.025982 4.278351 7.130585
213 208 0.001761 0.033220 4.260544 7.100906
214 209 0.001196 0.036445 4.236053 7.060089
215 210 0.002392 0.018144 4.214325 7.023875
216 211 0.000000 0.025524 4.182190 6.970316
217 212 0.002392 0.034187 4.150146 6.916911
218 213 0.002290 0.029369 4.130219 6.883698
219 214 0.001292 0.039037 4.110901 6.851501
220 215 0.001381 0.055603 4.092072 6.820119
221 216 0.001761 0.059951 4.077499 6.795832
222 217 0.001827 0.067105 4.067184 6.778641
223 218 0.000691 0.055809 4.058929 6.764883
224 219 0.001465 0.052366 4.048233 6.747055
225 220 0.000977 0.034050 4.029510 6.715851
226 221 0.001544 0.032107 4.014160 6.690267
227 222 0.000977 0.021478 3.990555 6.650925
228 223 0.000846 0.031751 3.962265 6.603775
229 224 0.001761 0.029555 3.937729 6.562881
230 225 0.001381 0.036568 3.914917 6.524862
231 226 0.001761 0.027650 3.891571 6.485952
232 227 0.000846 0.032007 3.874954 6.458257
233 228 0.000488 0.034633 3.864243 6.440404
234 229 0.001292 0.042508 3.851059 6.418432
235 230 0.001196 0.044640 3.835022 6.391703
236 231 0.000000 0.052447 3.813034 6.355057
237 232 0.000488 0.044702 3.794983 6.324972
238 233 0.001544 0.044175 3.781570 6.302618
239 234 0.001196 0.041775 3.773575 6.289291
240 235 0.001381 0.045821 3.776993 6.294988
241 236 0.001619 0.043843 3.777786 6.296310
242 237 0.001761 0.037845 3.764709 6.274516
243 238 0.001292 0.040405 3.740219 6.233698
244 239 0.001544 0.044640 3.721832 6.203054
245 240 0.001196 0.040521 3.713989 6.189982
246 241 0.001381 0.039943 3.718323 6.197205
247 242 0.001292 0.044921 3.734421 6.224035
248 243 0.001092 0.038735 3.749451 6.249084
249 244 0.000691 0.040959 3.757843 6.263072
250 245 0.002719 0.040871 3.753265 6.255442
251 246 0.000691 0.041806 3.743622 6.239370
252 247 0.000846 0.039576 3.740173 6.233622
253 248 0.001292 0.038840 3.748505 6.247508
254 249 0.001953 0.022414 3.754593 6.257655
255 250 0.002013 0.018222 3.768295 6.280492
256 251 0.001691 0.022033 3.785782 6.309637
257 252 0.001196 0.034839 3.798553 6.330923
258 253 0.002072 0.034673 3.801437 6.335729
259 254 0.000488 0.029380 3.802155 6.336924
260 255 0.001196 0.035190 3.796860 6.328100
261 256 0.000977 0.030621 3.795624 6.326040
262 257 0.001092 0.021633 3.804443 6.340739
263 258 0.001827 0.007310 3.820114 6.366857
264 259 0.001381 0.012655 3.839920 6.399867
265 260 0.001196 0.016506 3.849152 6.415253
266 261 0.001292 0.027574 3.851379 6.418966
267 262 0.001092 0.014636 3.845352 6.408920
268 263 0.000000 0.016118 3.847458 6.412430
269 264 0.001292 0.029264 3.847183 6.411972
270 265 0.000691 0.033672 3.851151 6.418584
271 266 0.001381 0.023307 3.850418 6.417364
272 267 0.002013 0.027183 3.844040 6.406733
273 268 0.001381 0.016926 3.827988 6.379980
274 269 0.000488 0.008741 3.815063 6.358439
275 270 0.001196 0.012632 3.800659 6.334432
276 271 0.000000 0.018075 3.780121 6.300201
277 272 0.000691 0.026284 3.758560 6.264267
278 273 0.000000 0.021744 3.732803 6.221339
279 274 0.000977 0.014984 3.715775 6.192957
280 275 0.002013 0.019245 3.698532 6.164220
281 276 0.000977 0.035766 3.683762 6.139603
282 277 0.001196 0.026472 3.655167 6.091944
283 278 0.001196 0.026084 3.616028 6.026713
284 279 0.001381 0.021335 3.549240 5.915400
285 280 0.002184 0.014905 3.473480 5.789134
286 281 0.001619 0.012032 3.390930 5.651550
287 282 0.000000 0.007958 3.306137 5.510229
288 283 0.000846 0.004001 3.220505 5.367508
289 284 0.001381 0.002130 3.134079 5.223465
290 285 0.000691 0.007315 3.035782 5.059637
291 286 0.000846 0.016350 2.928207 4.880346
292 287 0.001381 0.026227 2.815598 4.692663
293 288 0.001544 0.019998 2.699432 4.499054
294 289 0.000691 0.016662 2.581467 4.302444
295 290 0.001544 0.030630 2.470306 4.117177
296 291 0.002238 0.027935 2.367599 3.945999
297 292 0.000977 0.025159 2.269043 3.781738
298 293 0.001465 0.034084 2.173798 3.622996
299 294 0.001544 0.042387 2.082733 3.471222
300 295 0.001619 0.052101 1.993668 3.322779
301 296 0.000691 0.033884 1.896927 3.161545
302 297 0.001827 0.031407 1.798309 2.997182
303 298 0.002128 0.031243 1.701843 2.836406
304 299 0.001465 0.014327 1.606522 2.677536
305 300 0.000691 0.011393 1.514313 2.523854
306 301 0.002342 0.028108 1.428406 2.380676
307 302 0.003010 0.033666 1.354218 2.257029
308 303 0.002441 0.030490 1.280350 2.133916
309 304 0.002290 0.027318 1.210388 2.017314
310 305 0.001761 0.036474 1.154083 1.923472
311 306 0.002847 0.050327 1.117188 1.861979
312 307 0.002490 0.037485 1.087601 1.812668
313 308 0.001544 0.057757 1.079086 1.798477
314 309 0.001619 0.072182 1.082809 1.804682
315 310 0.001092 0.053753 1.081711 1.802851
316 311 0.001381 0.053637 1.084030 1.806717
317 312 0.000691 0.053793 1.083771 1.806285
318 313 0.003937 0.050516 1.081070 1.801783
319 314 0.003906 0.048150 1.079117 1.798528
320 315 0.002674 0.038015 1.076935 1.794891
321 316 0.001953 0.044571 1.074554 1.790924
322 317 0.000691 0.059863 1.080917 1.801529
323 318 0.002072 0.099319 1.086761 1.811269
324 319 0.002441 0.105249 1.121704 1.869507
325 320 0.001827 0.106057 1.170425 1.950709
326 321 0.002762 0.095886 1.242783 2.071304
327 322 0.004367 0.094455 1.326797 2.211329
328 323 0.005051 0.071334 1.410095 2.350159
329 324 0.003719 0.093479 1.492783 2.487971
330 325 0.002490 0.121482 1.584061 2.640101
331 326 0.003453 0.121599 1.639069 2.731781
332 327 0.003312 0.129374 1.709946 2.849910
333 328 0.002762 0.112609 1.773285 2.955475
334 329 0.003654 0.095826 1.836731 3.061218
335 330 0.003347 0.068197 1.896164 3.160273
336 331 0.003164 0.060100 1.960739 3.267899
337 332 0.003010 0.057595 2.023575 3.372625
338 333 0.002238 0.057117 2.106049 3.510081
339 334 0.002441 0.053390 2.174271 3.623784
340 335 0.001619 0.055531 2.254181 3.756968
341 336 0.000846 0.045870 2.346985 3.911641
342 337 0.000488 0.047199 2.435120 4.058533
343 338 0.001381 0.062539 2.531921 4.219869
344 339 0.002392 0.031958 2.628906 4.381510
345 340 0.002184 0.019848 2.725204 4.542007
346 341 0.003127 0.068512 2.822342 4.703903
347 342 0.003312 0.067047 2.918640 4.864400
348 343 0.003383 0.054132 3.009216 5.015360
349 344 0.002674 0.071951 3.105591 5.175985
350 345 0.002342 0.072184 3.195511 5.325851
351 346 0.001292 0.016188 3.288071 5.480118
352 347 0.000977 0.043107 3.373459 5.622431
353 348 0.000846 0.046377 3.456772 5.761286
354 349 0.000000 0.034382 3.538681 5.897802
355 350 0.000488 0.041855 3.614548 6.024246
356 351 0.000488 0.032026 3.696365 6.160609
357 352 0.000846 0.017369 3.774445 6.290741
358 353 0.000846 0.032388 3.854797 6.424662
359 354 0.000977 0.043868 3.933197 6.555328
360 355 0.001196 0.034807 4.016830 6.694717
361 356 0.001465 0.039672 4.089218 6.815363
362 357 0.001292 0.023177 4.166107 6.943512
363 358 0.002013 0.019580 4.230637 7.051061
364 359 0.002392 0.023522 4.292465 7.154109
365 360 0.002847 0.025651 4.350937 7.251562
366 361 0.002537 0.022886 4.415543 7.359238
367 362 0.003010 0.014523 4.477036 7.461726
368 363 0.001465 0.030244 4.541061 7.568436
369 364 0.001544 0.027806 4.602188 7.670313
370 365 0.001196 0.033346 4.660675 7.767792
371 366 0.001465 0.028079 4.717911 7.863184
372 367 0.001381 0.023164 4.772888 7.954813
373 368 0.000977 0.034189 4.828476 8.047460
374 369 0.001196 0.039988 4.870544 8.117574
375 370 0.000488 0.037054 4.907288 8.178813
376 371 0.000846 0.034564 4.927917 8.213196
377 372 0.001691 0.040532 4.938660 8.231099
378 373 0.000691 0.041939 4.940186 8.233643
379 374 0.000691 0.047479 4.946854 8.244756
380 375 0.000000 0.058650 4.955750 8.259583
381 376 0.000977 0.057859 4.959274 8.265457
382 377 0.000691 0.058851 4.964005 8.273341
383 378 0.001196 0.052438 4.974655 8.291092
384 379 0.001465 0.064830 4.973358 8.288930
385 380 0.001691 0.067320 4.972244 8.287074
386 381 0.001465 0.072270 4.971222 8.285370
387 382 0.000977 0.101523 4.968704 8.281174
388 383 0.000846 0.075258 4.956284 8.260472
389 384 0.000846 0.087226 4.960480 8.267467
390 385 0.000846 0.088852 4.958527 8.264211
391 386 0.001381 0.108634 4.958694 8.264491
392 387 0.000977 0.105296 4.954620 8.257701
393 388 0.000846 0.110113 4.954224 8.257039
394 389 0.000488 0.096714 4.950150 8.250249
395 390 0.000000 0.091398 4.948410 8.247350
396 391 0.000977 0.082193 4.948380 8.247299
397 392 0.000000 0.084722 4.956848 8.261414
398 393 0.001092 0.082084 4.956863 8.261439
399 394 0.000691 0.080020 4.949158 8.248596
400 395 0.000691 0.078675 4.937088 8.228480
401 396 0.000691 0.075642 4.930389 8.217316
402 397 0.000691 0.071088 4.922058 8.203430
403 398 0.000846 0.063707 4.916962 8.194936
404 399 0.000691 0.051470 4.910980 8.184967
405 400 0.000000 0.062064 4.904297 8.173828
406 401 0.000691 0.066170 4.894440 8.157399
407 402 0.000691 0.063326 4.881134 8.135223
408 403 0.000846 0.071249 4.870483 8.117473
409 404 0.000846 0.097167 4.863403 8.105672
410 405 0.000000 0.080644 4.848511 8.080852
411 406 0.000488 0.082746 4.826447 8.044078
412 407 0.000691 0.065572 4.804382 8.007304
413 408 0.000977 0.063097 4.783447 7.972412
414 409 0.000846 0.055143 4.763184 7.938639
415 410 0.000691 0.050503 4.749268 7.915446
416 411 0.000977 0.044995 4.741058 7.901764
417 412 0.000691 0.048626 4.730194 7.883657
418 413 0.000691 0.043958 4.717773 7.862956
419 414 0.000691 0.037409 4.704987 7.841644
420 415 0.000488 0.044970 4.693451 7.822418
421 416 0.000977 0.050763 4.681580 7.802633
422 417 0.000846 0.074616 4.668701 7.781168
423 418 0.000000 0.083953 4.655457 7.759094
424 419 0.001196 0.091794 4.637390 7.728983
425 420 0.001196 0.098107 4.612823 7.688039
426 421 0.000977 0.097459 4.580994 7.634989
427 422 0.000000 0.094617 4.542023 7.570038
428 423 0.000846 0.103140 4.499603 7.499339
429 424 0.000977 0.097850 4.446075 7.410126
430 425 0.000488 0.100868 4.390472 7.317454
431 426 0.000846 0.097924 4.330475 7.217458
432 427 0.000846 0.097306 4.268036 7.113393
433 428 0.000488 0.077524 4.204834 7.008057
434 429 0.000691 0.076314 4.147125 6.911875
435 430 0.000488 0.078301 4.091278 6.818797
436 431 0.000691 0.068561 4.039703 6.732839
437 432 0.000691 0.061981 3.986511 6.644186
438 433 0.000000 0.051991 3.925964 6.543274
439 434 0.000846 0.050821 3.862274 6.437124
440 435 0.000691 0.041705 3.790924 6.318207
441 436 0.000846 0.055726 3.721191 6.201986
442 437 0.001092 0.061763 3.641113 6.068522
443 438 0.000977 0.060286 3.569000 5.948334
444 439 0.001196 0.055308 3.497772 5.829620
445 440 0.001381 0.057918 3.431641 5.719401
446 441 0.001465 0.049493 3.360535 5.600891
447 442 0.001465 0.045142 3.304535 5.507558
448 443 0.001381 0.040297 3.245483 5.409139
449 444 0.001544 0.040575 3.191986 5.319977
450 445 0.000977 0.032857 3.142242 5.237071
451 446 0.000691 0.045724 3.094849 5.158081
452 447 0.001292 0.024254 3.049225 5.082041
453 448 0.000488 0.067552 2.996460 4.994100
454 449 0.000691 0.064733 2.942871 4.904785
455 450 0.001465 0.069491 2.887329 4.812215
456 451 0.001619 0.061378 2.829651 4.716085
457 452 0.001196 0.093364 2.774414 4.624023
458 453 0.002072 0.057482 2.724640 4.541067
459 454 0.001761 0.110567 2.669312 4.448853
460 455 0.000977 0.108394 2.617554 4.362589
461 456 0.001196 0.137856 2.571564 4.285940
462 457 0.001691 0.130246 2.526642 4.211070
463 458 0.002847 0.122327 2.489868 4.149780
464 459 0.002762 0.075795 2.468414 4.114024
465 460 0.003555 0.081869 2.448242 4.080404
466 461 0.004980 0.070873 2.433411 4.055685
467 462 0.004658 0.067408 2.429993 4.049988
468 463 0.001196 0.050628 2.416168 4.026947
469 464 0.001465 0.048567 2.392487 3.987478
470 465 0.001465 0.039879 2.378662 3.964437
471 466 0.002719 0.039880 2.353668 3.922780
472 467 0.002762 0.038518 2.330872 3.884786
473 468 0.001092 0.056197 2.305237 3.842061
474 469 0.001544 0.058388 2.283813 3.806356
475 470 0.001544 0.067438 2.271515 3.785858
476 471 0.002674 0.067112 2.265808 3.776347
477 472 0.003967 0.048680 2.273438 3.789062
478 473 0.000977 0.055935 2.294159 3.823598
479 474 0.001196 0.053122 2.323090 3.871816
480 475 0.000977 0.041621 2.342987 3.904979
481 476 0.001292 0.037630 2.366821 3.944702
482 477 0.002184 0.043792 2.378113 3.963521
483 478 0.001381 0.035563 2.396240 3.993734
484 479 0.000691 0.028201 2.419006 4.031677
485 480 0.001465 0.028188 2.442810 4.071350
486 481 0.001619 0.031663 2.477631 4.129385
487 482 0.001196 0.031891 2.510712 4.184519
488 483 0.001196 0.031623 2.550446 4.250742
489 484 0.001465 0.029429 2.594421 4.324036
490 485 0.001196 0.025830 2.641846 4.403076
491 486 0.001465 0.013188 2.692963 4.488271
492 487 0.000488 0.017042 2.746887 4.578146
493 488 0.000000 0.021865 2.813049 4.688416
494 489 0.000846 0.023566 2.875824 4.793040
495 490 0.000000 0.032095 2.945923 4.909872
496 491 0.000691 0.029100 3.017822 5.029704
497 492 0.000691 0.038594 3.092773 5.154623
498 493 0.001196 0.040514 3.157196 5.261993
499 494 0.000691 0.035464 3.231232 5.385386
500 495 0.000488 0.048146 3.311127 5.518545
501 496 0.000691 0.033327 3.392578 5.654297
502 497 0.001092 0.030443 3.476868 5.794779
503 498 0.001544 0.033428 3.567261 5.945435
504 499 0.001292 0.036548 3.653625 6.089376
505 500 0.000488 0.058399 3.740479 6.234131
506 501 0.000000 0.057203 3.828003 6.380005
507 502 0.000977 0.059990 3.912811 6.521352
508 503 0.001827 0.058649 3.991730 6.652883
509 504 0.000691 0.049770 4.065338 6.775564
510 505 0.000488 0.040375 4.135437 6.892395
511 506 0.000488 0.038530 4.202698 7.004496
512 507 0.000977 0.034659 4.264557 7.107595
513 508 0.001381 0.043010 4.323700 7.206167
514 509 0.001292 0.059831 4.385895 7.309824
515 510 0.001092 0.062866 4.436340 7.393900
516 511 0.000977 0.064106 4.483185 7.471975
517 512 0.000488 0.069223 4.532379 7.553965
518 513 0.000691 0.064553 4.584229 7.640381
519 514 0.001092 0.058642 4.626312 7.710520
520 515 0.001292 0.065771 4.660400 7.767334
521 516 0.001761 0.057548 4.679108 7.798513
522 517 0.001544 0.062675 4.683624 7.806040
523 518 0.001891 0.071612 4.678619 7.797699
524 519 0.001465 0.062549 4.676605 7.794342
525 520 0.001891 0.059673 4.670288 7.783813
526 521 0.002290 0.059171 4.660889 7.768148
527 522 0.001891 0.058480 4.647461 7.745768
528 523 0.001465 0.040184 4.624695 7.707825
529 524 0.001544 0.041679 4.608795 7.681325
530 525 0.001381 0.045686 4.590454 7.650757
531 526 0.001544 0.045333 4.581360 7.635600
532 527 0.001381 0.037946 4.582458 7.637431
533 528 0.000977 0.034505 4.568481 7.614136
534 529 0.000977 0.034223 4.550690 7.584483
535 530 0.000691 0.034706 4.534149 7.556915
536 531 0.000000 0.035482 4.508698 7.514496
537 532 0.000488 0.042786 4.476624 7.461039
538 533 0.000000 0.046067 4.463135 7.438558
539 534 0.000846 0.037975 4.441620 7.402700
540 535 0.001544 0.042514 4.415802 7.359670
541 536 0.001092 0.040240 4.397064 7.328440
542 537 0.001619 0.049249 4.377228 7.295380
543 538 0.001827 0.046232 4.361023 7.268372
544 539 0.001761 0.052920 4.343445 7.239075
545 540 0.001827 0.062212 4.319794 7.199656
546 541 0.001761 0.058498 4.295227 7.158712
547 542 0.001465 0.061252 4.273438 7.122396
548 543 0.001196 0.057022 4.263245 7.105408
549 544 0.001196 0.047976 4.253296 7.088827
550 545 0.001196 0.039785 4.260223 7.100372
551 546 0.001381 0.029913 4.274292 7.123820
552 547 0.002072 0.023919 4.296783 7.161306
553 548 0.002072 0.033808 4.323639 7.206065
554 549 0.001544 0.031611 4.353210 7.255351
555 550 0.001691 0.033552 4.386444 7.310740
556 551 0.000977 0.031183 4.416290 7.360484
557 552 0.002392 0.019234 4.453003 7.421671
558 553 0.000488 0.015383 4.497406 7.495677
559 554 0.001092 0.015786 4.546906 7.578176
560 555 0.001092 0.017028 4.605225 7.675375
561 556 0.001196 0.014678 4.662323 7.770538
562 557 0.002072 0.029587 4.712769 7.854614
563 558 0.002762 0.023483 4.748322 7.913869
564 559 0.002392 0.021371 4.794525 7.990875
565 560 0.002072 0.021461 4.842896 8.071492
566 561 0.000691 0.026757 4.899292 8.165486
567 562 0.000977 0.023547 4.955872 8.259786
568 563 0.000977 0.018372 5.020294 8.367157
569 564 0.001292 0.017965 5.067017 8.445027
570 565 0.001196 0.020348 5.108490 8.514150
571 566 0.002013 0.015464 5.144653 8.574422
572 567 0.001196 0.022675 5.182068 8.636780
573 568 0.001381 0.026215 5.210236 8.683726
574 569 0.001196 0.029482 5.240417 8.734029
575 570 0.000691 0.041640 5.261169 8.768616
576 571 0.001196 0.043264 5.278046 8.796742
577 572 0.000488 0.036028 5.289093 8.815155
578 573 0.000691 0.028674 5.293823 8.823039
579 574 0.000846 0.026024 5.292847 8.821411
580 575 0.000691 0.008679 5.284058 8.806763
581 576 0.000691 0.007042 5.273102 8.788503
582 577 0.000977 0.014577 5.259705 8.766174
583 578 0.000488 0.017891 5.243744 8.739573
584 579 0.000000 0.007221 5.233276 8.722127
585 580 0.000846 0.017975 5.230896 8.718160
586 581 0.001292 0.017983 5.211975 8.686625
587 582 0.000000 0.017019 5.197418 8.662364
588 583 0.000488 0.014062 5.182800 8.638000
589 584 0.000691 0.011051 5.164978 8.608296
590 585 0.000846 0.008753 5.141693 8.569489
591 586 0.000000 0.016080 5.134949 8.558248
592 587 0.000691 0.016552 5.119537 8.532562
593 588 0.001092 0.023968 5.102203 8.503673
594 589 0.000488 0.026695 5.086639 8.477733
595 590 0.000846 0.030605 5.065399 8.442332
596 591 0.000846 0.028743 5.051117 8.418529
597 592 0.000488 0.029240 5.034241 8.390401
598 593 0.000691 0.031584 5.017029 8.361714
599 594 0.000000 0.027138 4.996155 8.326924
600 595 0.000691 0.031113 4.984009 8.306682
601 596 0.000000 0.033834 4.965027 8.275044
602 597 0.000691 0.034956 4.950256 8.250427
603 598 0.000488 0.033477 4.938110 8.230184
604 599 0.000846 0.033554 4.922638 8.204396
605 600 0.000977 0.046283 4.902527 8.170878
606 601 0.000691 0.032817 4.886078 8.143463
607 602 0.000488 0.037277 4.868958 8.114929
608 603 0.000691 0.040966 4.848267 8.080444
609 604 0.000977 0.039192 4.832458 8.054097
610 605 0.000691 0.030470 4.816010 8.026683
611 606 0.000000 0.038584 4.796051 7.993418
612 607 0.000000 0.028382 4.773865 7.956441
613 608 0.001092 0.023906 4.751831 7.919718
614 609 0.000846 0.030483 4.724579 7.874298
615 610 0.000691 0.032583 4.692719 7.821198
616 611 0.000488 0.033922 4.657043 7.761739
617 612 0.000488 0.037204 4.607178 7.678629
618 613 0.000000 0.037543 4.550476 7.584127
619 614 0.000977 0.034921 4.485718 7.476196
620 615 0.000488 0.034567 4.416260 7.360433
621 616 0.000000 0.032469 4.333466 7.222443
622 617 0.000000 0.034717 4.249420 7.082367
623 618 0.000846 0.036414 4.154602 6.924337
624 619 0.000000 0.035895 4.050934 6.751556
625 620 0.000691 0.045714 3.936829 6.561381
626 621 0.000000 0.064766 3.818024 6.363373
627 622 0.000691 0.065898 3.692413 6.154022
628 623 0.000000 0.058068 3.563141 5.938568
629 624 0.000488 0.063773 3.432037 5.720062
630 625 0.000000 0.057866 3.299896 5.499827
631 626 0.000000 0.045996 3.164703 5.274506
632 627 0.000000 0.041949 3.035217 5.058695
633 628 0.000000 0.046537 2.901093 4.835154
634 629 0.000846 0.039437 2.763550 4.605917
635 630 0.000000 0.043975 2.620392 4.367320
636 631 0.000488 0.035088 2.477722 4.129537
637 632 0.000691 0.048504 2.322723 3.871206
638 633 0.001092 0.052806 2.167786 3.612976
639 634 0.001691 0.055202 2.009827 3.349711
640 635 0.001292 0.051467 1.854187 3.090312
641 636 0.002584 0.050284 1.684235 2.807058
642 637 0.002719 0.056555 1.527771 2.546285
643 638 0.003906 0.089959 1.382996 2.304993
644 639 0.002805 0.063138 1.246826 2.078044
645 640 0.001544 0.045738 1.135986 1.893311
646 641 0.002290 0.049681 1.058685 1.764475
647 642 0.001691 0.043226 0.998901 1.664836
648 643 0.002490 0.055486 0.950439 1.584066
649 644 0.002128 0.035873 0.914520 1.524200
650 645 0.001196 0.045539 0.868408 1.447347
651 646 0.000691 0.046195 0.820007 1.366679
652 647 0.001381 0.048513 0.767517 1.279195
653 648 0.000691 0.039016 0.716919 1.194865
654 649 0.001196 0.039297 0.670807 1.118011
655 650 0.002392 0.051528 0.632751 1.054586
656 651 0.000977 0.024848 0.597656 0.996094
657 652 0.000691 0.036472 0.558807 0.931346
658 653 0.000691 0.040961 0.510559 0.850932
659 654 0.000691 0.028590 0.454041 0.756734
660 655 0.001953 0.011312 0.390015 0.650024
661 656 0.001381 0.031776 0.321533 0.535889
662 657 0.001196 0.021516 0.254059 0.423431
663 658 0.000691 0.025641 0.193237 0.322062
664 659 0.001381 0.015307 0.139435 0.232391
665 660 0.000977 0.025951 0.096680 0.161133
666 661 0.001196 0.017067 0.067017 0.111694
667 662 0.001092 0.026444 0.042511 0.070852
668 663 0.000691 0.016367 0.029602 0.049337
669 664 0.000488 0.018843 0.026306 0.043844
670 665 0.001544 0.059934 0.024353 0.040588
671 666 0.000691 0.053450 0.021606 0.036011
672 667 0.000488 0.053118 0.025085 0.041809
673 668 0.000691 0.047869 0.025970 0.043284
674 669 0.000691 0.028801 0.026428 0.044047
675 670 0.001544 0.056832 0.026855 0.044759
676 671 0.001196 0.046222 0.027344 0.045573
677 672 0.001196 0.026565 0.024231 0.040385
678 673 0.000846 0.024875 0.027985 0.046641
679 674 0.000000 0.030023 0.026886 0.044810
680 675 0.000000 0.038126 0.029266 0.048777
681 676 0.000000 0.037923 0.028412 0.047353
682 677 0.000000 0.030186 0.032043 0.053406
683 678 0.000691 0.029597 0.027130 0.045217
684 679 0.000488 0.027834 0.027649 0.046082
685 680 0.000488 0.023475 0.026093 0.043488
686 681 0.000000 0.024270 0.029236 0.048726
687 682 0.000000 0.028908 0.031586 0.052643
688 683 0.000000 0.032939 0.034576 0.057627
689 684 0.000000 0.032518 0.033325 0.055542
690 685 0.000000 0.033245 0.032410 0.054016
691 686 0.000488 0.028586 0.030273 0.050456
692 687 0.000000 0.026878 0.025970 0.043284
693 688 0.000000 0.019617 0.021851 0.036418
694 689 0.000691 0.028698 0.018799 0.031331
695 690 0.001381 0.041041 0.016449 0.027415
696 691 0.001619 0.046858 0.012726 0.021210
697 692 0.000691 0.025470 0.012878 0.021464
698 693 0.000691 0.028957 0.012787 0.021311
699 694 0.000000 0.030820 0.014008 0.023346
700 695 0.001292 0.046252 0.014099 0.023499
701 696 0.000977 0.043858 0.017670 0.029449
702 697 0.000977 0.024287 0.017365 0.028941
703 698 0.001292 0.018759 0.016846 0.028076
704 699 0.000691 0.022899 0.014618 0.024363
705 700 0.000691 0.035216 0.012939 0.021566
706 701 0.001092 0.028257 0.008575 0.014292
707 702 0.000977 0.043672 0.006134 0.010223
708 703 0.000977 0.031095 0.010193 0.016988
709 704 0.000691 0.021120 0.014221 0.023702
710 705 0.000000 0.014841 0.016937 0.028229
711 706 0.000000 0.031337 0.017548 0.029246
712 707 0.000488 0.024289 0.019562 0.032603
713 708 0.001381 0.033500 0.014801 0.024668
714 709 0.000691 0.014412 0.011017 0.018361
715 710 0.001196 0.024451 0.010132 0.016886
716 711 0.000977 0.048738 0.060547 0.100911
717 712 0.001196 0.080353 0.092377 0.153961
718 713 0.000691 0.131179 0.122406 0.204010
719 714 0.001196 0.164814 0.155945 0.259908
720 715 0.000977 0.199927 0.182465 0.304108
721 716 0.000691 0.177375 0.166931 0.278219
722 717 0.001544 0.171193 0.164673 0.274455
723 718 0.001691 0.172012 0.171021 0.285034
724 719 0.001292 0.143171 0.171906 0.286509
725 720 0.000488 0.120302 0.184326 0.307210
726 721 0.000691 0.095265 0.190674 0.317790
727 722 0.001381 0.091475 0.205688 0.342814
728 723 0.001196 0.060601 0.218170 0.363617
729 724 0.001196 0.063304 0.237183 0.395304
730 725 0.001092 0.055899 0.257141 0.428569
731 726 0.000977 0.044799 0.285187 0.475311
732 727 0.000488 0.046390 0.323669 0.539449
733 728 0.000977 0.041198 0.379669 0.632782
734 729 0.001196 0.035452 0.443390 0.738983
735 730 0.000977 0.034276 0.518707 0.864512
736 731 0.001381 0.040757 0.600098 1.000163
737 732 0.001761 0.014981 0.678467 1.130778
738 733 0.001691 0.018185 0.752563 1.254272
739 734 0.001381 0.016754 0.823883 1.373138
740 735 0.000000 0.033234 0.886597 1.477661
741 736 0.000846 0.046374 0.945343 1.575572
742 737 0.001092 0.120059 1.000885 1.668142
743 738 0.000846 0.113299 1.051453 1.752421
744 739 0.000488 0.120125 1.105774 1.842957
745 740 0.002013 0.109076 1.171570 1.952616
746 741 0.002584 0.134164 1.248718 2.081197
747 742 0.003782 0.084657 1.347046 2.245076
748 743 0.004528 0.084691 1.456970 2.428284
749 744 0.004734 0.084816 1.579834 2.633057
750 745 0.004759 0.083155 1.717468 2.862447
751 746 0.005920 0.045526 1.854828 3.091380
752 747 0.002290 0.049845 1.991852 3.319753
753 748 0.002184 0.048500 2.142029 3.570048
754 749 0.001381 0.061404 2.283752 3.806254
755 750 0.001953 0.070637 2.424255 4.040426
756 751 0.001292 0.062393 2.548950 4.248250
757 752 0.001544 0.058393 2.665253 4.442088
758 753 0.001381 0.060124 2.783173 4.638621
759 754 0.000691 0.062928 2.890442 4.817403
760 755 0.000000 0.048832 3.000580 5.000967
761 756 0.000691 0.057161 3.111206 5.185343
762 757 0.001953 0.036301 3.226074 5.376791
763 758 0.000846 0.045544 3.335449 5.559082
764 759 0.000846 0.036757 3.455780 5.759634
765 760 0.001196 0.053416 3.568207 5.947011
766 761 0.001827 0.047807 3.697784 6.162974
767 762 0.001891 0.047581 3.823792 6.372986
768 763 0.001465 0.040031 3.938354 6.563924
769 764 0.000846 0.039404 4.054901 6.758169
770 765 0.000691 0.039249 4.164124 6.940206
771 766 0.001092 0.042445 4.274780 7.124634
772 767 0.000977 0.039141 4.383240 7.305399
773 768 0.000977 0.052223 4.493469 7.489115
774 769 0.001953 0.061524 4.606720 7.677866
775 770 0.001761 0.061993 4.721100 7.868500
776 771 0.001691 0.042513 4.835052 8.058421
777 772 0.001381 0.037610 4.951965 8.253276
778 773 0.000691 0.037670 5.064423 8.440704
779 774 0.001196 0.031051 5.175751 8.626251
780 775 0.000488 0.027295 5.281830 8.803050
781 776 0.001292 0.027385 5.380157 8.966929
782 777 0.001691 0.034164 5.467896 9.113159
783 778 0.001092 0.047229 5.556305 9.260509
784 779 0.001953 0.056561 5.639496 9.399159
785 780 0.002290 0.041067 5.717010 9.528351
786 781 0.001381 0.049967 5.790375 9.650624
787 782 0.002128 0.045281 5.864746 9.774577
788 783 0.002128 0.043309 5.926849 9.878082
789 784 0.001691 0.044147 5.977539 9.962565
790 785 0.000000 0.058538 6.009064 10.015106
791 786 0.001827 0.034329 6.021515 10.035858
792 787 0.000691 0.047719 6.019135 10.031891
793 788 0.000977 0.040974 6.005127 10.008545
794 789 0.000977 0.045177 5.986053 9.976756
795 790 0.001691 0.034517 5.974152 9.956920
796 791 0.000000 0.044860 5.968018 9.946696
797 792 0.001544 0.028750 5.961212 9.935353
798 793 0.000691 0.042702 5.956207 9.927012
799 794 0.000000 0.042694 5.945343 9.908905
800 795 0.000977 0.037117 5.930908 9.884847
801 796 0.000846 0.036111 5.915710 9.859517
802 797 0.001196 0.041759 5.901520 9.835866
803 798 0.000846 0.031726 5.888397 9.813995
804 799 0.001092 0.025749 5.874603 9.791005
805 800 0.000488 0.029380 5.857849 9.763082
806 801 0.000691 0.015736 5.839294 9.732158
807 802 0.000488 0.017900 5.819550 9.699249
808 803 0.000846 0.015166 5.801819 9.669698
809 804 0.000977 0.015855 5.787048 9.645081
810 805 0.001196 0.027013 5.772400 9.620667
811 806 0.001381 0.038496 5.753967 9.589946
812 807 0.000691 0.028140 5.733765 9.556274
813 808 0.000977 0.028986 5.718079 9.530131
814 809 0.001381 0.032309 5.699646 9.499410
815 810 0.001465 0.026556 5.684875 9.474792
816 811 0.001465 0.020960 5.669434 9.449056
817 812 0.001092 0.016301 5.653137 9.421895
818 813 0.001544 0.031582 5.637756 9.396260
819 814 0.001196 0.050827 5.622681 9.371135
820 815 0.001544 0.063343 5.606750 9.344584
821 816 0.000488 0.078323 5.594055 9.323425
822 817 0.000977 0.083788 5.584839 9.308064
823 818 0.001092 0.074422 5.566101 9.276835
824 819 0.000691 0.063380 5.550720 9.251201
825 820 0.000846 0.056851 5.534180 9.223633
826 821 0.000691 0.051281 5.520020 9.200032
827 822 0.000488 0.047652 5.507629 9.179382
828 823 0.001691 0.041105 5.504578 9.174296
829 824 0.000691 0.033802 5.501404 9.169006
830 825 0.000691 0.037206 5.507324 9.178874
831 826 0.000000 0.023130 5.496460 9.160767
832 827 0.000846 0.038720 5.495789 9.159648
833 828 0.000846 0.023497 5.488464 9.147441
834 829 0.001196 0.031587 5.468140 9.113566
835 830 0.001196 0.054007 5.438477 9.064128
836 831 0.000846 0.053932 5.418640 9.031067
837 832 0.000977 0.061597 5.401306 9.002177
838 833 0.000977 0.067005 5.381226 8.968709
839 834 0.000000 0.053818 5.381165 8.968608
840 835 0.000488 0.043357 5.383667 8.972778
841 836 0.000000 0.055503 5.392395 8.987325
842 837 0.000000 0.046034 5.378540 8.964233
843 838 0.000846 0.047714 5.354736 8.924561
844 839 0.000846 0.055255 5.327515 8.879191
845 840 0.000488 0.061169 5.301514 8.835856
846 841 0.001196 0.082797 5.272278 8.787129
847 842 0.000977 0.088010 5.255859 8.759766
848 843 0.001196 0.053224 5.266724 8.777873
849 844 0.000488 0.023604 5.276062 8.793437
850 845 0.001465 0.026623 5.291748 8.819580
851 846 0.001092 0.017626 5.308594 8.847656
852 847 0.000691 0.024028 5.323975 8.873291
853 848 0.000691 0.007037 5.317749 8.862915
854 849 0.000977 0.030411 5.313965 8.856608
855 850 0.001761 0.070064 5.298889 8.831482
856 851 0.001761 0.075795 5.286072 8.810120
857 852 0.000977 0.056720 5.263550 8.772583
858 853 0.000846 0.066620 5.244751 8.741252
859 854 0.000488 0.032396 5.223145 8.705241
860 855 0.001196 0.007018 5.198547 8.664246
861 856 0.000691 0.010080 5.182007 8.636678
862 857 0.000488 0.013176 5.169922 8.616536
863 858 0.001092 0.016717 5.157959 8.596599
864 859 0.000846 0.023613 5.140869 8.568115
865 860 0.000977 0.043743 5.124817 8.541362
866 861 0.000846 0.038908 5.105103 8.508504
867 862 0.000977 0.042036 5.087219 8.478699
868 863 0.000691 0.042733 5.068115 8.446858
869 864 0.000691 0.048788 5.053833 8.423055
870 865 0.000691 0.047481 5.038940 8.398234
871 866 0.000846 0.035535 5.018188 8.363647
872 867 0.000691 0.045031 4.983826 8.306376
873 868 0.001292 0.047884 4.934692 8.224487
874 869 0.000691 0.051873 4.869568 8.115947
875 870 0.000691 0.050887 4.796936 7.994894
876 871 0.000000 0.048360 4.708069 7.846781
877 872 0.000691 0.040676 4.612915 7.688192
878 873 0.000691 0.043807 4.513977 7.523295
879 874 0.000000 0.040820 4.415955 7.359924
880 875 0.000691 0.039207 4.309204 7.182007
881 876 0.000691 0.055229 4.203796 7.006327
882 877 0.000000 0.051767 4.104553 6.840922
883 878 0.001092 0.059956 4.006714 6.677856
884 879 0.000846 0.061297 3.904907 6.508179
885 880 0.000977 0.060589 3.804077 6.340128
886 881 0.000691 0.055817 3.702148 6.170248
887 882 0.000691 0.065585 3.588013 5.980021
888 883 0.000691 0.059815 3.480042 5.800069
889 884 0.000977 0.063591 3.362915 5.604858
890 885 0.000691 0.067948 3.252075 5.420125
891 886 0.001196 0.072951 3.168579 5.280965
892 887 0.001381 0.068060 3.049438 5.082397
893 888 0.000977 0.078325 2.976624 4.961039
894 889 0.000000 0.062166 2.893555 4.822591
895 890 0.001544 0.055677 2.828430 4.714050
896 891 0.001381 0.041668 2.744080 4.573466
897 892 0.000000 0.030333 2.714722 4.524536
898 893 0.002072 0.035008 2.646667 4.411112
899 894 0.001953 0.046191 2.615112 4.358521
900 895 0.002013 0.081684 2.583923 4.306539
901 896 0.002072 0.103033 2.555054 4.258423
902 897 0.002184 0.133995 2.528259 4.213766
903 898 0.001544 0.093606 2.511475 4.185791
904 899 0.002762 0.105944 2.487061 4.145101
905 900 0.003275 0.100935 2.457092 4.095154
906 901 0.004200 0.113149 2.438904 4.064840
907 902 0.004475 0.093252 2.417542 4.029236
908 903 0.003719 0.081871 2.398865 3.998108
909 904 0.003588 0.073101 2.384033 3.973389
910 905 0.003202 0.053695 2.376770 3.961283
911 906 0.004632 0.071701 2.377197 3.961995
912 907 0.002970 0.045402 2.380432 3.967387
913 908 0.002970 0.040318 2.392395 3.987325
914 909 0.002719 0.028019 2.399658 3.999430
915 910 0.001953 0.026128 2.403442 4.005737
916 911 0.002072 0.052528 2.407288 4.012146
917 912 0.002537 0.053828 2.416504 4.027506
918 913 0.002238 0.060307 2.425781 4.042969
919 914 0.002184 0.071231 2.446594 4.077657
920 915 0.001761 0.077289 2.478333 4.130554
921 916 0.001544 0.068566 2.508179 4.180298
922 917 0.002238 0.062095 2.544434 4.240723
923 918 0.002490 0.050254 2.577271 4.295451
924 919 0.001953 0.046714 2.621399 4.368998
925 920 0.001465 0.035725 2.668945 4.448242
926 921 0.001292 0.012993 2.725159 4.541931
927 922 0.001761 0.014083 2.789246 4.648743
928 923 0.001092 0.012550 2.863281 4.772135
929 924 0.001196 0.028125 2.943420 4.905701
930 925 0.001465 0.024363 3.025635 5.042725
931 926 0.001381 0.025058 3.106628 5.177714
932 927 0.001196 0.026188 3.189026 5.315043
933 928 0.001691 0.044804 3.271240 5.452067
934 929 0.002072 0.031241 3.356628 5.594381
935 930 0.001891 0.022347 3.435669 5.726115
936 931 0.002238 0.032220 3.515137 5.858561
937 932 0.001761 0.018818 3.594177 5.990295
938 933 0.000977 0.013739 3.665344 6.108907
939 934 0.000977 0.025110 3.720764 6.201273
940 935 0.000691 0.038070 3.768982 6.281637
941 936 0.000000 0.024746 3.800781 6.334635
942 937 0.000691 0.028866 3.815247 6.358744
943 938 0.000691 0.028882 3.824097 6.373495
944 939 0.000691 0.018634 3.828613 6.381022
945 940 0.001092 0.016146 3.831909 6.386515
946 941 0.001381 0.008740 3.833618 6.389364
947 942 0.001196 0.012486 3.839539 6.399231
948 943 0.001465 0.019924 3.839355 6.398926
949 944 0.001465 0.009697 3.841492 6.402486
950 945 0.000846 0.009146 3.839294 6.398824
951 946 0.000691 0.028083 3.837219 6.395365
952 947 0.000977 0.030567 3.833374 6.388957
953 948 0.001092 0.044088 3.827332 6.378886
954 949 0.000846 0.052624 3.818176 6.363627
955 950 0.000977 0.053212 3.807495 6.345825
956 951 0.001092 0.043978 3.795288 6.325480
957 952 0.000488 0.042109 3.781067 6.301778
958 953 0.000977 0.041486 3.765564 6.275940
959 954 0.000691 0.054322 3.747131 6.245219
960 955 0.000691 0.056784 3.723267 6.205444
961 956 0.000488 0.070762 3.692749 6.154582
962 957 0.000691 0.074677 3.655090 6.091817
963 958 0.000846 0.059607 3.612549 6.020915
964 959 0.001381 0.059296 3.560303 5.933838
965 960 0.000846 0.058948 3.504822 5.841370
966 961 0.001381 0.059195 3.447571 5.745951
967 962 0.000977 0.060446 3.393188 5.655314
968 963 0.000000 0.066917 3.343628 5.572713
969 964 0.000977 0.068562 3.303589 5.505981
970 965 0.001092 0.071330 3.273010 5.455017
971 966 0.001544 0.063217 3.245911 5.409851
972 967 0.000846 0.053829 3.221069 5.368449
973 968 0.000488 0.042214 3.196533 5.327555
974 969 0.000691 0.042101 3.172607 5.287679
975 970 0.001092 0.049629 3.146912 5.244853
976 971 0.000000 0.045268 3.125183 5.208639
977 972 0.000000 0.054118 3.102722 5.171204
978 973 0.000977 0.067985 3.084290 5.140482
979 974 0.000977 0.075354 3.065918 5.109863
980 975 0.000691 0.078266 3.051331 5.085551
981 976 0.000488 0.075193 3.037964 5.063273
982 977 0.000691 0.072855 3.025879 5.043131
983 978 0.000488 0.070906 3.013611 5.022685
984 979 0.000691 0.057488 3.002502 5.004171
985 980 0.000488 0.058468 2.990967 4.984945
986 981 0.000691 0.061002 2.975647 4.959412
987 982 0.000691 0.062778 2.961426 4.935709
988 983 0.000691 0.062406 2.943481 4.905802
989 984 0.001761 0.076344 2.921265 4.868774
990 985 0.000000 0.057184 2.890076 4.816793
991 986 0.000488 0.045289 2.857056 4.761759
992 987 0.000488 0.046220 2.815674 4.692790
993 988 0.000846 0.045054 2.767395 4.612325
994 989 0.000488 0.039459 2.715210 4.525350
995 990 0.000488 0.049977 2.661926 4.436544
996 991 0.000691 0.057564 2.603760 4.339600
997 992 0.000488 0.052615 2.544922 4.241537
998 993 0.000000 0.059633 2.488770 4.147949
999 994 0.000691 0.046168 2.429504 4.049174
1000 995 0.000488 0.040924 2.373291 3.955485
1001 996 0.000846 0.034818 2.315063 3.858439
1002 997 0.000691 0.029588 2.252380 3.753967
1003 998 0.001196 0.019029 2.198792 3.664653
1004 999 0.000691 0.015054 2.107666 3.512777
1005 1000 0.000488 0.017213 2.023926 3.373210
1006 1001 0.000977 0.012842 1.927979 3.213298
1007 1002 0.000691 0.026128 1.827148 3.045247
1008 1003 0.000000 0.035501 1.709656 2.849426
1009 1004 0.000691 0.029818 1.625610 2.709351
1010 1005 0.000691 0.032682 1.531982 2.553304
1011 1006 0.000488 0.036523 1.458679 2.431132
1012 1007 0.000000 0.027901 1.397949 2.329915
1013 1008 0.000000 0.031663 1.352600 2.254333
1014 1009 0.000000 0.030293 1.323730 2.206218
1015 1010 0.000000 0.034972 1.304199 2.173665
1016 1011 0.000488 0.041182 1.288269 2.147115
1017 1012 0.000488 0.041626 1.280273 2.133789
1018 1013 0.000000 0.039979 1.272156 2.120260
1019 1014 0.000691 0.036187 1.261230 2.102051
1020 1015 0.000691 0.028797 1.253601 2.089335
1021 1016 0.000691 0.026669 1.247498 2.079163
1022 1017 0.000846 0.020857 1.241089 2.068481
1023 1018 0.000691 0.027181 1.234924 2.058207
1024 1019 0.000488 0.030926 1.231140 2.051900
1025 1020 0.000488 0.038703 1.223694 2.039490
1026 1021 0.000691 0.040210 1.218506 2.030843
1027 1022 0.000488 0.049740 1.209351 2.015584
1028 1023 0.000488 0.055897 1.199768 1.999613
1029 1024 0.000488 0.053686 1.194336 1.990560
1030 1025 0.000000 0.043940 1.188416 1.980693
1031 1026 0.000000 0.035134 1.181885 1.969808
1032 1027 0.000977 0.031509 1.177612 1.962687
1033 1028 0.000691 0.015995 1.173279 1.955465
1034 1029 0.000846 0.011139 1.165466 1.942444
1035 1030 0.000846 0.016036 1.158752 1.931254
1036 1031 0.000977 0.013556 1.150940 1.918233
1037 1032 0.000846 0.006076 1.149048 1.915080
1038 1033 0.000691 0.012782 1.145081 1.908468
1039 1034 0.000000 0.021645 1.140442 1.900736
1040 1035 0.000000 0.029947 1.136169 1.893616
1041 1036 0.000691 0.034159 1.133423 1.889038
1042 1037 0.000488 0.040754 1.126343 1.877238
1043 1038 0.000488 0.026731 1.123108 1.871847
1044 1039 0.000691 0.026189 1.125183 1.875305
1045 1040 0.000488 0.023759 1.136475 1.894124
1046 1041 0.000691 0.031489 1.158813 1.931356
1047 1042 0.000846 0.030828 1.194031 1.990051
1048 1043 0.000977 0.037945 1.240784 2.067973
1049 1044 0.000977 0.032883 1.294800 2.158000
1050 1045 0.000000 0.027421 1.352112 2.253520
1051 1046 0.000000 0.028319 1.406555 2.344259
1052 1047 0.000488 0.020332 1.456604 2.427673
1053 1048 0.000846 0.007831 1.502930 2.504883
1054 1049 0.000846 0.018628 1.545898 2.576497
1055 1050 0.000488 0.017674 1.587219 2.645365
1056 1051 0.000488 0.016150 1.626343 2.710571
1057 1052 0.000691 0.035502 1.666565 2.777608
1058 1053 0.000488 0.032948 1.705750 2.842916
1059 1054 0.000000 0.024172 1.746582 2.910970
1060 1055 0.000488 0.027623 1.788635 2.981059
1061 1056 0.001092 0.024606 1.835327 3.058879
1062 1057 0.000000 0.041396 1.887268 3.145447
1063 1058 0.000977 0.086278 1.942322 3.237203
1064 1059 0.001292 0.114909 1.981995 3.303324
1065 1060 0.001092 0.139435 2.006409 3.344014
1066 1061 0.001381 0.171278 2.010498 3.350830
1067 1062 0.002013 0.190703 1.996765 3.327942
1068 1063 0.002629 0.133133 1.967407 3.279012
1069 1064 0.002762 0.123917 1.941101 3.235168
1070 1065 0.002072 0.110365 1.915771 3.192952
1071 1066 0.001381 0.107726 1.897705 3.162842
1072 1067 0.001292 0.099459 1.883728 3.139547
1073 1068 0.000846 0.101835 1.872009 3.120015
1074 1069 0.000691 0.097372 1.855469 3.092448
1075 1070 0.000000 0.096784 1.835999 3.059998
1076 1071 0.000846 0.086112 1.815735 3.026225
1077 1072 0.000846 0.079316 1.794312 2.990519
1078 1073 0.001196 0.070561 1.773926 2.956543
1079 1074 0.001691 0.060013 1.759583 2.932637
1080 1075 0.001827 0.048595 1.747314 2.912191
1081 1076 0.003088 0.045792 1.732666 2.887777
1082 1077 0.002490 0.029859 1.714478 2.857463
1083 1078 0.002342 0.039888 1.674744 2.791240
1084 1079 0.001619 0.042056 1.602417 2.670695
1085 1080 0.001196 0.035111 1.493408 2.489014
1086 1081 0.000977 0.024603 1.353333 2.255554
1087 1082 0.000846 0.030415 1.180664 1.967773
1088 1083 0.001196 0.016201 0.996948 1.661580
1089 1084 0.000000 0.017127 0.814453 1.357422
1090 1085 0.000000 0.010732 0.636902 1.061503
1091 1086 0.000691 0.011882 0.464294 0.773824
1092 1087 0.000691 0.008730 0.303955 0.506592
1093 1088 0.000846 0.012566 0.195801 0.326335
1094 1089 0.000488 0.012302 0.112366 0.187276
1095 1090 0.000846 0.016958 0.059265 0.098775
1096 1091 0.000691 0.013140 0.038147 0.063578
1097 1092 0.000488 0.018001 0.041687 0.069478
1098 1093 0.000488 0.016665 0.024963 0.041606
1099 1094 0.000000 0.013054 0.016296 0.027161
1100 1095 0.000488 0.010025 0.015320 0.025533
