10 5 0.001953 0.034228 1.750726 2.917877
11 6 0.002238 0.049873 1.812950 3.021583
12 7 0.001827 0.045016 1.869645 3.116074
13 8 0.001092 0.035880 1.916665 3.194441
14 9 0.000977 0.022717 1.973902 3.289837
15 10 0.000846 0.020907 2.029453 3.382422
16 11 0.001381 0.019256 2.086507 3.477512
17 12 0.002072 0.022596 2.144998 3.574996
18 13 0.000977 0.013328 2.211151 3.685252
19 14 0.001196 0.015653 2.275852 3.793086
20 15 0.001544 0.025135 2.349667 3.916112
21 16 0.001196 0.020522 2.411742 4.019570
22 17 0.000846 0.016488 2.483994 4.139989
23 18 0.001544 0.022553 2.551171 4.251952
24 19 0.000488 0.030723 2.619001 4.365002
25 20 0.000691 0.031736 2.676935 4.461559
26 21 0.000691 0.041964 2.740967 4.568278
27 22 0.000000 0.052569 2.796442 4.660737
28 23 0.002013 0.071814 2.850030 4.750050
29 24 0.000000 0.090942 2.906922 4.844871
30 25 0.000488 0.088455 2.962383 4.937305
31 26 0.000000 0.069653 3.023767 5.039611
32 27 0.000691 0.072142 3.085582 5.142636
33 28 0.001092 0.060952 3.152343 5.253905
34 29 0.000000 0.061403 3.214590 5.357650
35 30 0.000488 0.064054 3.281926 5.469877
36 31 0.000000 0.055973 3.364311 5.607185
37 32 0.000691 0.051722 3.411785 5.686308
38 33 0.000846 0.047042 3.475492 5.792488
39 34 0.000691 0.030379 3.543175 5.905291
40 35 0.000977 0.024164 3.607510 6.012516
41 36 0.000488 0.037556 3.657055 6.095091
42 37 0.000977 0.014474 3.737865 6.229776
43 38 0.000691 0.024021 3.805994 6.343323
44 39 0.000846 0.038665 3.863514 6.439190
45 40 0.000000 0.060568 3.937962 6.563269
46 41 0.000691 0.053262 3.983845 6.639741
47 42 0.000977 0.058093 4.041363 6.735605
48 43 0.000691 0.057372 4.085361 6.808936
49 44 0.001092 0.059621 4.134506 6.890844
50 45 0.000488 0.046848 4.163288 6.938814
51 46 0.000846 0.057671 4.219461 7.032436
52 47 0.001292 0.042012 4.262285 7.103809
53 48 0.001196 0.055103 4.318409 7.197348
54 49 0.000977 0.049964 4.373854 7.289756
55 50 0.001196 0.042756 4.431404 7.385674
56 51 0.000691 0.045121 4.485588 7.475980
57 52 0.000691 0.041937 4.542995 7.571659
58 53 0.000691 0.040197 4.596708 7.661180
59 54 0.000977 0.040491 4.652670 7.754450
60 55 0.001196 0.062557 4.713455 7.855759
61 56 0.001381 0.039112 4.769581 7.949301
62 57 0.001381 0.039620 4.848225 8.080375
63 58 0.001691 0.057073 4.930767 8.217945
64 59 0.000977 0.073641 5.006336 8.343894
65 60 0.001544 0.101211 5.080372 8.467286
66 61 0.000691 0.107567 5.160439 8.600731
67 62 0.000977 0.102569 5.217133 8.695221
68 63 0.000977 0.070880 5.262257 8.770428
69 64 0.000977 0.059928 5.303280 8.838799
70 65 0.000691 0.049087 5.329021 8.881702
71 66 0.001196 0.060890 5.342186 8.903644
72 67 0.000846 0.067604 5.343063 8.905106
73 68 0.000691 0.046912 5.349628 8.916047
74 69 0.000977 0.043691 5.354313 8.923855
75 70 0.000691 0.034948 5.364506 8.940843
76 71 0.001544 0.030888 5.371632 8.952720
77 72 0.001691 0.038463 5.372753 8.954589
78 73 0.001196 0.072681 5.358192 8.930321
79 74 0.000846 0.079917 5.340851 8.901418
80 75 0.001761 0.097983 5.329174 8.881957
81 76 0.001292 0.075113 5.325348 8.875580
82 77 0.000977 0.070443 5.335903 8.893172
83 78 0.001544 0.048837 5.350018 8.916696
84 79 0.001465 0.019525 5.366947 8.944912
85 80 0.000977 0.016942 5.378204 8.963674
86 81 0.001891 0.030742 5.380634 8.967724
87 82 0.000977 0.017197 5.389324 8.982207
88 83 0.001381 0.010533 5.386982 8.978303
89 84 0.001196 0.019031 5.393417 8.989029
90 85 0.001691 0.032399 5.399456 8.999093
91 86 0.001827 0.042645 5.416725 9.027875
92 87 0.001196 0.046536 5.423874 9.039790
93 88 0.002072 0.046052 5.445763 9.076271
94 89 0.002719 0.061667 5.476051 9.126752
95 90 0.001691 0.035638 5.499969 9.166615
96 91 0.002128 0.051363 5.504875 9.174792
97 92 0.001953 0.069315 5.526207 9.210345
98 93 0.000691 0.067368 5.547028 9.245046
99 94 0.001953 0.105098 5.560638 9.267731
100 95 0.001465 0.108498 5.581947 9.303246
101 96 0.001619 0.112627 5.627090 9.378484
102 97 0.001827 0.112049 5.652992 9.421654
103 98 0.001381 0.113168 5.680252 9.467087
104 99 0.000846 0.092277 5.700546 9.500911
105 100 0.001292 0.096228 5.722076 9.536794
106 101 0.000488 0.087991 5.739868 9.566447
107 102 0.000691 0.092321 5.764587 9.607646
108 103 0.001292 0.096204 5.790504 9.650841
109 104 0.000977 0.112135 5.814407 9.690679
110 105 0.000488 0.100244 5.833183 9.721972
111 106 0.001381 0.093900 5.859039 9.765065
112 107 0.000488 0.070170 5.884933 9.808223
113 108 0.001196 0.063936 5.906929 9.844882
114 109 0.001092 0.048522 5.930656 9.884427
115 110 0.001292 0.060547 5.964584 9.940974
116 111 0.000691 0.068449 5.981926 9.969876
117 112 0.001381 0.070899 6.000465 10.000775
118 113 0.001891 0.077618 6.026299 10.043831
119 114 0.001827 0.069629 6.054863 10.091438
120 115 0.001381 0.062995 6.075386 10.125644
121 116 0.001827 0.055103 6.100067 10.166779
122 117 0.001292 0.057121 6.121468 10.202446
123 118 0.001619 0.061979 6.139320 10.232201
124 119 0.000977 0.076591 6.154320 10.257199
125 120 0.000691 0.082445 6.173233 10.288722
126 121 0.001691 0.073974 6.192261 10.320435
127 122 0.001292 0.087051 6.210068 10.350113
128 123 0.000977 0.074109 6.230621 10.384369
129 124 0.001544 0.070234 6.243477 10.405795
130 125 0.001465 0.068029 6.265686 10.442810
131 126 0.001691 0.079162 6.288483 10.480804
132 127 0.001381 0.074878 6.312363 10.520604
133 128 0.000977 0.058715 6.329697 10.549495
134 129 0.000000 0.050288 6.350388 10.583980
135 130 0.000000 0.045246 6.359390 10.598984
136 131 0.000000 0.041351 6.365211 10.608685
137 132 0.000691 0.041725 6.370750 10.617917
138 133 0.001292 0.037435 6.364418 10.607364
139 134 0.001619 0.051161 6.365891 10.609818
140 135 0.001691 0.036842 6.403000 10.671666
141 136 0.000691 0.052443 6.347099 10.578499
142 137 0.000488 0.053772 6.324417 10.540695
143 138 0.001092 0.055347 6.307838 10.513064
144 139 0.000691 0.053263 6.282761 10.471268
145 140 0.000000 0.098737 6.206955 10.344925
146 141 0.000977 0.054668 6.202515 10.337524
147 142 0.000977 0.073989 6.150681 10.251134
148 143 0.001691 0.086448 6.099915 10.166524
149 144 0.001691 0.092878 6.040878 10.068130
150 145 0.000977 0.081960 5.981552 9.969254
151 146 0.000977 0.093267 5.931046 9.885076
152 147 0.001092 0.072437 5.880585 9.800975
153 148 0.000846 0.079802 5.821243 9.702072
154 149 0.001619 0.079528 5.766525 9.610875
155 150 0.000691 0.082819 5.716949 9.528249
156 151 0.001827 0.083146 5.679535 9.465892
157 152 0.001196 0.066479 5.648209 9.413681
158 153 0.000691 0.051152 5.624390 9.373982
159 154 0.000488 0.020789 5.603653 9.339421
160 155 0.000000 0.015368 5.585281 9.308803
161 156 0.000846 0.013488 5.560547 9.267578
162 157 0.000000 0.006636 5.536301 9.227168
163 158 0.000977 0.006217 5.513596 9.189326
164 159 0.000691 0.019836 5.497559 9.162598
165 160 0.000000 0.033980 5.485107 9.141846
166 161 0.000691 0.049721 5.476578 9.127629
167 162 0.000691 0.070070 5.466385 9.110641
168 163 0.002128 0.108707 5.455734 9.092891
169 164 0.001544 0.109266 5.423691 9.039485
170 165 0.001092 0.100907 5.383911 8.973186
171 166 0.002128 0.113622 5.341629 8.902715
172 167 0.001761 0.096952 5.297409 8.829015
173 168 0.000691 0.078268 5.250137 8.750229
174 169 0.001761 0.067370 5.206253 8.677089
175 170 0.001381 0.060604 5.163422 8.605702
176 171 0.001381 0.054356 5.116638 8.527730
177 172 0.000977 0.035728 5.068771 8.447952
178 173 0.001196 0.029935 5.021744 8.369573
179 174 0.000977 0.040477 4.980621 8.301036
180 175 0.001196 0.050228 4.937424 8.229039
181 176 0.000488 0.052325 4.895432 8.159053
182 177 0.001092 0.081869 4.853897 8.089828
183 178 0.000691 0.067649 4.809311 8.015518
184 179 0.001381 0.077329 4.748917 7.914861
185 180 0.000977 0.069734 4.691772 7.819621
186 181 0.001827 0.083453 4.620468 7.700780
187 182 0.001691 0.088048 4.553558 7.589264
188 183 0.002128 0.109196 4.485458 7.475764
189 184 0.001196 0.084288 4.441956 7.403259
190 185 0.002441 0.078607 4.397507 7.329178
191 186 0.001381 0.074544 4.349854 7.249756
192 187 0.000846 0.072614 4.310364 7.183939
193 188 0.001891 0.070857 4.276688 7.127813
194 189 0.000977 0.081509 4.245636 7.076060
195 190 0.000000 0.083933 4.215210 7.025350
196 191 0.000488 0.072751 4.213333 7.022222
197 192 0.001544 0.071402 4.207565 7.012609
198 193 0.000000 0.058785 4.203552 7.005920
199 194 0.000691 0.054595 4.194290 6.990484
200 195 0.001465 0.055869 4.193924 6.989873
201 196 0.001196 0.048985 4.206207 7.010345
202 197 0.000977 0.063507 4.191391 6.985651
203 198 0.001381 0.065153 4.198303 6.997172
204 199 0.000977 0.066802 4.210373 7.017288
205 200 0.000000 0.062984 4.228455 7.047424
206 201 0.000691 0.078709 4.231964 7.053274
207 202 0.000488 0.034361 4.277664 7.129440
208 203 0.000977 0.040670 4.315811 7.193018
209 204 0.001196 0.039485 4.365631 7.276052
210 205 0.000691 0.050605 4.407944 7.346573
211 206 0.000846 0.047849 4.462585 7.437643
212 207 0.000488 0.055715 4.517181 7.528636
213 208 0.000000 0.050001 4.572754 7.621256
214 209 0.000488 0.055053 4.625259 7.708766
215 210 0.000691 0.071604 4.688217 7.813695
216 211 0.000977 0.071678 4.749329 7.915548
217 212 0.000000 0.062453 4.806625 8.011043
218 213 0.000000 0.072289 4.863068 8.105113
219 214 0.000691 0.065569 4.938080 8.230133
220 215 0.001544 0.069699 4.976471 8.294118
221 216 0.001544 0.076624 5.037827 8.396378
222 217 0.000977 0.099710 5.099442 8.499069
223 218 0.000846 0.083899 5.164459 8.607432
224 219 0.000691 0.110829 5.200989 8.668315
225 220 0.001381 0.095868 5.279297 8.798828
226 221 0.001196 0.095023 5.338623 8.897705
227 222 0.001953 0.083480 5.392151 8.986918
228 223 0.001953 0.088548 5.449524 9.082540
229 224 0.002128 0.098624 5.518127 9.196879
230 225 0.002238 0.102661 5.577881 9.296468
231 226 0.002184 0.083155 5.637634 9.396057
232 227 0.002072 0.091714 5.702316 9.503860
233 228 0.001891 0.093775 5.765305 9.608841
234 229 0.002013 0.069007 5.833939 9.723231
235 230 0.001691 0.065315 5.899719 9.832866
236 231 0.001953 0.077088 5.976013 9.960022
237 232 0.002184 0.073452 6.035980 10.059967
238 233 0.001761 0.076657 6.095886 10.159810
239 234 0.001691 0.093205 6.143478 10.239131
240 235 0.001544 0.112495 6.193741 10.322902
241 236 0.001544 0.117212 6.238510 10.397517
242 237 0.001381 0.123398 6.299011 10.498352
243 238 0.001381 0.135944 6.346405 10.577342
244 239 0.001544 0.142817 6.398605 10.664342
245 240 0.002013 0.119534 6.457336 10.762227
246 241 0.001761 0.117700 6.507141 10.845235
247 242 0.002128 0.125209 6.561951 10.936584
248 243 0.001691 0.112195 6.618317 11.030528
249 244 0.001691 0.106650 6.687042 11.145070
250 245 0.001381 0.119245 6.752045 11.253407
251 246 0.001092 0.130236 6.806671 11.344452
252 247 0.001292 0.125255 6.855255 11.425426
253 248 0.001465 0.151058 6.911163 11.518605
254 249 0.001619 0.158389 6.951935 11.586558
255 250 0.001465 0.165133 6.995850 11.659749
256 251 0.000488 0.165228 7.042786 11.737976
257 252 0.000691 0.172127 7.094406 11.824010
258 253 0.001381 0.147820 7.143402 11.905670
259 254 0.001292 0.153756 7.181396 11.968994
260 255 0.001891 0.146346 7.230591 12.050984
261 256 0.002072 0.128057 7.273468 12.122447
262 257 0.002342 0.120013 7.322037 12.203395
263 258 0.002930 0.125218 7.359833 12.266388
264 259 0.002184 0.117506 7.403381 12.338969
265 260 0.002238 0.111430 7.436157 12.393596
266 261 0.002392 0.119725 7.469452 12.449086
267 262 0.002719 0.115762 7.488922 12.481537
268 263 0.002537 0.111489 7.510376 12.517293
269 264 0.002490 0.093087 7.535431 12.559052
270 265 0.002184 0.105277 7.551117 12.585195
271 266 0.001891 0.121584 7.578094 12.630157
272 267 0.001544 0.135187 7.598267 12.663777
273 268 0.000846 0.157098 7.617157 12.695262
274 269 0.000846 0.170671 7.632690 12.721150
275 270 0.000846 0.180610 7.652100 12.753499
276 271 0.000691 0.191608 7.661255 12.768758
277 272 0.000488 0.192112 7.679108 12.798512
278 273 0.001196 0.190409 7.692688 12.821147
279 274 0.001292 0.170329 7.702545 12.837575
280 275 0.001092 0.166856 7.690704 12.817841
281 276 0.001381 0.145880 7.667847 12.779744
282 277 0.001544 0.145872 7.621643 12.702739
283 278 0.000488 0.144847 7.562500 12.604167
284 279 0.000691 0.162936 7.506226 12.510376
285 280 0.001619 0.189358 7.446594 12.410991
286 281 0.001196 0.205886 7.387817 12.313029
287 282 0.002930 0.211752 7.329285 12.215474
288 283 0.001619 0.206580 7.272675 12.121124
289 284 0.002342 0.194234 7.204987 12.008311
290 285 0.000846 0.182446 7.133667 11.889445
291 286 0.002537 0.182724 7.066589 11.777649
292 287 0.000977 0.176523 6.998383 11.663971
293 288 0.001953 0.179122 6.932037 11.553395
294 289 0.001619 0.189966 6.864655 11.441091
295 290 0.002537 0.190884 6.800507 11.334178
296 291 0.002072 0.189757 6.717896 11.196492
297 292 0.002072 0.195704 6.642303 11.070506
298 293 0.001544 0.188487 6.573151 10.955251
299 294 0.001196 0.198254 6.503693 10.839488
300 295 0.001544 0.186771 6.436493 10.727489
301 296 0.001196 0.197664 6.385742 10.642903
302 297 0.001891 0.192288 6.336273 10.560455
303 298 0.001196 0.213976 6.285217 10.475362
304 299 0.001544 0.205099 6.231995 10.386658
305 300 0.001827 0.214964 6.180969 10.301616
306 301 0.001619 0.200807 6.128815 10.214691
307 302 0.001691 0.213149 6.076202 10.127004
308 303 0.001381 0.191194 6.026550 10.044250
309 304 0.001544 0.191173 5.993561 9.989268
310 305 0.001691 0.186442 5.919373 9.865621
311 306 0.000977 0.208717 5.856842 9.761403
312 307 0.000977 0.184834 5.787567 9.645946
313 308 0.001196 0.205062 5.715302 9.525502
314 309 0.001381 0.245150 5.622742 9.371236
315 310 0.001827 0.214131 5.565918 9.276530
316 311 0.002342 0.201764 5.504730 9.174550
317 312 0.001196 0.218799 5.460266 9.100444
318 313 0.000488 0.173924 5.419037 9.031728
319 314 0.001292 0.129636 5.375458 8.959096
320 315 0.001092 0.151114 5.336884 8.894806
321 316 0.001953 0.144811 5.292725 8.821208
322 317 0.002072 0.136950 5.238953 8.731587
323 318 0.000488 0.153891 5.188477 8.647461
324 319 0.001196 0.167770 5.147247 8.578746
325 320 0.000846 0.138562 5.114380 8.523967
326 321 0.000977 0.128096 5.083099 8.471832
327 322 0.001465 0.101191 5.064392 8.440654
328 323 0.000977 0.080861 5.045227 8.408711
329 324 0.000691 0.061775 5.018585 8.364308
330 325 0.000000 0.084657 4.997375 8.328959
331 326 0.001196 0.061418 4.984283 8.307139
332 327 0.001691 0.044781 4.965851 8.276418
333 328 0.001953 0.072938 4.947662 8.246104
334 329 0.001827 0.051473 4.942871 8.238118
335 330 0.001196 0.032965 4.928650 8.214417
336 331 0.000977 0.041157 4.910736 8.184560
337 332 0.000488 0.044311 4.893372 8.155620
338 333 0.002013 0.032363 4.877655 8.129425
339 334 0.001761 0.035207 4.861298 8.102162
340 335 0.000000 0.044628 4.853638 8.089396
341 336 0.001465 0.040862 4.847076 8.078461
342 337 0.000691 0.042177 4.841949 8.069916
343 338 0.001092 0.067879 4.832825 8.054708
344 339 0.001196 0.064104 4.823761 8.039601
345 340 0.000691 0.049030 4.812714 8.021190
346 341 0.001761 0.048920 4.799866 7.999776
347 342 0.001381 0.043449 4.782684 7.971140
348 343 0.001381 0.036859 4.764893 7.941488
349 344 0.002290 0.045192 4.748566 7.914276
350 345 0.001544 0.041148 4.736084 7.893473
351 346 0.001196 0.040058 4.731079 7.885132
352 347 0.001381 0.040188 4.732697 7.887827
353 348 0.001292 0.037711 4.745850 7.909750
354 349 0.000977 0.023963 4.767761 7.946269
355 350 0.001196 0.026540 4.792938 7.988230
356 351 0.001092 0.023865 4.818329 8.030548
357 352 0.000691 0.022975 4.845215 8.075358
358 353 0.000846 0.028232 4.869324 8.115540
359 354 0.001092 0.036529 4.892212 8.153687
360 355 0.000488 0.046814 4.909607 8.182678
361 356 0.000000 0.051852 4.924744 8.207906
362 357 0.000691 0.053505 4.936066 8.226776
363 358 0.000488 0.041720 4.946411 8.244019
364 359 0.001196 0.049497 4.956573 8.260956
365 360 0.001381 0.059829 4.969971 8.283284
366 361 0.001381 0.065712 4.962952 8.271586
367 362 0.000977 0.052145 4.962585 8.270976
368 363 0.001292 0.043009 4.960846 8.268077
369 364 0.001292 0.048097 4.955658 8.259430
370 365 0.001196 0.035897 4.943146 8.238576
371 366 0.001292 0.041005 4.952332 8.253886
372 367 0.002072 0.027413 4.952515 8.254191
373 368 0.001761 0.031994 4.947754 8.246257
374 369 0.000691 0.028307 4.945068 8.241780
375 370 0.001691 0.042976 4.943970 8.239949
376 371 0.000977 0.042856 4.941864 8.236440
377 372 0.000846 0.044019 4.939545 8.232574
378 373 0.000691 0.046478 4.939331 8.232219
379 374 0.001092 0.047814 4.930969 8.218282
380 375 0.000977 0.042477 4.924530 8.207550
381 376 0.000977 0.047706 4.911591 8.185985
382 377 0.000691 0.045837 4.895996 8.159993
383 378 0.001891 0.069790 4.878479 8.130798
384 379 0.001761 0.034000 4.857727 8.096211
385 380 0.000691 0.041124 4.840668 8.067780
386 381 0.001292 0.041794 4.830017 8.050029
387 382 0.001691 0.045392 4.801483 8.002472
388 383 0.001544 0.040172 4.782196 7.970327
389 384 0.001544 0.042584 4.765747 7.942912
390 385 0.000846 0.035466 4.751068 7.918447
391 386 0.001381 0.027327 4.723602 7.872671
392 387 0.001196 0.024435 4.718964 7.864939
393 388 0.001465 0.020786 4.703033 7.838389
394 389 0.001544 0.028789 4.695282 7.825470
395 390 0.001292 0.032771 4.684387 7.807312
396 391 0.001544 0.033422 4.687439 7.812398
397 392 0.001465 0.033040 4.689240 7.815399
398 393 0.002805 0.026652 4.700806 7.834676
399 394 0.001827 0.071845 4.716370 7.860616
400 395 0.001465 0.096456 4.737427 7.895711
401 396 0.000977 0.124384 4.750885 7.918142
402 397 0.001092 0.149828 4.765228 7.942047
403 398 0.001891 0.186179 4.773895 7.956492
404 399 0.000977 0.170850 4.778137 7.963562
405 400 0.000977 0.139391 4.782288 7.970479
406 401 0.000846 0.127418 4.789276 7.982127
407 402 0.001691 0.113367 4.798737 7.997894
408 403 0.000691 0.097094 4.810242 8.017070
409 404 0.000846 0.077851 4.824646 8.041077
410 405 0.001465 0.076710 4.833466 8.055776
411 406 0.002072 0.068806 4.835785 8.059642
412 407 0.001292 0.060412 4.845612 8.076019
413 408 0.001092 0.057643 4.860107 8.100179
414 409 0.001691 0.054795 4.875580 8.125966
415 410 0.001761 0.058219 4.890778 8.151296
416 411 0.000846 0.041962 4.912811 8.188019
417 412 0.000488 0.046029 4.924927 8.208211
418 413 0.001381 0.053648 4.929840 8.216400
419 414 0.001381 0.053604 4.929657 8.216095
420 415 0.001292 0.062214 4.926361 8.210602
421 416 0.000691 0.043661 4.919952 8.199921
422 417 0.000488 0.048844 4.913177 8.188629
423 418 0.001196 0.039724 4.907562 8.179271
424 419 0.001465 0.045922 4.906616 8.177693
425 420 0.001381 0.048330 4.900177 8.166962
426 421 0.000691 0.043848 4.897827 8.163045
427 422 0.000846 0.044237 4.890198 8.150330
428 423 0.001196 0.058470 4.898010 8.163350
429 424 0.001196 0.051008 4.874664 8.124440
430 425 0.000691 0.056120 4.876648 8.127747
431 426 0.000691 0.054145 4.874695 8.124492
432 427 0.001092 0.054439 4.875641 8.126068
433 428 0.000691 0.050564 4.876282 8.127136
434 429 0.000691 0.056381 4.884979 8.141632
435 430 0.000846 0.060407 4.905914 8.176524
436 431 0.000977 0.053484 4.903046 8.171742
437 432 0.000691 0.054658 4.924408 8.207347
438 433 0.000488 0.048804 4.934540 8.224233
439 434 0.001092 0.061486 4.970856 8.284760
440 435 0.000691 0.050523 4.980927 8.301544
441 436 0.000846 0.055118 5.027496 8.379161
442 437 0.000977 0.042313 5.049713 8.416188
443 438 0.000977 0.046731 5.079193 8.465322
444 439 0.000691 0.038909 5.105133 8.508555
445 440 0.001092 0.027353 5.127014 8.545024
446 441 0.001381 0.049867 5.148438 8.580729
447 442 0.001196 0.060311 5.175140 8.625234
448 443 0.000691 0.056294 5.198212 8.663686
449 444 0.001292 0.046099 5.219238 8.698730
450 445 0.002184 0.059122 5.246033 8.743388
451 446 0.000488 0.045773 5.264801 8.774669
452 447 0.000691 0.031183 5.288849 8.814748
453 448 0.000488 0.024208 5.308685 8.847809
454 449 0.001691 0.044844 5.329346 8.882243
455 450 0.000846 0.030943 5.349426 8.915710
456 451 0.001381 0.032143 5.373627 8.956044
457 452 0.001544 0.036708 5.398468 8.997447
458 453 0.001381 0.030640 5.420868 9.034780
459 454 0.001196 0.031143 5.444611 9.074351
460 455 0.001292 0.030206 5.466827 9.111379
461 456 0.001691 0.037385 5.489105 9.148509
462 457 0.001092 0.030259 5.503326 9.172211
463 458 0.001381 0.037129 5.518738 9.197896
464 459 0.001092 0.029713 5.533966 9.223277
465 460 0.001381 0.022964 5.553955 9.256592
466 461 0.000977 0.016366 5.576965 9.294942
467 462 0.000977 0.048625 5.597717 9.329529
468 463 0.000846 0.018117 5.622131 9.370219
469 464 0.000977 0.030968 5.642700 9.404500
470 465 0.000691 0.029404 5.658112 9.430186
471 466 0.000846 0.027686 5.669189 9.448649
472 467 0.000691 0.020990 5.686401 9.477336
473 468 0.000977 0.024191 5.699707 9.499512
474 469 0.001196 0.028117 5.707306 9.512177
475 470 0.000977 0.040245 5.712433 9.520721
476 471 0.001196 0.039146 5.713593 9.522655
477 472 0.001691 0.052206 5.713745 9.522908
478 473 0.001381 0.053775 5.707153 9.511922
479 474 0.001196 0.060517 5.702057 9.503428
480 475 0.000488 0.058510 5.694366 9.490611
481 476 0.000691 0.052551 5.685852 9.476420
482 477 0.001292 0.033791 5.667297 9.445496
483 478 0.000977 0.033409 5.653412 9.422353
484 479 0.000846 0.043889 5.642090 9.403483
485 480 0.001381 0.040662 5.626465 9.377441
486 481 0.001761 0.061573 5.610901 9.351501
487 482 0.002342 0.078364 5.599457 9.332428
488 483 0.000977 0.054914 5.587494 9.312490
489 484 0.002013 0.044126 5.573486 9.289144
490 485 0.002584 0.039110 5.564270 9.273784
491 486 0.003383 0.047861 5.556763 9.261271
492 487 0.001827 0.029997 5.550537 9.250896
493 488 0.001619 0.051421 5.544373 9.240621
494 489 0.000977 0.038586 5.537109 9.228516
495 490 0.001092 0.078797 5.528076 9.213460
496 491 0.002072 0.068287 5.522583 9.204305
497 492 0.000977 0.070616 5.514709 9.191182
498 493 0.000846 0.063458 5.509949 9.183248
499 494 0.000691 0.076063 5.508728 9.181213
500 495 0.001953 0.053853 5.506714 9.177856
501 496 0.000977 0.056265 5.492615 9.154358
502 497 0.001953 0.056448 5.479736 9.132894
503 498 0.000691 0.052790 5.460449 9.100749
504 499 0.003088 0.048334 5.439697 9.066162
505 500 0.001465 0.049074 5.411926 9.019877
506 501 0.001092 0.045677 5.383179 8.971965
507 502 0.001381 0.049558 5.341736 8.902893
508 503 0.001381 0.045191 5.291443 8.819072
509 504 0.002930 0.062998 5.223511 8.705852
510 505 0.001292 0.056059 5.157166 8.595276
511 506 0.000000 0.054004 5.081604 8.469340
512 507 0.000691 0.052464 5.003845 8.339742
513 508 0.001381 0.047712 4.926941 8.211568
514 509 0.001827 0.061765 4.862122 8.103536
515 510 0.001953 0.057076 4.807312 8.012187
516 511 0.001619 0.050580 4.768616 7.947693
517 512 0.002490 0.046751 4.740845 7.901408
518 513 0.002342 0.016806 4.726379 7.877299
519 514 0.000488 0.022960 4.714294 7.857157
520 515 0.001691 0.022920 4.696777 7.827962
521 516 0.001827 0.042312 4.680725 7.801208
522 517 0.002072 0.046162 4.659485 7.765808
523 518 0.001292 0.034754 4.644836 7.741394
524 519 0.001292 0.047129 4.629700 7.716166
525 520 0.001619 0.038982 4.606201 7.677002
526 521 0.001092 0.025828 4.596008 7.660014
527 522 0.000488 0.032355 4.601074 7.668457
528 523 0.001196 0.026208 4.585876 7.643127
529 524 0.000488 0.024239 4.589417 7.649027
530 525 0.001544 0.024722 4.590515 7.650858
531 526 0.000000 0.051771 4.595581 7.659302
532 527 0.000000 0.054108 4.599060 7.665100
533 528 0.000691 0.068577 4.606201 7.677002
534 529 0.000691 0.052942 4.613831 7.689718
535 530 0.001953 0.060014 4.647522 7.745870
536 531 0.001891 0.032427 4.669250 7.782084
537 532 0.002889 0.015503 4.691162 7.818604
538 533 0.002490 0.024335 4.723328 7.872213
539 534 0.002184 0.029300 4.753113 7.921854
540 535 0.001761 0.039832 4.783936 7.973226
541 536 0.001092 0.042443 4.821960 8.036601
542 537 0.000488 0.038777 4.863831 8.106384
543 538 0.001092 0.030866 4.911438 8.185730
544 539 0.001544 0.044819 4.957275 8.262126
545 540 0.000000 0.023985 5.002869 8.338115
546 541 0.000977 0.044797 5.049744 8.416240
547 542 0.000977 0.045904 5.108032 8.513387
548 543 0.001196 0.051684 5.170898 8.618164
549 544 0.002072 0.011907 5.234009 8.723348
550 545 0.000977 0.017663 5.295410 8.825684
551 546 0.000846 0.008581 5.353516 8.922526
552 547 0.000691 0.012415 5.400146 9.000244
553 548 0.000488 0.015812 5.441772 9.069621
554 549 0.001092 0.041910 5.481506 9.135844
555 550 0.001092 0.043087 5.515930 9.193217
556 551 0.000691 0.046462 5.548340 9.247233
557 552 0.000488 0.043606 5.576233 9.293721
558 553 0.000000 0.046453 5.595337 9.325562
559 554 0.000000 0.039787 5.607300 9.345500
560 555 0.001381 0.040038 5.613403 9.355672
561 556 0.000691 0.027303 5.611267 9.352112
562 557 0.000977 0.024091 5.610229 9.350383
563 558 0.000000 0.037312 5.612915 9.354858
564 559 0.000977 0.029835 5.609924 9.349874
565 560 0.001544 0.033363 5.604797 9.341329
566 561 0.001292 0.046154 5.595398 9.325664
567 562 0.001292 0.037224 5.577820 9.296367
568 563 0.001465 0.038871 5.560181 9.266968
569 564 0.001544 0.044596 5.541260 9.235433
570 565 0.002392 0.041676 5.521729 9.202881
571 566 0.002490 0.040035 5.507324 9.178874
572 567 0.002490 0.053621 5.494324 9.157207
573 568 0.000977 0.060837 5.481689 9.136149
574 569 0.000977 0.047720 5.477905 9.129842
575 570 0.000977 0.040186 5.482361 9.137268
576 571 0.002290 0.033691 5.487244 9.145406
577 572 0.002290 0.033051 5.497681 9.162801
578 573 0.001544 0.017827 5.509766 9.182942
579 574 0.000691 0.027170 5.520386 9.200643
580 575 0.001891 0.020479 5.530334 9.217224
581 576 0.002072 0.030111 5.536987 9.228312
582 577 0.000488 0.033549 5.542053 9.236755
583 578 0.000691 0.018513 5.551270 9.252116
584 579 0.001381 0.013190 5.559448 9.265747
585 580 0.001544 0.021611 5.566406 9.277344
586 581 0.000977 0.021110 5.576599 9.294332
587 582 0.001292 0.006265 5.590942 9.318237
588 583 0.000977 0.012160 5.600830 9.334717
589 584 0.000846 0.024560 5.606750 9.344584
590 585 0.000691 0.028901 5.609192 9.348653
591 586 0.001381 0.030497 5.609436 9.349060
592 587 0.000000 0.056665 5.601013 9.335022
593 588 0.000691 0.047284 5.589355 9.315593
594 589 0.000000 0.043014 5.581421 9.302368
595 590 0.000488 0.049427 5.570496 9.284160
596 591 0.000691 0.057401 5.559631 9.266052
597 592 0.000488 0.049664 5.554688 9.257812
598 593 0.000977 0.048540 5.546570 9.244283
599 594 0.000488 0.070209 5.531311 9.218852
600 595 0.000977 0.071074 5.513855 9.189758
601 596 0.000488 0.064852 5.493713 9.156189
602 597 0.000691 0.060418 5.476501 9.127502
603 598 0.000000 0.070796 5.454224 9.090373
604 599 0.000488 0.065843 5.434265 9.057109
605 600 0.000691 0.054072 5.413086 9.021810
606 601 0.000846 0.065200 5.388245 8.980408
607 602 0.001827 0.064994 5.362183 8.936971
608 603 0.000000 0.079585 5.334656 8.891093
609 604 0.000691 0.067640 5.303772 8.839620
610 605 0.001292 0.066941 5.277710 8.796184
611 606 0.001196 0.052313 5.256470 8.760783
612 607 0.002392 0.062195 5.227051 8.711751
613 608 0.000977 0.053790 5.198730 8.664551
614 609 0.000488 0.057756 5.170410 8.617351
615 610 0.000846 0.054844 5.136780 8.561299
616 611 0.001544 0.071912 5.107666 8.512776
617 612 0.000977 0.068149 5.078247 8.463745
618 613 0.000977 0.080588 5.049988 8.416646
619 614 0.000488 0.054440 5.022156 8.370259
620 615 0.000488 0.045426 4.999023 8.331706
621 616 0.000488 0.037014 4.973206 8.288676
622 617 0.000000 0.027273 4.948181 8.246968
623 618 0.000488 0.019133 4.924561 8.207601
624 619 0.001381 0.021840 4.903992 8.173320
625 620 0.000000 0.022629 4.879822 8.133037
626 621 0.000000 0.016234 4.858276 8.097127
627 622 0.000846 0.038705 4.835876 8.059794
628 623 0.000977 0.023766 4.821289 8.035481
629 624 0.001619 0.020662 4.803528 8.005879
630 625 0.000691 0.012712 4.781921 7.969869
631 626 0.000846 0.006388 4.761963 7.936605
632 627 0.001953 0.016956 4.741211 7.902018
633 628 0.000977 0.024410 4.714233 7.857056
634 629 0.001292 0.025411 4.686157 7.810262
635 630 0.000691 0.029257 4.658875 7.764791
636 631 0.001381 0.032406 4.622314 7.703857
637 632 0.001092 0.028570 4.581116 7.635193
638 633 0.000691 0.023860 4.533691 7.556152
639 634 0.002072 0.034473 4.485352 7.475586
640 635 0.001092 0.024902 4.429749 7.382914
641 636 0.000691 0.018212 4.367310 7.278849
642 637 0.000000 0.026709 4.300842 7.168070
643 638 0.000488 0.024173 4.233948 7.056580
644 639 0.000977 0.014110 4.168335 6.947225
645 640 0.001196 0.012599 4.114868 6.858114
646 641 0.000000 0.018427 4.070190 6.783651
647 642 0.001092 0.045808 4.037292 6.728821
648 643 0.001196 0.051926 4.013916 6.689860
649 644 0.000488 0.042800 3.995972 6.659953
650 645 0.000977 0.054913 3.985779 6.642965
651 646 0.001196 0.046678 3.978271 6.630453
652 647 0.000846 0.034265 3.972412 6.620687
653 648 0.000846 0.031754 3.977539 6.629232
654 649 0.000000 0.054897 3.968445 6.614075
655 650 0.000488 0.074012 3.963684 6.606140
656 651 0.000977 0.095560 3.962830 6.604716
657 652 0.001544 0.073370 3.949341 6.582235
658 653 0.001619 0.076467 3.941467 6.569112
659 654 0.001381 0.091014 3.931030 6.551717
660 655 0.001292 0.064120 3.935669 6.559448
661 656 0.001761 0.068607 3.935181 6.558634
662 657 0.001465 0.053211 3.932861 6.554769
663 658 0.000977 0.066483 3.936218 6.560364
664 659 0.001381 0.047454 3.958862 6.598104
665 660 0.000000 0.066552 3.948975 6.581625
666 661 0.000977 0.045767 3.960266 6.600443
667 662 0.000000 0.059985 3.974609 6.624349
668 663 0.000000 0.056132 3.988098 6.646830
669 664 0.001092 0.046074 4.006836 6.678060
670 665 0.000977 0.044646 4.025574 6.709290
671 666 0.000691 0.064417 4.043945 6.739909
672 667 0.001544 0.038993 4.064026 6.773376
673 668 0.001827 0.028416 4.083740 6.806234
674 669 0.001292 0.033098 4.104675 6.841125
675 670 0.001381 0.018502 4.128052 6.880086
676 671 0.001761 0.019426 4.147766 6.912943
677 672 0.000846 0.034824 4.183228 6.972046
678 673 0.000488 0.047398 4.195679 6.992798
679 674 0.001092 0.041715 4.214478 7.024129
680 675 0.000977 0.051552 4.239868 7.066447
681 676 0.001619 0.066893 4.262207 7.103678
682 677 0.000691 0.057575 4.280640 7.134399
683 678 0.000977 0.061629 4.296448 7.160746
684 679 0.001381 0.060826 4.309204 7.182007
685 680 0.001196 0.048990 4.328796 7.214661
686 681 0.001196 0.041340 4.327820 7.213033
687 682 0.001465 0.058770 4.342285 7.237142
688 683 0.000846 0.046830 4.364563 7.274271
689 684 0.001292 0.060394 4.374207 7.290344
690 685 0.001381 0.084316 4.387573 7.312622
691 686 0.001196 0.095541 4.395813 7.326355
692 687 0.001092 0.064846 4.399231 7.332052
693 688 0.001292 0.064204 4.402466 7.337443
694 689 0.001544 0.072372 4.389343 7.315572
695 690 0.002392 0.066237 4.377502 7.295837
696 691 0.001292 0.041692 4.376648 7.294413
697 692 0.000691 0.061460 4.346558 7.244263
698 693 0.000846 0.054967 4.331055 7.218424
699 694 0.001092 0.046097 4.324890 7.208150
700 695 0.001691 0.051526 4.322754 7.204590
701 696 0.001691 0.047173 4.327087 7.211812
702 697 0.001196 0.045534 4.343567 7.239278
703 698 0.000977 0.044747 4.352051 7.253418
704 699 0.000488 0.040751 4.376404 7.294006
705 700 0.000000 0.038030 4.388245 7.313741
706 701 0.000691 0.037285 4.410461 7.350769
707 702 0.000977 0.055323 4.428711 7.381185
708 703 0.001381 0.060251 4.452637 7.421061
709 704 0.001196 0.044239 4.472778 7.454630
710 705 0.000488 0.050583 4.483582 7.472636
711 706 0.000000 0.046017 4.496338 7.493896
712 707 0.000846 0.023470 4.523438 7.539062
713 708 0.000846 0.034947 4.532776 7.554626
714 709 0.001292 0.045947 4.555481 7.592468
715 710 0.000691 0.045621 4.582947 7.638245
716 711 0.001381 0.065139 4.609192 7.681986
717 712 0.001381 0.076963 4.635559 7.725932
718 713 0.001544 0.062859 4.666992 7.778320
719 714 0.001691 0.071911 4.694336 7.823893
720 715 0.001544 0.065313 4.732483 7.887472
721 716 0.001544 0.070898 4.752747 7.921244
722 717 0.000846 0.060155 4.783691 7.972819
723 718 0.000691 0.062657 4.813660 8.022766
724 719 0.001381 0.052911 4.843506 8.072510
725 720 0.000846 0.089051 4.872253 8.120422
726 721 0.000691 0.087430 4.901123 8.168538
727 722 0.001544 0.088159 4.928894 8.214824
728 723 0.001292 0.079450 4.963013 8.271688
729 724 0.002392 0.107141 4.991394 8.318990
730 725 0.000977 0.072639 5.024841 8.374736
731 726 0.001619 0.057928 5.063293 8.438823
732 727 0.001761 0.060998 5.092163 8.486938
733 728 0.000488 0.116050 5.122986 8.538310
734 729 0.000000 0.095017 5.149109 8.581848
735 730 0.001196 0.104093 5.174744 8.624573
736 731 0.002762 0.130217 5.199341 8.665568
737 732 0.002013 0.135241 5.233643 8.722737
738 733 0.001891 0.067192 5.261353 8.768921
739 734 0.002238 0.082708 5.289307 8.815511
740 735 0.001544 0.060767 5.313049 8.855083
741 736 0.000000 0.090668 5.345398 8.908997
742 737 0.000000 0.089453 5.373718 8.956197
743 738 0.001544 0.106995 5.397278 8.995463
744 739 0.000977 0.098662 5.426453 9.044087
745 740 0.001092 0.108827 5.455750 9.092916
746 741 0.000977 0.065633 5.481567 9.135945
747 742 0.000691 0.064764 5.502563 9.170939
748 743 0.000977 0.068863 5.533447 9.222412
749 744 0.001465 0.061307 5.559631 9.266052
750 745 0.001761 0.061889 5.581360 9.302266
751 746 0.001292 0.060023 5.605164 9.341939
752 747 0.001196 0.054801 5.629700 9.382833
753 748 0.000691 0.040615 5.653625 9.422709
754 749 0.001092 0.055243 5.679688 9.466146
755 750 0.002013 0.052416 5.710449 9.517415
756 751 0.002342 0.046919 5.741272 9.568787
757 752 0.002290 0.038214 5.774719 9.624532
758 753 0.001544 0.030294 5.805603 9.676005
759 754 0.000846 0.026160 5.845764 9.742940
760 755 0.001196 0.031659 5.867859 9.779765
761 756 0.000846 0.032297 5.893921 9.823201
762 757 0.000977 0.084329 5.983215 9.972026
763 758 0.000977 0.039427 5.946899 9.911499
764 759 0.000846 0.041200 5.967102 9.945170
765 760 0.000000 0.047753 6.007690 10.012817
766 761 0.000000 0.051294 6.045715 10.076192
767 762 0.000691 0.062473 6.015991 10.026652
768 763 0.000488 0.046228 6.112793 10.187988
769 764 0.000977 0.044133 6.145447 10.242412
770 765 0.001381 0.036472 6.174927 10.291545
771 766 0.001691 0.043663 6.199280 10.332133
772 767 0.001292 0.045391 6.223999 10.373332
773 768 0.001196 0.039150 6.256104 10.426839
774 769 0.001196 0.041680 6.292419 10.487366
775 770 0.000488 0.043694 6.322876 10.538127
776 771 0.000000 0.043403 6.356689 10.594482
777 772 0.001196 0.066073 6.392944 10.654907
778 773 0.001544 0.063031 6.424255 10.707092
779 774 0.001465 0.072740 6.460144 10.766907
780 775 0.001465 0.059063 6.509888 10.849813
781 776 0.001092 0.059633 6.551514 10.919189
782 777 0.000846 0.052760 6.591614 10.986023
783 778 0.000977 0.043357 6.633972 11.056621
784 779 0.000691 0.055904 6.668762 11.114604
785 780 0.002392 0.046567 6.699097 11.165161
786 781 0.001381 0.048212 6.735168 11.225281
787 782 0.001092 0.061877 6.772522 11.287537
788 783 0.001092 0.055603 6.808228 11.347046
789 784 0.001092 0.053895 6.842041 11.403401
790 785 0.000691 0.068029 6.874390 11.457316
791 786 0.000977 0.074798 6.907410 11.512349
792 787 0.000977 0.043487 6.936768 11.561279
793 788 0.001827 0.048373 6.963745 11.606242
794 789 0.000488 0.058899 6.985779 11.642964
795 790 0.000488 0.038788 7.007141 11.678569
796 791 0.000977 0.037041 7.020447 11.700745
797 792 0.000488 0.035446 7.035034 11.725057
798 793 0.000846 0.042567 7.042603 11.737671
799 794 0.001953 0.034480 7.052246 11.753743
800 795 0.001381 0.030576 7.054382 11.757304
801 796 0.000691 0.034541 7.058472 11.764119
802 797 0.000691 0.033402 7.057007 11.761678
803 798 0.001381 0.035881 7.055725 11.759542
804 799 0.000000 0.064496 7.054688 11.757812
805 800 0.000000 0.078740 7.053650 11.756083
806 801 0.000977 0.062255 7.049194 11.748657
807 802 0.001196 0.055199 7.051208 11.752014
808 803 0.001196 0.070833 7.059326 11.765544
809 804 0.001092 0.038275 7.054504 11.757507
810 805 0.000000 0.047156 7.045166 11.741943
811 806 0.001092 0.042243 7.035828 11.726379
812 807 0.000691 0.035254 7.017273 11.695455
813 808 0.000977 0.054738 6.991333 11.652222
814 809 0.001381 0.048827 6.980225 11.633708
815 810 0.001544 0.050893 6.971008 11.618347
816 811 0.001092 0.051107 6.962097 11.603496
817 812 0.001196 0.044514 6.955200 11.592000
818 813 0.001092 0.039605 6.946838 11.578064
819 814 0.000691 0.027619 6.938110 11.563518
820 815 0.001381 0.025319 6.921570 11.535950
821 816 0.000488 0.024228 6.908325 11.513875
822 817 0.000691 0.019544 6.890442 11.484070
823 818 0.000691 0.030348 6.874817 11.458028
824 819 0.001381 0.021758 6.853943 11.423238
825 820 0.001092 0.027946 6.832703 11.387837
826 821 0.001544 0.025713 6.808716 11.347859
827 822 0.001196 0.014718 6.787659 11.312764
828 823 0.000846 0.018572 6.766479 11.277466
829 824 0.001544 0.020125 6.740051 11.233418
830 825 0.001619 0.028192 6.718079 11.196797
831 826 0.000977 0.026171 6.687927 11.146545
832 827 0.001691 0.065872 6.641174 11.068624
833 828 0.000488 0.036779 6.584595 10.974324
834 829 0.001292 0.033162 6.515442 10.859070
835 830 0.000691 0.037021 6.429443 10.715739
836 831 0.001761 0.042982 6.334167 10.556946
837 832 0.001827 0.045902 6.238708 10.397847
838 833 0.001465 0.042420 6.141785 10.236308
839 834 0.000000 0.064908 6.039185 10.065308
840 835 0.000846 0.071135 5.939148 9.898580
841 836 0.001092 0.088151 5.835693 9.726155
842 837 0.001196 0.076829 5.732605 9.554341
843 838 0.000977 0.081505 5.626160 9.376933
844 839 0.001381 0.059819 5.527710 9.212850
845 840 0.000846 0.038580 5.442566 9.070943
846 841 0.000977 0.029200 5.369873 8.949788
847 842 0.002762 0.044676 5.306335 8.843892
848 843 0.001691 0.039998 5.254211 8.757019
849 844 0.001827 0.042908 5.204651 8.674418
850 845 0.002128 0.042474 5.156189 8.593648
851 846 0.002184 0.035079 5.112671 8.521118
852 847 0.001292 0.029398 5.083862 8.473104
853 848 0.001292 0.041466 5.060364 8.433940
854 849 0.001381 0.052289 5.054810 8.424683
855 850 0.001292 0.053060 5.050598 8.417664
856 851 0.002392 0.052658 5.056396 8.427327
857 852 0.001092 0.038341 5.058533 8.430888
858 853 0.000977 0.057336 5.050598 8.417664
859 854 0.000846 0.059566 5.037354 8.395589
860 855 0.001092 0.065190 5.031433 8.385722
861 856 0.000000 0.048396 5.023438 8.372396
862 857 0.001381 0.042926 5.022339 8.370564
863 858 0.000977 0.053827 5.023438 8.372396
864 859 0.001544 0.051717 5.034485 8.390808
865 860 0.001465 0.024128 5.053467 8.422444
866 861 0.001196 0.058249 5.067261 8.445435
867 862 0.001092 0.096258 5.089661 8.482768
868 863 0.001196 0.061307 5.129150 8.548584
869 864 0.001292 0.032493 5.156189 8.593648
870 865 0.001196 0.063283 5.189880 8.649800
871 866 0.001691 0.045381 5.232239 8.720398
872 867 0.001196 0.039422 5.245361 8.742269
873 868 0.000846 0.036829 5.268921 8.781535
874 869 0.003088 0.042494 5.286926 8.811543
875 870 0.000977 0.021021 5.307800 8.846334
876 871 0.001196 0.016694 5.329102 8.881836
877 872 0.002290 0.042035 5.364075 8.940125
878 873 0.002629 0.045985 5.397949 8.996582
879 874 0.001381 0.064042 5.444702 9.074504
880 875 0.001827 0.060043 5.458252 9.097087
881 876 0.000000 0.058338 5.483398 9.138997
882 877 0.001292 0.046603 5.506348 9.177246
883 878 0.001465 0.059652 5.531006 9.218343
884 879 0.000977 0.053660 5.558289 9.263814
885 880 0.001891 0.053087 5.586426 9.310710
886 881 0.001544 0.050993 5.620728 9.367879
887 882 0.001691 0.079794 5.654297 9.423828
888 883 0.002072 0.067181 5.662231 9.437053
889 884 0.002184 0.038651 5.676941 9.461568
890 885 0.001761 0.041747 5.696594 9.494324
891 886 0.002072 0.036111 5.712708 9.521179
892 887 0.002392 0.029802 5.731934 9.553223
893 888 0.000000 0.051143 5.754028 9.590047
894 889 0.001544 0.019351 5.774414 9.624023
895 890 0.000977 0.024165 5.799744 9.666240
896 891 0.000691 0.018116 5.814087 9.690145
897 892 0.000000 0.029697 5.831177 9.718628
898 893 0.001381 0.032712 5.857117 9.761861
899 894 0.000488 0.053225 5.875366 9.792277
900 895 0.000846 0.065173 5.886719 9.811198
901 896 0.000691 0.067488 5.889221 9.815369
902 897 0.000846 0.074517 5.884216 9.807027
903 898 0.001092 0.074752 5.875244 9.792073
904 899 0.001891 0.041923 5.859009 9.765015
905 900 0.001092 0.042240 5.847168 9.745280
906 901 0.001827 0.049872 5.834167 9.723613
907 902 0.000000 0.079846 5.818970 9.698283
908 903 0.000977 0.077824 5.797852 9.663086
909 904 0.001292 0.058853 5.764160 9.606934
910 905 0.000488 0.055725 5.725952 9.543254
911 906 0.000691 0.068219 5.676514 9.460856
912 907 0.000691 0.050332 5.625427 9.375712
913 908 0.000488 0.060469 5.554993 9.258321
914 909 0.001381 0.064014 5.480103 9.133504
915 910 0.000977 0.051088 5.401794 9.002991
916 911 0.000846 0.047839 5.312927 8.854878
917 912 0.000846 0.058139 5.222046 8.703410
918 913 0.000691 0.046605 5.136108 8.560181
919 914 0.000691 0.037735 5.044556 8.407593
920 915 0.000000 0.050758 4.956604 8.261006
921 916 0.000846 0.046156 4.869507 8.115845
922 917 0.000691 0.032734 4.767761 7.946269
923 918 0.001381 0.036423 4.663330 7.772217
924 919 0.000977 0.047479 4.545959 7.576599
925 920 0.001092 0.068645 4.431274 7.385458
926 921 0.001691 0.070664 4.311584 7.185974
927 922 0.001465 0.052767 4.217346 7.028910
928 923 0.001953 0.048811 4.138489 6.897481
929 924 0.001292 0.065916 4.063782 6.772970
930 925 0.001691 0.046940 4.006287 6.677145
931 926 0.002537 0.060795 3.936523 6.560873
932 927 0.002441 0.083261 3.874390 6.457316
933 928 0.001619 0.065559 3.822205 6.370341
934 929 0.002072 0.060846 3.763611 6.272685
935 930 0.001196 0.046420 3.731384 6.218974
936 931 0.002490 0.063535 3.700623 6.167704
937 932 0.002762 0.050160 3.705200 6.175333
938 933 0.003453 0.060957 3.707153 6.178589
939 934 0.002762 0.063286 3.716797 6.194662
940 935 0.002490 0.074704 3.708252 6.180420
941 936 0.000691 0.073391 3.705627 6.176046
942 937 0.001292 0.083708 3.678833 6.131388
943 938 0.000846 0.099732 3.645508 6.075846
944 939 0.002290 0.125816 3.632019 6.053365
945 940 0.000488 0.115136 3.619141 6.031901
946 941 0.002013 0.101126 3.625671 6.042786
947 942 0.000846 0.132384 3.623718 6.039530
948 943 0.001092 0.135316 3.629517 6.049194
949 944 0.002290 0.106106 3.644958 6.074931
950 945 0.003010 0.119100 3.645691 6.076151
951 946 0.001465 0.119740 3.663208 6.105347
952 947 0.001953 0.114091 3.672485 6.120809
953 948 0.001761 0.124168 3.683167 6.138611
954 949 0.001381 0.106004 3.703735 6.172892
955 950 0.001381 0.148546 3.719604 6.199341
956 951 0.001691 0.135967 3.734009 6.223348
957 952 0.002719 0.144269 3.745239 6.242065
958 953 0.002392 0.135740 3.754578 6.257629
959 954 0.002762 0.137016 3.752014 6.253357
960 955 0.001381 0.076490 3.752258 6.253764
961 956 0.001292 0.069934 3.753052 6.255086
962 957 0.000000 0.076954 3.759033 6.265055
963 958 0.001827 0.062002 3.760681 6.267802
964 959 0.002013 0.083860 3.769897 6.283163
965 960 0.001891 0.080081 3.764526 6.274210
966 961 0.002072 0.074328 3.748047 6.246745
967 962 0.002392 0.090936 3.736450 6.227417
968 963 0.003845 0.108175 3.704712 6.174520
969 964 0.002290 0.111530 3.679626 6.132711
970 965 0.002013 0.131970 3.635925 6.059875
971 966 0.002184 0.128179 3.590393 5.983988
972 967 0.002072 0.126291 3.542175 5.903625
973 968 0.002072 0.099303 3.503174 5.838623
974 969 0.001196 0.077536 3.458618 5.764364
975 970 0.000691 0.095555 3.455505 5.759176
976 971 0.001292 0.101377 3.455688 5.759481
977 972 0.001196 0.088791 3.460632 5.767721
978 973 0.001891 0.113096 3.470337 5.783895
979 974 0.002072 0.125777 3.474731 5.791219
980 975 0.001292 0.107046 3.487183 5.811971
981 976 0.001619 0.103904 3.492493 5.820821
982 977 0.002184 0.125591 3.482666 5.804443
983 978 0.001891 0.101274 3.502869 5.838114
984 979 0.001544 0.087531 3.503052 5.838419
985 980 0.002441 0.074870 3.522034 5.870056
986 981 0.003088 0.081239 3.533386 5.888977
987 982 0.001619 0.055101 3.546387 5.910645
988 983 0.001381 0.054477 3.564880 5.941467
989 984 0.002013 0.060787 3.585022 5.975037
990 985 0.001196 0.071126 3.578979 5.964966
991 986 0.001381 0.038274 3.626160 6.043600
992 987 0.001196 0.059627 3.657837 6.096395
993 988 0.001196 0.049466 3.687561 6.145935
994 989 0.000846 0.056260 3.728882 6.214803
995 990 0.001196 0.055230 3.768188 6.280314
996 991 0.002238 0.096225 3.794067 6.323446
997 992 0.001196 0.082412 3.840454 6.400757
998 993 0.001196 0.092534 3.872803 6.454671
999 994 0.002013 0.082480 3.927002 6.545003
1000 995 0.001196 0.092982 3.977173 6.628622
1001 996 0.000977 0.079747 4.024536 6.707560
1002 997 0.001381 0.077659 4.079102 6.798502
1003 998 0.001827 0.075497 4.131104 6.885172
1004 999 0.001292 0.080921 4.182373 6.970622
1005 1000 0.001196 0.055514 4.234863 7.058105
1006 1001 0.001196 0.053443 4.277100 7.128500
1007 1002 0.000000 0.054744 4.329834 7.216390
1008 1003 0.001196 0.057972 4.382202 7.303670
1009 1004 0.000691 0.043844 4.431396 7.385661
1010 1005 0.000488 0.038454 4.480957 7.468262
1011 1006 0.000691 0.031978 4.533691 7.556152
1012 1007 0.000691 0.050122 4.578247 7.630412
1013 1008 0.000691 0.038386 4.624146 7.706909
1014 1009 0.001292 0.043374 4.674194 7.790324
1015 1010 0.000846 0.044026 4.717896 7.863159
1016 1011 0.001196 0.052705 4.766846 7.944743
1017 1012 0.001381 0.063755 4.811523 8.019206
1018 1013 0.000691 0.041711 4.852661 8.087769
1019 1014 0.000977 0.037872 4.890137 8.150228
1020 1015 0.000488 0.037189 4.934204 8.223674
1021 1016 0.000691 0.029277 4.965454 8.275757
1022 1017 0.001196 0.032639 4.991943 8.319905
1023 1018 0.000977 0.050975 5.014771 8.357951
1024 1019 0.001691 0.042807 5.033447 8.389079
1025 1020 0.002537 0.037138 5.044189 8.406982
1026 1021 0.002013 0.038889 5.055908 8.426514
1027 1022 0.000977 0.026676 5.071655 8.452759
1028 1023 0.001691 0.029292 5.085938 8.476562
1029 1024 0.000691 0.036178 5.089966 8.483276
1030 1025 0.003453 0.034133 5.094604 8.491008
1031 1026 0.002762 0.026311 5.099731 8.499553
1032 1027 0.001827 0.033766 5.097900 8.496501
1033 1028 0.001196 0.026082 5.095459 8.492432
1034 1029 0.001092 0.025244 5.097778 8.496297
1035 1030 0.001544 0.037085 5.096069 8.493449
1036 1031 0.001381 0.047321 5.095337 8.492229
1037 1032 0.000488 0.048002 5.090576 8.484294
1038 1033 0.000691 0.034767 5.090942 8.484904
1039 1034 0.000000 0.051664 5.088135 8.480225
1040 1035 0.000000 0.064134 5.087646 8.479411
1041 1036 0.000691 0.074572 5.089844 8.483073
1042 1037 0.001891 0.090514 5.084839 8.474731
1043 1038 0.000488 0.081741 5.070923 8.451538
1044 1039 0.001381 0.074966 5.062744 8.437907
1045 1040 0.000691 0.067820 5.054443 8.424072
1046 1041 0.001544 0.054674 5.039673 8.399455
1047 1042 0.001619 0.064168 5.039795 8.399658
1048 1043 0.001196 0.062082 5.040405 8.400676
1049 1044 0.001465 0.067004 5.033936 8.389893
1050 1045 0.000977 0.063822 5.035767 8.392944
1051 1046 0.001196 0.054411 5.032104 8.386841
1052 1047 0.000977 0.046925 5.030518 8.384196
1053 1048 0.001691 0.040723 5.026855 8.378093
1054 1049 0.001619 0.042786 5.024902 8.374837
1055 1050 0.001381 0.050248 5.021606 8.369344
1056 1051 0.001196 0.039125 5.019531 8.365886
1057 1052 0.000691 0.040298 5.017090 8.361816
1058 1053 0.000488 0.019046 5.018921 8.364868
1059 1054 0.001092 0.017490 5.031860 8.386434
1060 1055 0.001092 0.013977 5.022095 8.370158
1061 1056 0.000488 0.012371 5.021729 8.369548
1062 1057 0.000846 0.025634 5.015381 8.358968
1063 1058 0.001092 0.037217 5.012695 8.354492
1064 1059 0.000846 0.035201 5.001221 8.335368
1065 1060 0.000846 0.041034 5.011719 8.352864
1066 1061 0.000488 0.046536 5.018921 8.364868
1067 1062 0.000691 0.047953 5.022583 8.370972
1068 1063 0.000000 0.034370 5.021606 8.369344
1069 1064 0.000691 0.022135 5.021729 8.369548
1070 1065 0.000977 0.025853 5.017212 8.362020
1071 1066 0.001292 0.022019 5.007935 8.346558
1072 1067 0.000488 0.035659 4.998413 8.330688
1073 1068 0.001196 0.036630 4.989136 8.315227
1074 1069 0.000846 0.030272 4.977051 8.295085
1075 1070 0.000000 0.050555 4.961548 8.269246
1076 1071 0.000846 0.059930 4.948120 8.246867
1077 1072 0.001691 0.049855 4.935791 8.226318
1078 1073 0.000000 0.043706 4.918213 8.197021
1079 1074 0.001092 0.055017 4.906982 8.178304
1080 1075 0.000846 0.033537 4.895020 8.158366
1081 1076 0.000977 0.033163 4.878662 8.131104
1082 1077 0.000691 0.031614 4.875000 8.125000
1083 1078 0.000488 0.041008 4.831177 8.051961
1084 1079 0.000691 0.057136 4.796143 7.993571
1085 1080 0.000977 0.072530 4.752075 7.920125
1086 1081 0.000846 0.073464 4.704102 7.840169
1087 1082 0.001196 0.083749 4.629761 7.716268
1088 1083 0.001761 0.077779 4.582153 7.636922
1089 1084 0.001465 0.058032 4.502930 7.504883
1090 1085 0.001953 0.039599 4.406250 7.343750
1091 1086 0.001381 0.039292 4.293335 7.155558
1092 1087 0.001619 0.042501 4.181030 6.968384
1093 1088 0.000691 0.047678 4.060303 6.767171
1094 1089 0.000977 0.059300 3.935181 6.558634
1095 1090 0.000977 0.057032 3.819214 6.365356
1096 1091 0.000977 0.055420 3.711792 6.186320
1097 1092 0.001196 0.066644 3.614868 6.024780
1098 1093 0.001891 0.059536 3.548828 5.914713
1099 1094 0.001381 0.085931 3.503906 5.839844
1100 1095 0.001092 0.103333 3.469727 5.782877
1101 1096 0.001092 0.130557 3.442871 5.738119
1102 1097 0.001292 0.136856 3.418335 5.697225
1103 1098 0.002238 0.151920 3.383789 5.639648
1104 1099 0.003239 0.147561 3.345337 5.575562
1105 1100 0.002342 0.147204 3.327393 5.545654
1106 1101 0.002184 0.107653 3.293945 5.489909
1107 1102 0.003239 0.119830 3.278564 5.464274
1108 1103 0.002930 0.100009 3.242065 5.403442
1109 1104 0.002889 0.110838 3.244141 5.406901
1110 1105 0.002490 0.094123 3.201660 5.336100
1111 1106 0.002889 0.086526 3.178589 5.297648
1112 1107 0.002847 0.120116 3.181152 5.301920
1113 1108 0.003202 0.116831 3.173096 5.288493
1114 1109 0.002490 0.114474 3.181274 5.302124
1115 1110 0.002930 0.125020 3.190918 5.318197
1116 1111 0.003202 0.157676 3.214600 5.357666
1117 1112 0.002584 0.132433 3.241333 5.402222
1118 1113 0.001196 0.135097 3.269409 5.449015
1119 1114 0.001827 0.136465 3.296509 5.494181
1120 1115 0.001619 0.162383 3.322876 5.538126
1121 1116 0.001196 0.138739 3.339722 5.566203
1122 1117 0.000977 0.123336 3.357300 5.595500
1123 1118 0.001544 0.106750 3.382690 5.637817
1124 1119 0.001465 0.101776 3.396240 5.660400
1125 1120 0.001381 0.076874 3.432251 5.720418
1126 1121 0.001953 0.078997 3.482910 5.804850
1127 1122 0.001827 0.072992 3.519775 5.866292
1128 1123 0.001761 0.088896 3.584717 5.974528
1129 1124 0.001196 0.077560 3.632935 6.054891
1130 1125 0.001544 0.062142 3.707031 6.178385
1131 1126 0.001691 0.062865 3.776489 6.294149
1132 1127 0.000846 0.064772 3.843872 6.406454
1133 1128 0.001544 0.049335 3.914551 6.524251
1134 1129 0.001891 0.048007 3.989014 6.648356
1135 1130 0.001465 0.056903 4.062622 6.771037
1136 1131 0.001196 0.062971 4.146484 6.910807
1137 1132 0.001953 0.053389 4.217041 7.028402
1138 1133 0.001465 0.058608 4.302856 7.171427
1139 1134 0.001544 0.061814 4.383423 7.305705
1140 1135 0.001092 0.064089 4.462280 7.437134
1141 1136 0.000977 0.074553 4.537354 7.562256
1142 1137 0.000977 0.084321 4.601929 7.669881
1143 1138 0.001292 0.087204 4.667603 7.779337
1144 1139 0.000846 0.100953 4.727783 7.879639
1145 1140 0.000977 0.078793 4.782349 7.970581
1146 1141 0.000846 0.085092 4.838623 8.064372
1147 1142 0.000691 0.073263 4.895630 8.159383
1148 1143 0.000000 0.069748 4.943481 8.239136
1149 1144 0.000977 0.055791 4.991943 8.319905
1150 1145 0.000846 0.060991 5.044189 8.406982
1151 1146 0.000846 0.049222 5.084106 8.473511
1152 1147 0.000488 0.049343 5.127563 8.545939
1153 1148 0.001761 0.035190 5.161255 8.602092
1154 1149 0.001381 0.030698 5.194336 8.657227
1155 1150 0.000977 0.028505 5.214111 8.690186
1156 1151 0.000977 0.031364 5.234985 8.724976
1157 1152 0.000846 0.036913 5.248657 8.747762
1158 1153 0.000691 0.039365 5.270142 8.783569
1159 1154 0.000691 0.048626 5.278320 8.797200
1160 1155 0.000000 0.040263 5.289917 8.816528
1161 1156 0.001092 0.040961 5.303589 8.839314
1162 1157 0.000691 0.046479 5.317993 8.863322
1163 1158 0.001465 0.053781 5.325073 8.875122
1164 1159 0.001691 0.026074 5.328857 8.881429
1165 1160 0.000977 0.020120 5.341675 8.902791
1166 1161 0.000977 0.019070 5.333618 8.889363
1167 1162 0.000846 0.033025 5.332031 8.886719
1168 1163 0.001544 0.039888 5.336304 8.893840
1169 1164 0.000691 0.040370 5.340698 8.901164
1170 1165 0.001092 0.045694 5.339600 8.899333
1171 1166 0.001761 0.038039 5.348511 8.914185
1172 1167 0.001827 0.058413 5.344238 8.907063
1173 1168 0.002184 0.065753 5.346313 8.910522
1174 1169 0.001092 0.067228 5.352783 8.921306
1175 1170 0.001381 0.079885 5.359863 8.933105
1176 1171 0.001827 0.079840 5.378784 8.964641
1177 1172 0.002013 0.074745 5.400757 9.001262
1178 1173 0.001761 0.069854 5.421265 9.035441
1179 1174 0.001196 0.044033 5.444580 9.074300
1180 1175 0.001196 0.034025 5.474365 9.123942
1181 1176 0.001381 0.023071 5.498901 9.164836
1182 1177 0.000488 0.024507 5.528320 9.213867
1183 1178 0.001761 0.040859 5.551514 9.252522
1184 1179 0.001196 0.020112 5.574829 9.291382
1185 1180 0.001292 0.022242 5.590698 9.317830
1186 1181 0.001196 0.031260 5.610962 9.351604
1187 1182 0.000977 0.031685 5.632080 9.386800
1188 1183 0.000691 0.029010 5.655151 9.425252
1189 1184 0.000977 0.038307 5.680420 9.467366
1190 1185 0.002392 0.034242 5.715698 9.526164
1191 1186 0.001691 0.044789 5.740845 9.568074
1192 1187 0.000000 0.042631 5.768066 9.613444
1193 1188 0.000691 0.045168 5.794678 9.657796
1194 1189 0.000488 0.048085 5.827026 9.711711
1195 1190 0.000846 0.051175 5.853760 9.756267
1196 1191 0.000977 0.063576 5.891235 9.818726
1197 1192 0.000691 0.061627 5.929199 9.881999
1198 1193 0.000977 0.071160 5.961060 9.935100
1199 1194 0.000691 0.076199 5.993652 9.989421
1200 1195 0.000691 0.084842 6.024170 10.040283
1201 1196 0.001381 0.077211 6.056519 10.094197
1202 1197 0.001292 0.089040 6.082764 10.137939
1203 1198 0.001381 0.079702 6.117676 10.196126
1204 1199 0.000977 0.085332 6.152100 10.253499
1205 1200 0.000691 0.069788 6.190918 10.318196
1206 1201 0.001196 0.072066 6.220459 10.367432
1207 1202 0.001292 0.061396 6.250732 10.417888
1208 1203 0.000000 0.067739 6.277222 10.462036
1209 1204 0.002392 0.058714 6.300903 10.501506
1210 1205 0.001381 0.056648 6.318481 10.530803
1211 1206 0.001196 0.043587 6.343018 10.571696
1212 1207 0.001092 0.049993 6.371338 10.618896
1213 1208 0.001761 0.057187 6.392700 10.654500
1214 1209 0.001891 0.055079 6.412109 10.686849
1215 1210 0.001381 0.049804 6.437500 10.729167
1216 1211 0.000846 0.068682 6.462402 10.770671
1217 1212 0.001381 0.039482 6.479736 10.799561
1218 1213 0.001827 0.039935 6.501953 10.836589
1219 1214 0.000977 0.028491 6.507935 10.846558
1220 1215 0.001196 0.037121 6.509155 10.848592
1221 1216 0.002128 0.043344 6.507080 10.845134
1222 1217 0.002128 0.038402 6.513672 10.856120
1223 1218 0.003588 0.045218 6.528687 10.881145
1224 1219 0.000846 0.029887 6.556274 10.927124
1225 1220 0.001196 0.022876 6.584961 10.974935
1226 1221 0.000488 0.039303 6.612549 11.020915
1227 1222 0.000000 0.039232 6.630737 11.051229
1228 1223 0.001092 0.033108 6.643066 11.071777
1229 1224 0.000691 0.037029 6.666382 11.110637
1230 1225 0.000000 0.039412 6.687134 11.145223
1231 1226 0.001381 0.032594 6.712769 11.187947
1232 1227 0.000977 0.097527 6.745728 11.242879
1233 1228 0.002490 0.112598 6.778687 11.297811
1234 1229 0.000846 0.107126 6.796265 11.327107
1235 1230 0.001381 0.117280 6.813721 11.356201
1236 1231 0.001691 0.117026 6.825806 11.376343
1237 1232 0.001196 0.083612 6.830688 11.384480
1238 1233 0.002629 0.053483 6.840332 11.400554
1239 1234 0.001381 0.036508 6.851685 11.419475
1240 1235 0.000977 0.026834 6.865234 11.442058
1241 1236 0.001092 0.037032 6.876221 11.460368
1242 1237 0.001196 0.038570 6.891602 11.486003
1243 1238 0.000691 0.051193 6.913818 11.523030
1244 1239 0.000000 0.065215 6.935303 11.558838
1245 1240 0.001691 0.097083 6.957397 11.595662
1246 1241 0.001196 0.098420 6.985352 11.642253
1247 1242 0.001292 0.082810 7.022217 11.703694
1248 1243 0.000691 0.112414 7.049194 11.748657
1249 1244 0.000977 0.111309 7.088623 11.814372
1250 1245 0.000691 0.118034 7.120239 11.867065
1251 1246 0.001465 0.101457 7.151489 11.919148
1252 1247 0.000488 0.140930 7.178101 11.963501
1253 1248 0.001544 0.141316 7.199707 11.999512
1254 1249 0.000000 0.136279 7.208618 12.014363
1255 1250 0.001465 0.131055 7.228760 12.047933
1256 1251 0.001953 0.176527 7.247681 12.079468
1257 1252 0.002184 0.181286 7.265015 12.108357
1258 1253 0.000691 0.210924 7.292847 12.154744
1259 1254 0.000977 0.218657 7.318481 12.197469
1260 1255 0.002762 0.238200 7.344238 12.240397
1261 1256 0.001827 0.217727 7.351318 12.252197
1262 1257 0.000000 0.206562 7.364868 12.274780
1263 1258 0.001761 0.178609 7.364868 12.274780
1264 1259 0.001619 0.164059 7.372803 12.288005
1265 1260 0.000000 0.138167 7.371460 12.285767
1266 1261 0.000000 0.127301 7.377441 12.295735
1267 1262 0.001381 0.136526 7.379761 12.299602
1268 1263 0.001381 0.116539 7.378906 12.298177
1269 1264 0.000691 0.121185 7.380127 12.300212
1270 1265 0.000977 0.117733 7.379272 12.298787
1271 1266 0.000691 0.103538 7.381470 12.302449
1272 1267 0.001092 0.102880 7.386230 12.310384
1273 1268 0.000977 0.116495 7.386841 12.311401
1274 1269 0.000000 0.109159 7.374512 12.290853
1275 1270 0.001196 0.105323 7.366577 12.277629
1276 1271 0.000691 0.118891 7.360352 12.267253
1277 1272 0.001691 0.086583 7.348633 12.247722
1278 1273 0.001465 0.074395 7.344849 12.241414
1279 1274 0.000977 0.065926 7.339722 12.232869
1280 1275 0.001953 0.069902 7.333862 12.223104
1281 1276 0.001196 0.058755 7.332642 12.221069
1282 1277 0.000488 0.077608 7.328979 12.214966
1283 1278 0.000846 0.073157 7.328735 12.214559
1284 1279 0.000691 0.093873 7.333374 12.222290
1285 1280 0.000488 0.083803 7.337158 12.228597
1286 1281 0.000488 0.086920 7.336182 12.226970
1287 1282 0.001619 0.062129 7.329346 12.215576
1288 1283 0.000691 0.057760 7.315918 12.193196
1289 1284 0.002342 0.049327 7.310669 12.184448
1290 1285 0.000691 0.031566 7.299316 12.165527
1291 1286 0.001691 0.038181 7.289917 12.149861
1292 1287 0.001381 0.023012 7.284668 12.141113
1293 1288 0.000691 0.039742 7.286865 12.144775
1294 1289 0.001891 0.063756 7.283691 12.139485
1295 1290 0.001092 0.064198 7.283325 12.138875
1296 1291 0.000691 0.069635 7.289917 12.149861
1297 1292 0.001196 0.076371 7.281860 12.136434
1298 1293 0.003312 0.080724 7.272827 12.121379
1299 1294 0.001292 0.077507 7.271362 12.118937
1300 1295 0.000000 0.074452 7.272705 12.121175
1301 1296 0.001292 0.083675 7.267578 12.112630
1302 1297 0.001953 0.089285 7.260498 12.100830
1303 1298 0.002072 0.081036 7.253174 12.088623
1304 1299 0.001381 0.079163 7.238525 12.064209
1305 1300 0.001196 0.080671 7.227783 12.046306
1306 1301 0.001092 0.076058 7.214233 12.023723
1307 1302 0.001292 0.067885 7.220337 12.033895
1308 1303 0.000691 0.074179 7.219971 12.033284
1309 1304 0.000691 0.066414 7.222168 12.036946
1310 1305 0.000488 0.089862 7.212036 12.020061
1311 1306 0.000000 0.084383 7.212524 12.020874
1312 1307 0.000691 0.081042 7.212891 12.021484
1313 1308 0.001827 0.061123 7.220947 12.034912
1314 1309 0.000000 0.045021 7.225342 12.042236
1315 1310 0.000691 0.037751 7.237427 12.062378
1316 1311 0.000977 0.042016 7.249146 12.081909
1317 1312 0.000000 0.034579 7.254517 12.090861
1318 1313 0.001465 0.033883 7.259277 12.098796
1319 1314 0.000691 0.040467 7.264648 12.107747
1320 1315 0.000977 0.038603 7.271729 12.119548
1321 1316 0.000691 0.034199 7.269409 12.115682
1322 1317 0.000488 0.025681 7.268311 12.113851
1323 1318 0.001092 0.031691 7.268311 12.113851
1324 1319 0.000691 0.029936 7.263184 12.105306
1325 1320 0.000000 0.036536 7.266602 12.111003
1326 1321 0.000000 0.029114 7.262939 12.104899
1327 1322 0.000488 0.042173 7.259521 12.099202
1328 1323 0.000846 0.026692 7.248657 12.081096
1329 1324 0.000691 0.030487 7.249146 12.081909
1330 1325 0.000691 0.034974 7.236938 12.061564
1331 1326 0.000977 0.037374 7.236694 12.061157
1332 1327 0.000977 0.031447 7.247925 12.079875
1333 1328 0.000691 0.019422 7.260010 12.100017
1334 1329 0.001381 0.041948 7.271484 12.119141
1335 1330 0.000691 0.038848 7.272461 12.120769
1336 1331 0.001092 0.087882 7.265259 12.108765
1337 1332 0.001092 0.080837 7.246338 12.077229
1338 1333 0.000691 0.085834 7.234131 12.056885
1339 1334 0.000691 0.110711 7.213623 12.022705
1340 1335 0.001092 0.121248 7.202026 12.003377
1341 1336 0.000000 0.135814 7.190674 11.984456
1342 1337 0.000846 0.122817 7.183594 11.972656
1343 1338 0.000977 0.122124 7.167114 11.945190
1344 1339 0.001465 0.110096 7.161621 11.936035
1345 1340 0.001891 0.087323 7.154541 11.924235
1346 1341 0.000977 0.067764 7.149536 11.915894
1347 1342 0.000488 0.047008 7.145020 11.908366
1348 1343 0.000846 0.030208 7.147827 11.913045
1349 1344 0.000977 0.043777 7.142456 11.904094
1350 1345 0.001092 0.046136 7.137451 11.895752
1351 1346 0.000977 0.063870 7.140991 11.901652
1352 1347 0.000691 0.076807 7.147583 11.912639
1353 1348 0.001196 0.064942 7.147949 11.913249
1354 1349 0.001196 0.067870 7.151611 11.919353
1355 1350 0.002441 0.085887 7.155762 11.926270
1356 1351 0.003521 0.090071 7.151245 11.918742
1357 1352 0.002184 0.071430 7.135742 11.892903
1358 1353 0.002290 0.054706 7.123657 11.872762
1359 1354 0.002290 0.038454 7.107544 11.845906
1360 1355 0.002072 0.018749 7.102417 11.837361
1361 1356 0.002490 0.034031 7.097046 11.828410
1362 1357 0.000000 0.028848 7.095703 11.826172
1363 1358 0.002290 0.013031 7.102783 11.837972
1364 1359 0.000691 0.015377 7.113770 11.856282
1365 1360 0.001891 0.019464 7.123169 11.871948
1366 1361 0.001196 0.040658 7.137085 11.895142
1367 1362 0.000488 0.050372 7.150146 11.916911
1368 1363 0.001544 0.064316 7.153809 11.923015
1369 1364 0.001953 0.066393 7.159546 11.932576
1370 1365 0.002184 0.069471 7.165649 11.942749
1371 1366 0.001196 0.071199 7.166260 11.943767
1372 1367 0.000691 0.077736 7.167847 11.946411
1373 1368 0.001196 0.078670 7.176025 11.960042
1374 1369 0.001953 0.072824 7.170654 11.951091
1375 1370 0.001196 0.076325 7.168945 11.948242
1376 1371 0.001827 0.072430 7.172974 11.954956
1377 1372 0.001544 0.071374 7.178955 11.964925
1378 1373 0.001891 0.072455 7.188599 11.980998
1379 1374 0.001196 0.050042 7.205811 12.009685
1380 1375 0.000977 0.042343 7.213623 12.022705
1381 1376 0.000488 0.036450 7.226807 12.044678
1382 1377 0.000488 0.030176 7.244507 12.074178
1383 1378 0.001761 0.034705 7.258545 12.097575
1384 1379 0.000846 0.060063 7.270020 12.116699
1385 1380 0.001196 0.059291 7.286865 12.144775
1386 1381 0.001544 0.090610 7.293457 12.155762
1387 1382 0.001092 0.089935 7.302490 12.170817
1388 1383 0.002128 0.101800 7.308716 12.181193
1389 1384 0.001196 0.093350 7.314453 12.190755
1390 1385 0.000691 0.075174 7.311890 12.186482
1391 1386 0.000977 0.050071 7.315918 12.193196
1392 1387 0.000488 0.047118 7.318970 12.198283
1393 1388 0.000691 0.040308 7.320435 12.200725
1394 1389 0.001292 0.047899 7.330566 12.217610
1395 1390 0.000691 0.051942 7.343506 12.239177
1396 1391 0.000488 0.043080 7.349976 12.249959
1397 1392 0.000488 0.043822 7.355835 12.259725
1398 1393 0.000000 0.037762 7.361572 12.269287
1399 1394 0.001196 0.021260 7.366333 12.277222
1400 1395 0.000846 0.026373 7.373047 12.288411
1401 1396 0.000000 0.021083 7.381348 12.302246
1402 1397 0.000691 0.029399 7.388794 12.314656
1403 1398 0.001381 0.023161 7.405273 12.342122
1404 1399 0.000691 0.033642 7.420654 12.367757
1405 1400 0.000691 0.048814 7.439575 12.399292
1406 1401 0.000691 0.067979 7.469727 12.449544
1407 1402 0.000691 0.073100 7.486206 12.477010
1408 1403 0.001196 0.064730 7.489624 12.482707
1409 1404 0.001196 0.053048 7.492188 12.486979
1410 1405 0.001196 0.047016 7.499023 12.498372
1411 1406 0.000846 0.071413 7.507812 12.513021
1412 1407 0.000977 0.059042 7.516113 12.526855
1413 1408 0.001465 0.058537 7.511963 12.519938
1414 1409 0.001292 0.058022 7.499390 12.498982
1415 1410 0.001465 0.041824 7.487915 12.479858
1416 1411 0.001092 0.023596 7.473755 12.456258
1417 1412 0.000488 0.025498 7.461792 12.436320
1418 1413 0.001092 0.023200 7.466309 12.443848
1419 1414 0.000691 0.011325 7.473877 12.456462
1420 1415 0.001196 0.004216 7.481934 12.469890
1421 1416 0.000488 0.022660 7.488770 12.481282
1422 1417 0.000691 0.050157 7.502686 12.504476
1423 1418 0.000000 0.071162 7.508911 12.514852
1424 1419 0.000000 0.077129 7.516846 12.528076
1425 1420 0.000846 0.078136 7.505005 12.508342
1426 1421 0.001196 0.060945 7.487305 12.478841
1427 1422 0.001196 0.056428 7.469971 12.449951
1428 1423 0.000977 0.056373 7.463867 12.439778
1429 1424 0.000691 0.053867 7.458374 12.430623
1430 1425 0.001092 0.074099 7.455566 12.425944
1431 1426 0.000691 0.095934 7.458984 12.431641
1432 1427 0.001196 0.085888 7.453979 12.423299
1433 1428 0.000691 0.085445 7.446289 12.410481
1434 1429 0.000691 0.092384 7.440796 12.401326
1435 1430 0.000691 0.078984 7.440796 12.401326
1436 1431 0.000488 0.057704 7.433350 12.388916
1437 1432 0.000846 0.064931 7.434204 12.390340
1438 1433 0.001196 0.051745 7.432251 12.387085
1439 1434 0.001196 0.039111 7.424561 12.374268
1440 1435 0.000488 0.038999 7.421387 12.368978
1441 1436 0.000691 0.042202 7.423706 12.372844
1442 1437 0.000977 0.021198 7.421265 12.368774
1443 1438 0.001544 0.023188 7.417480 12.362468
1444 1439 0.002128 0.055950 7.434692 12.391154
1445 1440 0.000488 0.039303 7.444458 12.407430
1446 1441 0.000691 0.061136 7.455566 12.425944
1447 1442 0.000977 0.072765 7.460938 12.434896
1448 1443 0.000691 0.125475 7.488281 12.480469
1449 1444 0.002392 0.119419 7.486206 12.477010
1450 1445 0.001196 0.184760 7.500244 12.500407
1451 1446 0.000846 0.176980 7.495483 12.492473
1452 1447 0.001092 0.204139 7.500977 12.501628
1453 1448 0.001381 0.189991 7.482788 12.471313
1454 1449 0.001381 0.175561 7.474365 12.457275
1455 1450 0.001196 0.130529 7.453979 12.423299
1456 1451 0.000488 0.119785 7.454712 12.424520
1457 1452 0.001381 0.109637 7.457886 12.429810
1458 1453 0.000977 0.074003 7.458496 12.430827
1459 1454 0.000000 0.105368 7.462891 12.438151
1460 1455 0.000691 0.114198 7.459839 12.433064
1461 1456 0.000691 0.104583 7.443359 12.405599
1462 1457 0.001196 0.079024 7.421143 12.368571
1463 1458 0.001891 0.110343 7.408691 12.347819
1464 1459 0.000691 0.110578 7.383911 12.306519
1465 1460 0.000691 0.089707 7.365601 12.276001
1466 1461 0.000691 0.102547 7.350830 12.251384
1467 1462 0.001465 0.133670 7.344238 12.240397
1468 1463 0.000977 0.147823 7.350586 12.250977
1469 1464 0.000691 0.145388 7.353638 12.256063
1470 1465 0.001092 0.186839 7.347900 12.246501
1471 1466 0.002072 0.199096 7.317871 12.196452
1472 1467 0.000977 0.181302 7.270996 12.118327
1473 1468 0.001691 0.156331 7.201416 12.002360
1474 1469 0.001292 0.128473 7.135742 11.892903
1475 1470 0.000000 0.092725 7.059204 11.765340
1476 1471 0.001292 0.054672 6.986694 11.644490
1477 1472 0.001292 0.038172 6.912109 11.520183
1478 1473 0.001544 0.039795 6.829590 11.382649
1479 1474 0.001092 0.029794 6.742432 11.237386
1480 1475 0.001381 0.030941 6.650146 11.083577
1481 1476 0.000691 0.025708 6.564697 10.941162
1482 1477 0.000977 0.002984 6.486084 10.810140
1483 1478 0.000691 0.033269 6.384033 10.640056
1484 1479 0.000846 0.035839 6.280640 10.467732
1485 1480 0.000846 0.046844 6.194458 10.324097
1486 1481 0.001196 0.032707 6.099365 10.165608
1487 1482 0.001381 0.038516 5.975952 9.959920
1488 1483 0.000977 0.020556 5.849731 9.749553
1489 1484 0.000488 0.027774 5.715088 9.525146
1490 1485 0.000846 0.039969 5.562622 9.271037
1491 1486 0.000000 0.066665 5.405029 9.008382
1492 1487 0.000977 0.087525 5.240723 8.734538
1493 1488 0.001092 0.109080 5.083374 8.472290
1494 1489 0.000977 0.110107 4.913818 8.189697
1495 1490 0.000977 0.091790 4.745483 7.909139
1496 1491 0.001196 0.071364 4.568359 7.613932
1497 1492 0.000846 0.054819 4.402588 7.337646
1498 1493 0.000977 0.036156 4.245117 7.075195
1499 1494 0.001092 0.025360 4.097046 6.828410
1500 1495 0.001292 0.033912 3.947754 6.579590
1501 1496 0.001691 0.036113 3.808838 6.348063
1502 1497 0.002441 0.047276 3.668701 6.114502
1503 1498 0.002013 0.043151 3.527710 5.879517
1504 1499 0.002072 0.050600 3.388062 5.646769
1505 1500 0.001544 0.053808 3.255859 5.426432
1506 1501 0.001827 0.048273 3.146851 5.244751
1507 1502 0.002629 0.064777 3.058472 5.097453
1508 1503 0.002441 0.067103 2.992310 4.987183
1509 1504 0.003967 0.079452 2.941650 4.902750
1510 1505 0.004809 0.095179 2.904785 4.841309
1511 1506 0.004475 0.092801 2.853760 4.756266
1512 1507 0.003997 0.084775 2.808105 4.680176
1513 1508 0.002674 0.059740 2.760376 4.600626
1514 1509 0.002805 0.077824 2.715942 4.526571
1515 1510 0.005051 0.134989 2.657471 4.429118
1516 1511 0.007126 0.154766 2.617676 4.362793
1517 1512 0.007904 0.165350 2.584106 4.306844
1518 1513 0.008372 0.169898 2.553711 4.256185
1519 1514 0.008897 0.170990 2.536255 4.227091
1520 1515 0.004632 0.120553 2.534668 4.224447
1521 1516 0.004200 0.134220 2.533936 4.223226
1522 1517 0.003654 0.124346 2.545288 4.242147
1523 1518 0.005694 0.136883 2.561279 4.268799
1524 1519 0.004658 0.120328 2.583740 4.306234
1525 1520 0.005393 0.123744 2.615967 4.359945
1526 1521 0.005610 0.118532 2.653442 4.422404
1527 1522 0.005798 0.127595 2.686646 4.477743
1528 1523 0.008171 0.139648 2.725586 4.542643
1529 1524 0.002128 0.150959 2.759521 4.599203
1530 1525 0.002441 0.150926 2.799805 4.666341
1531 1526 0.001891 0.150571 2.838745 4.731242
1532 1527 0.002290 0.156153 2.878784 4.797974
1533 1528 0.004658 0.174096 2.928345 4.880575
1534 1529 0.001092 0.128331 2.977051 4.961751
1535 1530 0.001381 0.129757 3.027344 5.045573
1536 1531 0.001691 0.123358 3.077759 5.129598
1537 1532 0.002290 0.108397 3.138794 5.231323
1538 1533 0.003937 0.085660 3.190552 5.317586
1539 1534 0.002537 0.080057 3.250000 5.416667
1540 1535 0.002290 0.076056 3.302612 5.504354
1541 1536 0.002889 0.088724 3.363403 5.605672
1542 1537 0.002342 0.090448 3.415405 5.692342
1543 1538 0.002128 0.084388 3.472656 5.787760
1544 1539 0.002889 0.104800 3.528809 5.881348
1545 1540 0.002584 0.120306 3.583130 5.971883
1546 1541 0.002184 0.108800 3.637207 6.062012
1547 1542 0.001544 0.104186 3.687988 6.146647
1548 1543 0.001381 0.118568 3.738770 6.231283
1549 1544 0.000000 0.104854 3.781128 6.301880
1550 1545 0.000691 0.096550 3.829590 6.382650
1551 1546 0.000000 0.104299 3.874512 6.457520
1552 1547 0.000977 0.139987 3.921997 6.536662
1553 1548 0.000977 0.141790 3.968140 6.613566
1554 1549 0.001092 0.158286 4.019409 6.699015
1555 1550 0.002072 0.148568 4.067139 6.778564
1556 1551 0.001292 0.160776 4.118408 6.864014
1557 1552 0.000977 0.131716 4.167725 6.946208
1558 1553 0.001761 0.121814 4.212036 7.020060
1559 1554 0.003010 0.112288 4.254028 7.090047
1560 1555 0.000977 0.140074 4.281006 7.135010
1561 1556 0.001827 0.141285 4.287720 7.146200
1562 1557 0.001691 0.146339 4.275757 7.126261
1563 1558 0.001196 0.179989 4.255493 7.092489
1564 1559 0.001891 0.174904 4.219849 7.033081
1565 1560 0.001292 0.150350 4.183228 6.972046
1566 1561 0.000000 0.130233 4.142334 6.903890
1567 1562 0.001196 0.120383 4.100342 6.833903
1568 1563 0.001381 0.090592 4.052124 6.753540
1569 1564 0.000846 0.079791 4.001709 6.669515
1570 1565 0.000488 0.072180 3.949707 6.582845
1571 1566 0.000691 0.065228 3.904541 6.507568
1572 1567 0.001761 0.093070 3.867310 6.445516
1573 1568 0.001381 0.088583 3.829590 6.382650
1574 1569 0.001381 0.082222 3.789185 6.315308
1575 1570 0.001827 0.063491 3.747070 6.245117
1576 1571 0.001953 0.092210 3.706665 6.177775
1577 1572 0.000691 0.075777 3.666260 6.110433
1578 1573 0.000691 0.063615 3.627808 6.046346
1579 1574 0.001092 0.067102 3.599365 5.998942
1580 1575 0.001891 0.041335 3.572021 5.953369
1581 1576 0.001292 0.062930 3.546631 5.911051
1582 1577 0.001544 0.074032 3.530396 5.883993
1583 1578 0.002128 0.082718 3.529053 5.881754
1584 1579 0.003383 0.087225 3.537231 5.895386
1585 1580 0.001196 0.105406 3.559204 5.932007
1586 1581 0.001691 0.087915 3.579224 5.965373
1587 1582 0.001891 0.085706 3.594482 5.990804
1588 1583 0.000977 0.089347 3.601562 6.002604
1589 1584 0.002184 0.077883 3.606689 6.011149
1590 1585 0.000977 0.086409 3.616333 6.027222
