10 5 0.001544 0.019298 1.176334 1.960557
11 6 0.001691 0.020201 1.238525 2.064208
12 7 0.002184 0.011336 1.297382 2.162303
13 8 0.001465 0.040217 1.357762 2.262936
14 9 0.002930 0.036162 1.414911 2.358186
15 10 0.002490 0.036028 1.467528 2.445879
16 11 0.002392 0.042794 1.529913 2.549855
17 12 0.001953 0.061224 1.597679 2.662798
18 13 0.003088 0.038809 1.669559 2.782599
19 14 0.002847 0.040729 1.747072 2.911787
20 15 0.003088 0.032384 1.834342 3.057237
21 16 0.002238 0.030341 1.928398 3.213996
22 17 0.002674 0.044151 2.030725 3.384541
23 18 0.002184 0.032409 2.137448 3.562414
24 19 0.001691 0.040868 2.248735 3.747892
25 20 0.001196 0.044004 2.360760 3.934600
26 21 0.001891 0.039281 2.476468 4.127447
27 22 0.002342 0.036283 2.596772 4.327954
28 23 0.002290 0.039495 2.717714 4.529523
29 24 0.002537 0.054328 2.845580 4.742633
30 25 0.002762 0.047702 2.974865 4.958109
31 26 0.002290 0.064165 3.103707 5.172845
32 27 0.001196 0.057498 3.231091 5.385152
33 28 0.001381 0.066740 3.353212 5.588687
34 29 0.001292 0.046464 3.469421 5.782369
35 30 0.001196 0.064648 3.579976 5.966627
36 31 0.000488 0.047817 3.682421 6.137368
37 32 0.000977 0.057037 3.777617 6.296028
38 33 0.000000 0.069275 3.860909 6.434849
39 34 0.000977 0.072430 3.927632 6.546054
40 35 0.001092 0.054527 3.980292 6.633821
41 36 0.001196 0.070100 4.016640 6.694399
42 37 0.001465 0.067884 4.041004 6.735007
43 38 0.001544 0.049682 4.061598 6.769330
44 39 0.001465 0.048808 4.078825 6.798042
45 40 0.002128 0.053052 4.097052 6.828419
46 41 0.002013 0.035431 4.115995 6.859993
47 42 0.001381 0.037760 4.135324 6.892208
48 43 0.002392 0.039379 4.152435 6.920725
49 44 0.001381 0.048624 4.168556 6.947594
50 45 0.000691 0.057775 4.181700 6.969500
51 46 0.000977 0.053980 4.194101 6.990169
52 47 0.000977 0.050607 4.201181 7.001969
53 48 0.001544 0.045125 4.208220 7.013699
54 49 0.000977 0.043846 4.210880 7.018134
55 50 0.000691 0.024231 4.214352 7.023920
56 51 0.000691 0.021581 4.224407 7.040679
57 52 0.001292 0.008382 4.226370 7.043950
58 53 0.001465 0.007373 4.217676 7.029460
59 54 0.002629 0.016510 4.206339 7.010565
60 55 0.000977 0.012718 4.187914 6.979856
61 56 0.001544 0.021787 4.169308 6.948846
62 57 0.002184 0.022078 4.158401 6.930669
63 58 0.002072 0.013898 4.157223 6.928705
64 59 0.001292 0.015918 4.161606 6.936010
65 60 0.001381 0.015278 4.164627 6.941045
66 61 0.001891 0.016334 4.154182 6.923637
67 62 0.001381 0.017663 4.132591 6.887652
68 63 0.002889 0.021318 4.102413 6.837355
69 64 0.003164 0.024269 4.068542 6.780904
70 65 0.003521 0.024522 4.042900 6.738167
71 66 0.001196 0.023837 4.024921 6.708202
72 67 0.002490 0.030214 4.023102 6.705170
73 68 0.001761 0.040081 4.041729 6.736215
74 69 0.001092 0.042966 4.079929 6.799882
75 70 0.001891 0.034717 4.134590 6.890984
76 71 0.001381 0.021166 4.206341 7.010568
77 72 0.001691 0.021427 4.287952 7.146587
78 73 0.001092 0.032377 4.373722 7.289537
79 74 0.001092 0.042536 4.459797 7.432995
80 75 0.000488 0.041349 4.544323 7.573872
81 76 0.000488 0.050325 4.629234 7.715391
82 77 0.000000 0.050115 4.714012 7.856687
83 78 0.001196 0.043237 4.795891 7.993151
84 79 0.001196 0.052209 4.872242 8.120403
85 80 0.001619 0.043784 4.946865 8.244775
86 81 0.001381 0.040592 5.014587 8.357646
87 82 0.001092 0.039476 5.072716 8.454526
88 83 0.000691 0.045059 5.123512 8.539187
89 84 0.000846 0.042553 5.161018 8.601697
90 85 0.000691 0.050403 5.180656 8.634427
91 86 0.001092 0.047588 5.186577 8.644295
92 87 0.000691 0.049895 5.186211 8.643684
93 88 0.000488 0.054653 5.176781 8.627968
94 89 0.000691 0.044206 5.165154 8.608589
95 90 0.000846 0.044536 5.153774 8.589623
96 91 0.000691 0.048857 5.142399 8.570664
97 92 0.000000 0.040815 5.123344 8.538907
98 93 0.000000 0.041046 5.103058 8.505096
99 94 0.000846 0.040215 5.082008 8.470014
100 95 0.000691 0.046897 5.063995 8.439992
101 96 0.000000 0.050283 5.043533 8.405889
102 97 0.001465 0.044641 5.023880 8.373134
103 98 0.001465 0.066326 5.000656 8.334427
104 99 0.000846 0.078443 4.977005 8.295009
105 100 0.001465 0.050687 4.951050 8.251750
106 101 0.000488 0.052448 4.924431 8.207385
107 102 0.000977 0.063499 4.902901 8.171501
108 103 0.001196 0.043551 4.893509 8.155849
109 104 0.000977 0.027764 4.887161 8.145268
110 105 0.002184 0.039045 4.874527 8.124211
111 106 0.000488 0.033038 4.851021 8.085034
112 107 0.001465 0.035929 4.825470 8.042450
113 108 0.000488 0.038764 4.797859 7.996432
114 109 0.001196 0.040626 4.773865 7.956441
115 110 0.003010 0.054264 4.755669 7.926115
116 111 0.002290 0.054893 4.752075 7.920125
117 112 0.000846 0.034738 4.752777 7.921295
118 113 0.002719 0.047151 4.742699 7.904498
119 114 0.002290 0.055995 4.731323 7.885539
120 115 0.000846 0.040505 4.718475 7.864126
121 116 0.002072 0.023873 4.703339 7.838898
122 117 0.001544 0.057952 4.684677 7.807795
123 118 0.002184 0.036878 4.675102 7.791837
124 119 0.003010 0.028089 4.668854 7.781423
125 120 0.000488 0.025064 4.659256 7.765427
126 121 0.001827 0.049222 4.655846 7.759743
127 122 0.000691 0.014786 4.654739 7.757899
128 123 0.001465 0.008980 4.645943 7.743238
129 124 0.001761 0.010411 4.638428 7.730713
130 125 0.000691 0.021520 4.630569 7.717616
131 126 0.002072 0.022660 4.616356 7.693926
132 127 0.002441 0.028293 4.595085 7.658475
133 128 0.002762 0.043261 4.582886 7.638143
134 129 0.003127 0.065483 4.572945 7.621574
135 130 0.002490 0.038422 4.569160 7.615267
136 131 0.002584 0.025058 4.560928 7.601547
137 132 0.002441 0.022716 4.554443 7.590739
138 133 0.002762 0.018655 4.546143 7.576904
139 134 0.001691 0.036484 4.534500 7.557500
140 135 0.000977 0.024107 4.524162 7.540270
141 136 0.002184 0.027701 4.518753 7.531255
142 137 0.001544 0.038448 4.523499 7.539164
143 138 0.000846 0.029651 4.530434 7.550723
144 139 0.001381 0.035061 4.528198 7.546997
145 140 0.002762 0.021476 4.521606 7.536011
146 141 0.000977 0.033510 4.515480 7.525800
147 142 0.001381 0.030953 4.501633 7.502721
148 143 0.000691 0.033456 4.487289 7.478816
149 144 0.000488 0.037645 4.482452 7.470754
150 145 0.000488 0.036267 4.484573 7.474289
151 146 0.000977 0.028844 4.490631 7.484385
152 147 0.002342 0.036429 4.491638 7.486063
153 148 0.000846 0.035683 4.491837 7.486394
154 149 0.000000 0.040957 4.489006 7.481677
155 150 0.000691 0.037974 4.486427 7.477379
156 151 0.000691 0.040003 4.481163 7.468605
157 152 0.000691 0.043887 4.483871 7.473119
158 153 0.000000 0.045170 4.484550 7.474251
159 154 0.000977 0.039646 4.484787 7.474645
160 155 0.001196 0.042402 4.482071 7.470118
161 156 0.002184 0.033299 4.480843 7.468071
162 157 0.001381 0.031709 4.479889 7.466482
163 158 0.000691 0.033171 4.476624 7.461039
164 159 0.000691 0.034831 4.479713 7.466189
165 160 0.001761 0.032457 4.479401 7.465668
166 161 0.000977 0.041023 4.475861 7.459768
167 162 0.000691 0.036556 4.472473 7.454122
168 163 0.000977 0.020473 4.467575 7.445959
169 164 0.001691 0.031568 4.459274 7.432124
170 165 0.001196 0.029649 4.452713 7.421188
171 166 0.002072 0.032882 4.448593 7.414322
172 167 0.001381 0.025135 4.450165 7.416941
173 168 0.001381 0.029961 4.446854 7.411423
174 169 0.001092 0.024750 4.430252 7.383753
175 170 0.001381 0.032205 4.412338 7.353897
176 171 0.000846 0.022495 4.396957 7.328262
177 172 0.001092 0.032479 4.376450 7.294083
178 173 0.000488 0.036776 4.361771 7.269618
179 174 0.001292 0.030051 4.350342 7.250570
180 175 0.000488 0.044305 4.336945 7.228241
181 176 0.001691 0.032050 4.316299 7.193832
182 177 0.003383 0.031225 4.293121 7.155202
183 178 0.001691 0.030754 4.268829 7.114716
184 179 0.003088 0.036600 4.243362 7.072271
185 180 0.003588 0.030458 4.226929 7.044881
186 181 0.002847 0.028368 4.207306 7.012177
187 182 0.000977 0.025095 4.195007 6.991679
188 183 0.002184 0.025783 4.173492 6.955821
189 184 0.002072 0.023853 4.151932 6.919886
190 185 0.000488 0.025034 4.120834 6.868057
191 186 0.000488 0.024962 4.096298 6.827164
192 187 0.000488 0.032533 4.069443 6.782404
193 188 0.001292 0.034605 4.050873 6.751455
194 189 0.001292 0.036661 4.031784 6.719640
195 190 0.001544 0.039640 4.014999 6.691666
196 191 0.001891 0.032782 3.999741 6.666234
197 192 0.001761 0.026078 3.970871 6.618118
198 193 0.001691 0.021016 3.940353 6.567255
199 194 0.001544 0.020195 3.908615 6.514359
200 195 0.001544 0.022294 3.876022 6.460037
201 196 0.001827 0.025776 3.851196 6.418661
202 197 0.000691 0.026526 3.840729 6.401215
203 198 0.000691 0.032925 3.829056 6.381760
204 199 0.001092 0.032913 3.814392 6.357320
205 200 0.000846 0.037183 3.797607 6.329346
206 201 0.000846 0.048923 3.778687 6.297811
207 202 0.001691 0.047141 3.766754 6.277924
208 203 0.000977 0.049510 3.761078 6.268463
209 204 0.001465 0.049032 3.767410 6.279017
210 205 0.000977 0.052650 3.772537 6.287562
211 206 0.001827 0.039676 3.770142 6.283569
212 207 0.002674 0.050736 3.764389 6.273982
213 208 0.001196 0.058667 3.755615 6.259359
214 209 0.000488 0.058175 3.747559 6.245931
215 210 0.002537 0.057443 3.744431 6.240717
216 211 0.001761 0.061850 3.733124 6.221873
217 212 0.001092 0.053628 3.711975 6.186625
218 213 0.000846 0.047779 3.691711 6.152853
219 214 0.001381 0.050821 3.665726 6.109543
220 215 0.001619 0.048586 3.635269 6.058782
221 216 0.000691 0.041765 3.620499 6.034164
222 217 0.002290 0.049530 3.606339 6.010564
223 218 0.001619 0.052652 3.588364 5.980606
224 219 0.001465 0.045071 3.567535 5.945892
225 220 0.000977 0.038231 3.548721 5.914536
226 221 0.000691 0.045449 3.521011 5.868352
227 222 0.000488 0.041750 3.490387 5.817312
228 223 0.000691 0.036825 3.466034 5.776723
229 224 0.000691 0.035888 3.445709 5.742849
230 225 0.000000 0.038449 3.423309 5.705515
231 226 0.001092 0.034262 3.397903 5.663172
232 227 0.000488 0.035634 3.367020 5.611700
233 228 0.001544 0.035721 3.336670 5.561117
234 229 0.001465 0.034440 3.294525 5.490875
235 230 0.002184 0.024744 3.261078 5.435130
236 231 0.000488 0.017884 3.229050 5.381750
237 232 0.001092 0.017656 3.208344 5.347239
238 233 0.001196 0.015891 3.183456 5.305761
239 234 0.000488 0.010703 3.166367 5.277277
240 235 0.001827 0.012803 3.139191 5.231985
241 236 0.001196 0.016507 3.110687 5.184479
242 237 0.001292 0.022511 3.084747 5.141245
243 238 0.001827 0.016847 3.069443 5.115738
244 239 0.002013 0.017328 3.076324 5.127207
245 240 0.002805 0.005690 3.093384 5.155640
246 241 0.000977 0.016517 3.118027 5.196711
247 242 0.001092 0.014278 3.129898 5.216497
248 243 0.001544 0.018976 3.133759 5.222931
249 244 0.001381 0.026472 3.125473 5.209122
250 245 0.000977 0.022828 3.118698 5.197830
251 246 0.001691 0.028914 3.114853 5.191422
252 247 0.000846 0.016368 3.132263 5.220438
253 248 0.000977 0.019235 3.155518 5.259196
254 249 0.000846 0.019322 3.181305 5.302175
255 250 0.001544 0.015750 3.204895 5.341492
256 251 0.000000 0.029709 3.223343 5.372238
257 252 0.000977 0.038288 3.230621 5.384369
258 253 0.000488 0.034602 3.236786 5.394643
259 254 0.000488 0.033818 3.246368 5.410614
260 255 0.000977 0.040089 3.265167 5.441946
261 256 0.000846 0.044053 3.294922 5.491537
262 257 0.000488 0.053420 3.322281 5.537135
263 258 0.000691 0.056148 3.347839 5.579732
264 259 0.000977 0.052217 3.379318 5.632197
265 260 0.001381 0.045452 3.401794 5.669657
266 261 0.000846 0.033052 3.430344 5.717239
267 262 0.001465 0.030018 3.470764 5.784607
268 263 0.001827 0.029981 3.505966 5.843277
269 264 0.001465 0.027029 3.538498 5.897497
270 265 0.000977 0.021966 3.579758 5.966263
271 266 0.000691 0.032011 3.620651 6.034419
272 267 0.001092 0.030932 3.653717 6.089529
273 268 0.000691 0.038189 3.695175 6.158625
274 269 0.000691 0.042773 3.726318 6.210531
275 270 0.000977 0.043765 3.748627 6.247711
276 271 0.001381 0.029390 3.754593 6.257655
277 272 0.000846 0.025716 3.754272 6.257121
278 273 0.001292 0.026783 3.750961 6.251602
279 274 0.002441 0.024595 3.744263 6.240438
280 275 0.001196 0.017278 3.736588 6.227646
281 276 0.000691 0.015345 3.735046 6.225077
282 277 0.001092 0.020490 3.735535 6.225891
283 278 0.000846 0.025164 3.735748 6.226247
284 279 0.000846 0.036206 3.739578 6.232630
285 280 0.000691 0.036111 3.737915 6.229858
286 281 0.000977 0.024575 3.732895 6.221491
287 282 0.002013 0.019772 3.723404 6.205673
288 283 0.000846 0.017851 3.718643 6.197739
289 284 0.000846 0.024206 3.714020 6.190033
290 285 0.003010 0.030252 3.718185 6.196976
291 286 0.001381 0.032523 3.720490 6.200816
292 287 0.001544 0.033603 3.724396 6.207326
293 288 0.001092 0.028673 3.725433 6.209055
294 289 0.001691 0.011511 3.725830 6.209717
295 290 0.002805 0.020059 3.730286 6.217143
296 291 0.001691 0.017679 3.731842 6.219737
297 292 0.001691 0.030004 3.744400 6.240667
298 293 0.001691 0.028722 3.759674 6.266123
299 294 0.001691 0.046990 3.776962 6.294937
300 295 0.001196 0.033198 3.787857 6.313095
301 296 0.001196 0.043866 3.805313 6.342188
302 297 0.001196 0.057572 3.825333 6.375555
303 298 0.001544 0.055330 3.842041 6.403402
304 299 0.001953 0.044198 3.864990 6.441650
305 300 0.000488 0.038065 3.883942 6.473236
306 301 0.001953 0.030213 3.903870 6.506449
307 302 0.001827 0.047838 3.916809 6.528015
308 303 0.000691 0.049845 3.929733 6.549555
309 304 0.001092 0.064187 3.937576 6.562627
310 305 0.000846 0.070677 3.952469 6.587448
311 306 0.001953 0.077543 3.960373 6.600622
312 307 0.001092 0.058163 3.972794 6.621323
313 308 0.001381 0.063329 3.985291 6.642151
314 309 0.002238 0.056306 3.993103 6.655172
315 310 0.001827 0.051188 3.990387 6.650645
316 311 0.000691 0.034065 3.985092 6.641820
317 312 0.000846 0.020718 3.975464 6.625773
318 313 0.001092 0.021999 3.969299 6.615499
319 314 0.000691 0.043481 3.960632 6.601054
320 315 0.000691 0.060634 3.946213 6.577021
321 316 0.000488 0.061982 3.937103 6.561839
322 317 0.000977 0.073008 3.931015 6.551692
323 318 0.001465 0.065050 3.930161 6.550268
324 319 0.000846 0.053177 3.939545 6.565908
325 320 0.001465 0.040726 3.963333 6.605555
326 321 0.000846 0.031001 3.987946 6.646576
327 322 0.001619 0.018714 4.004135 6.673559
328 323 0.001953 0.015497 3.999786 6.666311
329 324 0.001544 0.011687 3.990402 6.650671
330 325 0.001761 0.015835 3.979355 6.632258
331 326 0.000691 0.016064 3.968033 6.613388
332 327 0.001196 0.016447 3.959259 6.598765
333 328 0.001292 0.023586 3.967224 6.612040
334 329 0.000691 0.014501 3.981369 6.635615
335 330 0.000691 0.010623 3.995483 6.659139
336 331 0.001196 0.018185 4.013153 6.688589
337 332 0.000977 0.029863 4.033264 6.722107
338 333 0.000488 0.028806 4.052582 6.754303
339 334 0.001544 0.032222 4.059509 6.765849
340 335 0.001953 0.022548 4.051453 6.752421
341 336 0.002537 0.010170 4.038696 6.731161
342 337 0.000977 0.014568 4.022614 6.704356
343 338 0.001619 0.019818 4.016571 6.694285
344 339 0.000846 0.018735 4.021118 6.701864
345 340 0.001196 0.022664 4.034149 6.723582
346 341 0.001691 0.023424 4.047333 6.745554
347 342 0.000977 0.020095 4.069061 6.781769
348 343 0.000977 0.022984 4.078949 6.798248
349 344 0.000846 0.024003 4.079529 6.799215
350 345 0.000691 0.036347 4.084167 6.806946
351 346 0.000846 0.032031 4.086975 6.811625
352 347 0.000977 0.033520 4.082886 6.804810
353 348 0.000846 0.027757 4.078278 6.797129
354 349 0.000977 0.038729 4.078827 6.798045
355 350 0.000691 0.046399 4.081940 6.803233
356 351 0.000846 0.056027 4.085114 6.808523
357 352 0.002290 0.059541 4.086334 6.810557
358 353 0.002342 0.072109 4.083740 6.806234
359 354 0.001092 0.064673 4.077057 6.795095
360 355 0.001544 0.064808 4.074402 6.790670
361 356 0.000846 0.059568 4.075195 6.791992
362 357 0.000691 0.064233 4.079895 6.799825
363 358 0.000977 0.053754 4.080566 6.800944
364 359 0.001465 0.054220 4.091278 6.818797
365 360 0.001381 0.053773 4.099640 6.832733
366 361 0.001619 0.050245 4.105072 6.841787
367 362 0.002072 0.047917 4.106812 6.844686
368 363 0.001691 0.043788 4.108154 6.846924
369 364 0.001092 0.045558 4.101959 6.836599
370 365 0.001196 0.047520 4.096771 6.827952
371 366 0.002013 0.039733 4.091675 6.819458
372 367 0.001891 0.035539 4.085266 6.808777
373 368 0.002072 0.035856 4.081055 6.801758
374 369 0.002072 0.043495 4.077911 6.796519
375 370 0.001827 0.038653 4.077972 6.796621
376 371 0.001292 0.053561 4.075836 6.793060
377 372 0.000977 0.063216 4.077240 6.795400
378 373 0.000488 0.068524 4.077698 6.796163
379 374 0.001196 0.056714 4.076660 6.794434
380 375 0.000488 0.052759 4.075378 6.792297
381 376 0.000977 0.045190 4.077423 6.795705
382 377 0.000977 0.045377 4.085876 6.809794
383 378 0.001092 0.045757 4.099976 6.833292
384 379 0.001827 0.056164 4.117676 6.862793
385 380 0.002342 0.058259 4.122345 6.870575
386 381 0.001827 0.058552 4.123993 6.873322
387 382 0.000691 0.056829 4.114960 6.858266
388 383 0.001544 0.063520 4.112213 6.853689
389 384 0.001691 0.070354 4.116455 6.860758
390 385 0.001292 0.071686 4.135864 6.893107
391 386 0.001196 0.073654 4.157318 6.928864
392 387 0.000977 0.062452 4.190765 6.984609
393 388 0.001381 0.063931 4.221619 7.036031
394 389 0.002290 0.044585 4.246338 7.077230
395 390 0.001292 0.033875 4.264343 7.107239
396 391 0.001891 0.038553 4.287964 7.146606
397 392 0.001381 0.024242 4.308167 7.180277
398 393 0.002441 0.012193 4.318024 7.196706
399 394 0.001465 0.016171 4.330811 7.218018
400 395 0.001292 0.023199 4.340454 7.234090
401 396 0.000000 0.037078 4.354126 7.256876
402 397 0.000977 0.031538 4.371460 7.285767
403 398 0.001196 0.043306 4.399170 7.331950
404 399 0.000691 0.041574 4.429962 7.383270
405 400 0.000977 0.042066 4.468719 7.447866
406 401 0.001544 0.039743 4.496490 7.494151
407 402 0.002072 0.034636 4.512421 7.520701
408 403 0.001544 0.026022 4.516327 7.527212
409 404 0.001544 0.011307 4.504517 7.507528
410 405 0.000977 0.032418 4.487854 7.479757
411 406 0.000977 0.058318 4.477234 7.462057
412 407 0.001891 0.051105 4.480286 7.467143
413 408 0.001465 0.068716 4.502777 7.504629
414 409 0.000846 0.072375 4.537567 7.562612
415 410 0.001827 0.091050 4.570862 7.618103
416 411 0.001891 0.086271 4.600433 7.667389
417 412 0.002629 0.152302 4.679413 7.799021
418 413 0.001196 0.235090 4.769165 7.948608
419 414 0.001761 0.355449 4.854797 8.091329
420 415 0.000488 0.411480 4.915466 8.192444
421 416 0.000846 0.491337 4.970673 8.284454
422 417 0.001827 0.468448 4.967773 8.279622
423 418 0.001196 0.405522 4.939026 8.231709
424 419 0.001381 0.335659 4.914459 8.190765
425 420 0.001619 0.312011 4.912476 8.187459
426 421 0.001196 0.285015 4.913818 8.189697
427 422 0.001196 0.229881 4.896088 8.160146
428 423 0.001761 0.208592 4.892517 8.154195
429 424 0.000977 0.169214 4.875641 8.126068
430 425 0.000488 0.156805 4.864685 8.107808
431 426 0.001092 0.130698 4.847595 8.079326
432 427 0.001544 0.127721 4.852722 8.087871
433 428 0.001465 0.124438 4.839539 8.065898
434 429 0.001465 0.099970 4.832733 8.054555
435 430 0.000977 0.087158 4.819855 8.033092
436 431 0.001196 0.081198 4.806122 8.010203
437 432 0.001292 0.079419 4.794525 7.990875
438 433 0.000846 0.066740 4.783112 7.971853
439 434 0.001196 0.078876 4.772888 7.954813
440 435 0.000000 0.078610 4.757294 7.928823
441 436 0.001196 0.070568 4.754181 7.923635
442 437 0.000977 0.065411 4.747437 7.912394
443 438 0.002184 0.078443 4.745850 7.909750
444 439 0.001381 0.059182 4.742096 7.903493
445 440 0.001891 0.066968 4.745422 7.909037
446 441 0.002342 0.055439 4.738525 7.897542
447 442 0.002629 0.062895 4.728699 7.881165
448 443 0.000691 0.051995 4.713074 7.855123
449 444 0.002184 0.052017 4.704987 7.841644
450 445 0.001196 0.041955 4.702057 7.836761
451 446 0.001827 0.054361 4.711182 7.851969
452 447 0.000691 0.036402 4.724640 7.874400
453 448 0.000000 0.044042 4.742096 7.903493
454 449 0.001544 0.045872 4.753113 7.921854
455 450 0.000691 0.038704 4.759888 7.933146
456 451 0.001196 0.039649 4.767944 7.946574
457 452 0.000846 0.036732 4.776764 7.961273
458 453 0.001292 0.025794 4.790680 7.984467
459 454 0.001953 0.061950 4.809174 8.015289
460 455 0.000691 0.061264 4.835327 8.058879
461 456 0.001381 0.072406 4.857147 8.095245
462 457 0.002128 0.049966 4.864471 8.107452
463 458 0.001381 0.061163 4.868225 8.113708
464 459 0.000000 0.027181 4.872375 8.120625
465 460 0.000846 0.029193 4.875702 8.126170
466 461 0.000846 0.043037 4.884033 8.140056
467 462 0.002072 0.047006 4.902924 8.171539
468 463 0.001196 0.035990 4.926880 8.211467
469 464 0.001092 0.039727 4.948608 8.247681
470 465 0.001544 0.030692 4.967010 8.278351
471 466 0.001544 0.032234 4.977570 8.295949
472 467 0.000691 0.038020 4.991699 8.319499
473 468 0.000977 0.038922 5.004150 8.340251
474 469 0.000846 0.042492 5.018341 8.363902
475 470 0.002184 0.034864 5.026672 8.377788
476 471 0.001196 0.023263 5.044464 8.407440
477 472 0.000691 0.029297 5.054291 8.423818
478 473 0.000488 0.033194 5.062408 8.437347
479 474 0.000000 0.035166 5.068237 8.447062
480 475 0.001092 0.032790 5.069397 8.448995
481 476 0.001691 0.033177 5.062317 8.437195
482 477 0.000691 0.032640 5.060272 8.433787
483 478 0.000846 0.027206 5.063446 8.439076
484 479 0.000691 0.033735 5.067505 8.445842
485 480 0.000846 0.034274 5.078186 8.463643
486 481 0.001196 0.022279 5.080627 8.467712
487 482 0.001827 0.025443 5.075623 8.459371
488 483 0.000691 0.035288 5.065582 8.442637
489 484 0.000488 0.045217 5.054993 8.424988
490 485 0.001196 0.056503 5.052551 8.420918
491 486 0.001196 0.063665 5.056458 8.427429
492 487 0.001292 0.065528 5.066467 8.444112
493 488 0.000977 0.065228 5.076843 8.461406
494 489 0.000691 0.063824 5.079712 8.466187
495 490 0.001092 0.062134 5.075439 8.459065
496 491 0.001196 0.060187 5.068542 8.447571
497 492 0.001092 0.063136 5.067993 8.446655
498 493 0.000488 0.058607 5.067474 8.445790
499 494 0.001196 0.060969 5.068207 8.447011
500 495 0.001381 0.066077 5.068420 8.447368
501 496 0.000977 0.068605 5.070892 8.451488
502 497 0.001619 0.075068 5.069092 8.448486
503 498 0.002392 0.071412 5.066528 8.444214
504 499 0.001292 0.072699 5.066132 8.443553
505 500 0.000488 0.059493 5.061920 8.436534
506 501 0.000488 0.050333 5.057251 8.428752
507 502 0.001292 0.038396 5.045258 8.408763
508 503 0.001292 0.037163 5.030579 8.384297
509 504 0.000977 0.025923 5.014130 8.356883
510 505 0.001761 0.033937 4.996429 8.327382
511 506 0.001619 0.034908 4.971924 8.286540
512 507 0.002128 0.031224 4.942413 8.237355
513 508 0.002184 0.034886 4.904633 8.174388
514 509 0.001761 0.028091 4.859314 8.098857
515 510 0.001891 0.029654 4.804626 8.007710
516 511 0.002072 0.028933 4.746918 7.911530
517 512 0.002290 0.035091 4.687103 7.811839
518 513 0.001544 0.030658 4.619812 7.699687
519 514 0.000000 0.028871 4.547546 7.579244
520 515 0.001761 0.032653 4.469086 7.448476
521 516 0.001465 0.026907 4.385742 7.309570
522 517 0.001381 0.036175 4.296814 7.161356
523 518 0.001691 0.035739 4.208801 7.014669
524 519 0.000977 0.038462 4.125244 6.875407
525 520 0.001292 0.043598 4.050140 6.750234
526 521 0.001544 0.046117 3.980072 6.633453
527 522 0.001381 0.059524 3.915436 6.525726
528 523 0.000846 0.054471 3.854980 6.424967
529 524 0.000691 0.060265 3.797668 6.329447
530 525 0.000000 0.061172 3.737671 6.229452
531 526 0.000846 0.061988 3.674744 6.124573
532 527 0.000691 0.055217 3.616730 6.027883
533 528 0.000488 0.059662 3.570374 5.950623
534 529 0.001381 0.061543 3.535675 5.892792
535 530 0.001953 0.068070 3.526337 5.877228
536 531 0.001761 0.070369 3.537689 5.896149
537 532 0.000846 0.095817 3.561432 5.935720
538 533 0.000846 0.088158 3.592285 5.987142
539 534 0.001691 0.077316 3.618317 6.030528
540 535 0.002889 0.073343 3.636627 6.061045
541 536 0.003751 0.069363 3.649200 6.082001
542 537 0.002290 0.043058 3.661926 6.103210
543 538 0.002184 0.038302 3.678619 6.131032
544 539 0.002441 0.040047 3.706268 6.177114
545 540 0.001619 0.036719 3.749817 6.249695
546 541 0.003010 0.038697 3.804993 6.341654
547 542 0.001691 0.034454 3.856415 6.427358
548 543 0.002184 0.030606 3.896637 6.494395
549 544 0.002342 0.031991 3.930664 6.551107
550 545 0.000846 0.026594 3.947876 6.579793
551 546 0.002128 0.027499 3.965698 6.609497
552 547 0.001196 0.029945 3.982666 6.637777
553 548 0.001827 0.034841 4.004028 6.673380
554 549 0.000977 0.020716 4.013458 6.689097
555 550 0.002290 0.016904 4.011963 6.686605
556 551 0.001196 0.014065 3.995850 6.659750
557 552 0.000977 0.017143 3.974854 6.624756
558 553 0.001691 0.014775 3.942993 6.571655
559 554 0.001827 0.017214 3.914337 6.523895
560 555 0.000846 0.021688 3.882202 6.470337
561 556 0.003010 0.027676 3.848022 6.413371
562 557 0.002537 0.030562 3.806763 6.344604
563 558 0.001691 0.026709 3.759308 6.265513
564 559 0.001827 0.030024 3.708740 6.181234
565 560 0.002889 0.038672 3.663452 6.105753
566 561 0.000000 0.034138 3.617065 6.028442
567 562 0.001544 0.039462 3.591705 5.986176
568 563 0.000977 0.050506 3.565552 5.942586
569 564 0.000977 0.046692 3.556458 5.927429
570 565 0.001465 0.042159 3.556915 5.928192
571 566 0.000977 0.019049 3.556610 5.927683
572 567 0.000691 0.020046 3.569244 5.948740
573 568 0.001544 0.031469 3.594238 5.990397
574 569 0.002342 0.050333 3.631897 6.053162
575 570 0.001381 0.053743 3.672607 6.121012
576 571 0.001891 0.027191 3.717865 6.196442
577 572 0.001827 0.027544 3.747925 6.246542
578 573 0.001691 0.025525 3.783325 6.305542
579 574 0.001092 0.034024 3.802521 6.337534
580 575 0.001761 0.030830 3.820984 6.368307
581 576 0.002392 0.045405 3.835327 6.392212
582 577 0.002629 0.047188 3.832092 6.386820
583 578 0.001827 0.048292 3.822052 6.370087
584 579 0.002184 0.040821 3.809784 6.349640
585 580 0.003997 0.039703 3.814758 6.357931
586 581 0.000977 0.039080 3.840454 6.400757
587 582 0.000488 0.044285 3.870728 6.451212
588 583 0.002128 0.043779 3.883331 6.472219
589 584 0.002184 0.038380 3.869446 6.449076
590 585 0.001092 0.045269 3.842743 6.404572
591 586 0.002128 0.045739 3.814606 6.357676
592 587 0.001619 0.050636 3.796448 6.327413
593 588 0.002072 0.065542 3.784149 6.306915
594 589 0.001953 0.043906 3.773956 6.289927
595 590 0.002762 0.037457 3.737946 6.229909
596 591 0.004395 0.036947 3.686066 6.143443
597 592 0.002128 0.040966 3.626404 6.044006
598 593 0.001381 0.033783 3.572235 5.953725
599 594 0.001092 0.049041 3.527039 5.878397
600 595 0.001691 0.050215 3.487335 5.812225
601 596 0.001465 0.050872 3.440308 5.733846
602 597 0.000977 0.063722 3.392487 5.654144
603 598 0.001196 0.056376 3.346527 5.577545
604 599 0.001092 0.056092 3.309601 5.516001
605 600 0.000488 0.060248 3.266846 5.444743
606 601 0.000846 0.061746 3.227997 5.379995
607 602 0.000691 0.049365 3.164642 5.274404
608 603 0.000488 0.055858 3.085815 5.143026
609 604 0.001292 0.060629 2.994507 4.990845
610 605 0.001953 0.058031 2.894104 4.823507
611 606 0.001619 0.062804 2.784149 4.640249
612 607 0.000691 0.058737 2.676605 4.461009
613 608 0.000691 0.053457 2.557526 4.262543
614 609 0.000488 0.054107 2.429718 4.049530
615 610 0.001544 0.060163 2.301941 3.836568
616 611 0.001465 0.061263 2.162445 3.604075
617 612 0.000846 0.052677 2.038208 3.397013
618 613 0.000977 0.047605 1.933929 3.223216
619 614 0.001953 0.036304 1.840302 3.067169
620 615 0.000846 0.029147 1.756531 2.927551
621 616 0.001292 0.021183 1.682922 2.804871
622 617 0.000488 0.025094 1.602264 2.670441
623 618 0.001691 0.041866 1.515961 2.526601
624 619 0.001827 0.026629 1.426300 2.377167
625 620 0.001891 0.031725 1.329834 2.216390
626 621 0.001092 0.032404 1.226959 2.044932
627 622 0.000846 0.038027 1.117584 1.862640
628 623 0.000846 0.029823 1.011719 1.686198
629 624 0.000000 0.037098 0.915833 1.526388
630 625 0.000846 0.040815 0.840729 1.401215
631 626 0.001619 0.055612 0.791534 1.319224
632 627 0.001827 0.061650 0.771576 1.285960
633 628 0.001827 0.067235 0.765137 1.275228
634 629 0.001381 0.065010 0.761597 1.269328
635 630 0.001381 0.069653 0.757996 1.263326
636 631 0.000488 0.055362 0.752472 1.254120
637 632 0.000691 0.047145 0.745026 1.241709
638 633 0.000691 0.066432 0.754486 1.257477
639 634 0.000691 0.065721 0.784027 1.306712
640 635 0.000977 0.057976 0.832947 1.388245
641 636 0.001761 0.072460 0.900696 1.501160
642 637 0.001196 0.067396 0.977112 1.628520
643 638 0.000691 0.058288 1.049103 1.748505
644 639 0.001092 0.059573 1.119659 1.866099
645 640 0.001544 0.069864 1.175598 1.959330
646 641 0.001092 0.061732 1.225098 2.041829
647 642 0.001891 0.075329 1.269867 2.116445
648 643 0.001292 0.065371 1.307434 2.179057
649 644 0.002013 0.070975 1.349670 2.249451
650 645 0.001761 0.076857 1.399506 2.332509
651 646 0.002537 0.090629 1.437012 2.395020
652 647 0.001381 0.077848 1.493073 2.488454
653 648 0.001196 0.079612 1.559723 2.599538
654 649 0.000488 0.071516 1.606293 2.677155
655 650 0.000488 0.072832 1.670990 2.784983
656 651 0.000691 0.070496 1.731934 2.886556
657 652 0.000977 0.071800 1.798798 2.997996
658 653 0.000000 0.071137 1.869110 3.115184
659 654 0.000846 0.069427 1.942108 3.236847
660 655 0.001544 0.087793 2.016846 3.361409
661 656 0.000488 0.137012 2.113312 3.522186
662 657 0.000691 0.160857 2.188354 3.647258
663 658 0.001292 0.189255 2.275848 3.793081
664 659 0.000691 0.221679 2.372742 3.954570
665 660 0.000977 0.220350 2.464691 4.107819
666 661 0.001465 0.200747 2.557343 4.262238
667 662 0.001381 0.186528 2.646088 4.410146
668 663 0.001196 0.143732 2.724854 4.541422
669 664 0.000691 0.113823 2.812622 4.687704
670 665 0.000977 0.079495 2.883179 4.805298
671 666 0.001465 0.071225 2.958862 4.931437
672 667 0.001465 0.057883 3.039978 5.066630
673 668 0.001381 0.076469 3.135193 5.225321
674 669 0.001381 0.086482 3.227905 5.379842
675 670 0.000691 0.113009 3.328491 5.547485
676 671 0.000691 0.115416 3.418762 5.697937
677 672 0.000691 0.121097 3.511292 5.852152
678 673 0.000488 0.107635 3.586670 5.977783
679 674 0.000691 0.112857 3.660889 6.101481
680 675 0.001196 0.069692 3.731628 6.219381
681 676 0.000691 0.065555 3.804199 6.340332
682 677 0.000000 0.055872 3.877136 6.461894
683 678 0.000977 0.047688 3.951477 6.585795
684 679 0.000846 0.042802 4.022888 6.704813
685 680 0.000000 0.050519 4.093262 6.822103
686 681 0.000000 0.051117 4.157593 6.929321
687 682 0.000977 0.056516 4.215637 7.026062
688 683 0.000691 0.056647 4.274170 7.123617
689 684 0.000691 0.047705 4.326477 7.210795
690 685 0.000977 0.055473 4.379639 7.299398
691 686 0.001544 0.056660 4.434570 7.390951
692 687 0.000977 0.054783 4.497192 7.495321
693 688 0.000977 0.055217 4.557190 7.595316
694 689 0.000691 0.051859 4.620422 7.700704
695 690 0.000691 0.059456 4.680725 7.801208
696 691 0.000691 0.055023 4.738647 7.897746
697 692 0.000691 0.061662 4.795471 7.992452
698 693 0.000691 0.064689 4.849121 8.081868
699 694 0.001092 0.074349 4.906555 8.177592
700 695 0.001381 0.066406 4.963196 8.271993
701 696 0.001092 0.067143 5.020630 8.367717
702 697 0.000000 0.050163 5.078369 8.463948
703 698 0.000488 0.056189 5.134949 8.558248
704 699 0.000488 0.047587 5.181519 8.635864
705 700 0.001381 0.042375 5.213867 8.689778
706 701 0.001619 0.066466 5.246765 8.744609
707 702 0.000691 0.074195 5.270020 8.783366
708 703 0.001292 0.091107 5.296448 8.827413
709 704 0.001196 0.077642 5.320007 8.866679
710 705 0.000846 0.085306 5.353699 8.922832
711 706 0.000977 0.084340 5.377136 8.961894
712 707 0.001691 0.092763 5.394531 8.990886
713 708 0.000977 0.091972 5.412720 9.021199
714 709 0.001465 0.115393 5.428894 9.048157
715 710 0.001465 0.108627 5.434631 9.057719
716 711 0.001196 0.103099 5.446350 9.077250
717 712 0.000691 0.094753 5.458130 9.096883
718 713 0.000846 0.120886 5.475220 9.125366
719 714 0.000488 0.106243 5.494263 9.157104
720 715 0.001092 0.129329 5.498901 9.164836
721 716 0.001196 0.136621 5.513123 9.188538
722 717 0.002013 0.149555 5.511475 9.185791
723 718 0.001691 0.129744 5.509216 9.182027
724 719 0.001381 0.107674 5.507690 9.179484
725 720 0.000691 0.102052 5.502319 9.170532
726 721 0.001619 0.077021 5.507874 9.179790
727 722 0.002392 0.058160 5.509888 9.183146
728 723 0.001953 0.058620 5.514526 9.190877
729 724 0.001691 0.089874 5.520630 9.201050
730 725 0.001761 0.056826 5.544800 9.241333
731 726 0.002629 0.064445 5.561584 9.269307
732 727 0.002072 0.060415 5.596069 9.326782
733 728 0.001544 0.062044 5.602722 9.337871
734 729 0.001292 0.051803 5.623047 9.371745
735 730 0.002290 0.060896 5.645447 9.409078
736 731 0.001544 0.076334 5.657166 9.428609
737 732 0.001465 0.086823 5.672119 9.453532
738 733 0.001619 0.059552 5.698669 9.497783
739 734 0.001891 0.081557 5.709534 9.515889
740 735 0.001691 0.081713 5.728149 9.546916
741 736 0.000000 0.085430 5.744446 9.574077
742 737 0.000846 0.064061 5.772217 9.620361
743 738 0.001292 0.084912 5.806519 9.677531
744 739 0.000691 0.066480 5.853149 9.755249
745 740 0.001196 0.057684 5.901611 9.836019
746 741 0.001953 0.072177 5.949158 9.915263
747 742 0.001196 0.080819 5.986206 9.977010
748 743 0.001381 0.068483 6.026672 10.044454
749 744 0.000000 0.063539 6.061829 10.103047
750 745 0.001619 0.088809 6.102478 10.170796
751 746 0.001196 0.067302 6.144470 10.240784
752 747 0.000691 0.069272 6.188843 10.314738
753 748 0.001381 0.070886 6.229919 10.383199
754 749 0.001691 0.095872 6.274292 10.457153
755 750 0.001196 0.088553 6.307129 10.511882
756 751 0.000846 0.093722 6.345337 10.575562
757 752 0.001196 0.081056 6.386536 10.644226
758 753 0.000691 0.094921 6.425598 10.709331
759 754 0.001544 0.073162 6.461060 10.768433
760 755 0.001196 0.070522 6.523071 10.871785
761 756 0.000846 0.055464 6.580994 10.968323
762 757 0.001292 0.067490 6.639771 11.066284
763 758 0.001544 0.059890 6.691833 11.153056
764 759 0.001761 0.088725 6.747192 11.245320
765 760 0.001953 0.093876 6.781372 11.302287
766 761 0.001292 0.087925 6.814453 11.357422
767 762 0.002184 0.095803 6.845398 11.408997
768 763 0.000846 0.063563 6.882263 11.470439
769 764 0.000691 0.047923 6.914673 11.524455
770 765 0.000000 0.041144 6.949402 11.582336
771 766 0.001092 0.046102 6.985107 11.641846
772 767 0.001619 0.046287 7.019348 11.698914
773 768 0.000488 0.024954 7.058472 11.764119
774 769 0.000000 0.029423 7.093689 11.822815
775 770 0.000846 0.018406 7.133545 11.889241
776 771 0.001196 0.047448 7.170105 11.950175
777 772 0.001827 0.047501 7.211487 12.019145
778 773 0.000691 0.027793 7.244446 12.074077
779 774 0.000000 0.065271 7.288025 12.146708
780 775 0.000691 0.076428 7.319946 12.199910
781 776 0.000488 0.030961 7.357117 12.261861
782 777 0.001544 0.029168 7.391296 12.318828
783 778 0.001092 0.034509 7.435547 12.392578
784 779 0.000846 0.049140 7.462097 12.436829
785 780 0.000977 0.040019 7.483826 12.473042
786 781 0.000488 0.037763 7.501343 12.502238
787 782 0.000977 0.040715 7.514648 12.524414
788 783 0.000000 0.034287 7.519592 12.532654
789 784 0.001381 0.056084 7.534851 12.558085
790 785 0.000846 0.078299 7.552856 12.588094
791 786 0.000977 0.102414 7.567444 12.612407
792 787 0.000977 0.115511 7.582031 12.636719
793 788 0.001381 0.121105 7.588806 12.648010
794 789 0.000977 0.115119 7.597534 12.662557
795 790 0.000691 0.105626 7.601257 12.668762
796 791 0.001092 0.111387 7.601624 12.669373
797 792 0.001196 0.102741 7.598206 12.663676
798 793 0.001827 0.098070 7.598083 12.663472
799 794 0.000000 0.090628 7.588440 12.647400
800 795 0.000846 0.084206 7.580566 12.634277
801 796 0.000691 0.052227 7.568787 12.614644
802 797 0.001196 0.047774 7.561096 12.601827
803 798 0.001092 0.043809 7.551270 12.585449
804 799 0.000691 0.032768 7.541931 12.569885
805 800 0.000977 0.028405 7.532654 12.554423
806 801 0.001465 0.025167 7.524658 12.541097
807 802 0.001619 0.028934 7.522583 12.537639
808 803 0.001891 0.027291 7.519165 12.531941
809 804 0.001196 0.031760 7.515625 12.526042
810 805 0.000000 0.038939 7.516235 12.527059
811 806 0.000488 0.031196 7.520935 12.534892
812 807 0.001196 0.041268 7.515381 12.525635
813 808 0.001544 0.040232 7.514038 12.523396
814 809 0.001691 0.040817 7.508545 12.514241
815 810 0.001092 0.024539 7.502869 12.504781
816 811 0.000691 0.041343 7.494446 12.490743
817 812 0.001092 0.037370 7.489807 12.483012
818 813 0.001196 0.040164 7.472290 12.453816
819 814 0.000488 0.042994 7.450134 12.416890
820 815 0.001196 0.047112 7.426697 12.377828
821 816 0.000691 0.042184 7.395508 12.325847
822 817 0.001292 0.045420 7.353699 12.256165
823 818 0.000000 0.045099 7.310547 12.184245
824 819 0.000977 0.052543 7.272339 12.120564
825 820 0.000691 0.058235 7.226929 12.044881
826 821 0.000488 0.054400 7.181213 11.968689
827 822 0.000691 0.054621 7.137634 11.896057
828 823 0.000846 0.059433 7.091187 11.818645
829 824 0.000846 0.059119 7.034424 11.724040
830 825 0.000488 0.064673 6.960999 11.601665
831 826 0.001292 0.080548 6.878845 11.464742
832 827 0.000000 0.061706 6.776672 11.294454
833 828 0.000846 0.067998 6.661316 11.102193
834 829 0.000691 0.073240 6.528015 10.880025
835 830 0.001196 0.054059 6.398132 10.663554
836 831 0.001196 0.050081 6.265198 10.441997
837 832 0.000977 0.056470 6.121704 10.202840
838 833 0.000846 0.069551 5.972534 9.954224
839 834 0.001196 0.052753 5.822937 9.704895
840 835 0.001092 0.077629 5.661377 9.435628
841 836 0.001196 0.073171 5.482239 9.137065
842 837 0.000691 0.065131 5.306396 8.843994
843 838 0.000691 0.053735 5.116577 8.527629
844 839 0.000846 0.048569 4.920410 8.200684
845 840 0.001196 0.046338 4.719238 7.865397
846 841 0.001292 0.047917 4.512085 7.520142
847 842 0.000691 0.052110 4.300110 7.166850
848 843 0.000691 0.059774 4.096375 6.827291
849 844 0.001292 0.067753 3.889465 6.482442
850 845 0.002184 0.056800 3.695312 6.158854
851 846 0.002392 0.054380 3.523193 5.871989
852 847 0.002392 0.066521 3.338501 5.564168
853 848 0.002490 0.046962 3.226562 5.377604
854 849 0.002392 0.087997 3.090576 5.150960
855 850 0.002238 0.051462 3.037292 5.062154
856 851 0.002290 0.043033 3.009399 5.015666
857 852 0.001619 0.027415 2.942566 4.904276
858 853 0.001381 0.057563 2.912170 4.853617
859 854 0.001827 0.031629 2.845825 4.743042
860 855 0.002184 0.046034 2.803101 4.671834
861 856 0.001465 0.078162 2.666321 4.443868
862 857 0.002184 0.027527 2.679138 4.465230
863 858 0.002013 0.021899 2.621155 4.368591
864 859 0.002847 0.024637 2.608337 4.347229
865 860 0.003010 0.020422 2.564087 4.273478
866 861 0.002584 0.025152 2.577576 4.295959
867 862 0.002537 0.016596 2.565674 4.276123
868 863 0.002072 0.041994 2.554749 4.257914
869 864 0.003418 0.040941 2.592590 4.320984
870 865 0.003937 0.081648 2.592957 4.321594
871 866 0.004580 0.084771 2.642944 4.404907
872 867 0.005798 0.080894 2.662720 4.437866
873 868 0.005393 0.063555 2.689514 4.482523
874 869 0.004980 0.045204 2.761719 4.602865
875 870 0.004883 0.018658 2.791992 4.653320
876 871 0.002290 0.040716 2.865845 4.776408
877 872 0.002013 0.046794 2.889038 4.815063
878 873 0.003164 0.039850 2.923645 4.872742
879 874 0.003164 0.050555 3.000671 5.001119
880 875 0.004312 0.073757 3.059143 5.098572
881 876 0.002970 0.048881 3.080139 5.133565
882 877 0.003937 0.084402 3.212036 5.353394
883 878 0.003312 0.114380 3.291382 5.485636
884 879 0.003588 0.032336 3.313110 5.521851
885 880 0.003088 0.054320 3.426636 5.711060
886 881 0.003967 0.067382 3.512573 5.854289
887 882 0.004143 0.069760 3.553223 5.922038
888 883 0.004883 0.064682 3.643616 6.072693
889 884 0.004784 0.067994 3.711853 6.186422
890 885 0.001827 0.090744 3.771057 6.285095
891 886 0.002184 0.087096 3.835693 6.392822
892 887 0.001827 0.083788 3.882996 6.471659
893 888 0.001827 0.080891 3.936340 6.560567
894 889 0.002584 0.092198 3.988342 6.647237
895 890 0.000977 0.079321 4.013123 6.688538
896 891 0.002674 0.044326 4.055664 6.759440
897 892 0.002629 0.044187 4.081238 6.802063
898 893 0.003686 0.044448 4.107422 6.845703
899 894 0.004734 0.037574 4.121887 6.869812
900 895 0.003654 0.051176 4.147766 6.912943
901 896 0.002342 0.059780 4.170837 6.951396
902 897 0.002013 0.068714 4.202454 7.004089
903 898 0.001196 0.059773 4.219727 7.032877
904 899 0.001381 0.076334 4.273254 7.122091
905 900 0.002238 0.067130 4.317078 7.195129
906 901 0.002847 0.053488 4.354553 7.257589
907 902 0.002805 0.065531 4.404724 7.341207
908 903 0.003347 0.062304 4.445984 7.409973
909 904 0.002847 0.055224 4.480896 7.468160
910 905 0.001092 0.036712 4.511292 7.518819
911 906 0.001292 0.034906 4.552917 7.588196
912 907 0.001544 0.026239 4.597839 7.663065
913 908 0.001953 0.031453 4.650024 7.750041
914 909 0.001381 0.041076 4.691406 7.819010
915 910 0.001196 0.064236 4.735840 7.893066
916 911 0.001465 0.074577 4.779724 7.966207
917 912 0.002128 0.077821 4.824829 8.041382
918 913 0.003453 0.078390 4.875793 8.126323
919 914 0.001465 0.074375 4.934326 8.223877
920 915 0.001381 0.058373 4.992249 8.320415
921 916 0.003010 0.039894 5.032837 8.388062
922 917 0.001544 0.031950 5.059753 8.432922
923 918 0.002072 0.030562 5.074768 8.457947
924 919 0.001691 0.023670 5.076416 8.460693
925 920 0.000691 0.033908 5.075317 8.458862
926 921 0.000000 0.035578 5.069214 8.448689
927 922 0.000846 0.051292 5.058838 8.431396
928 923 0.001691 0.065801 5.049194 8.415324
929 924 0.000977 0.068577 5.035339 8.392232
930 925 0.000977 0.055761 5.005493 8.342488
931 926 0.001292 0.062402 4.973633 8.289388
932 927 0.001761 0.059542 4.938171 8.230286
933 928 0.001092 0.050580 4.904236 8.173726
934 929 0.001196 0.047557 4.870239 8.117065
935 930 0.000977 0.064584 4.840698 8.067830
936 931 0.000691 0.064202 4.809875 8.016459
937 932 0.001691 0.069087 4.777832 7.963053
938 933 0.000691 0.064775 4.734192 7.890320
939 934 0.000977 0.067232 4.684937 7.808228
940 935 0.000846 0.063190 4.641113 7.735189
941 936 0.001381 0.059242 4.589355 7.648926
942 937 0.001465 0.054894 4.539062 7.565104
943 938 0.000691 0.078447 4.478455 7.464091
944 939 0.000000 0.081910 4.412659 7.354431
945 940 0.001196 0.095271 4.335205 7.225342
946 941 0.001953 0.095137 4.251404 7.085673
947 942 0.000691 0.118182 4.155090 6.925150
948 943 0.001196 0.110268 4.055847 6.759745
949 944 0.002490 0.107109 3.949585 6.582642
950 945 0.000000 0.100233 3.832764 6.387939
951 946 0.001196 0.101965 3.712830 6.188049
952 947 0.001092 0.085080 3.586670 5.977783
953 948 0.001196 0.082894 3.453979 5.756632
954 949 0.000691 0.085187 3.314331 5.523885
955 950 0.001381 0.073503 3.167847 5.279745
956 951 0.001196 0.056901 3.007202 5.012003
957 952 0.000691 0.059279 2.845337 4.742228
958 953 0.000000 0.071596 2.680481 4.467468
959 954 0.000691 0.061490 2.512573 4.187622
960 955 0.000488 0.058698 2.350586 3.917643
961 956 0.000488 0.064678 2.191528 3.652547
962 957 0.001761 0.062078 2.036377 3.393962
963 958 0.001292 0.043524 1.882690 3.137817
964 959 0.000977 0.037397 1.734863 2.891439
965 960 0.002072 0.050536 1.588074 2.646790
966 961 0.001827 0.042062 1.459351 2.432251
967 962 0.001092 0.046386 1.336548 2.227580
968 963 0.001381 0.055526 1.237305 2.062175
969 964 0.001891 0.052971 1.160095 1.933492
970 965 0.000977 0.045137 1.104004 1.840006
971 966 0.000846 0.048694 1.066406 1.777344
972 967 0.001092 0.054464 1.051697 1.752828
973 968 0.000977 0.047521 1.038391 1.730652
974 969 0.000691 0.046894 1.029602 1.716003
975 970 0.001196 0.046961 1.025940 1.709900
976 971 0.001381 0.047028 1.020264 1.700439
977 972 0.000846 0.048587 1.017639 1.696065
978 973 0.000691 0.048103 1.011475 1.685791
979 974 0.000977 0.046612 1.003418 1.672363
980 975 0.001544 0.035619 0.984436 1.640727
981 976 0.000846 0.036383 0.964722 1.607870
982 977 0.001381 0.041260 0.940918 1.568197
983 978 0.001544 0.043799 0.920898 1.534831
984 979 0.001196 0.040688 0.898865 1.498108
985 980 0.000846 0.031260 0.878479 1.464132
986 981 0.000691 0.014115 0.850830 1.418050
987 982 0.000846 0.007541 0.815674 1.359456
988 983 0.000691 0.009789 0.782166 1.303609
989 984 0.001196 0.018087 0.751099 1.251831
990 985 0.000000 0.013161 0.728943 1.214905
991 986 0.000000 0.016152 0.713806 1.189677
992 987 0.001292 0.021954 0.713745 1.189575
993 988 0.000488 0.020170 0.714417 1.190694
994 989 0.000691 0.021647 0.708374 1.180623
995 990 0.000846 0.024419 0.695984 1.159973
996 991 0.000846 0.017549 0.686462 1.144104
997 992 0.001092 0.019526 0.670410 1.117350
998 993 0.001092 0.034712 0.660278 1.100464
999 994 0.000691 0.028797 0.665405 1.109009
1000 995 0.000000 0.016366 0.685974 1.143290
1001 996 0.000488 0.022610 0.715271 1.192118
1002 997 0.001196 0.036303 0.761902 1.269836
1003 998 0.000000 0.021322 0.831482 1.385803
1004 999 0.000000 0.025159 0.923584 1.539307
1005 1000 0.001092 0.024658 1.033997 1.723328
1006 1001 0.000846 0.025489 1.165283 1.942139
1007 1002 0.000977 0.025570 1.307312 2.178853
1008 1003 0.001691 0.043438 1.449829 2.416382
1009 1004 0.002290 0.046911 1.594604 2.657674
1010 1005 0.001381 0.056834 1.729736 2.882894
1011 1006 0.001465 0.073425 1.867920 3.113200
1012 1007 0.000846 0.080760 1.997559 3.329264
1013 1008 0.000977 0.083338 2.124207 3.540344
1014 1009 0.000691 0.086061 2.236206 3.727010
1015 1010 0.000488 0.088557 2.355347 3.925578
1016 1011 0.000691 0.089175 2.469788 4.116313
1017 1012 0.000977 0.093573 2.584900 4.308167
1018 1013 0.001292 0.093123 2.689087 4.481812
1019 1014 0.000846 0.100510 2.799255 4.665426
1020 1015 0.001292 0.100860 2.906433 4.844055
1021 1016 0.000977 0.090288 2.995056 4.991760
1022 1017 0.001092 0.074254 3.086975 5.144958
1023 1018 0.000977 0.079575 3.182861 5.304769
1024 1019 0.001092 0.069052 3.276062 5.460104
1025 1020 0.000691 0.060683 3.365234 5.608724
1026 1021 0.001465 0.059174 3.462830 5.771383
1027 1022 0.001196 0.053356 3.547241 5.912069
1028 1023 0.000691 0.045179 3.634094 6.056824
1029 1024 0.001619 0.041014 3.717285 6.195475
1030 1025 0.001891 0.035856 3.806396 6.343994
1031 1026 0.000846 0.026496 3.896912 6.494853
1032 1027 0.001196 0.032266 3.987732 6.646220
1033 1028 0.001292 0.037712 4.075928 6.793213
1034 1029 0.002392 0.036414 4.158447 6.930746
1035 1030 0.001691 0.058341 4.244019 7.073364
1036 1031 0.000691 0.062574 4.318909 7.198181
1037 1032 0.000488 0.062089 4.393005 7.321676
1038 1033 0.000691 0.069958 4.460571 7.434286
1039 1034 0.001544 0.077940 4.525146 7.541911
1040 1035 0.001092 0.055996 4.560547 7.600912
1041 1036 0.001092 0.059309 4.586121 7.643534
1042 1037 0.002238 0.051733 4.598877 7.664795
1043 1038 0.001196 0.049964 4.597656 7.662760
1044 1039 0.001544 0.035060 4.594238 7.657064
1045 1040 0.001827 0.039139 4.590698 7.651164
1046 1041 0.002072 0.038004 4.588867 7.648112
1047 1042 0.000977 0.034763 4.589722 7.649536
1048 1043 0.000846 0.045883 4.602722 7.671204
1049 1044 0.003088 0.040259 4.617249 7.695414
1050 1045 0.002013 0.039455 4.633606 7.722677
1051 1046 0.001381 0.057382 4.649841 7.749735
1052 1047 0.000846 0.061487 4.670471 7.784119
1053 1048 0.001691 0.045767 4.684570 7.807617
1054 1049 0.001381 0.034722 4.697632 7.829386
1055 1050 0.000488 0.039290 4.713257 7.855428
1056 1051 0.000846 0.014810 4.725952 7.876587
1057 1052 0.000488 0.022471 4.737854 7.896423
1058 1053 0.001196 0.018102 4.753418 7.922363
1059 1054 0.001465 0.020043 4.764038 7.940063
1060 1055 0.000977 0.005799 4.780457 7.967428
1061 1056 0.000000 0.010248 4.800049 8.000081
1062 1057 0.000488 0.008320 4.817017 8.028361
1063 1058 0.000691 0.016834 4.831726 8.052876
1064 1059 0.001196 0.016105 4.852783 8.087972
1065 1060 0.000691 0.015546 4.867737 8.112895
1066 1061 0.000691 0.014546 4.876770 8.127950
1067 1062 0.001381 0.018178 4.883484 8.139140
1068 1063 0.000977 0.022731 4.883728 8.139546
1069 1064 0.002013 0.037621 4.882019 8.136699
1070 1065 0.001827 0.054743 4.873169 8.121948
1071 1066 0.003010 0.051938 4.870483 8.117473
1072 1067 0.001465 0.066075 4.859985 8.099976
1073 1068 0.002441 0.016345 4.851990 8.086650
1074 1069 0.001544 0.009960 4.834717 8.057861
1075 1070 0.002629 0.019523 4.817261 8.028768
1076 1071 0.002072 0.017140 4.791382 7.985636
1077 1072 0.001092 0.038475 4.769104 7.948507
1078 1073 0.000977 0.017130 4.747192 7.911987
1079 1074 0.000691 0.013201 4.728699 7.881165
1080 1075 0.000846 0.010887 4.712891 7.854818
1081 1076 0.001691 0.020804 4.695068 7.825114
1082 1077 0.001827 0.020685 4.669250 7.782084
1083 1078 0.001619 0.014965 4.645386 7.742310
1084 1079 0.001691 0.030211 4.618713 7.697855
1085 1080 0.000846 0.020259 4.590210 7.650350
1086 1081 0.001953 0.025932 4.561707 7.602844
1087 1082 0.000691 0.011443 4.532898 7.554830
1088 1083 0.001292 0.008397 4.496765 7.494608
1089 1084 0.001691 0.018789 4.449097 7.415161
1090 1085 0.001691 0.016920 4.393738 7.322896
1091 1086 0.001092 0.023046 4.319214 7.198690
1092 1087 0.002072 0.021784 4.237976 7.063293
1093 1088 0.000488 0.010601 4.146973 6.911621
1094 1089 0.000691 0.007236 4.054565 6.757609
1095 1090 0.000000 0.008055 3.952454 6.587423
1096 1091 0.000488 0.022164 3.842712 6.404521
1097 1092 0.001953 0.028471 3.723999 6.206665
1098 1093 0.001827 0.026416 3.587708 5.979513
1099 1094 0.000691 0.016234 3.439880 5.733134
1100 1095 0.001196 0.012128 3.292725 5.487875
1101 1096 0.000691 0.013629 3.157349 5.262248
1102 1097 0.002128 0.018300 3.027344 5.045573
1103 1098 0.000977 0.026971 2.908264 4.847107
1104 1099 0.000691 0.030385 2.799316 4.665527
1105 1100 0.000000 0.050088 2.700989 4.501648
1106 1101 0.000488 0.050483 2.616577 4.360962
1107 1102 0.001092 0.045720 2.545593 4.242655
1108 1103 0.000691 0.037256 2.487732 4.146220
1109 1104 0.000691 0.031669 2.434204 4.057007
1110 1105 0.000488 0.021015 2.379211 3.965352
1111 1106 0.000977 0.010646 2.325684 3.876139
1112 1107 0.000691 0.009159 2.272949 3.788249
1113 1108 0.000000 0.011984 2.219482 3.699137
1114 1109 0.001092 0.022349 2.171448 3.619080
1115 1110 0.001092 0.025898 2.120911 3.534851
1116 1111 0.001619 0.022402 2.064636 3.441060
1117 1112 0.000488 0.030428 2.004395 3.340657
1118 1113 0.000691 0.028713 1.939148 3.231913
1119 1114 0.001381 0.040931 1.872620 3.121033
1120 1115 0.001691 0.064672 1.805054 3.008423
1121 1116 0.000691 0.055769 1.741333 2.902222
1122 1117 0.000846 0.066083 1.679932 2.799886
1123 1118 0.000977 0.060411 1.626160 2.710266
1124 1119 0.000846 0.054143 1.570618 2.617696
1125 1120 0.000846 0.044819 1.515137 2.525228
1126 1121 0.001465 0.037114 1.456116 2.426860
1127 1122 0.000488 0.022685 1.393738 2.322896
1128 1123 0.001196 0.024648 1.319153 2.198588
1129 1124 0.001092 0.021829 1.244202 2.073669
1130 1125 0.001465 0.022284 1.171082 1.951803
1131 1126 0.001827 0.028442 1.102966 1.838277
1132 1127 0.001465 0.026492 1.033386 1.722310
1133 1128 0.000846 0.010379 0.973022 1.621704
1134 1129 0.000846 0.016447 0.913208 1.522013
1135 1130 0.000977 0.019232 0.856750 1.427917
1136 1131 0.000977 0.024524 0.802368 1.337280
1137 1132 0.000000 0.023864 0.753052 1.255086
1138 1133 0.001092 0.022135 0.706970 1.178284
1139 1134 0.000977 0.029177 0.664368 1.107279
1140 1135 0.000977 0.026459 0.620911 1.034851
1141 1136 0.000488 0.023041 0.579102 0.965169
1142 1137 0.000000 0.025681 0.542725 0.904541
1143 1138 0.000691 0.023803 0.509399 0.848999
1144 1139 0.000000 0.015022 0.478027 0.796712
1145 1140 0.000691 0.015577 0.448914 0.748189
1146 1141 0.000846 0.012471 0.420959 0.701599
1147 1142 0.000691 0.009508 0.394958 0.658264
1148 1143 0.000691 0.010610 0.366089 0.610148
1149 1144 0.000691 0.011006 0.339600 0.565999
1150 1145 0.000691 0.011512 0.318359 0.530599
1151 1146 0.000488 0.011753 0.298401 0.497335
1152 1147 0.000488 0.012499 0.276917 0.461527
1153 1148 0.000000 0.017056 0.258240 0.430400
1154 1149 0.000000 0.017108 0.237976 0.396627
1155 1150 0.000000 0.019157 0.218201 0.363668
1156 1151 0.000488 0.017887 0.196716 0.327861
1157 1152 0.000000 0.022264 0.175598 0.292664
1158 1153 0.000000 0.020626 0.152832 0.254720
1159 1154 0.000000 0.022125 0.131531 0.219218
1160 1155 0.000000 0.015120 0.110046 0.183411
1161 1156 0.000846 0.005344 0.091675 0.152791
1162 1157 0.000691 0.006582 0.077515 0.129191
1163 1158 0.000691 0.011939 0.068665 0.114441
1164 1159 0.000691 0.019056 0.073486 0.122477
1165 1160 0.000846 0.028015 0.080505 0.134176
1166 1161 0.000488 0.034981 0.100281 0.167135
1167 1162 0.000000 0.046579 0.120605 0.201009
1168 1163 0.000488 0.057067 0.143311 0.238851
1169 1164 0.000000 0.055574 0.154480 0.257467
1170 1165 0.000488 0.048877 0.167297 0.278829
1171 1166 0.000000 0.035332 0.174133 0.290222
1172 1167 0.000000 0.028464 0.184692 0.307821
1173 1168 0.000000 0.021977 0.197754 0.329590
1174 1169 0.000488 0.016658 0.215881 0.359802
1175 1170 0.000000 0.014945 0.239685 0.399475
1176 1171 0.000691 0.016683 0.261658 0.436096
1177 1172 0.000691 0.014317 0.287476 0.479126
1178 1173 0.000691 0.018468 0.311401 0.519002
1179 1174 0.000488 0.022155 0.337769 0.562948
1180 1175 0.000488 0.024447 0.361755 0.602926
1181 1176 0.000488 0.031868 0.388611 0.647685
1182 1177 0.000000 0.032756 0.410950 0.684916
1183 1178 0.000000 0.032167 0.434570 0.724284
1184 1179 0.000000 0.037688 0.458923 0.764872
1185 1180 0.000488 0.036075 0.480469 0.800781
1186 1181 0.000000 0.034803 0.498291 0.830485
1187 1182 0.000691 0.033892 0.514343 0.857239
1188 1183 0.000488 0.036757 0.532471 0.887451
1189 1184 0.000000 0.031652 0.545593 0.909322
1190 1185 0.000691 0.031880 0.558838 0.931396
1191 1186 0.000691 0.030927 0.570374 0.950623
1192 1187 0.000488 0.032649 0.579346 0.965576
1193 1188 0.000000 0.037895 0.577637 0.962728
1194 1189 0.000488 0.040234 0.568726 0.947876
1195 1190 0.000000 0.040233 0.553711 0.922852
1196 1191 0.000691 0.038764 0.533630 0.889384
1197 1192 0.000488 0.038925 0.509827 0.849711
1198 1193 0.000000 0.030063 0.483582 0.805969
1199 1194 0.000691 0.039162 0.457520 0.762533
1200 1195 0.000000 0.037381 0.426819 0.711365
