0 0.000216 0.039059 100.000000 12.195122
0 0.000110 0.026953 200.000000 15.384615
0 0.000058 0.025894 300.000000 17.543859
0 0.000043 0.025195 400.000000 19.138756
0 0.000026 0.023906 500.000000 20.325203
0 0.000020 0.023143 600.000000 21.126760
0 0.000017 0.022444 700.000000 21.806854
0 0.000016 0.021342 800.000000 22.284122
10 0.000195 0.037547 100.000000 12.987013
10 0.000103 0.025608 200.000000 16.129032
10 0.000047 0.024724 300.000000 18.181818
10 0.000032 0.024094 400.000000 19.704433
10 0.000017 0.022723 500.000000 20.833334
10 0.000014 0.022039 600.000000 21.582733
10 0.000013 0.021276 700.000000 22.222221
10 0.000013 0.020050 800.000000 22.662889
20 0.000177 0.032679 100.000000 13.888889
20 0.000090 0.022070 200.000000 16.949152
20 0.000038 0.021867 300.000000 18.867924
20 0.000026 0.021539 400.000000 20.304569
20 0.000011 0.020200 500.000000 21.367521
20 0.000010 0.019783 600.000000 22.140221
20 0.000010 0.018955 700.000000 22.653721
20 0.000013 0.017779 800.000000 23.121387
30 0.000154 0.026848 100.000000 14.925373
30 0.000070 0.018339 200.000000 17.857143
30 0.000024 0.018839 300.000000 19.607843
30 0.000018 0.018640 400.000000 21.052631
30 0.000002 0.017408 500.000000 22.026432
30 0.000011 0.017403 600.000000 22.641510
30 0.000010 0.016569 700.000000 23.178808
30 0.000014 0.015557 800.000000 23.529411
40 0.000108 0.019370 100.000000 16.129032
40 0.000054 0.013676 200.000000 18.867924
40 0.000021 0.015272 300.000000 20.408163
40 0.000016 0.015029 400.000000 21.739130
40 0.000013 0.013962 500.000000 22.624434
40 0.000018 0.014214 600.000000 23.166023
40 0.000016 0.013521 700.000000 23.648649
40 0.000021 0.012973 800.000000 23.952095
50 0.000095 0.011793 100.000000 17.241379
50 0.000044 0.013055 200.000000 19.801981
50 0.000025 0.014387 300.000000 21.276596
50 0.000018 0.014152 400.000000 22.471910
50 0.000021 0.013194 500.000000 23.148148
50 0.000022 0.013500 600.000000 23.715416
50 0.000022 0.013016 700.000000 24.054983
50 0.000025 0.012740 800.000000 24.316109
60 0.000057 0.009295 100.000000 18.518518
60 0.000030 0.014551 200.000000 20.618557
60 0.000025 0.015656 300.000000 21.897810
60 0.000018 0.014223 400.000000 22.988506
60 0.000025 0.013567 500.000000 23.696682
60 0.000024 0.013657 600.000000 24.096386
60 0.000026 0.013237 700.000000 24.475525
60 0.000028 0.013000 800.000000 24.691359
70 0.000029 0.010382 100.000000 19.230770
70 0.000033 0.015548 200.000000 21.276596
70 0.000030 0.016288 300.000000 22.556391
70 0.000031 0.014241 400.000000 23.529411
70 0.000032 0.013519 500.000000 24.154589
70 0.000032 0.013878 600.000000 24.489796
70 0.000033 0.013625 700.000000 24.822695
70 0.000035 0.013635 800.000000 25.000000
80 0.000034 0.015107 100.000000 20.408163
80 0.000037 0.017236 200.000000 21.978022
80 0.000030 0.017817 300.000000 23.255814
80 0.000035 0.014792 400.000000 24.096386
80 0.000030 0.014543 500.000000 24.509804
80 0.000034 0.014518 600.000000 24.896265
80 0.000035 0.014323 700.000000 25.089605
80 0.000039 0.014353 800.000000 25.316456
90 0.000030 0.018180 100.000000 21.276596
90 0.000038 0.018773 200.000000 22.471910
90 0.000028 0.018144 300.000000 23.809525
90 0.000036 0.015140 400.000000 24.539877
90 0.000038 0.015219 500.000000 24.875622
90 0.000036 0.014934 600.000000 25.210085
90 0.000036 0.014667 700.000000 25.362318
90 0.000041 0.014829 800.000000 25.477707
100 0.000048 0.020829 100.000000 21.739130
100 0.000052 0.019653 200.000000 23.255814
100 0.000035 0.017858 300.000000 24.390244
100 0.000041 0.015491 400.000000 24.844721
100 0.000041 0.015683 500.000000 25.252525
100 0.000035 0.015482 600.000000 25.423729
100 0.000039 0.015461 700.000000 25.547445
100 0.000043 0.015550 800.000000 25.723473
110 0.000050 0.022277 100.000000 22.222221
110 0.000053 0.019777 200.000000 23.809525
110 0.000033 0.017064 300.000000 24.793388
110 0.000045 0.015421 400.000000 25.157232
110 0.000042 0.015624 500.000000 25.510204
110 0.000040 0.015432 600.000000 25.641026
110 0.000040 0.015497 700.000000 25.830257
110 0.000041 0.015597 800.000000 25.889967
120 0.000047 0.022016 100.000000 22.727272
120 0.000037 0.020053 200.000000 24.096386
120 0.000036 0.015810 300.000000 25.210085
120 0.000039 0.014673 400.000000 25.477707
120 0.000040 0.014787 500.000000 25.773195
120 0.000038 0.014459 600.000000 25.862068
120 0.000040 0.014396 700.000000 25.925926
120 0.000039 0.014416 800.000000 25.974026
130 0.000067 0.019576 100.000000 23.255814
130 0.000039 0.019298 200.000000 24.691359
130 0.000047 0.014899 300.000000 25.423729
130 0.000039 0.014727 400.000000 25.641026
130 0.000042 0.014718 500.000000 25.906736
130 0.000041 0.014425 600.000000 25.974026
130 0.000045 0.014539 700.000000 26.119404
130 0.000043 0.014821 800.000000 26.143791
140 0.000074 0.018211 100.000000 23.809525
140 0.000043 0.017384 200.000000 25.000000
140 0.000047 0.014077 300.000000 25.641026
140 0.000050 0.014492 400.000000 25.974026
140 0.000042 0.014565 500.000000 26.041666
140 0.000042 0.014366 600.000000 26.086956
140 0.000046 0.014605 700.000000 26.217228
140 0.000046 0.014958 800.000000 26.229507
150 0.000068 0.018227 100.000000 23.809525
150 0.000031 0.015453 200.000000 25.641026
150 0.000048 0.013346 300.000000 25.862068
150 0.000045 0.013998 400.000000 26.143791
150 0.000041 0.013743 500.000000 26.178011
150 0.000041 0.013856 600.000000 26.200872
150 0.000042 0.013716 700.000000 26.315790
150 0.000046 0.013962 800.000000 26.315790
160 0.000039 0.018132 100.000000 25.000000
160 0.000043 0.013601 200.000000 25.974026
160 0.000043 0.012821 300.000000 26.086956
160 0.000041 0.013254 400.000000 26.315790
160 0.000040 0.013066 500.000000 26.315790
160 0.000041 0.013004 600.000000 26.315790
160 0.000041 0.012834 700.000000 26.415094
160 0.000046 0.012898 800.000000 26.402639
170 0.000017 0.019654 100.000000 25.641026
170 0.000036 0.013451 200.000000 26.315790
170 0.000029 0.013439 300.000000 26.315790
170 0.000036 0.013596 400.000000 26.315790
170 0.000036 0.012930 500.000000 26.455027
170 0.000042 0.012659 600.000000 26.431719
170 0.000039 0.012425 700.000000 26.415094
170 0.000043 0.011965 800.000000 26.490067
180 0.000013 0.017594 100.000000 25.641026
180 0.000041 0.012936 200.000000 26.315790
180 0.000044 0.013755 300.000000 26.548672
180 0.000035 0.013439 400.000000 26.490067
180 0.000038 0.012763 500.000000 26.455027
180 0.000043 0.012362 600.000000 26.548672
180 0.000042 0.012112 700.000000 26.515152
180 0.000041 0.011727 800.000000 26.490067
190 0.000012 0.014934 100.000000 26.315790
190 0.000039 0.012994 200.000000 26.315790
190 0.000039 0.013986 300.000000 26.548672
190 0.000035 0.013298 400.000000 26.490067
190 0.000037 0.013000 500.000000 26.455027
190 0.000038 0.012120 600.000000 26.548672
190 0.000044 0.011756 700.000000 26.515152
190 0.000041 0.011493 800.000000 26.490067
200 0.000063 0.012046 100.000000 26.315790
200 0.000049 0.011953 200.000000 26.315790
200 0.000047 0.012805 300.000000 26.548672
200 0.000044 0.012598 400.000000 26.490067
200 0.000044 0.012309 500.000000 26.455027
200 0.000043 0.012018 600.000000 26.431719
200 0.000047 0.011793 700.000000 26.515152
200 0.000043 0.012207 800.000000 26.402639
210 0.000071 0.010255 100.000000 25.641026
210 0.000042 0.011350 200.000000 26.315790
210 0.000046 0.012100 300.000000 26.315790
210 0.000043 0.011362 400.000000 26.490067
210 0.000049 0.011245 500.000000 26.455027
210 0.000045 0.011053 600.000000 26.431719
210 0.000047 0.010749 700.000000 26.415094
210 0.000042 0.011367 800.000000 26.402639
220 0.000064 0.010489 100.000000 25.641026
220 0.000057 0.013087 200.000000 26.315790
220 0.000039 0.012490 300.000000 26.315790
220 0.000043 0.012045 400.000000 26.315790
220 0.000047 0.011485 500.000000 26.455027
220 0.000047 0.011284 600.000000 26.431719
220 0.000045 0.011062 700.000000 26.415094
220 0.000038 0.012048 800.000000 26.315790
230 0.000085 0.011175 100.000000 25.641026
230 0.000058 0.013138 200.000000 26.315790
230 0.000050 0.012437 300.000000 26.315790
230 0.000048 0.012236 400.000000 26.315790
230 0.000046 0.011445 500.000000 26.455027
230 0.000053 0.011253 600.000000 26.431719
230 0.000048 0.011245 700.000000 26.415094
230 0.000038 0.012478 800.000000 26.315790
240 0.000041 0.014042 100.000000 25.641026
240 0.000039 0.014783 200.000000 25.974026
240 0.000039 0.013515 300.000000 26.315790
240 0.000045 0.012637 400.000000 26.315790
240 0.000041 0.011579 500.000000 26.315790
240 0.000046 0.010304 600.000000 26.431719
240 0.000041 0.010164 700.000000 26.315790
240 0.000034 0.011134 800.000000 26.229507
250 0.000017 0.017265 100.000000 25.641026
250 0.000033 0.016419 200.000000 25.974026
250 0.000034 0.014420 300.000000 26.315790
250 0.000043 0.013364 400.000000 26.315790
250 0.000041 0.012165 500.000000 26.315790
250 0.000043 0.010525 600.000000 26.315790
250 0.000037 0.010324 700.000000 26.315790
250 0.000030 0.011361 800.000000 26.229507
260 0.000045 0.018810 100.000000 25.641026
260 0.000025 0.015676 200.000000 25.974026
260 0.000037 0.014310 300.000000 26.315790
260 0.000042 0.012763 400.000000 26.315790
260 0.000045 0.011822 500.000000 26.315790
260 0.000042 0.010324 600.000000 26.315790
260 0.000035 0.010766 700.000000 26.315790
260 0.000032 0.011766 800.000000 26.143791
270 0.000033 0.018032 100.000000 25.641026
270 0.000036 0.015899 200.000000 25.974026
270 0.000037 0.014612 300.000000 26.315790
270 0.000038 0.012696 400.000000 26.315790
270 0.000047 0.011293 500.000000 26.315790
270 0.000043 0.010005 600.000000 26.315790
270 0.000030 0.010618 700.000000 26.217228
270 0.000033 0.011445 800.000000 26.143791
280 0.000042 0.017165 100.000000 25.641026
280 0.000042 0.014625 200.000000 25.974026
280 0.000051 0.013595 300.000000 26.315790
280 0.000043 0.012125 400.000000 26.315790
280 0.000048 0.010394 500.000000 26.315790
280 0.000042 0.010073 600.000000 26.315790
280 0.000035 0.011101 700.000000 26.217228
280 0.000030 0.011976 800.000000 26.058632
290 0.000023 0.016605 100.000000 25.641026
290 0.000035 0.014659 200.000000 25.974026
290 0.000047 0.013359 300.000000 26.315790
290 0.000042 0.011949 400.000000 26.315790
290 0.000043 0.009976 500.000000 26.315790
290 0.000035 0.009921 600.000000 26.200872
290 0.000030 0.010772 700.000000 26.119404
290 0.000023 0.011437 800.000000 26.058632
300 0.000015 0.015367 100.000000 25.641026
300 0.000033 0.014891 200.000000 25.974026
300 0.000038 0.012557 300.000000 26.315790
300 0.000046 0.011371 400.000000 26.315790
300 0.000042 0.009527 500.000000 26.315790
300 0.000033 0.009827 600.000000 26.200872
300 0.000030 0.010724 700.000000 26.119404
300 0.000020 0.011031 800.000000 26.058632
310 0.000041 0.015315 100.000000 25.641026
310 0.000045 0.014285 200.000000 25.974026
310 0.000043 0.012166 300.000000 26.086956
310 0.000050 0.010569 400.000000 26.315790
310 0.000044 0.009234 500.000000 26.178011
310 0.000032 0.009981 600.000000 26.200872
310 0.000034 0.011024 700.000000 26.022305
310 0.000021 0.011263 800.000000 26.058632
320 0.000041 0.014329 100.000000 25.641026
320 0.000057 0.013479 200.000000 25.974026
320 0.000044 0.011829 300.000000 26.086956
320 0.000051 0.009505 400.000000 26.315790
320 0.000042 0.009068 500.000000 26.178011
320 0.000033 0.010294 600.000000 26.086956
320 0.000028 0.010987 700.000000 26.022305
320 0.000019 0.011270 800.000000 26.058632
330 0.000051 0.014076 100.000000 25.641026
330 0.000058 0.012600 200.000000 25.974026
330 0.000052 0.011266 300.000000 26.086956
330 0.000049 0.009253 400.000000 26.143791
330 0.000037 0.009523 500.000000 26.178011
330 0.000032 0.010520 600.000000 26.086956
330 0.000023 0.011053 700.000000 26.022305
330 0.000016 0.011529 800.000000 26.058632
340 0.000044 0.015659 100.000000 25.641026
340 0.000049 0.012240 200.000000 25.974026
340 0.000056 0.010746 300.000000 26.086956
340 0.000048 0.008851 400.000000 26.143791
340 0.000033 0.009412 500.000000 26.178011
340 0.000033 0.010701 600.000000 25.974026
340 0.000020 0.010945 700.000000 26.022305
340 0.000016 0.011436 800.000000 26.058632
350 0.000048 0.015699 100.000000 25.641026
350 0.000044 0.012968 200.000000 25.974026
350 0.000055 0.010759 300.000000 26.086956
350 0.000043 0.009578 400.000000 26.143791
350 0.000030 0.010330 500.000000 26.041666
350 0.000032 0.011282 600.000000 25.974026
350 0.000018 0.011403 700.000000 25.925926
350 0.000013 0.011611 800.000000 26.143791
360 0.000075 0.015236 100.000000 25.641026
360 0.000048 0.012757 200.000000 25.974026
360 0.000052 0.009761 300.000000 26.086956
360 0.000041 0.009031 400.000000 26.143791
360 0.000029 0.010464 500.000000 26.041666
360 0.000024 0.011046 600.000000 25.862068
360 0.000016 0.011475 700.000000 26.022305
360 0.000013 0.011390 800.000000 26.143791
370 0.000065 0.013632 100.000000 25.641026
370 0.000055 0.012233 200.000000 25.974026
370 0.000047 0.009517 300.000000 26.086956
370 0.000034 0.009860 400.000000 25.974026
370 0.000031 0.011055 500.000000 25.906736
370 0.000019 0.011407 600.000000 25.862068
370 0.000011 0.011884 700.000000 26.022305
370 0.000011 0.011746 800.000000 26.143791
380 0.000046 0.011775 100.000000 25.641026
380 0.000065 0.010896 200.000000 25.974026
380 0.000050 0.008697 300.000000 26.086956
380 0.000030 0.009581 400.000000 25.974026
380 0.000031 0.011000 500.000000 25.906736
380 0.000018 0.011163 600.000000 25.862068
380 0.000013 0.011823 700.000000 26.022305
380 0.000011 0.011531 800.000000 26.143791
390 0.000039 0.013997 100.000000 25.641026
390 0.000053 0.011370 200.000000 25.974026
390 0.000039 0.010166 300.000000 26.086956
390 0.000027 0.011210 400.000000 25.974026
390 0.000026 0.012166 500.000000 25.773195
390 0.000013 0.012312 600.000000 25.862068
390 0.000011 0.012690 700.000000 26.022305
390 0.000010 0.012691 800.000000 26.143791
400 0.000031 0.015651 100.000000 25.641026
400 0.000042 0.012235 200.000000 25.974026
400 0.000029 0.011350 300.000000 25.862068
400 0.000018 0.012746 400.000000 25.806452
400 0.000014 0.013059 500.000000 25.773195
400 0.000012 0.013717 600.000000 25.862068
400 0.000010 0.013892 700.000000 26.119404
400 0.000009 0.014268 800.000000 26.229507
410 0.000042 0.015706 100.000000 25.641026
410 0.000037 0.011827 200.000000 25.974026
410 0.000024 0.012168 300.000000 25.862068
410 0.000021 0.013471 400.000000 25.806452
410 0.000012 0.013496 500.000000 25.773195
410 0.000010 0.014338 600.000000 25.974026
410 0.000011 0.014453 700.000000 26.119404
410 0.000009 0.014969 800.000000 26.229507
420 0.000092 0.012405 100.000000 25.641026
420 0.000055 0.009828 200.000000 25.641026
420 0.000023 0.010858 300.000000 25.862068
420 0.000032 0.012559 400.000000 25.641026
420 0.000016 0.012742 500.000000 25.773195
420 0.000012 0.013559 600.000000 25.974026
420 0.000011 0.013400 700.000000 26.119404
420 0.000009 0.014230 800.000000 26.143791
430 0.000072 0.011002 100.000000 25.641026
430 0.000041 0.010547 200.000000 25.641026
430 0.000026 0.012649 300.000000 25.641026
430 0.000023 0.013605 400.000000 25.641026
430 0.000014 0.013969 500.000000 25.773195
430 0.000012 0.014448 600.000000 25.974026
430 0.000012 0.014726 700.000000 26.119404
430 0.000010 0.015423 800.000000 26.143791
440 0.000043 0.011542 100.000000 25.641026
440 0.000023 0.012339 200.000000 25.641026
440 0.000014 0.014500 300.000000 25.641026
440 0.000013 0.015068 400.000000 25.641026
440 0.000013 0.016005 500.000000 25.773195
440 0.000015 0.016374 600.000000 26.086956
440 0.000012 0.017000 700.000000 26.119404
440 0.000009 0.017369 800.000000 26.143791
450 0.000030 0.012379 100.000000 25.000000
450 0.000015 0.014028 200.000000 25.641026
450 0.000016 0.016167 300.000000 25.641026
450 0.000017 0.016172 400.000000 25.641026
450 0.000017 0.017529 500.000000 25.773195
450 0.000017 0.017682 600.000000 26.086956
450 0.000013 0.018528 700.000000 26.119404
450 0.000010 0.018699 800.000000 26.058632
460 0.000015 0.014822 100.000000 25.000000
460 0.000016 0.017229 200.000000 25.316456
460 0.000017 0.018673 300.000000 25.423729
460 0.000020 0.018647 400.000000 25.641026
460 0.000021 0.019650 500.000000 25.906736
460 0.000019 0.019890 600.000000 26.086956
460 0.000016 0.020795 700.000000 26.119404
460 0.000009 0.020633 800.000000 25.974026
470 0.000014 0.016492 100.000000 25.000000
470 0.000013 0.019485 200.000000 25.316456
470 0.000016 0.019573 300.000000 25.423729
470 0.000020 0.019921 400.000000 25.641026
470 0.000021 0.020523 500.000000 25.906736
470 0.000020 0.020879 600.000000 26.086956
470 0.000012 0.021508 700.000000 26.119404
470 0.000009 0.020996 800.000000 25.889967
480 0.000023 0.017917 100.000000 25.000000
480 0.000014 0.019836 200.000000 25.316456
480 0.000022 0.019602 300.000000 25.423729
480 0.000024 0.020392 400.000000 25.641026
480 0.000021 0.020620 500.000000 26.041666
480 0.000017 0.021214 600.000000 26.086956
480 0.000010 0.021339 700.000000 26.119404
480 0.000012 0.020437 800.000000 25.806452
490 0.000025 0.019442 100.000000 25.000000
490 0.000014 0.021233 200.000000 25.316456
490 0.000025 0.020443 300.000000 25.423729
490 0.000025 0.021358 400.000000 25.806452
490 0.000021 0.021235 500.000000 26.041666
490 0.000015 0.021912 600.000000 26.200872
490 0.000008 0.021898 700.000000 26.022305
490 0.000009 0.020503 800.000000 25.723473
500 0.000033 0.022134 100.000000 25.000000
500 0.000020 0.022936 200.000000 25.000000
500 0.000028 0.021859 300.000000 25.423729
500 0.000028 0.022592 400.000000 25.806452
500 0.000023 0.022453 500.000000 26.041666
500 0.000018 0.023090 600.000000 26.200872
500 0.000008 0.022715 700.000000 25.925926
500 0.000009 0.021238 800.000000 25.559105
510 0.000022 0.023963 100.000000 25.000000
510 0.000022 0.022512 200.000000 25.000000
510 0.000027 0.022490 300.000000 25.423729
510 0.000026 0.022519 400.000000 25.974026
510 0.000024 0.022727 500.000000 26.178011
510 0.000011 0.023357 600.000000 26.086956
510 0.000010 0.022547 700.000000 25.830257
510 0.000010 0.020734 800.000000 25.396826
520 0.000037 0.022142 100.000000 24.390244
520 0.000029 0.020250 200.000000 25.000000
520 0.000031 0.020834 300.000000 25.641026
520 0.000025 0.021050 400.000000 25.974026
520 0.000017 0.021461 500.000000 26.178011
520 0.000010 0.021535 600.000000 26.086956
520 0.000013 0.020289 700.000000 25.735294
520 0.000013 0.018532 800.000000 25.236593
530 0.000034 0.023006 100.000000 24.390244
530 0.000032 0.020210 200.000000 25.000000
530 0.000026 0.021190 300.000000 25.641026
530 0.000021 0.020763 400.000000 25.974026
530 0.000017 0.021387 500.000000 26.178011
530 0.000009 0.021100 600.000000 26.086956
530 0.000012 0.019534 700.000000 25.641026
530 0.000013 0.017806 800.000000 25.078369
540 0.000040 0.022582 100.000000 24.390244
540 0.000026 0.020367 200.000000 25.316456
540 0.000030 0.021208 300.000000 25.862068
540 0.000023 0.020916 400.000000 26.143791
540 0.000016 0.021796 500.000000 26.178011
540 0.000011 0.021060 600.000000 25.974026
540 0.000013 0.019476 700.000000 25.454546
540 0.000012 0.017551 800.000000 24.844721
550 0.000016 0.020130 100.000000 24.390244
550 0.000028 0.020922 200.000000 25.316456
550 0.000024 0.020949 300.000000 26.086956
550 0.000024 0.021252 400.000000 26.315790
550 0.000010 0.021978 500.000000 26.178011
550 0.000012 0.020960 600.000000 25.862068
550 0.000013 0.018937 700.000000 25.362318
550 0.000010 0.016996 800.000000 24.464832
560 0.000051 0.020681 100.000000 24.390244
560 0.000050 0.022047 200.000000 25.641026
560 0.000033 0.022564 300.000000 26.086956
560 0.000022 0.023211 400.000000 26.315790
560 0.000011 0.023243 500.000000 26.178011
560 0.000012 0.021662 600.000000 25.751074
560 0.000014 0.019692 700.000000 25.179855
560 0.000010 0.017607 800.000000 24.024025
570 0.000081 0.019580 100.000000 25.000000
570 0.000050 0.022622 200.000000 25.974026
570 0.000037 0.022698 300.000000 26.315790
570 0.000028 0.023848 400.000000 26.315790
570 0.000010 0.023377 500.000000 26.178011
570 0.000012 0.021522 600.000000 25.641026
570 0.000012 0.019498 700.000000 25.000000
570 0.000011 0.017352 800.000000 23.598820
580 0.000083 0.022158 100.000000 25.000000
580 0.000063 0.024131 200.000000 25.974026
580 0.000041 0.024135 300.000000 26.315790
580 0.000028 0.025013 400.000000 26.490067
580 0.000011 0.024180 500.000000 26.041666
580 0.000012 0.022133 600.000000 25.531916
580 0.000010 0.019874 700.000000 24.734982
580 0.000014 0.017572 800.000000 23.054754
590 0.000044 0.021318 100.000000 25.641026
590 0.000033 0.021319 200.000000 26.315790
590 0.000030 0.021458 300.000000 26.548672
590 0.000014 0.022089 400.000000 26.315790
590 0.000017 0.020682 500.000000 26.041666
590 0.000018 0.018294 600.000000 25.316456
590 0.000014 0.016093 700.000000 24.305555
590 0.000019 0.013836 800.000000 22.662889
600 0.000048 0.021305 100.000000 25.641026
600 0.000028 0.020469 200.000000 26.315790
600 0.000016 0.020901 300.000000 26.548672
600 0.000016 0.020578 400.000000 26.315790
600 0.000023 0.018542 500.000000 25.773195
600 0.000022 0.016357 600.000000 25.104603
600 0.000017 0.014103 700.000000 23.809525
600 0.000020 0.012072 800.000000 22.222221
610 0.000034 0.021996 100.000000 25.641026
610 0.000024 0.019457 200.000000 26.666666
610 0.000017 0.020521 300.000000 26.548672
610 0.000021 0.019600 400.000000 26.143791
610 0.000023 0.017339 500.000000 25.641026
610 0.000024 0.015345 600.000000 24.793388
610 0.000021 0.013006 700.000000 23.178808
610 0.000022 0.011555 800.000000 21.798365
620 0.000050 0.019890 100.000000 26.315790
620 0.000027 0.018718 200.000000 26.666666
620 0.000012 0.019790 300.000000 26.548672
620 0.000024 0.018368 400.000000 25.974026
620 0.000027 0.016195 500.000000 25.380711
620 0.000023 0.014032 600.000000 24.390244
620 0.000024 0.011805 700.000000 22.653721
620 0.000023 0.010984 800.000000 21.505377
630 0.000041 0.018511 100.000000 26.315790
630 0.000024 0.018731 200.000000 26.666666
630 0.000021 0.019291 300.000000 26.315790
630 0.000032 0.017396 400.000000 25.806452
630 0.000031 0.014834 500.000000 25.000000
630 0.000021 0.012664 600.000000 23.904383
630 0.000026 0.010761 700.000000 22.082020
630 0.000025 0.010378 800.000000 21.164021
640 0.000028 0.016490 100.000000 26.315790
640 0.000009 0.017699 200.000000 26.666666
640 0.000031 0.017590 300.000000 26.086956
640 0.000034 0.015260 400.000000 25.477707
640 0.000035 0.013240 500.000000 24.752476
640 0.000024 0.011170 600.000000 23.166023
640 0.000026 0.010114 700.000000 21.538462
640 0.000027 0.010148 800.000000 20.725389
650 0.000031 0.015564 100.000000 26.315790
650 0.000015 0.018439 200.000000 26.315790
650 0.000035 0.017257 300.000000 25.862068
650 0.000037 0.014855 400.000000 25.157232
650 0.000029 0.013014 500.000000 24.271845
650 0.000027 0.010951 600.000000 22.471910
650 0.000028 0.010382 700.000000 21.084337
650 0.000027 0.010105 800.000000 20.304569
660 0.000014 0.016390 100.000000 26.315790
660 0.000021 0.018188 200.000000 25.974026
660 0.000041 0.016235 300.000000 25.641026
660 0.000041 0.013936 400.000000 24.844721
660 0.000032 0.012235 500.000000 23.809525
660 0.000031 0.010526 600.000000 21.818182
660 0.000028 0.010734 700.000000 20.771513
660 0.000024 0.010576 800.000000 19.851116
670 0.000012 0.018960 100.000000 25.641026
670 0.000033 0.018151 200.000000 25.974026
670 0.000053 0.015873 300.000000 25.210085
670 0.000042 0.013622 400.000000 24.390244
670 0.000026 0.012028 500.000000 23.041475
670 0.000032 0.010646 600.000000 21.201414
670 0.000032 0.010742 700.000000 20.348837
670 0.000019 0.010377 800.000000 19.417477
680 0.000022 0.020019 100.000000 25.641026
680 0.000047 0.018152 200.000000 25.641026
680 0.000047 0.014972 300.000000 24.793388
680 0.000043 0.013133 400.000000 23.952095
680 0.000030 0.011204 500.000000 22.222221
680 0.000032 0.010638 600.000000 20.689655
680 0.000033 0.010557 700.000000 19.886364
680 0.000014 0.009897 800.000000 19.093079
690 0.000007 0.020729 100.000000 25.641026
690 0.000055 0.017552 200.000000 25.316456
690 0.000050 0.014854 300.000000 24.390244
690 0.000037 0.013197 400.000000 23.529411
690 0.000034 0.011130 500.000000 21.459227
690 0.000033 0.011306 600.000000 20.202021
690 0.000032 0.010654 700.000000 19.444445
700 0.000056 0.020148 100.000000 25.000000
700 0.000067 0.016862 200.000000 24.691359
700 0.000052 0.013960 300.000000 24.000000
700 0.000037 0.012591 400.000000 22.857143
700 0.000037 0.010942 500.000000 20.833334
700 0.000036 0.011153 600.000000 19.867550
700 0.000027 0.010402 700.000000 18.970190
710 0.000055 0.018329 100.000000 25.000000
710 0.000068 0.014848 200.000000 24.390244
710 0.000050 0.012534 300.000000 23.622047
710 0.000031 0.010865 400.000000 21.978022
710 0.000036 0.009450 500.000000 20.161291
710 0.000037 0.009774 600.000000 19.417477
710 0.000017 0.009285 700.000000 18.567638
720 0.000097 0.015894 100.000000 24.390244
720 0.000071 0.012939 200.000000 23.809525
720 0.000054 0.011892 300.000000 23.076923
720 0.000038 0.010352 400.000000 21.164021
720 0.000039 0.010461 500.000000 19.607843
720 0.000040 0.010126 600.000000 18.987341
730 0.000107 0.014510 100.000000 23.809525
730 0.000066 0.012879 200.000000 23.529411
730 0.000046 0.011805 300.000000 22.556391
730 0.000042 0.009955 400.000000 20.304569
730 0.000040 0.010491 500.000000 19.230770
730 0.000035 0.009795 600.000000 18.518518
740 0.000072 0.016089 100.000000 23.809525
740 0.000046 0.012737 200.000000 22.988506
740 0.000026 0.011138 300.000000 21.739130
740 0.000036 0.008604 400.000000 19.704433
740 0.000036 0.008606 500.000000 18.867924
740 0.000024 0.008374 600.000000 18.072289
750 0.000070 0.014097 100.000000 23.255814
750 0.000045 0.012078 200.000000 22.471910
750 0.000023 0.009980 300.000000 20.833334
750 0.000036 0.007808 400.000000 19.047619
750 0.000038 0.007802 500.000000 18.518518
750 0.000018 0.007795 600.000000 17.751480
760 0.000046 0.013587 100.000000 22.727272
760 0.000033 0.011893 200.000000 21.978022
760 0.000021 0.009274 300.000000 20.000000
760 0.000038 0.007151 400.000000 18.604650
760 0.000035 0.006746 500.000000 18.050541
770 0.000028 0.014487 100.000000 22.222221
770 0.000016 0.011938 200.000000 21.505377
770 0.000031 0.008663 300.000000 19.230770
770 0.000041 0.006624 400.000000 18.181818
770 0.000033 0.006540 500.000000 17.605635
780 0.000023 0.012292 100.000000 21.739130
780 0.000007 0.010848 200.000000 20.833334
780 0.000039 0.007548 300.000000 18.518518
780 0.000042 0.005614 400.000000 17.857143
780 0.000027 0.006107 500.000000 17.241379
790 0.000018 0.012683 100.000000 21.276596
790 0.000009 0.010364 200.000000 19.801981
790 0.000042 0.006425 300.000000 17.964071
790 0.000040 0.004403 400.000000 17.543859
790 0.000025 0.005788 500.000000 16.891891
800 0.000030 0.012137 100.000000 20.833334
800 0.000015 0.009154 200.000000 18.867924
800 0.000047 0.005253 300.000000 17.441860
800 0.000040 0.005271 400.000000 17.167381
800 0.000025 0.006172 500.000000 16.666666
810 0.000015 0.012021 100.000000 20.408163
810 0.000032 0.008319 200.000000 18.018019
810 0.000051 0.004771 300.000000 17.142857
810 0.000041 0.005053 400.000000 16.806723
820 0.000011 0.010711 100.000000 19.607843
820 0.000051 0.007322 200.000000 17.241379
820 0.000054 0.004261 300.000000 16.853933
820 0.000037 0.005322 400.000000 16.393442
830 0.000035 0.010059 100.000000 18.518518
830 0.000063 0.006287 200.000000 16.666666
830 0.000058 0.004364 300.000000 16.574585
830 0.000033 0.005202 400.000000 16.129032
840 0.000043 0.010067 100.000000 17.241379
840 0.000075 0.005042 200.000000 16.129032
840 0.000056 0.004859 300.000000 16.304348
840 0.000035 0.004539 400.000000 15.873015
850 0.000051 0.009170 100.000000 16.393442
850 0.000082 0.004198 200.000000 15.873015
850 0.000059 0.005866 300.000000 15.957447
860 0.000091 0.008272 100.000000 15.625000
860 0.000083 0.004937 200.000000 15.625000
860 0.000055 0.006490 300.000000 15.625000
870 0.000115 0.007768 100.000000 14.925373
870 0.000086 0.006106 200.000000 15.503876
870 0.000052 0.006815 300.000000 15.384615
880 0.000132 0.006453 100.000000 14.705882
880 0.000084 0.007572 200.000000 15.503876
880 0.000042 0.006729 300.000000 15.306123
890 0.000127 0.006211 100.000000 14.705882
890 0.000082 0.008939 200.000000 15.625000
890 0.000039 0.006487 300.000000 15.306123
900 0.000133 0.008364 100.000000 14.925373
900 0.000078 0.010492 200.000000 15.625000
900 0.000045 0.006301 300.000000 15.306123
910 0.000126 0.012067 100.000000 14.925373
910 0.000075 0.011097 200.000000 15.503876
920 0.000102 0.015021 100.000000 15.384615
920 0.000071 0.012137 200.000000 15.503876
930 0.000080 0.017030 100.000000 15.625000
930 0.000070 0.013092 200.000000 15.503876
940 0.000071 0.017817 100.000000 15.873015
940 0.000073 0.012197 200.000000 15.384615
950 0.000052 0.017769 100.000000 16.129032
950 0.000073 0.011576 200.000000 15.384615
960 0.000066 0.016192 100.000000 16.129032
960 0.000070 0.011050 200.000000 15.384615
970 0.000066 0.013777 100.000000 15.873015
970 0.000060 0.011290 200.000000 15.384615
980 0.000088 0.012782 100.000000 15.625000
990 0.000111 0.012333 100.000000 15.151515
1000 0.000139 0.013042 100.000000 14.705882
1010 0.000139 0.014815 100.000000 14.492754
1020 0.000147 0.017596 100.000000 14.492754
1030 0.000145 0.021395 100.000000 14.705882
