0 0.000074 0.010241 100.000000 6.289308
0 0.000060 0.004718 200.000000 6.666667
0 0.000022 0.003829 300.000000 7.194244
0 0.000014 0.003517 400.000000 7.312614
0 0.000009 0.003451 500.000000 7.587254
10 0.000054 0.009511 100.000000 6.211180
10 0.000050 0.004308 200.000000 6.666667
10 0.000017 0.003990 300.000000 7.194244
10 0.000012 0.003569 400.000000 7.299270
10 0.000010 0.004162 500.000000 7.575758
20 0.000054 0.009701 100.000000 6.134969
20 0.000052 0.004072 200.000000 6.666667
20 0.000017 0.004159 300.000000 7.194244
20 0.000007 0.003983 400.000000 7.299270
20 0.000014 0.004878 500.000000 7.552870
30 0.000068 0.010792 100.000000 5.952381
30 0.000043 0.004528 200.000000 6.688963
30 0.000025 0.004557 300.000000 7.211538
30 0.000012 0.004312 400.000000 7.312614
30 0.000012 0.005026 500.000000 7.541478
40 0.000067 0.011692 100.000000 5.847953
40 0.000042 0.004615 200.000000 6.734007
40 0.000025 0.004678 300.000000 7.246377
40 0.000012 0.004349 400.000000 7.326007
40 0.000011 0.005157 500.000000 7.518797
50 0.000044 0.009818 100.000000 5.847953
50 0.000041 0.003788 200.000000 6.779661
50 0.000025 0.003995 300.000000 7.281553
50 0.000010 0.003635 400.000000 7.366483
50 0.000011 0.004454 500.000000 7.485030
60 0.000064 0.008625 100.000000 5.988024
60 0.000045 0.003372 200.000000 6.896552
60 0.000024 0.003908 300.000000 7.352941
60 0.000010 0.003478 400.000000 7.434944
60 0.000010 0.004336 500.000000 7.429420
70 0.000076 0.008002 100.000000 6.211180
70 0.000048 0.002750 200.000000 7.042253
70 0.000028 0.003568 300.000000 7.481297
70 0.000011 0.003150 400.000000 7.518797
70 0.000012 0.004076 500.000000 7.418397
80 0.000093 0.007418 100.000000 6.451613
80 0.000054 0.002584 200.000000 7.220217
80 0.000031 0.003901 300.000000 7.614213
80 0.000012 0.003139 400.000000 7.619048
80 0.000013 0.003871 500.000000 7.440476
90 0.000093 0.007570 100.000000 6.711410
90 0.000057 0.003224 200.000000 7.380074
90 0.000029 0.004483 300.000000 7.751938
90 0.000016 0.003963 400.000000 7.722008
90 0.000017 0.004892 500.000000 7.440476
100 0.000071 0.008022 100.000000 6.896552
100 0.000036 0.002621 200.000000 7.518797
100 0.000019 0.003717 300.000000 7.832898
100 0.000014 0.004036 400.000000 7.797271
100 0.000014 0.005255 500.000000 7.342144
110 0.000049 0.008177 100.000000 6.896552
110 0.000016 0.003910 200.000000 7.547170
110 0.000016 0.004520 300.000000 7.894737
110 0.000018 0.005342 400.000000 7.858546
120 0.000056 0.006468 100.000000 6.849315
120 0.000011 0.004352 200.000000 7.575758
120 0.000014 0.004845 300.000000 7.894737
120 0.000021 0.005852 400.000000 7.905138
130 0.000078 0.005422 100.000000 6.849315
130 0.000018 0.004485 200.000000 7.575758
130 0.000020 0.004996 300.000000 7.812500
130 0.000021 0.005580 400.000000 7.920792
140 0.000078 0.005884 100.000000 6.896552
140 0.000014 0.005080 200.000000 7.633588
140 0.000021 0.005671 300.000000 7.751938
140 0.000022 0.006496 400.000000 7.936508
150 0.000079 0.005581 100.000000 6.993007
150 0.000015 0.005392 200.000000 7.662835
150 0.000020 0.006075 300.000000 7.712082
150 0.000024 0.006967 400.000000 7.968128
160 0.000077 0.004259 100.000000 7.042253
160 0.000018 0.004848 200.000000 7.722008
160 0.000018 0.005684 300.000000 7.712082
160 0.000024 0.006912 400.000000 7.984032
170 0.000071 0.004260 100.000000 7.142857
170 0.000015 0.004798 200.000000 7.782101
170 0.000021 0.005659 300.000000 7.731959
170 0.000024 0.007286 400.000000 8.000000
180 0.000086 0.002962 100.000000 7.246377
180 0.000008 0.003717 200.000000 7.843137
180 0.000017 0.004830 300.000000 7.772021
180 0.000020 0.006747 400.000000 8.000000
190 0.000096 0.002895 100.000000 7.407407
190 0.000010 0.002523 200.000000 7.936508
190 0.000017 0.003651 300.000000 7.832898
190 0.000020 0.005769 400.000000 8.032128
200 0.000077 0.005298 100.000000 7.575758
200 0.000017 0.003522 200.000000 8.064516
200 0.000020 0.004551 300.000000 7.915567
200 0.000021 0.006632 400.000000 8.064516
210 0.000055 0.007455 100.000000 7.812500
210 0.000018 0.004872 200.000000 8.163265
210 0.000019 0.005524 300.000000 7.978724
210 0.000021 0.007760 400.000000 8.080808
220 0.000043 0.007082 100.000000 8.000000
220 0.000023 0.004300 200.000000 8.264462
220 0.000016 0.004939 300.000000 8.021390
220 0.000018 0.006767 400.000000 8.016032
230 0.000023 0.009506 100.000000 8.064516
230 0.000028 0.006546 200.000000 8.298756
230 0.000029 0.007980 300.000000 8.064516
230 0.000024 0.009205 400.000000 7.782101
240 0.000016 0.010452 100.000000 8.130081
240 0.000027 0.007261 200.000000 8.368201
240 0.000031 0.008694 300.000000 8.108109
240 0.000023 0.009893 400.000000 7.575758
250 0.000027 0.011094 100.000000 8.196721
250 0.000028 0.008194 200.000000 8.438819
250 0.000035 0.009732 300.000000 8.174387
260 0.000042 0.010115 100.000000 8.333333
260 0.000029 0.007889 200.000000 8.510638
260 0.000035 0.009478 300.000000 8.264462
270 0.000058 0.010010 100.000000 8.333333
270 0.000035 0.008683 200.000000 8.438819
270 0.000038 0.010069 300.000000 8.310249
280 0.000064 0.009820 100.000000 8.403361
280 0.000032 0.009448 200.000000 8.230453
280 0.000040 0.010590 300.000000 8.333333
290 0.000078 0.010584 100.000000 8.403361
290 0.000036 0.010097 200.000000 8.130081
290 0.000039 0.011168 300.000000 8.333333
300 0.000085 0.012863 100.000000 8.403361
300 0.000049 0.012180 200.000000 8.064516
300 0.000047 0.013602 300.000000 8.310249
310 0.000078 0.012122 100.000000 8.403361
310 0.000042 0.011803 200.000000 8.000000
310 0.000048 0.013578 300.000000 8.287292
320 0.000076 0.012134 100.000000 8.474576
320 0.000045 0.012036 200.000000 8.000000
320 0.000045 0.014163 300.000000 8.241758
330 0.000059 0.009956 100.000000 8.474576
330 0.000043 0.010035 200.000000 8.032128
330 0.000037 0.012272 300.000000 8.196721
340 0.000069 0.009414 100.000000 8.474576
340 0.000044 0.009828 200.000000 8.000000
340 0.000036 0.012016 300.000000 8.064516
350 0.000081 0.009980 100.000000 8.403361
350 0.000052 0.011043 200.000000 8.000000
350 0.000037 0.012575 300.000000 7.751938
360 0.000053 0.009479 100.000000 8.474576
360 0.000052 0.010745 200.000000 8.032128
360 0.000034 0.012031 300.000000 7.425743
370 0.000037 0.008087 100.000000 8.547009
370 0.000047 0.009444 200.000000 8.130081
380 0.000041 0.006792 100.000000 8.547009
380 0.000046 0.008351 200.000000 8.196721
390 0.000035 0.006809 100.000000 8.333333
390 0.000041 0.007857 200.000000 8.230453
400 0.000033 0.007023 100.000000 7.936508
400 0.000039 0.007612 200.000000 8.230453
410 0.000032 0.007333 100.000000 7.692307
410 0.000040 0.007872 200.000000 8.230453
420 0.000022 0.006553 100.000000 7.575758
420 0.000038 0.008149 200.000000 8.196721
430 0.000031 0.006991 100.000000 7.518797
430 0.000045 0.009313 200.000000 8.163265
440 0.000047 0.006805 100.000000 7.518797
440 0.000041 0.009843 200.000000 8.064516
450 0.000056 0.007034 100.000000 7.518797
450 0.000035 0.010263 200.000000 7.968128
460 0.000056 0.006960 100.000000 7.518797
460 0.000037 0.009736 200.000000 7.751938
470 0.000070 0.008092 100.000000 7.575758
470 0.000034 0.009181 200.000000 7.272727
480 0.000066 0.008616 100.000000 7.575758
480 0.000030 0.009454 200.000000 6.756757
490 0.000069 0.008963 100.000000 7.692307
500 0.000054 0.008072 100.000000 7.874016
510 0.000053 0.007592 100.000000 8.064516
520 0.000062 0.007519 100.000000 8.333333
530 0.000060 0.007900 100.000000 8.547009
540 0.000059 0.007604 100.000000 8.771930
550 0.000057 0.009012 100.000000 8.849558
560 0.000062 0.010214 100.000000 8.771930
570 0.000044 0.010096 100.000000 8.620689
580 0.000029 0.008921 100.000000 8.403361
590 0.000024 0.008883 100.000000 8.000000
600 0.000013 0.007320 100.000000 6.993007
610 0.000028 0.006642 100.000000 6.060606
