0 0.000036 0.004682 100.000000 13.513514
0 0.000012 0.003860 200.000000 13.605442
0 0.000008 0.003938 300.000000 14.084507
10 0.000051 0.005119 100.000000 13.513514
10 0.000017 0.003741 200.000000 13.698630
10 0.000013 0.004053 300.000000 14.150944
20 0.000052 0.006204 100.000000 13.513514
20 0.000011 0.003828 200.000000 13.698630
20 0.000014 0.004383 300.000000 14.285714
30 0.000046 0.006891 100.000000 13.513514
30 0.000012 0.003835 200.000000 13.793103
30 0.000017 0.004744 300.000000 14.354067
40 0.000049 0.007112 100.000000 13.333333
40 0.000015 0.003734 200.000000 13.888889
40 0.000015 0.004852 300.000000 14.492754
50 0.000026 0.006326 100.000000 13.333333
50 0.000016 0.003460 200.000000 13.986014
50 0.000012 0.004764 300.000000 14.563107
60 0.000015 0.004892 100.000000 13.333333
60 0.000017 0.004046 200.000000 13.986014
60 0.000008 0.004884 300.000000 14.634147
70 0.000018 0.003999 100.000000 13.333333
70 0.000012 0.004245 200.000000 14.184397
80 0.000041 0.004238 100.000000 13.513514
80 0.000013 0.004781 200.000000 14.285714
90 0.000040 0.004617 100.000000 13.513514
90 0.000009 0.005165 200.000000 14.492754
100 0.000033 0.005080 100.000000 13.698630
100 0.000009 0.005617 200.000000 14.705882
110 0.000047 0.005670 100.000000 14.084507
110 0.000006 0.006149 200.000000 14.814815
120 0.000040 0.006050 100.000000 14.285714
120 0.000005 0.005878 200.000000 15.037594
130 0.000037 0.006516 100.000000 14.492754
130 0.000017 0.006352 200.000000 15.151515
140 0.000012 0.006457 100.000000 14.705882
140 0.000018 0.006308 200.000000 15.384615
150 0.000007 0.005349 100.000000 14.925373
160 0.000026 0.006332 100.000000 15.151515
170 0.000030 0.006982 100.000000 15.384615
180 0.000037 0.006908 100.000000 15.384615
190 0.000049 0.008290 100.000000 15.625000
200 0.000049 0.007096 100.000000 15.625000
