0 0.000014 0.009859 100.000000 9.090909
0 0.000054 0.004785 200.000000 7.633588
0 0.000049 0.002995 300.000000 7.159904
0 0.000013 0.003192 400.000000 6.896552
0 0.000015 0.002483 500.000000 7.278020
0 0.000016 0.002666 600.000000 7.272727
0 0.000011 0.002415 700.000000 7.186858
0 0.000012 0.001908 800.000000 7.305936
10 0.000028 0.010548 100.000000 8.849558
10 0.000054 0.004750 200.000000 7.722008
10 0.000031 0.003046 300.000000 7.075472
10 0.000012 0.003184 400.000000 6.932409
10 0.000012 0.002449 500.000000 7.320644
10 0.000015 0.002669 600.000000 7.290401
10 0.000012 0.002286 700.000000 7.201646
10 0.000012 0.001902 800.000000 7.332722
20 0.000096 0.010719 100.000000 8.196721
20 0.000055 0.004514 200.000000 7.782101
20 0.000022 0.002935 300.000000 7.042253
20 0.000013 0.003102 400.000000 6.968641
20 0.000011 0.002274 500.000000 7.352941
20 0.000014 0.002562 600.000000 7.299270
20 0.000011 0.002088 700.000000 7.209063
20 0.000012 0.001790 800.000000 7.352941
30 0.000078 0.009734 100.000000 7.751938
30 0.000052 0.004393 200.000000 7.782101
30 0.000021 0.003002 300.000000 7.009346
30 0.000014 0.003052 400.000000 6.980803
30 0.000012 0.002195 500.000000 7.374631
30 0.000012 0.002526 600.000000 7.299270
30 0.000012 0.001993 700.000000 7.194244
30 0.000013 0.001789 800.000000 7.359705
40 0.000079 0.009468 100.000000 7.575758
40 0.000053 0.004709 200.000000 7.692307
40 0.000019 0.003364 300.000000 6.993007
40 0.000014 0.003142 400.000000 6.956522
40 0.000014 0.002328 500.000000 7.374631
40 0.000010 0.002666 600.000000 7.281553
40 0.000015 0.002099 700.000000 7.150153
40 0.000012 0.001942 800.000000 7.352941
50 0.000074 0.009054 100.000000 7.407407
50 0.000054 0.004838 200.000000 7.575758
50 0.000020 0.003866 300.000000 6.976744
50 0.000014 0.003220 400.000000 6.932409
50 0.000016 0.002379 500.000000 7.363770
50 0.000012 0.002782 600.000000 7.194244
50 0.000015 0.002185 700.000000 7.113821
50 0.000010 0.002038 800.000000 7.332722
60 0.000071 0.007909 100.000000 7.194244
60 0.000058 0.004865 200.000000 7.407407
60 0.000017 0.004168 300.000000 6.944445
60 0.000015 0.003027 400.000000 6.920415
60 0.000016 0.002210 500.000000 7.352941
60 0.000005 0.002409 600.000000 7.050529
60 0.000014 0.002032 700.000000 7.099391
60 0.000010 0.001977 800.000000 7.305936
70 0.000091 0.006505 100.000000 6.944445
70 0.000069 0.004578 200.000000 7.220217
70 0.000023 0.004065 300.000000 6.849315
70 0.000014 0.002455 400.000000 6.908463
70 0.000013 0.002026 500.000000 7.331378
70 0.000012 0.002334 600.000000 6.993007
70 0.000015 0.001704 700.000000 7.092198
70 0.000012 0.001741 800.000000 7.252946
80 0.000097 0.006387 100.000000 6.711410
80 0.000073 0.004554 200.000000 6.968641
80 0.000031 0.004262 300.000000 6.622517
80 0.000014 0.002313 400.000000 6.896552
80 0.000013 0.001979 500.000000 7.278020
80 0.000013 0.002128 600.000000 6.960557
80 0.000014 0.001564 700.000000 7.092198
80 0.000014 0.001895 800.000000 7.111111
90 0.000108 0.005946 100.000000 6.535948
90 0.000074 0.005058 200.000000 6.711410
90 0.000017 0.004809 300.000000 6.396588
90 0.000014 0.002141 400.000000 6.884682
90 0.000015 0.001860 500.000000 7.173601
90 0.000013 0.001814 600.000000 6.936416
90 0.000013 0.001361 700.000000 7.085020
90 0.000013 0.001822 800.000000 7.048458
100 0.000116 0.006518 100.000000 6.451613
100 0.000080 0.006006 200.000000 6.578948
100 0.000024 0.004459 300.000000 6.342494
100 0.000014 0.002071 400.000000 6.884682
100 0.000023 0.001920 500.000000 7.002801
100 0.000014 0.001747 600.000000 6.928406
100 0.000015 0.001345 700.000000 7.085020
100 0.000013 0.001824 800.000000 7.023705
110 0.000119 0.006430 100.000000 6.535948
110 0.000077 0.006088 200.000000 6.451613
110 0.000014 0.003926 300.000000 6.369427
110 0.000016 0.001812 400.000000 6.920415
110 0.000018 0.001931 500.000000 6.983240
110 0.000015 0.001644 600.000000 6.936416
110 0.000016 0.001319 700.000000 7.099391
110 0.000013 0.001683 800.000000 7.029877
120 0.000123 0.005691 100.000000 6.756757
120 0.000062 0.005890 200.000000 6.410256
120 0.000015 0.003593 300.000000 6.437768
120 0.000015 0.001533 400.000000 6.993007
120 0.000017 0.001900 500.000000 7.022472
120 0.000016 0.001534 600.000000 6.968641
120 0.000016 0.001266 700.000000 7.135576
120 0.000013 0.001579 800.000000 7.060900
130 0.000107 0.008355 100.000000 6.993007
130 0.000046 0.007012 200.000000 6.451613
130 0.000010 0.004656 300.000000 6.521739
130 0.000010 0.001863 400.000000 7.067138
130 0.000009 0.001834 500.000000 7.072136
130 0.000015 0.001753 600.000000 7.009346
130 0.000014 0.002047 700.000000 7.179487
130 0.000011 0.002088 800.000000 7.098492
140 0.000102 0.010491 100.000000 7.299270
140 0.000038 0.007806 200.000000 6.535948
140 0.000021 0.005552 300.000000 6.607930
140 0.000014 0.002281 400.000000 7.142857
140 0.000006 0.002030 500.000000 7.122507
140 0.000014 0.002145 600.000000 7.050529
140 0.000015 0.002614 700.000000 7.231405
140 0.000012 0.002516 800.000000 7.130125
150 0.000063 0.011121 100.000000 7.575758
150 0.000021 0.007825 200.000000 6.622517
150 0.000025 0.005152 300.000000 6.681514
150 0.000016 0.001963 400.000000 7.220217
150 0.000011 0.001621 500.000000 7.173601
150 0.000010 0.001633 600.000000 7.083825
150 0.000010 0.002353 700.000000 7.268951
150 0.000009 0.002397 800.000000 7.162041
160 0.000024 0.011229 100.000000 7.751938
160 0.000026 0.007518 200.000000 6.666667
160 0.000028 0.004280 300.000000 6.741573
160 0.000021 0.001430 400.000000 7.272727
160 0.000016 0.000937 500.000000 7.204611
160 0.000004 0.000877 600.000000 7.092198
160 0.000003 0.001646 700.000000 7.299270
160 0.000006 0.002075 800.000000 7.174888
170 0.000032 0.011927 100.000000 7.751938
170 0.000028 0.008032 200.000000 6.711410
170 0.000030 0.004523 300.000000 6.756757
170 0.000024 0.001612 400.000000 7.312614
170 0.000018 0.001011 500.000000 7.215007
170 0.000009 0.001215 600.000000 7.083825
170 0.000006 0.001991 700.000000 7.314525
170 0.000008 0.002290 800.000000 7.162041
180 0.000041 0.010657 100.000000 7.692307
180 0.000018 0.006792 200.000000 6.734007
180 0.000027 0.003762 300.000000 6.772009
180 0.000020 0.001371 400.000000 7.326007
180 0.000016 0.001196 500.000000 7.173601
180 0.000009 0.001162 600.000000 7.058824
180 0.000002 0.001824 700.000000 7.314525
180 0.000009 0.001968 800.000000 7.117438
190 0.000025 0.010545 100.000000 7.575758
190 0.000019 0.006807 200.000000 6.756757
190 0.000026 0.003492 300.000000 6.787330
190 0.000019 0.001286 400.000000 7.352941
190 0.000016 0.001415 500.000000 7.072136
190 0.000009 0.001161 600.000000 7.058824
190 0.000003 0.001937 700.000000 7.306890
190 0.000010 0.001847 800.000000 7.085917
200 0.000044 0.009671 100.000000 7.518797
200 0.000021 0.005965 200.000000 6.779661
200 0.000024 0.002798 300.000000 6.818182
200 0.000019 0.001098 400.000000 7.366483
200 0.000010 0.001240 500.000000 6.993007
200 0.000006 0.000998 600.000000 7.075472
200 0.000006 0.001657 700.000000 7.306890
200 0.000010 0.001583 800.000000 7.079646
210 0.000059 0.010050 100.000000 7.407407
210 0.000026 0.006122 200.000000 6.779661
210 0.000029 0.002662 300.000000 6.864988
210 0.000022 0.000943 400.000000 7.393715
210 0.000011 0.001148 500.000000 6.983240
210 0.000006 0.000947 600.000000 7.100592
210 0.000006 0.001739 700.000000 7.291667
210 0.000010 0.001552 800.000000 7.092198
220 0.000080 0.009913 100.000000 7.352941
220 0.000023 0.006177 200.000000 6.688963
220 0.000028 0.002574 300.000000 6.912442
220 0.000020 0.001170 400.000000 7.421150
220 0.000010 0.001284 500.000000 6.993007
220 0.000007 0.001229 600.000000 7.125891
220 0.000003 0.001981 700.000000 7.231405
220 0.000010 0.001484 800.000000 7.104796
230 0.000073 0.010287 100.000000 7.142857
230 0.000032 0.006700 200.000000 6.514658
230 0.000031 0.002331 300.000000 6.944445
230 0.000024 0.001267 400.000000 7.407407
230 0.000007 0.001205 500.000000 7.002801
230 0.000005 0.001171 600.000000 7.151371
230 0.000008 0.002058 700.000000 7.150153
230 0.000011 0.001417 800.000000 7.123775
240 0.000074 0.007175 100.000000 6.896552
240 0.000050 0.005828 200.000000 6.329114
240 0.000033 0.000949 300.000000 6.976744
240 0.000028 0.001783 400.000000 7.352941
240 0.000006 0.001468 500.000000 7.012623
240 0.000004 0.000821 600.000000 7.168459
240 0.000008 0.001744 700.000000 7.121058
240 0.000012 0.000950 800.000000 7.136485
250 0.000081 0.006543 100.000000 6.711410
250 0.000054 0.005010 200.000000 6.269592
250 0.000035 0.000722 300.000000 7.009346
250 0.000036 0.002172 400.000000 7.194244
250 0.000007 0.001507 500.000000 7.012623
250 0.000007 0.000866 600.000000 7.185629
250 0.000012 0.001677 700.000000 7.106599
250 0.000013 0.000751 800.000000 7.142857
260 0.000043 0.006833 100.000000 6.369427
260 0.000050 0.003785 200.000000 6.269592
260 0.000035 0.000984 300.000000 7.042253
260 0.000031 0.002562 400.000000 7.092198
260 0.000007 0.001773 500.000000 7.012623
260 0.000004 0.000863 600.000000 7.194244
260 0.000011 0.001424 700.000000 7.099391
260 0.000012 0.000498 800.000000 7.149240
270 0.000013 0.006035 100.000000 5.952381
270 0.000052 0.003205 200.000000 6.269592
270 0.000035 0.001298 300.000000 7.058824
270 0.000027 0.002671 400.000000 7.067138
270 0.000006 0.001692 500.000000 6.993007
270 0.000003 0.000939 600.000000 7.202881
270 0.000010 0.001335 700.000000 7.099391
270 0.000012 0.000421 800.000000 7.155635
280 0.000062 0.005897 100.000000 5.813953
280 0.000055 0.002345 200.000000 6.289308
280 0.000034 0.002070 300.000000 7.075472
280 0.000025 0.003441 400.000000 7.067138
280 0.000007 0.002060 500.000000 6.983240
280 0.000006 0.000982 600.000000 7.211538
280 0.000009 0.001113 700.000000 7.099391
280 0.000013 0.000323 800.000000 7.168459
290 0.000060 0.005734 100.000000 5.813953
290 0.000055 0.001971 200.000000 6.309148
290 0.000036 0.002392 300.000000 7.109005
290 0.000023 0.003647 400.000000 7.067138
290 0.000009 0.001847 500.000000 6.963789
290 0.000004 0.001063 600.000000 7.220217
290 0.000011 0.001169 700.000000 7.092198
290 0.000014 0.000263 800.000000 7.181329
300 0.000060 0.004804 100.000000 5.882353
300 0.000054 0.001442 200.000000 6.329114
300 0.000035 0.002864 300.000000 7.159904
300 0.000024 0.003903 400.000000 7.067138
300 0.000010 0.001917 500.000000 6.944445
300 0.000004 0.001123 600.000000 7.237636
300 0.000011 0.001018 700.000000 7.063572
300 0.000015 0.000372 800.000000 7.200720
310 0.000055 0.004751 100.000000 5.952381
310 0.000050 0.001487 200.000000 6.369427
310 0.000035 0.003268 300.000000 7.194244
310 0.000024 0.004224 400.000000 7.017544
310 0.000013 0.001984 500.000000 6.934813
310 0.000004 0.001250 600.000000 7.246377
310 0.000013 0.000903 700.000000 7.028112
310 0.000014 0.000543 800.000000 7.220217
320 0.000059 0.004059 100.000000 6.024096
320 0.000046 0.001513 200.000000 6.410256
320 0.000028 0.003480 300.000000 7.246377
320 0.000023 0.004340 400.000000 6.932409
320 0.000009 0.002090 500.000000 6.944445
320 0.000006 0.001233 600.000000 7.255139
320 0.000013 0.000641 700.000000 7.007007
320 0.000013 0.000652 800.000000 7.246377
330 0.000080 0.003583 100.000000 6.097561
330 0.000052 0.001992 200.000000 6.472492
330 0.000035 0.004108 300.000000 7.299270
330 0.000020 0.004959 400.000000 6.861063
330 0.000006 0.002457 500.000000 6.973501
330 0.000012 0.001268 600.000000 7.263923
330 0.000016 0.000508 700.000000 7.007007
330 0.000014 0.000873 800.000000 7.266122
340 0.000098 0.003843 100.000000 6.172840
340 0.000061 0.002928 200.000000 6.535948
340 0.000037 0.005045 300.000000 7.352941
340 0.000026 0.005509 400.000000 6.849315
340 0.000008 0.002873 500.000000 7.012623
340 0.000014 0.001377 600.000000 7.263923
340 0.000018 0.000403 700.000000 7.028112
340 0.000016 0.001174 800.000000 7.292616
350 0.000103 0.003752 100.000000 6.134969
350 0.000058 0.003732 200.000000 6.622517
350 0.000035 0.005568 300.000000 7.389163
350 0.000027 0.005632 400.000000 6.872852
350 0.000008 0.003043 500.000000 7.052186
350 0.000015 0.001623 600.000000 7.228916
350 0.000017 0.000355 700.000000 7.049345
350 0.000015 0.001374 800.000000 7.326007
360 0.000126 0.003874 100.000000 6.024096
360 0.000060 0.004170 200.000000 6.734007
360 0.000034 0.006228 300.000000 7.444169
360 0.000028 0.005816 400.000000 6.920415
360 0.000011 0.003114 500.000000 7.092198
360 0.000012 0.002029 600.000000 7.168459
360 0.000018 0.000401 700.000000 7.077857
360 0.000015 0.001578 800.000000 7.359705
370 0.000138 0.002753 100.000000 5.917160
370 0.000059 0.004671 200.000000 6.825939
370 0.000038 0.006592 300.000000 7.481297
370 0.000025 0.005878 400.000000 6.956522
370 0.000011 0.003169 500.000000 7.142857
370 0.000009 0.001875 600.000000 7.142857
370 0.000017 0.000519 700.000000 7.113821
370 0.000015 0.001701 800.000000 7.400555
380 0.000128 0.003023 100.000000 5.813953
380 0.000055 0.004793 200.000000 6.944445
380 0.000038 0.006402 300.000000 7.500000
380 0.000024 0.005555 400.000000 7.005254
380 0.000009 0.003063 500.000000 7.194244
380 0.000006 0.001745 600.000000 7.142857
380 0.000017 0.000626 700.000000 7.150153
380 0.000015 0.001705 800.000000 7.434944
390 0.000110 0.003482 100.000000 5.813953
390 0.000061 0.005074 200.000000 7.067138
390 0.000040 0.006781 300.000000 7.444169
390 0.000021 0.005534 400.000000 7.054674
390 0.000011 0.003065 500.000000 7.235890
390 0.000008 0.001520 600.000000 7.159904
390 0.000017 0.000729 700.000000 7.179487
390 0.000015 0.001820 800.000000 7.476635
400 0.000114 0.003959 100.000000 5.847953
400 0.000057 0.006004 200.000000 7.168459
400 0.000045 0.007567 300.000000 7.317073
400 0.000021 0.005805 400.000000 7.092198
400 0.000013 0.003242 500.000000 7.278020
400 0.000010 0.001320 600.000000 7.168459
400 0.000018 0.000947 700.000000 7.209063
400 0.000015 0.002062 800.000000 7.511737
410 0.000118 0.004067 100.000000 5.988024
410 0.000059 0.006174 200.000000 7.299270
410 0.000051 0.007393 300.000000 7.317073
410 0.000018 0.005477 400.000000 7.142857
410 0.000010 0.002882 500.000000 7.331378
410 0.000011 0.001097 600.000000 7.202881
410 0.000017 0.000997 700.000000 7.246377
410 0.000014 0.002074 800.000000 7.547170
420 0.000115 0.003898 100.000000 6.211180
420 0.000055 0.006118 200.000000 7.462687
420 0.000043 0.007300 300.000000 7.371007
420 0.000017 0.005233 400.000000 7.194244
420 0.000009 0.002759 500.000000 7.396450
420 0.000011 0.000980 600.000000 7.246377
420 0.000018 0.000980 700.000000 7.284079
420 0.000014 0.002075 800.000000 7.597341
430 0.000103 0.003225 100.000000 6.410256
430 0.000049 0.004927 200.000000 7.633588
430 0.000038 0.005859 300.000000 7.462687
430 0.000008 0.003811 400.000000 7.259528
430 0.000004 0.001866 500.000000 7.462687
430 0.000011 0.000813 600.000000 7.290401
430 0.000015 0.000694 700.000000 7.329843
430 0.000012 0.001665 800.000000 7.648183
440 0.000091 0.004081 100.000000 6.622517
440 0.000042 0.004035 200.000000 7.782101
440 0.000029 0.004703 300.000000 7.537688
440 0.000004 0.002832 400.000000 7.312614
440 0.000008 0.001644 500.000000 7.518797
440 0.000012 0.000966 600.000000 7.334963
440 0.000012 0.000581 700.000000 7.376185
440 0.000011 0.001316 800.000000 7.684918
450 0.000066 0.004131 100.000000 6.756757
450 0.000031 0.003799 200.000000 7.905138
450 0.000017 0.004383 300.000000 7.575758
450 0.000009 0.002567 400.000000 7.326007
450 0.000011 0.001771 500.000000 7.552870
450 0.000012 0.000871 600.000000 7.352941
450 0.000008 0.000573 700.000000 7.399577
450 0.000007 0.001237 800.000000 7.714561
460 0.000056 0.003799 100.000000 6.802721
460 0.000028 0.004452 200.000000 7.936508
460 0.000011 0.004807 300.000000 7.575758
460 0.000017 0.002696 400.000000 7.299270
460 0.000015 0.001924 500.000000 7.564297
460 0.000014 0.000805 600.000000 7.343941
460 0.000008 0.000683 700.000000 7.415254
460 0.000007 0.001402 800.000000 7.722008
470 0.000064 0.003159 100.000000 6.802721
470 0.000034 0.004694 200.000000 7.968128
470 0.000009 0.004814 300.000000 7.537688
470 0.000022 0.002495 400.000000 7.233273
470 0.000012 0.001661 500.000000 7.564297
470 0.000013 0.000579 600.000000 7.290401
470 0.000009 0.000674 700.000000 7.430998
470 0.000045 0.001947 800.000000 7.707129
480 0.000059 0.002730 100.000000 6.756757
480 0.000034 0.004718 200.000000 8.000000
480 0.000015 0.004645 300.000000 7.371007
480 0.000020 0.002084 400.000000 7.207207
480 0.000008 0.001321 500.000000 7.552870
480 0.000009 0.000399 600.000000 7.211538
480 0.000010 0.000741 700.000000 7.438895
480 0.000007 0.001547 800.000000 7.677543
490 0.000058 0.003689 100.000000 6.802721
490 0.000032 0.005168 200.000000 8.032128
490 0.000013 0.004870 300.000000 7.159904
490 0.000018 0.002085 400.000000 7.207207
490 0.000008 0.001232 500.000000 7.530120
490 0.000010 0.000287 600.000000 7.177033
490 0.000010 0.000855 700.000000 7.454739
490 0.000008 0.001643 800.000000 7.504691
500 0.000060 0.004552 100.000000 6.896552
500 0.000034 0.005507 200.000000 8.064516
500 0.000019 0.004280 300.000000 7.092198
500 0.000018 0.002092 400.000000 7.233273
500 0.000009 0.001215 500.000000 7.518797
500 0.000010 0.000273 600.000000 7.177033
500 0.000010 0.000976 700.000000 7.478632
500 0.000008 0.001732 800.000000 7.469655
510 0.000067 0.005399 100.000000 7.092198
510 0.000035 0.005925 200.000000 8.163265
510 0.000026 0.004323 300.000000 7.125891
510 0.000020 0.002169 400.000000 7.299270
510 0.000008 0.001289 500.000000 7.485030
510 0.000011 0.000326 600.000000 7.211538
510 0.000010 0.001101 700.000000 7.518797
510 0.000008 0.001823 800.000000 7.483630
520 0.000068 0.004065 100.000000 7.407407
520 0.000033 0.005407 200.000000 8.298756
520 0.000018 0.003814 300.000000 7.211538
520 0.000018 0.001866 400.000000 7.366483
520 0.000010 0.001278 500.000000 7.440476
520 0.000009 0.000159 600.000000 7.255139
520 0.000009 0.000884 700.000000 7.567567
520 0.000008 0.001556 800.000000 7.518797
530 0.000091 0.007533 100.000000 7.692307
530 0.000050 0.008367 200.000000 8.438819
530 0.000017 0.005692 300.000000 7.299270
530 0.000022 0.002468 400.000000 7.448790
530 0.000022 0.001390 500.000000 7.418397
530 0.000012 0.000385 600.000000 7.308161
530 0.000013 0.001362 700.000000 7.616975
530 0.000012 0.002291 800.000000 7.561437
540 0.000069 0.007453 100.000000 8.130081
540 0.000039 0.007822 200.000000 8.620689
540 0.000024 0.005202 300.000000 7.389163
540 0.000025 0.002601 400.000000 7.532957
540 0.000023 0.001403 500.000000 7.440476
540 0.000009 0.000474 600.000000 7.361963
540 0.000009 0.001354 700.000000 7.675438
540 0.000009 0.002197 800.000000 7.604563
550 0.000037 0.007830 100.000000 8.547009
550 0.000021 0.007638 200.000000 8.695652
550 0.000024 0.005018 300.000000 7.500000
550 0.000024 0.002793 400.000000 7.619048
550 0.000017 0.001319 500.000000 7.473842
550 0.000003 0.000531 600.000000 7.416564
550 0.000003 0.001485 700.000000 7.726269
550 0.000003 0.002206 800.000000 7.648183
560 0.000012 0.009139 100.000000 8.849558
560 0.000014 0.008868 200.000000 8.620689
560 0.000025 0.005539 300.000000 7.556675
560 0.000019 0.003036 400.000000 7.692307
560 0.000014 0.001135 500.000000 7.485030
560 0.000005 0.000702 600.000000 7.453416
560 0.000002 0.001832 700.000000 7.777778
560 0.000002 0.002560 800.000000 7.684918
570 0.000018 0.009449 100.000000 9.090909
570 0.000031 0.009799 200.000000 8.298756
570 0.000025 0.005541 300.000000 7.594937
570 0.000021 0.002971 400.000000 7.736944
570 0.000012 0.000861 500.000000 7.485030
570 0.000006 0.000708 600.000000 7.481297
570 0.000003 0.001968 700.000000 7.812500
570 0.000003 0.002749 800.000000 7.707129
580 0.000026 0.007016 100.000000 9.259259
580 0.000039 0.007334 200.000000 8.097166
580 0.000020 0.003836 300.000000 7.575758
580 0.000020 0.002013 400.000000 7.751938
580 0.000012 0.000481 500.000000 7.485030
580 0.000002 0.000478 600.000000 7.490637
580 0.000003 0.001497 700.000000 7.838746
580 0.000003 0.002096 800.000000 7.722008
590 0.000010 0.008340 100.000000 9.345795
590 0.000031 0.007708 200.000000 8.032128
590 0.000024 0.003950 300.000000 7.537688
590 0.000023 0.001923 400.000000 7.751938
590 0.000015 0.000566 500.000000 7.473842
590 0.000005 0.000574 600.000000 7.500000
590 0.000002 0.001697 700.000000 7.856341
590 0.000004 0.002318 800.000000 7.736944
600 0.000012 0.008623 100.000000 9.345795
600 0.000036 0.007328 200.000000 8.000000
600 0.000026 0.003320 300.000000 7.481297
600 0.000024 0.001532 400.000000 7.766990
600 0.000015 0.000596 500.000000 7.462687
600 0.000002 0.000596 600.000000 7.509387
600 0.000001 0.001648 700.000000 7.865169
600 0.000006 0.002218 800.000000 7.751938
610 0.000015 0.008501 100.000000 9.523809
610 0.000031 0.007133 200.000000 7.968128
610 0.000030 0.003022 300.000000 7.425743
610 0.000025 0.001432 400.000000 7.766990
610 0.000015 0.000737 500.000000 7.429420
610 0.000001 0.000592 600.000000 7.528231
610 0.000003 0.001680 700.000000 7.865169
610 0.000006 0.002170 800.000000 7.759457
620 0.000017 0.007847 100.000000 9.615385
620 0.000034 0.006673 200.000000 7.874016
620 0.000032 0.002436 300.000000 7.352941
620 0.000023 0.001268 400.000000 7.766990
620 0.000006 0.000939 500.000000 7.342144
620 0.000002 0.000537 600.000000 7.547170
620 0.000031 0.001881 700.000000 7.838746
620 0.000006 0.002036 800.000000 7.774539
630 0.000033 0.007523 100.000000 9.615385
630 0.000035 0.005973 200.000000 7.518797
630 0.000026 0.001852 300.000000 7.334963
630 0.000023 0.001132 400.000000 7.736944
630 0.000005 0.001028 500.000000 7.267442
630 0.000004 0.000456 600.000000 7.556675
630 0.000004 0.001589 700.000000 7.769145
630 0.000008 0.001873 800.000000 7.789679
640 0.000013 0.007041 100.000000 9.615385
640 0.000035 0.005054 200.000000 7.220217
640 0.000026 0.001960 300.000000 7.334963
640 0.000024 0.001570 400.000000 7.707129
640 0.000007 0.001122 500.000000 7.225433
640 0.000003 0.000418 600.000000 7.566204
640 0.000003 0.001580 700.000000 7.567567
640 0.000004 0.001916 800.000000 7.797271
650 0.000018 0.006952 100.000000 9.433962
650 0.000054 0.004649 200.000000 7.117438
650 0.000030 0.001937 300.000000 7.334963
650 0.000027 0.002060 400.000000 7.561437
650 0.000005 0.001130 500.000000 7.215007
650 0.000001 0.000465 600.000000 7.575758
650 0.000001 0.001573 700.000000 7.534984
650 0.000003 0.001984 800.000000 7.804878
660 0.000012 0.007901 100.000000 9.174312
660 0.000044 0.004495 200.000000 7.067138
660 0.000029 0.002051 300.000000 7.334963
660 0.000022 0.002753 400.000000 7.299270
660 0.000005 0.001056 500.000000 7.215007
660 0.000002 0.000550 600.000000 7.585335
660 0.000004 0.001650 700.000000 7.526882
660 0.000005 0.002126 800.000000 7.812500
670 0.000034 0.008831 100.000000 8.403361
670 0.000039 0.004031 200.000000 7.017544
670 0.000027 0.002015 300.000000 7.334963
670 0.000018 0.002534 400.000000 7.194244
670 0.000004 0.000935 500.000000 7.215007
670 0.000001 0.000638 600.000000 7.604563
670 0.000003 0.001622 700.000000 7.526882
670 0.000006 0.002041 800.000000 7.827789
680 0.000082 0.009199 100.000000 7.407407
680 0.000036 0.003478 200.000000 6.968641
680 0.000028 0.001961 300.000000 7.334963
680 0.000014 0.002429 400.000000 7.142857
680 0.000004 0.000895 500.000000 7.204611
680 0.000002 0.000644 600.000000 7.623888
680 0.000000 0.001581 700.000000 7.534984
680 0.000004 0.002010 800.000000 7.835455
690 0.000082 0.007804 100.000000 7.092198
690 0.000035 0.002725 200.000000 6.896552
690 0.000029 0.002114 300.000000 7.317073
690 0.000015 0.002448 400.000000 7.117438
690 0.000005 0.000909 500.000000 7.204611
690 0.000001 0.000656 600.000000 7.633588
690 0.000006 0.001501 700.000000 7.534984
690 0.000006 0.001880 800.000000 7.850834
700 0.000074 0.007184 100.000000 6.944445
700 0.000038 0.002339 200.000000 6.825939
700 0.000032 0.002519 300.000000 7.317073
700 0.000018 0.002808 400.000000 7.092198
700 0.000005 0.001009 500.000000 7.204611
700 0.000002 0.000615 600.000000 7.643312
700 0.000006 0.001487 700.000000 7.543103
700 0.000004 0.001878 800.000000 7.858546
710 0.000066 0.006726 100.000000 6.849315
710 0.000040 0.002030 200.000000 6.711410
710 0.000034 0.002948 300.000000 7.299270
710 0.000019 0.003056 400.000000 7.054674
710 0.000005 0.001006 500.000000 7.215007
710 0.000001 0.000552 600.000000 7.633588
710 0.000006 0.001390 700.000000 7.551240
710 0.000006 0.001703 800.000000 7.866273
720 0.000079 0.006190 100.000000 6.666667
720 0.000043 0.002329 200.000000 6.578948
720 0.000031 0.003389 300.000000 7.281553
720 0.000012 0.003282 400.000000 6.956522
720 0.000005 0.001065 500.000000 7.215007
720 0.000059 0.001132 600.000000 7.604563
720 0.000009 0.001382 700.000000 7.559395
720 0.000006 0.001673 800.000000 7.866273
730 0.000079 0.006209 100.000000 6.250000
730 0.000043 0.002925 200.000000 6.514658
730 0.000033 0.003902 300.000000 7.246377
730 0.000008 0.003580 400.000000 6.837607
730 0.000006 0.001084 500.000000 7.225433
730 0.000005 0.000697 600.000000 7.547170
730 0.000008 0.001429 700.000000 7.567567
730 0.000005 0.001648 800.000000 7.858546
740 0.000073 0.005286 100.000000 5.780347
740 0.000044 0.002991 200.000000 6.514658
740 0.000033 0.003857 300.000000 7.194244
740 0.000010 0.003395 400.000000 6.791172
740 0.000004 0.001032 500.000000 7.235890
740 0.000002 0.000758 600.000000 7.308161
740 0.000005 0.001364 700.000000 7.575758
740 0.000003 0.001595 800.000000 7.858546
750 0.000110 0.004132 100.000000 5.649717
750 0.000042 0.003379 200.000000 6.535948
750 0.000035 0.004466 300.000000 7.109005
750 0.000009 0.003293 400.000000 6.791172
750 0.000004 0.001004 500.000000 7.256894
750 0.000002 0.000746 600.000000 7.272727
750 0.000005 0.001409 700.000000 7.592191
750 0.000003 0.001791 800.000000 7.850834
760 0.000096 0.004080 100.000000 5.649717
760 0.000038 0.003326 200.000000 6.600660
760 0.000031 0.004962 300.000000 6.912442
760 0.000008 0.003112 400.000000 6.814310
760 0.000005 0.000921 500.000000 7.288630
760 0.000003 0.000731 600.000000 7.272727
760 0.000006 0.001342 700.000000 7.616975
760 0.000004 0.001674 800.000000 7.850834
770 0.000090 0.003936 100.000000 5.714286
770 0.000042 0.003838 200.000000 6.666667
770 0.000026 0.005782 300.000000 6.802721
770 0.000007 0.003260 400.000000 6.849315
770 0.000002 0.000988 500.000000 7.331378
770 0.000004 0.000716 600.000000 7.299270
770 0.000006 0.001381 700.000000 7.650273
770 0.000004 0.001784 800.000000 7.850834
780 0.000092 0.004523 100.000000 5.813953
780 0.000044 0.004949 200.000000 6.756757
780 0.000025 0.006649 300.000000 6.802721
780 0.000011 0.003620 400.000000 6.896552
780 0.000005 0.001056 500.000000 7.396450
780 0.000003 0.000700 600.000000 7.343941
780 0.000007 0.001498 700.000000 7.700770
780 0.000005 0.001962 800.000000 7.843137
790 0.000090 0.004662 100.000000 5.988024
790 0.000046 0.005475 200.000000 6.896552
790 0.000026 0.006924 300.000000 6.864988
790 0.000011 0.003811 400.000000 6.968641
790 0.000006 0.001098 500.000000 7.462687
790 0.000004 0.000700 600.000000 7.398274
790 0.000006 0.001540 700.000000 7.751938
790 0.000012 0.001977 800.000000 7.835455
800 0.000113 0.007229 100.000000 6.211180
800 0.000057 0.008015 200.000000 7.042253
800 0.000027 0.008765 300.000000 6.928406
800 0.000021 0.004760 400.000000 7.042253
800 0.000014 0.001359 500.000000 7.541478
800 0.000009 0.000735 600.000000 7.462687
800 0.000010 0.001892 700.000000 7.812500
800 0.000010 0.002369 800.000000 7.835455
810 0.000111 0.008160 100.000000 6.451613
810 0.000059 0.008854 200.000000 7.220217
810 0.000035 0.009191 300.000000 7.009346
810 0.000023 0.004974 400.000000 7.117438
810 0.000016 0.001470 500.000000 7.621951
810 0.000011 0.000681 600.000000 7.518797
810 0.000011 0.001892 700.000000 7.874016
810 0.000010 0.002338 800.000000 7.812500
820 0.000101 0.007648 100.000000 6.622517
820 0.000057 0.008332 200.000000 7.326007
820 0.000038 0.008257 300.000000 7.075472
820 0.000024 0.004367 400.000000 7.181329
820 0.000019 0.001263 500.000000 7.692307
820 0.000012 0.000658 600.000000 7.566204
820 0.000011 0.001621 700.000000 7.918552
820 0.000016 0.001815 800.000000 7.782101
830 0.000098 0.006813 100.000000 6.666667
830 0.000057 0.007627 200.000000 7.407407
830 0.000040 0.007189 300.000000 7.109005
830 0.000024 0.003732 400.000000 7.220217
830 0.000017 0.000967 500.000000 7.739938
830 0.000012 0.000756 600.000000 7.604563
830 0.000011 0.001470 700.000000 7.963595
830 0.000016 0.001655 800.000000 7.766990
840 0.000091 0.005115 100.000000 6.622517
840 0.000055 0.006260 200.000000 7.462687
840 0.000036 0.006004 300.000000 7.109005
840 0.000020 0.002953 400.000000 7.246377
840 0.000013 0.000805 500.000000 7.776050
840 0.000009 0.000877 600.000000 7.633588
840 0.000010 0.001233 700.000000 7.990868
840 0.000014 0.001336 800.000000 7.766990
850 0.000094 0.005441 100.000000 6.535948
850 0.000053 0.006343 200.000000 7.490637
850 0.000037 0.005790 300.000000 7.109005
850 0.000020 0.002695 400.000000 7.272727
850 0.000015 0.000833 500.000000 7.788162
850 0.000010 0.000981 600.000000 7.653061
850 0.000012 0.001176 700.000000 8.009153
850 0.000012 0.001476 800.000000 7.782101
860 0.000113 0.004921 100.000000 6.451613
860 0.000053 0.005769 200.000000 7.518797
860 0.000036 0.005455 300.000000 7.075472
860 0.000016 0.002535 400.000000 7.299270
860 0.000015 0.000845 500.000000 7.800312
860 0.000008 0.000983 600.000000 7.682458
860 0.000010 0.000944 700.000000 8.027523
860 0.000014 0.001121 800.000000 7.804878
870 0.000120 0.005515 100.000000 6.410256
870 0.000046 0.005537 200.000000 7.575758
870 0.000031 0.005406 300.000000 7.009346
870 0.000016 0.002504 400.000000 7.352941
870 0.000067 0.000825 500.000000 7.800312
870 0.000008 0.000990 600.000000 7.712082
870 0.000010 0.000883 700.000000 8.064516
870 0.000014 0.001186 800.000000 7.835455
880 0.000127 0.006444 100.000000 6.578948
880 0.000041 0.006470 200.000000 7.692307
880 0.000021 0.005769 300.000000 7.009346
880 0.000018 0.002606 400.000000 7.421150
880 0.000010 0.000997 500.000000 7.836991
880 0.000010 0.001283 600.000000 7.772021
880 0.000011 0.001251 700.000000 8.101851
880 0.000013 0.001493 800.000000 7.881773
890 0.000117 0.006331 100.000000 6.802721
890 0.000037 0.006228 200.000000 7.843137
890 0.000018 0.005662 300.000000 7.042253
890 0.000018 0.002518 400.000000 7.518797
890 0.000011 0.000991 500.000000 7.861635
890 0.000009 0.001275 600.000000 7.832898
890 0.000010 0.001253 700.000000 8.158508
890 0.000014 0.001534 800.000000 7.936508
900 0.000092 0.006865 100.000000 7.042253
900 0.000027 0.006950 200.000000 8.000000
900 0.000021 0.005938 300.000000 7.109005
900 0.000017 0.002534 400.000000 7.604563
900 0.000010 0.001020 500.000000 7.788162
900 0.000011 0.001346 600.000000 7.905138
900 0.000013 0.001405 700.000000 8.215962
900 0.000010 0.001517 800.000000 7.984032
910 0.000076 0.006045 100.000000 7.352941
910 0.000026 0.005526 200.000000 8.163265
910 0.000017 0.004874 300.000000 7.177033
910 0.000017 0.002095 400.000000 7.692307
910 0.000013 0.000836 500.000000 7.704160
910 0.000012 0.000644 600.000000 7.968128
910 0.000011 0.000868 700.000000 8.264462
910 0.000011 0.001318 800.000000 8.040201
920 0.000070 0.005732 100.000000 7.575758
920 0.000028 0.005799 200.000000 8.196721
920 0.000019 0.004734 300.000000 7.228916
920 0.000019 0.002089 400.000000 7.766990
920 0.000017 0.001068 500.000000 7.704160
920 0.000014 0.000895 600.000000 8.021390
920 0.000013 0.001369 700.000000 8.293839
920 0.000012 0.001775 800.000000 8.080808
930 0.000079 0.008047 100.000000 7.751938
930 0.000037 0.007476 200.000000 8.000000
930 0.000029 0.005643 300.000000 7.263923
930 0.000026 0.002389 400.000000 7.812500
930 0.000022 0.001175 500.000000 7.704160
930 0.000019 0.001413 600.000000 8.053691
930 0.000017 0.002489 700.000000 8.303678
930 0.000015 0.002877 800.000000 8.105370
940 0.000051 0.007129 100.000000 7.874016
940 0.000037 0.006857 200.000000 7.575758
940 0.000028 0.004865 300.000000 7.299270
940 0.000024 0.002053 400.000000 7.858546
940 0.000021 0.001009 500.000000 7.704160
940 0.000019 0.001164 600.000000 8.086253
940 0.000017 0.002108 700.000000 8.293839
940 0.000012 0.002238 800.000000 8.130081
950 0.000043 0.005626 100.000000 7.936508
950 0.000033 0.006439 200.000000 7.380074
950 0.000023 0.003734 300.000000 7.317073
950 0.000021 0.001478 400.000000 7.905138
950 0.000018 0.000913 500.000000 7.727975
950 0.000017 0.001094 600.000000 8.119080
950 0.000015 0.001925 700.000000 8.235294
950 0.000012 0.001991 800.000000 8.154943
960 0.000020 0.004824 100.000000 8.064516
960 0.000031 0.006469 200.000000 7.299270
960 0.000022 0.003323 300.000000 7.334963
960 0.000019 0.001219 400.000000 7.952286
960 0.000016 0.000932 500.000000 7.751938
960 0.000017 0.001026 600.000000 8.141112
960 0.000010 0.001308 700.000000 8.101851
960 0.000008 0.001590 800.000000 8.171603
970 0.000025 0.005095 100.000000 8.130081
970 0.000023 0.006319 200.000000 7.299270
970 0.000021 0.002978 300.000000 7.371007
970 0.000017 0.001051 400.000000 8.000000
970 0.000014 0.001049 500.000000 7.776050
970 0.000015 0.001214 600.000000 8.174387
970 0.000006 0.001415 700.000000 7.972665
970 0.000008 0.001557 800.000000 8.196721
980 0.000018 0.005558 100.000000 8.264462
980 0.000028 0.006463 200.000000 7.299270
980 0.000025 0.002818 300.000000 7.407407
980 0.000018 0.000957 400.000000 8.048289
980 0.000018 0.001138 500.000000 7.812500
980 0.000016 0.001325 600.000000 8.219178
980 0.000006 0.001733 700.000000 7.936508
980 0.000009 0.001764 800.000000 8.213552
990 0.000022 0.005944 100.000000 8.403361
990 0.000018 0.006265 200.000000 7.352941
990 0.000024 0.002584 300.000000 7.444169
990 0.000019 0.000938 400.000000 8.097166
990 0.000020 0.001140 500.000000 7.849294
990 0.000017 0.001275 600.000000 8.253095
990 0.000007 0.001660 700.000000 7.954545
990 0.000008 0.001691 800.000000 8.238929
1000 0.000024 0.006028 100.000000 8.620689
1000 0.000017 0.006267 200.000000 7.380074
1000 0.000024 0.002411 300.000000 7.518797
1000 0.000018 0.000973 400.000000 8.146640
1000 0.000022 0.001270 500.000000 7.898894
1000 0.000016 0.001388 600.000000 8.298756
1000 0.000007 0.001614 700.000000 7.981756
1000 0.000008 0.001624 800.000000 8.273009
1010 0.000026 0.006087 100.000000 8.849558
1010 0.000010 0.006436 200.000000 7.407407
1010 0.000030 0.002367 300.000000 7.594937
1010 0.000021 0.001128 400.000000 8.196721
1010 0.000025 0.001387 500.000000 7.949126
1010 0.000019 0.001450 600.000000 8.344924
1010 0.000006 0.001571 700.000000 8.018328
1010 0.000008 0.001586 800.000000 8.298756
1020 0.000032 0.006721 100.000000 9.090909
1020 0.000018 0.006627 200.000000 7.352941
1020 0.000033 0.002328 300.000000 7.672634
1020 0.000092 0.002078 400.000000 8.213552
1020 0.000025 0.001421 500.000000 8.000000
1020 0.000019 0.001522 600.000000 8.379889
1020 0.000007 0.001593 700.000000 8.064516
1020 0.000008 0.001602 800.000000 8.333333
1030 0.000070 0.006173 100.000000 9.174312
1030 0.000047 0.006457 200.000000 7.220217
1030 0.000034 0.002373 300.000000 7.731959
1030 0.000027 0.001830 400.000000 8.213552
1030 0.000028 0.001757 500.000000 8.038586
1030 0.000020 0.001559 600.000000 8.415147
1030 0.000007 0.001580 700.000000 8.101851
1030 0.000008 0.001959 800.000000 8.350731
1040 0.000073 0.006175 100.000000 9.090909
1040 0.000042 0.005832 200.000000 7.092198
1040 0.000035 0.001956 300.000000 7.772021
1040 0.000023 0.001797 400.000000 7.984032
1040 0.000024 0.001675 500.000000 8.077544
1040 0.000018 0.001700 600.000000 8.426967
1040 0.000007 0.001818 700.000000 8.130081
1040 0.000009 0.002052 800.000000 8.368201
1050 0.000083 0.007452 100.000000 8.849558
1050 0.000049 0.005924 200.000000 7.042253
1050 0.000034 0.001955 300.000000 7.792208
1050 0.000024 0.001784 400.000000 7.707129
1050 0.000023 0.001909 500.000000 8.090615
1050 0.000019 0.002079 600.000000 8.415147
1050 0.000005 0.001799 700.000000 8.139535
1050 0.000009 0.001766 800.000000 8.368201
1060 0.000069 0.007744 100.000000 7.874016
1060 0.000047 0.005322 200.000000 7.017544
1060 0.000030 0.001898 300.000000 7.812500
1060 0.000024 0.001831 400.000000 7.662835
1060 0.000022 0.001957 500.000000 8.103727
1060 0.000017 0.002195 600.000000 8.379889
1060 0.000006 0.001754 700.000000 8.149011
1060 0.000012 0.001810 800.000000 8.368201
1070 0.000038 0.009007 100.000000 6.944445
1070 0.000041 0.004239 200.000000 6.993007
1070 0.000029 0.001726 300.000000 7.832898
1070 0.000024 0.001961 400.000000 7.648183
1070 0.000022 0.002200 500.000000 8.116883
1070 0.000020 0.002658 600.000000 8.310249
1070 0.000007 0.002123 700.000000 8.158508
1070 0.000012 0.001978 800.000000 8.376964
1080 0.000059 0.009236 100.000000 6.666667
1080 0.000040 0.003606 200.000000 6.993007
1080 0.000028 0.001840 300.000000 7.874016
1080 0.000022 0.002283 400.000000 7.648183
1080 0.000021 0.002432 500.000000 8.143323
1080 0.000020 0.002849 600.000000 8.163265
1080 0.000008 0.002523 700.000000 8.168028
1080 0.000013 0.002261 800.000000 8.394544
1090 0.000040 0.009073 100.000000 6.535948
1090 0.000039 0.003091 200.000000 6.993007
1090 0.000027 0.002145 300.000000 7.915567
1090 0.000023 0.002591 400.000000 7.677543
1090 0.000022 0.002690 500.000000 8.169934
1090 0.000008 0.002846 600.000000 7.947020
1090 0.000007 0.002653 700.000000 8.187135
1090 0.000013 0.002328 800.000000 8.403361
1100 0.000053 0.008751 100.000000 6.493506
1100 0.000043 0.002636 200.000000 6.993007
1100 0.000027 0.002307 300.000000 7.957560
1100 0.000026 0.002803 400.000000 7.692307
1100 0.000025 0.002903 500.000000 8.183306
1100 0.000005 0.003127 600.000000 7.874016
1100 0.000009 0.002806 700.000000 8.196721
1100 0.000015 0.002474 800.000000 8.412198
1110 0.000046 0.008150 100.000000 6.451613
1110 0.000047 0.002037 200.000000 7.017544
1110 0.000031 0.002440 300.000000 7.978724
1110 0.000031 0.002901 400.000000 7.707129
1110 0.000026 0.003044 500.000000 8.210180
1110 0.000008 0.003389 600.000000 7.863696
1110 0.000011 0.003045 700.000000 8.206330
1110 0.000015 0.002779 800.000000 8.412198
1120 0.000052 0.008167 100.000000 6.329114
1120 0.000052 0.002139 200.000000 7.042253
1120 0.000034 0.003205 300.000000 7.978724
1120 0.000033 0.003690 400.000000 7.722008
1120 0.000026 0.003912 500.000000 8.223684
1120 0.000009 0.004031 600.000000 7.874016
1120 0.000011 0.003511 700.000000 8.215962
1120 0.000014 0.003032 800.000000 8.350731
1130 0.000067 0.007485 100.000000 6.097561
1130 0.000050 0.002731 200.000000 7.092198
1130 0.000132 0.004942 300.000000 7.936508
1130 0.000035 0.004257 400.000000 7.751938
1130 0.000024 0.004490 500.000000 8.237232
1130 0.000010 0.004424 600.000000 7.905138
1130 0.000013 0.003817 700.000000 8.225616
1130 0.000011 0.003375 800.000000 8.205129
1140 0.000087 0.006182 100.000000 5.847953
1140 0.000052 0.003704 200.000000 7.142857
1140 0.000032 0.004744 300.000000 7.874016
1140 0.000030 0.004879 400.000000 7.797271
1140 0.000024 0.005183 500.000000 8.264462
1140 0.000013 0.005169 600.000000 7.936508
1140 0.000013 0.004720 700.000000 8.235294
1140 0.000014 0.004159 800.000000 8.171603
1150 0.000088 0.006552 100.000000 5.747127
1150 0.000046 0.004526 200.000000 7.220217
1150 0.000032 0.005208 300.000000 7.518797
1150 0.000027 0.005382 400.000000 7.827789
1150 0.000022 0.005492 500.000000 8.278146
1150 0.000012 0.005337 600.000000 7.968128
1150 0.000012 0.004819 700.000000 8.254717
1150 0.000015 0.004175 800.000000 8.171603
1160 0.000101 0.006757 100.000000 5.780347
1160 0.000057 0.005744 200.000000 7.299270
1160 0.000035 0.006351 300.000000 7.371007
1160 0.000028 0.006482 400.000000 7.889546
1160 0.000024 0.006658 500.000000 8.305648
1160 0.000015 0.006388 600.000000 8.010681
1160 0.000013 0.005820 700.000000 8.284023
1160 0.000015 0.004814 800.000000 8.196721
1170 0.000101 0.006638 100.000000 5.917160
1170 0.000054 0.006036 200.000000 7.434944
1170 0.000037 0.006497 300.000000 7.407407
1170 0.000026 0.006474 400.000000 7.968128
1170 0.000024 0.006654 500.000000 8.347245
1170 0.000015 0.006337 600.000000 8.064516
1170 0.000013 0.005872 700.000000 8.333333
1170 0.000015 0.004774 800.000000 8.238929
1180 0.000097 0.007583 100.000000 6.134969
1180 0.000052 0.006524 200.000000 7.633588
1180 0.000033 0.006758 300.000000 7.500000
1180 0.000028 0.006671 400.000000 8.080808
1180 0.000024 0.006867 500.000000 8.417508
1180 0.000014 0.006414 600.000000 8.141112
1180 0.000016 0.005885 700.000000 8.393286
1180 0.000014 0.004721 800.000000 8.290155
1190 0.000094 0.008026 100.000000 6.369427
1190 0.000051 0.006715 200.000000 7.843137
1190 0.000032 0.006668 300.000000 7.614213
1190 0.000027 0.006525 400.000000 8.196721
1190 0.000023 0.006572 500.000000 8.503402
1190 0.000013 0.006026 600.000000 8.219178
1190 0.000015 0.005447 700.000000 8.464329
1190 0.000013 0.004404 800.000000 8.359457
1200 0.000089 0.008444 100.000000 6.666667
1200 0.000044 0.007163 200.000000 8.064516
1200 0.000031 0.006947 300.000000 7.751938
1200 0.000028 0.006669 400.000000 8.316009
1200 0.000023 0.006553 500.000000 8.576329
1200 0.000009 0.005676 600.000000 8.298756
1200 0.000012 0.004904 700.000000 8.536586
1200 0.000011 0.003994 800.000000 8.421053
1210 0.000091 0.008992 100.000000 6.896552
1210 0.000042 0.008111 200.000000 8.264462
1210 0.000028 0.007769 300.000000 7.853403
1210 0.000026 0.007359 400.000000 8.421053
1210 0.000023 0.007115 500.000000 8.620689
1210 0.000007 0.005966 600.000000 8.368201
1210 0.000010 0.004920 700.000000 8.599508
1210 0.000009 0.004058 800.000000 8.474576
1220 0.000081 0.007474 100.000000 7.142857
1220 0.000040 0.007345 200.000000 8.438819
1220 0.000029 0.006993 300.000000 7.936508
1220 0.000026 0.006427 400.000000 8.510638
1220 0.000022 0.006229 500.000000 8.605852
1220 0.000004 0.004935 600.000000 8.426967
1220 0.000009 0.004030 700.000000 8.652658
1220 0.000011 0.003363 800.000000 8.528785
1230 0.000084 0.007360 100.000000 7.299270
1230 0.000040 0.008143 200.000000 8.620689
1230 0.000028 0.007972 300.000000 8.021390
1230 0.000026 0.007393 400.000000 8.602151
1230 0.000025 0.006780 500.000000 8.488964
1230 0.000003 0.005612 600.000000 8.474576
1230 0.000007 0.004511 700.000000 8.706468
1230 0.000008 0.003691 800.000000 8.565310
1240 0.000063 0.005112 100.000000 7.407407
1240 0.000030 0.006101 200.000000 8.771930
1240 0.000026 0.005880 300.000000 8.086253
1240 0.000024 0.005123 400.000000 8.658009
1240 0.000005 0.004226 500.000000 8.291874
1240 0.000004 0.003761 600.000000 8.522727
1240 0.000011 0.003330 700.000000 8.739077
1240 0.000013 0.002728 800.000000 8.602151
1250 0.000068 0.004260 100.000000 7.462687
1250 0.000034 0.005541 200.000000 8.888889
1250 0.000032 0.005226 300.000000 8.152174
1250 0.000027 0.004451 400.000000 8.714597
1250 0.000003 0.003843 500.000000 8.210180
1250 0.000008 0.003487 600.000000 8.547009
1250 0.000013 0.003261 700.000000 8.760951
1250 0.000013 0.002454 800.000000 8.639309
1260 0.000066 0.004999 100.000000 7.575758
1260 0.000035 0.005772 200.000000 8.968610
1260 0.000033 0.005128 300.000000 8.196721
1260 0.000022 0.004376 400.000000 8.771930
1260 0.000009 0.003897 500.000000 8.196721
1260 0.000009 0.003654 600.000000 8.571428
1260 0.000014 0.003451 700.000000 8.782936
1260 0.000014 0.002533 800.000000 8.658009
1270 0.000077 0.005439 100.000000 7.692307
1270 0.000036 0.005957 200.000000 9.049774
1270 0.000037 0.005130 300.000000 8.241758
1270 0.000029 0.004430 400.000000 8.810573
1270 0.000008 0.004019 500.000000 8.223684
1270 0.000010 0.003721 600.000000 8.595988
1270 0.000014 0.003534 700.000000 8.760951
1270 0.000014 0.002495 800.000000 8.695652
1280 0.000087 0.006140 100.000000 7.936508
1280 0.000040 0.006319 200.000000 9.132421
1280 0.000042 0.005350 300.000000 8.333333
1280 0.000026 0.004589 400.000000 8.888889
1280 0.000009 0.004034 500.000000 8.291874
1280 0.000009 0.003734 600.000000 8.633094
1280 0.000012 0.003640 700.000000 8.717310
1280 0.000014 0.002462 800.000000 8.733624
1290 0.000076 0.006710 100.000000 8.264462
1290 0.000156 0.008768 200.000000 9.259259
1290 0.000036 0.005871 300.000000 8.450705
1290 0.000027 0.004995 400.000000 8.988764
1290 0.000008 0.004119 500.000000 8.361204
1290 0.000007 0.003674 600.000000 8.695652
1290 0.000010 0.003598 700.000000 8.631319
1290 0.000012 0.002381 800.000000 8.781559
1300 0.000044 0.007740 100.000000 8.620689
1300 0.000108 0.008853 200.000000 9.389671
1300 0.000027 0.006844 300.000000 8.595988
1300 0.000015 0.005791 400.000000 9.090909
1300 0.000011 0.004818 500.000000 8.445946
1300 0.000008 0.004193 600.000000 8.759124
1300 0.000011 0.003830 700.000000 8.620689
1300 0.000012 0.002587 800.000000 8.839779
1310 0.000021 0.007839 100.000000 9.090909
1310 0.000003 0.008123 200.000000 9.478673
1310 0.000015 0.006668 300.000000 8.720930
1310 0.000009 0.005595 400.000000 9.195402
1310 0.000019 0.004644 500.000000 8.532423
1310 0.000013 0.003836 600.000000 8.823529
1310 0.000012 0.003518 700.000000 8.641975
1310 0.000009 0.002215 800.000000 8.888889
1320 0.000024 0.007535 100.000000 9.433962
1320 0.000013 0.008070 200.000000 9.049774
1320 0.000013 0.006514 300.000000 8.849558
1320 0.000009 0.005653 400.000000 9.259259
1320 0.000020 0.004881 500.000000 8.605852
1320 0.000017 0.004303 600.000000 8.875740
1320 0.000016 0.003816 700.000000 8.674102
1320 0.000012 0.002258 800.000000 8.938547
1330 0.000024 0.007208 100.000000 9.708738
1330 0.000024 0.007703 200.000000 8.510638
1330 0.000011 0.006368 300.000000 8.928572
1330 0.000009 0.005682 400.000000 9.280743
1330 0.000021 0.004805 500.000000 8.650519
1330 0.000019 0.004363 600.000000 8.902077
1330 0.000018 0.003665 700.000000 8.695652
1330 0.000012 0.002120 800.000000 8.968610
1340 0.000018 0.007109 100.000000 9.900990
1340 0.000021 0.007706 200.000000 8.403361
1340 0.000014 0.006611 300.000000 8.982036
1340 0.000009 0.006263 400.000000 9.280743
1340 0.000020 0.005026 500.000000 8.680555
1340 0.000021 0.004557 600.000000 8.928572
1340 0.000016 0.003599 700.000000 8.717310
1340 0.000012 0.002067 800.000000 8.998875
1350 0.000014 0.007337 100.000000 10.101010
1350 0.000017 0.007586 200.000000 8.368201
1350 0.000015 0.006522 300.000000 9.036144
1350 0.000009 0.006216 400.000000 9.195402
1350 0.000018 0.004636 500.000000 8.710801
1350 0.000022 0.004071 600.000000 8.941877
1350 0.000015 0.003118 700.000000 8.739077
1350 0.000011 0.001748 800.000000 9.009009
1360 0.000020 0.007514 100.000000 10.204082
1360 0.000014 0.007330 200.000000 8.403361
1360 0.000014 0.006260 300.000000 9.063444
1360 0.000008 0.005857 400.000000 9.029346
1360 0.000018 0.004335 500.000000 8.726004
1360 0.000021 0.003752 600.000000 8.968610
1360 0.000014 0.002831 700.000000 8.760951
1360 0.000011 0.001617 800.000000 9.029346
1370 0.000021 0.007750 100.000000 10.526316
1370 0.000013 0.007546 200.000000 8.438819
1370 0.000014 0.006674 300.000000 9.118541
1370 0.000011 0.005610 400.000000 8.658009
1370 0.000017 0.004609 500.000000 8.756567
1370 0.000020 0.003864 600.000000 8.982036
1370 0.000014 0.002784 700.000000 8.782936
1370 0.000013 0.001635 800.000000 9.039548
1380 0.000028 0.007760 100.000000 10.638298
1380 0.000014 0.007250 200.000000 8.474576
1380 0.000011 0.006426 300.000000 9.174312
1380 0.000024 0.005418 400.000000 8.403361
1380 0.000018 0.004346 500.000000 8.771930
1380 0.000021 0.003610 600.000000 8.995502
1380 0.000014 0.002490 700.000000 8.805032
1380 0.000012 0.001439 800.000000 9.049774
1390 0.000027 0.007471 100.000000 10.752688
1390 0.000019 0.006464 200.000000 8.510638
1390 0.000009 0.005712 300.000000 9.202454
1390 0.000025 0.004868 400.000000 8.350731
1390 0.000018 0.003959 500.000000 8.787346
1390 0.000021 0.003280 600.000000 8.995502
1390 0.000012 0.002182 700.000000 8.827238
1390 0.000012 0.001253 800.000000 9.049774
1400 0.000020 0.008033 100.000000 10.752688
1400 0.000022 0.007066 200.000000 8.510638
1400 0.000013 0.006254 300.000000 9.230769
1400 0.000023 0.005271 400.000000 8.350731
1400 0.000018 0.004225 500.000000 8.771930
1400 0.000020 0.003313 600.000000 8.928572
1400 0.000011 0.002201 700.000000 8.838384
1400 0.000013 0.001309 800.000000 9.039548
1410 0.000326 0.012008 100.000000 10.309278
1410 0.000020 0.007294 200.000000 8.510638
1410 0.000006 0.006461 300.000000 9.202454
1410 0.000027 0.005239 400.000000 8.368201
1410 0.000018 0.004096 500.000000 8.771930
1410 0.000016 0.003353 600.000000 8.670520
1410 0.000014 0.001951 700.000000 8.849558
1410 0.000014 0.001170 800.000000 8.978676
1420 0.000024 0.009318 100.000000 9.615385
1420 0.000023 0.007204 200.000000 8.510638
1420 0.000006 0.006068 300.000000 9.174312
1420 0.000026 0.004935 400.000000 8.385744
1420 0.000019 0.003946 500.000000 8.741259
1420 0.000017 0.003259 600.000000 8.559201
1420 0.000012 0.001813 700.000000 8.849558
1420 0.000011 0.001252 800.000000 8.064516
1430 0.000028 0.009075 100.000000 7.575758
1430 0.000011 0.006857 200.000000 8.510638
1430 0.000006 0.005808 300.000000 9.118541
1430 0.000024 0.004404 400.000000 8.385744
1430 0.000021 0.003541 500.000000 8.741259
1430 0.000018 0.002918 600.000000 8.522727
1430 0.000012 0.001554 700.000000 8.860760
1430 0.000010 0.001352 800.000000 7.984032
1440 0.000016 0.008640 100.000000 7.194244
1440 0.000016 0.006688 200.000000 8.547009
1440 0.000007 0.006138 300.000000 9.036144
1440 0.000024 0.004367 400.000000 8.403361
1440 0.000026 0.003612 500.000000 8.726004
1440 0.000017 0.002736 600.000000 8.522727
1440 0.000013 0.001435 700.000000 8.860760
1440 0.000005 0.001320 800.000000 7.968128
1450 0.000025 0.008163 100.000000 7.042253
1450 0.000017 0.006408 200.000000 8.547009
1450 0.000010 0.005962 300.000000 8.849558
1450 0.000020 0.003851 400.000000 8.403361
1450 0.000023 0.002999 500.000000 8.726004
1450 0.000015 0.002211 600.000000 8.534851
1450 0.000012 0.001254 700.000000 8.860760
1450 0.000004 0.001185 800.000000 7.968128
1460 0.000018 0.008001 100.000000 6.993007
1460 0.000021 0.006581 200.000000 8.510638
1460 0.000018 0.005529 300.000000 8.403361
1460 0.000020 0.003939 400.000000 8.385744
1460 0.000023 0.002883 500.000000 8.710801
1460 0.000014 0.001985 600.000000 8.534851
1460 0.000012 0.001345 700.000000 8.849558
1460 0.000004 0.001056 800.000000 7.968128
1470 0.000037 0.007445 100.000000 6.944445
1470 0.000028 0.006448 200.000000 8.510638
1470 0.000026 0.004816 300.000000 7.874016
1470 0.000018 0.003905 400.000000 8.368201
1470 0.000020 0.002982 500.000000 8.710801
1470 0.000014 0.002075 600.000000 8.534851
1470 0.000013 0.001484 700.000000 8.838384
1470 0.000007 0.000963 800.000000 7.968128
1480 0.000041 0.006641 100.000000 6.944445
1480 0.000012 0.005656 200.000000 8.510638
1480 0.000030 0.004298 300.000000 7.731959
1480 0.000018 0.003263 400.000000 8.368201
1480 0.000020 0.002391 500.000000 8.695652
1480 0.000012 0.001637 600.000000 8.547009
1480 0.000012 0.001348 700.000000 8.827238
1480 0.000005 0.000724 800.000000 7.960199
1490 0.000041 0.006085 100.000000 6.944445
1490 0.000022 0.004975 200.000000 8.547009
1490 0.000025 0.003646 300.000000 7.731959
1490 0.000018 0.002745 400.000000 8.368201
1490 0.000021 0.002025 500.000000 8.635578
1490 0.000012 0.001390 600.000000 8.559201
1490 0.000012 0.001377 700.000000 8.827238
1490 0.000005 0.000559 800.000000 7.968128
1500 0.000050 0.010000 100.000000 7.042253
1500 0.000031 0.008504 200.000000 8.620689
1500 0.000042 0.006299 300.000000 7.792208
1500 0.000026 0.004879 400.000000 8.385744
1500 0.000022 0.003951 500.000000 8.488964
1500 0.000011 0.002992 600.000000 8.595988
1500 0.000018 0.002925 700.000000 8.805032
1500 0.000010 0.001092 800.000000 7.984032
1510 0.000323 0.035585 100.000000 7.246377
1510 0.000165 0.033844 200.000000 8.733624
1510 0.000112 0.029232 300.000000 7.874016
1510 0.000077 0.025187 400.000000 8.438819
1510 0.000056 0.020447 500.000000 8.333333
1510 0.000048 0.013080 600.000000 8.645534
1510 0.000045 0.009654 700.000000 8.771930
1510 0.000044 0.003725 800.000000 8.008008
1520 0.000039 0.004909 100.000000 7.462687
1520 0.000013 0.003725 200.000000 8.849558
1520 0.000033 0.002610 300.000000 7.978724
1520 0.000021 0.001731 400.000000 8.510638
1520 0.000016 0.001821 500.000000 8.333333
1520 0.000012 0.001205 600.000000 8.695652
1520 0.000012 0.001720 700.000000 7.874016
1520 0.000005 0.000510 800.000000 8.040201
1530 0.000044 0.004778 100.000000 7.874016
1530 0.000017 0.003519 200.000000 9.090909
1530 0.000032 0.002390 300.000000 8.108109
1530 0.000022 0.001682 400.000000 8.620689
1530 0.000016 0.001824 500.000000 8.403361
1530 0.000012 0.001274 600.000000 8.784773
1530 0.000012 0.001825 700.000000 7.874016
1530 0.000006 0.000527 800.000000 8.088979
1540 0.000033 0.004414 100.000000 8.403361
1540 0.000020 0.003335 200.000000 9.433962
1540 0.000031 0.002261 300.000000 8.310249
1540 0.000022 0.001629 400.000000 8.771930
1540 0.000017 0.001773 500.000000 8.517887
1540 0.000013 0.001246 600.000000 8.888889
1540 0.000013 0.001841 700.000000 7.927520
1540 0.000007 0.000519 800.000000 8.154943
1550 0.000038 0.004818 100.000000 9.009009
1550 0.000011 0.003763 200.000000 9.756098
1550 0.000029 0.002555 300.000000 8.498584
1550 0.000021 0.001814 400.000000 8.908686
1550 0.000018 0.001816 500.000000 8.620689
1550 0.000012 0.001378 600.000000 8.995502
1550 0.000014 0.001916 700.000000 7.990868
1550 0.000008 0.000508 800.000000 8.221993
1560 0.000030 0.004659 100.000000 9.615385
1560 0.000019 0.003744 200.000000 10.050251
1560 0.000028 0.002341 300.000000 8.670520
1560 0.000021 0.001698 400.000000 9.049774
1560 0.000018 0.001785 500.000000 8.726004
1560 0.000010 0.001526 600.000000 9.090909
1560 0.000012 0.002012 700.000000 8.036739
1560 0.000007 0.000531 800.000000 8.281573
1570 0.000043 0.005449 100.000000 10.000000
1570 0.000013 0.004798 200.000000 10.256411
1570 0.000027 0.002845 300.000000 8.797654
1570 0.000020 0.001992 400.000000 9.132421
1570 0.000017 0.001940 500.000000 8.787346
1570 0.000011 0.001761 600.000000 9.160305
1570 0.000012 0.002122 700.000000 8.064516
1570 0.000008 0.000516 800.000000 8.316009
1580 0.000020 0.005104 100.000000 10.416667
1580 0.000014 0.004692 200.000000 10.256411
1580 0.000032 0.002293 300.000000 8.875740
1580 0.000028 0.001606 400.000000 9.195402
1580 0.000017 0.001578 500.000000 8.833922
1580 0.000013 0.001473 600.000000 9.202454
1580 0.000005 0.001867 700.000000 8.083141
1580 0.000006 0.000418 800.000000 8.350731
1590 0.000018 0.005286 100.000000 10.638298
1590 0.000017 0.004934 200.000000 10.050251
1590 0.000031 0.002398 300.000000 8.928572
1590 0.000029 0.001821 400.000000 9.237875
1590 0.000014 0.001959 500.000000 8.880995
1590 0.000013 0.002041 600.000000 9.230769
1590 0.000005 0.001993 700.000000 8.101851
1590 0.000005 0.000484 800.000000 8.368201
1600 0.000025 0.005430 100.000000 10.752688
1600 0.000037 0.004927 200.000000 9.433962
1600 0.000033 0.002371 300.000000 8.928572
1600 0.000030 0.001477 400.000000 9.259259
1600 0.000017 0.001408 500.000000 8.896797
1600 0.000014 0.001836 600.000000 9.244992
1600 0.000004 0.001692 700.000000 8.111239
1600 0.000005 0.000431 800.000000 8.376964
1610 0.000023 0.005610 100.000000 10.752688
1610 0.000042 0.003539 200.000000 8.510638
1610 0.000030 0.001973 300.000000 8.955224
1610 0.000029 0.001362 400.000000 9.259259
1610 0.000015 0.001284 500.000000 8.912656
1610 0.000014 0.001906 600.000000 9.244992
1610 0.000004 0.001489 700.000000 8.120649
1610 0.000004 0.000331 800.000000 8.376964
1620 0.000023 0.005064 100.000000 10.869565
1620 0.000055 0.003165 200.000000 8.196721
1620 0.000031 0.001662 300.000000 8.955224
1620 0.000030 0.001512 400.000000 9.259259
1620 0.000014 0.001388 500.000000 8.944544
1620 0.000014 0.001975 600.000000 9.244992
1620 0.000004 0.001308 700.000000 8.120649
1620 0.000006 0.000383 800.000000 8.368201
1630 0.000030 0.004316 100.000000 10.869565
1630 0.000063 0.002405 200.000000 8.130081
1630 0.000035 0.001810 300.000000 8.928572
1630 0.000036 0.002641 400.000000 9.195402
1630 0.000014 0.002138 500.000000 8.960573
1630 0.000018 0.002494 600.000000 9.216590
1630 0.000005 0.001356 700.000000 8.120649
1630 0.000006 0.000494 800.000000 8.368201
1640 0.000032 0.004665 100.000000 10.869565
1640 0.000065 0.002352 200.000000 8.163265
1640 0.000037 0.001485 300.000000 8.928572
1640 0.000031 0.002748 400.000000 8.908686
1640 0.000016 0.002258 500.000000 8.960573
1640 0.000021 0.002852 600.000000 9.174312
1640 0.000005 0.001440 700.000000 8.120649
1640 0.000006 0.000771 800.000000 8.376964
1650 0.000044 0.003423 100.000000 10.752688
1650 0.000066 0.001679 200.000000 8.196721
1650 0.000040 0.002042 300.000000 8.875740
1650 0.000024 0.003269 400.000000 8.583691
1650 0.000018 0.002575 500.000000 8.976661
1650 0.000021 0.003095 600.000000 8.941877
1650 0.000005 0.001421 700.000000 8.111239
1650 0.000008 0.000848 800.000000 8.376964
1660 0.000037 0.003730 100.000000 10.526316
1660 0.000064 0.001450 200.000000 8.196721
1660 0.000039 0.001421 300.000000 8.849558
1660 0.000028 0.002570 400.000000 8.510638
1660 0.000017 0.002283 500.000000 8.976661
1660 0.000016 0.002867 600.000000 7.822686
1660 0.000004 0.001346 700.000000 8.111239
1660 0.000006 0.000928 800.000000 8.368201
1670 0.000032 0.004912 100.000000 10.204082
1670 0.000057 0.001485 200.000000 8.230453
1670 0.000041 0.001383 300.000000 8.823529
1670 0.000026 0.001931 400.000000 8.492569
1670 0.000018 0.002148 500.000000 8.976661
1670 0.000008 0.002775 600.000000 7.792208
1670 0.000005 0.001277 700.000000 8.111239
1670 0.000008 0.000945 800.000000 8.350731
1680 0.000027 0.005987 100.000000 9.708738
1680 0.000065 0.001210 200.000000 8.230453
1680 0.000045 0.001507 300.000000 8.823529
1680 0.000023 0.002374 400.000000 8.492569
1680 0.000019 0.002951 500.000000 8.976661
1680 0.000006 0.003041 600.000000 7.782101
1680 0.000004 0.001437 700.000000 8.111239
1680 0.000007 0.001085 800.000000 8.342023
1690 0.000058 0.005323 100.000000 8.620689
1690 0.000057 0.001644 200.000000 8.196721
1690 0.000048 0.002853 300.000000 8.823529
1690 0.000022 0.003019 400.000000 8.510638
1690 0.000020 0.003305 500.000000 8.976661
1690 0.000007 0.002925 600.000000 7.782101
1690 0.000002 0.001340 700.000000 8.111239
1690 0.000004 0.000986 800.000000 8.333333
1700 0.000092 0.003538 100.000000 7.042253
1700 0.000055 0.001607 200.000000 8.196721
1700 0.000045 0.002741 300.000000 8.797654
1700 0.000024 0.002691 400.000000 8.510638
1700 0.000021 0.003302 500.000000 8.960573
1700 0.000003 0.002676 600.000000 7.782101
1700 0.000006 0.001277 700.000000 8.101851
1700 0.000007 0.001124 800.000000 8.333333
1710 0.000130 0.004558 100.000000 6.493506
1710 0.000057 0.001127 200.000000 8.163265
1710 0.000046 0.002043 300.000000 8.771930
1710 0.000025 0.002511 400.000000 8.528785
1710 0.000023 0.003525 500.000000 8.944544
1710 0.000006 0.002795 600.000000 7.782101
1710 0.000009 0.001714 700.000000 8.092485
1710 0.000010 0.001492 800.000000 8.333333
1720 0.000114 0.002285 100.000000 6.410256
1720 0.000047 0.001954 200.000000 8.130081
1720 0.000044 0.002865 300.000000 8.695652
1720 0.000019 0.002682 400.000000 8.547009
1720 0.000021 0.003325 500.000000 8.928572
1720 0.000003 0.002167 600.000000 7.772021
1720 0.000009 0.001224 700.000000 8.083141
1720 0.000006 0.001088 800.000000 8.333333
1730 0.000123 0.001878 100.000000 6.451613
1730 0.000053 0.002175 200.000000 8.130081
1730 0.000041 0.003615 300.000000 8.379889
1730 0.000023 0.003310 400.000000 8.547009
1730 0.000025 0.004054 500.000000 8.865249
1730 0.000003 0.002448 600.000000 7.772021
1730 0.000009 0.001475 700.000000 8.092485
1730 0.000006 0.001253 800.000000 8.324662
1740 0.000120 0.001575 100.000000 6.535948
1740 0.000053 0.001551 200.000000 8.130081
1740 0.000036 0.003287 300.000000 8.021390
1740 0.000026 0.003219 400.000000 8.583691
1740 0.000025 0.004166 500.000000 8.695652
1740 0.000005 0.002400 600.000000 7.782101
1740 0.000011 0.001570 700.000000 8.101851
1740 0.000008 0.001462 800.000000 8.316009
1750 0.000116 0.001657 100.000000 6.622517
1750 0.000054 0.000681 200.000000 8.130081
1750 0.000035 0.002179 300.000000 7.978724
1750 0.000029 0.002796 400.000000 8.620689
1750 0.000022 0.003851 500.000000 7.440476
1750 0.000009 0.002397 600.000000 7.792208
1750 0.000012 0.001912 700.000000 8.111239
1750 0.000010 0.002028 800.000000 8.324662
1760 0.000099 0.000317 100.000000 6.711410
1760 0.000058 0.000583 200.000000 8.163265
1760 0.000037 0.002208 300.000000 7.978724
1760 0.000024 0.003017 400.000000 8.658009
1760 0.000017 0.003859 500.000000 7.418397
1760 0.000007 0.002263 600.000000 7.802341
1760 0.000011 0.001814 700.000000 8.120649
1760 0.000010 0.002057 800.000000 8.342023
1770 0.000109 0.001636 100.000000 6.849315
1770 0.000068 0.000909 200.000000 8.230453
1770 0.000034 0.002536 300.000000 8.042895
1770 0.000026 0.003824 400.000000 8.695652
1770 0.000011 0.004272 500.000000 7.429420
1770 0.000009 0.002632 600.000000 7.832898
1770 0.000013 0.002189 700.000000 8.130081
1770 0.000011 0.002463 800.000000 8.368201
1780 0.000108 0.002930 100.000000 7.042253
1780 0.000065 0.001971 200.000000 8.368201
1780 0.000033 0.003169 300.000000 8.108109
1780 0.000025 0.004403 400.000000 8.771930
1780 0.000010 0.004457 500.000000 7.462687
1780 0.000008 0.002696 600.000000 7.874016
1780 0.000012 0.002235 700.000000 8.158508
1780 0.000012 0.002482 800.000000 8.403361
1790 0.000113 0.004513 100.000000 7.246377
1790 0.000070 0.003738 200.000000 8.547009
1790 0.000035 0.004630 300.000000 8.219178
1790 0.000028 0.005537 400.000000 8.869180
1790 0.000010 0.005212 500.000000 7.518797
1790 0.000008 0.003194 600.000000 7.926024
1790 0.000011 0.002469 700.000000 8.196721
1790 0.000013 0.002458 800.000000 8.447730
1800 0.000117 0.003314 100.000000 7.575758
1800 0.000071 0.003240 200.000000 8.733624
1800 0.000037 0.004142 300.000000 8.356546
1800 0.000028 0.005176 400.000000 8.968610
1800 0.000009 0.004852 500.000000 7.587254
1800 0.000009 0.003022 600.000000 7.978724
1800 0.000011 0.002394 700.000000 8.244994
1800 0.000013 0.002364 800.000000 8.501594
1810 0.000147 0.003610 100.000000 7.936508
1810 0.000093 0.005165 200.000000 9.009009
1810 0.000052 0.004862 300.000000 8.522727
1810 0.000037 0.005532 400.000000 9.111617
1810 0.000012 0.005463 500.000000 7.656968
1810 0.000013 0.003834 600.000000 8.053691
1810 0.000014 0.003045 700.000000 8.313540
1810 0.000016 0.002953 800.000000 8.565310
1820 0.000088 0.002513 100.000000 8.474576
1820 0.000060 0.002251 200.000000 9.302325
1820 0.000031 0.002178 300.000000 8.720930
1820 0.000023 0.003262 400.000000 9.259259
1820 0.000007 0.003019 500.000000 7.751938
1820 0.000010 0.001683 600.000000 8.130081
1820 0.000008 0.001590 700.000000 8.383233
1820 0.000011 0.001864 800.000000 8.629990
1830 0.000054 0.003308 100.000000 9.009009
1830 0.000044 0.002675 200.000000 9.615385
1830 0.000034 0.002153 300.000000 8.902077
1830 0.000022 0.002959 400.000000 9.411765
1830 0.000013 0.002496 500.000000 7.836991
1830 0.000016 0.001263 600.000000 8.207934
1830 0.000014 0.001816 700.000000 8.464329
1830 0.000013 0.002506 800.000000 8.695652
1840 0.000042 0.003745 100.000000 9.615385
1840 0.000042 0.003131 200.000000 9.950249
1840 0.000034 0.002703 300.000000 9.118541
1840 0.000020 0.003247 400.000000 9.569378
1840 0.000016 0.002434 500.000000 7.923930
1840 0.000017 0.000970 600.000000 8.287292
1840 0.000013 0.001509 700.000000 8.536586
1840 0.000013 0.002260 800.000000 8.771930
1850 0.000047 0.006234 100.000000 10.204082
1850 0.000048 0.005694 200.000000 10.309278
1850 0.000039 0.004827 300.000000 9.287926
1850 0.000022 0.004613 400.000000 9.708738
1850 0.000022 0.003410 500.000000 8.012820
1850 0.000020 0.001503 600.000000 8.356546
1850 0.000016 0.000688 700.000000 8.610086
1850 0.000015 0.001550 800.000000 8.830022
1860 0.000052 0.005211 100.000000 10.752688
1860 0.000048 0.005027 200.000000 10.526316
1860 0.000036 0.004648 300.000000 9.433962
1860 0.000019 0.004721 400.000000 9.828010
1860 0.000022 0.003410 500.000000 8.064516
1860 0.000019 0.001482 600.000000 8.403361
1860 0.000017 0.000516 700.000000 8.663366
1860 0.000015 0.001235 800.000000 8.879024
1870 0.000036 0.005154 100.000000 10.869565
1870 0.000039 0.005243 200.000000 10.582010
1870 0.000033 0.005058 300.000000 9.523809
1870 0.000013 0.005253 400.000000 9.852217
1870 0.000024 0.003463 500.000000 8.090615
1870 0.000019 0.001450 600.000000 8.426967
1870 0.000017 0.000876 700.000000 8.684863
1880 0.000032 0.005206 100.000000 10.869565
1880 0.000030 0.005405 200.000000 10.152285
1880 0.000030 0.005100 300.000000 9.554140
1880 0.000009 0.005526 400.000000 9.803922
1880 0.000026 0.003272 500.000000 8.090615
1880 0.000018 0.001554 600.000000 8.426967
1880 0.000017 0.001353 700.000000 8.674102
1890 0.000028 0.005754 100.000000 10.638298
1890 0.000035 0.005273 200.000000 9.049774
1890 0.000032 0.004637 300.000000 9.523809
1890 0.000012 0.005213 400.000000 9.546539
1890 0.000024 0.002530 500.000000 8.077544
1890 0.000018 0.001445 600.000000 8.426967
1890 0.000017 0.001944 700.000000 8.641975
1900 0.000031 0.005171 100.000000 10.416667
1900 0.000045 0.005310 200.000000 8.810573
1900 0.000027 0.005188 300.000000 9.523809
1900 0.000032 0.005682 400.000000 7.648183
1900 0.000029 0.002887 500.000000 8.051530
1900 0.000020 0.001727 600.000000 8.415147
1900 0.000016 0.001850 700.000000 8.631319
1910 0.000028 0.004989 100.000000 10.204082
1910 0.000052 0.004957 200.000000 8.733624
1910 0.000026 0.005115 300.000000 9.523809
1910 0.000031 0.005034 400.000000 7.575758
1910 0.000028 0.002439 500.000000 8.038586
1910 0.000019 0.002000 600.000000 8.391608
1910 0.000017 0.002589 700.000000 8.620689
1920 0.000059 0.005312 100.000000 10.204082
1920 0.000052 0.005439 200.000000 8.733624
1920 0.000028 0.005777 300.000000 9.523809
1920 0.000029 0.005043 400.000000 7.561437
1920 0.000028 0.002379 500.000000 8.051530
1920 0.000021 0.001743 600.000000 8.368201
1920 0.000017 0.002447 700.000000 8.620689
1930 0.000048 0.005525 100.000000 10.204082
1930 0.000049 0.005213 200.000000 8.771930
1930 0.000022 0.005599 300.000000 9.523809
1930 0.000028 0.004497 400.000000 7.561437
1930 0.000026 0.002405 500.000000 8.051530
1930 0.000020 0.002678 600.000000 8.356546
1930 0.000017 0.003447 700.000000 8.631319
1940 0.000049 0.004132 100.000000 10.204082
1940 0.000042 0.004383 200.000000 8.810573
1940 0.000015 0.005038 300.000000 9.523809
1940 0.000024 0.003776 400.000000 7.575758
1940 0.000022 0.001891 500.000000 8.051530
1940 0.000018 0.002307 600.000000 8.368201
1940 0.000014 0.002890 700.000000 8.641975
1950 0.000046 0.004900 100.000000 10.204082
1950 0.000041 0.004762 200.000000 8.849558
1950 0.000018 0.005162 300.000000 9.523809
1950 0.000025 0.003604 400.000000 7.575758
1950 0.000021 0.002419 500.000000 8.038586
1950 0.000019 0.003008 600.000000 8.368201
1950 0.000015 0.003753 700.000000 8.652658
1960 0.000046 0.005010 100.000000 10.101010
1960 0.000038 0.004788 200.000000 8.888889
1960 0.000015 0.005371 300.000000 9.493670
1960 0.000026 0.003521 400.000000 7.575758
1960 0.000020 0.002592 500.000000 8.038586
1960 0.000019 0.003070 600.000000 8.379889
1970 0.000032 0.005492 100.000000 9.433962
1970 0.000039 0.004840 200.000000 8.968610
1970 0.000015 0.005679 300.000000 9.463722
1970 0.000030 0.003539 400.000000 7.590133
1970 0.000022 0.003058 500.000000 8.051530
1970 0.000019 0.003623 600.000000 8.379889
1980 0.000041 0.003822 100.000000 8.000000
1980 0.000036 0.004475 200.000000 9.009009
1980 0.000018 0.005734 300.000000 9.287926
1980 0.000029 0.003599 400.000000 7.590133
1980 0.000022 0.003828 500.000000 8.064516
1980 0.000019 0.004416 600.000000 8.368201
1990 0.000075 0.003965 100.000000 7.633588
1990 0.000033 0.004828 200.000000 9.049774
1990 0.000025 0.005756 300.000000 7.109005
1990 0.000031 0.003289 400.000000 7.604563
1990 0.000022 0.003442 500.000000 8.077544
1990 0.000021 0.004007 600.000000 8.368201
2000 0.000083 0.004744 100.000000 7.518797
2000 0.000035 0.005515 200.000000 9.132421
2000 0.000048 0.005840 300.000000 6.976744
2000 0.000035 0.003251 400.000000 7.604563
2000 0.000022 0.003497 500.000000 8.077544
2000 0.000019 0.004190 600.000000 8.379889
2010 0.000084 0.006712 100.000000 7.575758
2010 0.000035 0.007626 200.000000 9.132421
2010 0.000050 0.006753 300.000000 6.944445
2010 0.000040 0.004572 400.000000 7.619048
2010 0.000026 0.004866 500.000000 8.064516
2010 0.000022 0.005514 600.000000 8.391608
2020 0.000065 0.006807 100.000000 7.575758
2020 0.000029 0.008170 200.000000 9.174312
2020 0.000044 0.006688 300.000000 6.944445
2020 0.000038 0.005227 400.000000 7.633588
2020 0.000023 0.005728 500.000000 8.051530
2020 0.000021 0.006415 600.000000 8.403361
2030 0.000068 0.006562 100.000000 7.633588
2030 0.000031 0.007781 200.000000 9.132421
2030 0.000044 0.006360 300.000000 6.944445
2030 0.000035 0.005489 400.000000 7.633588
2030 0.000025 0.006473 500.000000 8.051530
2030 0.000023 0.007270 600.000000 8.403361
2040 0.000096 0.006401 100.000000 7.692307
2040 0.000028 0.007519 200.000000 9.132421
2040 0.000042 0.005899 300.000000 6.944445
2040 0.000034 0.005529 400.000000 7.619048
2040 0.000027 0.006601 500.000000 8.051530
2040 0.000022 0.007410 600.000000 8.415147
2050 0.000100 0.006577 100.000000 7.751938
2050 0.000043 0.007637 200.000000 9.132421
2050 0.000049 0.006367 300.000000 6.960557
2050 0.000033 0.006838 400.000000 7.619048
2050 0.000028 0.007816 500.000000 8.064516
2060 0.000106 0.006189 100.000000 7.936508
2060 0.000043 0.007590 200.000000 9.174312
2060 0.000050 0.006325 300.000000 6.993007
2060 0.000035 0.007077 400.000000 7.648183
2060 0.000029 0.007999 500.000000 8.090615
2070 0.000083 0.006234 100.000000 8.196721
2070 0.000036 0.007598 200.000000 9.302325
2070 0.000050 0.006307 300.000000 7.058824
2070 0.000034 0.007061 400.000000 7.707129
2070 0.000029 0.007800 500.000000 8.143323
2080 0.000085 0.005720 100.000000 8.620689
2080 0.000028 0.007183 200.000000 9.478673
2080 0.000047 0.005430 300.000000 7.142857
2080 0.000030 0.006189 400.000000 7.797271
2080 0.000025 0.006929 500.000000 8.210180
2090 0.000075 0.006146 100.000000 9.259259
2090 0.000021 0.007517 200.000000 9.756098
2090 0.000045 0.005064 300.000000 7.263923
2090 0.000028 0.005526 400.000000 7.905138
2090 0.000023 0.006078 500.000000 8.305648
2100 0.000037 0.007431 100.000000 9.900990
2100 0.000015 0.008322 200.000000 9.950249
2100 0.000042 0.005318 300.000000 7.389163
2100 0.000021 0.005218 400.000000 8.016032
2100 0.000019 0.005344 500.000000 8.389262
2110 0.000044 0.007877 100.000000 10.526316
2110 0.000026 0.008958 200.000000 9.950249
2110 0.000040 0.006108 300.000000 7.500000
2110 0.000018 0.006253 400.000000 8.113590
2110 0.000020 0.006358 500.000000 8.474576
2120 0.000028 0.008980 100.000000 10.989011
2120 0.000052 0.009186 200.000000 6.849315
2120 0.000038 0.006991 300.000000 7.575758
2120 0.000018 0.007292 400.000000 8.179959
2120 0.000018 0.007202 500.000000 8.517887
2130 0.000043 0.009889 100.000000 11.235955
2130 0.000080 0.008959 200.000000 6.688963
2130 0.000045 0.007696 300.000000 7.594937
2130 0.000023 0.008291 400.000000 8.213552
2130 0.000020 0.008519 500.000000 8.547009
2140 0.000049 0.010511 100.000000 11.363636
2140 0.000068 0.008270 200.000000 6.644518
2140 0.000043 0.007779 300.000000 7.614213
2140 0.000022 0.008491 400.000000 8.196721
2140 0.000019 0.008621 500.000000 8.561644
2150 0.000041 0.009726 100.000000 11.363636
2150 0.000049 0.006851 200.000000 6.622517
2150 0.000036 0.006670 300.000000 7.614213
2150 0.000016 0.007468 400.000000 8.146640
2150 0.000017 0.007726 500.000000 8.561644
2160 0.000028 0.008816 100.000000 11.235955
2160 0.000047 0.006385 200.000000 6.622517
2160 0.000031 0.006007 300.000000 7.594937
2160 0.000018 0.006769 400.000000 8.130081
2160 0.000015 0.006929 500.000000 8.561644
2170 0.000046 0.008068 100.000000 11.111111
2170 0.000040 0.005875 200.000000 6.600660
2170 0.000025 0.006268 300.000000 7.575758
2170 0.000015 0.006824 400.000000 8.130081
2170 0.000012 0.007001 500.000000 8.547009
2180 0.000052 0.008188 100.000000 10.869565
2180 0.000048 0.006384 200.000000 6.578948
2180 0.000020 0.007079 300.000000 7.537688
2180 0.000016 0.007398 400.000000 8.130081
2190 0.000055 0.008538 100.000000 10.526316
2190 0.000050 0.005949 200.000000 6.557377
2190 0.000020 0.006605 300.000000 7.518797
2190 0.000018 0.006740 400.000000 8.097166
2200 0.000053 0.009471 100.000000 9.900990
2200 0.000056 0.006362 200.000000 6.535948
2200 0.000019 0.007140 300.000000 7.518797
2200 0.000018 0.007018 400.000000 8.064516
2210 0.000088 0.008449 100.000000 4.901961
2210 0.000051 0.006035 200.000000 6.514658
2210 0.000019 0.007015 300.000000 7.518797
2210 0.000020 0.006753 400.000000 8.032128
2220 0.000119 0.007164 100.000000 4.694836
2220 0.000059 0.006170 200.000000 6.493506
2220 0.000019 0.007107 300.000000 7.481297
2220 0.000014 0.006890 400.000000 8.032128
2230 0.000091 0.004866 100.000000 4.651163
2230 0.000057 0.006548 200.000000 6.493506
2230 0.000026 0.007364 300.000000 7.444169
2230 0.000016 0.007400 400.000000 8.032128
2240 0.000093 0.003853 100.000000 4.651163
2240 0.000051 0.006349 200.000000 6.514658
2240 0.000028 0.007391 300.000000 7.425743
2240 0.000019 0.007627 400.000000 8.048289
2250 0.000091 0.004305 100.000000 4.651163
2250 0.000048 0.006249 200.000000 6.514658
2250 0.000023 0.006966 300.000000 7.425743
2250 0.000017 0.007039 400.000000 8.064516
2260 0.000097 0.004939 100.000000 4.672897
2260 0.000045 0.006913 200.000000 6.514658
2260 0.000026 0.007198 300.000000 7.444169
2260 0.000016 0.007234 400.000000 8.064516
2270 0.000103 0.006084 100.000000 4.672897
2270 0.000036 0.007815 200.000000 6.493506
2270 0.000027 0.007574 300.000000 7.462687
2280 0.000115 0.007093 100.000000 4.716981
2280 0.000039 0.008498 200.000000 6.535948
2280 0.000032 0.008034 300.000000 7.481297
2290 0.000131 0.008514 100.000000 4.761905
2290 0.000051 0.009375 200.000000 6.578948
2290 0.000033 0.008625 300.000000 7.518797
2300 0.000141 0.010518 100.000000 4.854369
2300 0.000046 0.010752 200.000000 6.688963
2300 0.000035 0.009750 300.000000 7.575758
2310 0.000133 0.011383 100.000000 5.000000
2310 0.000038 0.011163 200.000000 6.825939
2310 0.000038 0.010054 300.000000 7.692307
2320 0.000147 0.011193 100.000000 5.181347
2320 0.000046 0.011001 200.000000 7.017544
2320 0.000037 0.010033 300.000000 7.832898
2330 0.000147 0.011815 100.000000 5.434783
2330 0.000046 0.011493 200.000000 7.246377
2330 0.000037 0.010278 300.000000 8.021390
2340 0.000146 0.011879 100.000000 5.747127
2340 0.000046 0.011608 200.000000 7.518797
2340 0.000037 0.010411 300.000000 8.241758
2350 0.000147 0.011697 100.000000 6.097561
2350 0.000046 0.011514 200.000000 7.812500
2350 0.000037 0.010335 300.000000 8.474576
2360 0.000150 0.011323 100.000000 6.493506
2360 0.000048 0.011314 200.000000 8.130081
2360 0.000038 0.010236 300.000000 8.720930
2370 0.000148 0.010811 100.000000 6.944445
2370 0.000047 0.010871 200.000000 8.474576
2370 0.000037 0.009827 300.000000 8.982036
2380 0.000145 0.010235 100.000000 7.462687
2380 0.000046 0.010336 200.000000 8.849558
2380 0.000036 0.009325 300.000000 9.259259
2390 0.000140 0.009974 100.000000 8.064516
2390 0.000043 0.010032 200.000000 9.259259
2390 0.000034 0.008976 300.000000 9.554140
2400 0.000133 0.009359 100.000000 8.771930
2400 0.000041 0.009220 200.000000 9.708738
2400 0.000033 0.008122 300.000000 9.868421
2410 0.000111 0.007279 100.000000 9.433962
2410 0.000041 0.006982 200.000000 10.101010
2410 0.000034 0.006025 300.000000 10.101010
2420 0.000089 0.006972 100.000000 10.000000
2420 0.000047 0.005834 200.000000 10.362695
2420 0.000027 0.005224 300.000000 10.309278
2430 0.000067 0.007484 100.000000 10.416667
2430 0.000041 0.006359 200.000000 10.582010
2430 0.000026 0.005348 300.000000 10.452962
2440 0.000042 0.008191 100.000000 10.638298
2440 0.000035 0.006833 200.000000 10.582010
2440 0.000021 0.005074 300.000000 10.526316
2450 0.000024 0.008435 100.000000 10.638298
2450 0.000024 0.007091 200.000000 10.526316
2450 0.000018 0.005562 300.000000 10.563380
2460 0.000040 0.007018 100.000000 10.638298
2460 0.000022 0.006276 200.000000 10.471204
2460 0.000022 0.005204 300.000000 10.600707
2470 0.000038 0.007354 100.000000 10.638298
2470 0.000024 0.006122 200.000000 10.526316
2470 0.000025 0.004998 300.000000 10.600707
2480 0.000042 0.006674 100.000000 10.526316
2480 0.000027 0.005114 200.000000 10.526316
2490 0.000067 0.006003 100.000000 10.526316
2490 0.000022 0.004759 200.000000 10.526316
2500 0.000068 0.006338 100.000000 10.526316
2500 0.000026 0.004628 200.000000 10.471204
2510 0.000077 0.006499 100.000000 10.638298
2510 0.000028 0.004579 200.000000 10.416667
2520 0.000069 0.007084 100.000000 10.638298
2520 0.000027 0.005016 200.000000 10.416667
2530 0.000079 0.006786 100.000000 10.526316
2530 0.000034 0.004612 200.000000 10.416667
2540 0.000055 0.006743 100.000000 10.204082
2540 0.000033 0.004982 200.000000 10.416667
2550 0.000032 0.007475 100.000000 10.101010
2550 0.000027 0.005564 200.000000 10.471204
2560 0.000022 0.007581 100.000000 10.204082
2560 0.000027 0.005933 200.000000 10.526316
2570 0.000011 0.005822 100.000000 10.309278
2570 0.000017 0.005074 200.000000 10.582010
2580 0.000014 0.006414 100.000000 10.416667
2590 0.000018 0.005778 100.000000 10.309278
2600 0.000030 0.004902 100.000000 10.101010
2610 0.000031 0.006374 100.000000 10.000000
2620 0.000015 0.005358 100.000000 10.101010
2630 0.000016 0.005118 100.000000 10.309278
2640 0.000035 0.005891 100.000000 10.526316
2650 0.000042 0.005361 100.000000 10.638298
2660 0.000046 0.005555 100.000000 10.638298
