0 0.000140 0.010194 100.000000 11.627907
0 0.000076 0.010457 200.000000 12.048193
0 0.000042 0.010923 300.000000 10.273973
0 0.000037 0.007522 400.000000 10.282776
0 0.000031 0.003975 500.000000 10.330579
0 0.000023 0.002047 600.000000 10.771993
0 0.000022 0.001260 700.000000 11.128776
0 0.000015 0.001417 800.000000 10.796222
10 0.000014 0.006406 100.000000 11.627907
10 0.000011 0.006944 200.000000 12.048193
10 0.000032 0.005001 300.000000 9.771987
10 0.000023 0.002292 400.000000 10.335917
10 0.000019 0.001434 500.000000 10.309278
10 0.000013 0.002043 600.000000 10.791367
10 0.000011 0.002436 700.000000 11.146497
10 0.000004 0.001351 800.000000 10.796222
20 0.000030 0.006037 100.000000 11.764706
20 0.000021 0.006340 200.000000 11.904762
20 0.000030 0.005137 300.000000 9.615385
20 0.000024 0.002500 400.000000 10.362695
20 0.000019 0.001855 500.000000 10.330579
20 0.000013 0.002125 600.000000 10.830325
20 0.000010 0.002326 700.000000 11.164274
20 0.000003 0.001151 800.000000 10.810811
30 0.000023 0.005596 100.000000 11.764706
30 0.000022 0.005877 200.000000 11.494253
30 0.000026 0.004465 300.000000 9.615385
30 0.000022 0.002171 400.000000 10.416667
30 0.000017 0.001992 500.000000 10.373444
30 0.000011 0.002212 600.000000 10.849910
30 0.000009 0.002355 700.000000 11.164274
30 0.000000 0.001008 800.000000 10.825439
40 0.000035 0.005316 100.000000 11.904762
40 0.000025 0.005487 200.000000 11.049724
40 0.000026 0.004118 300.000000 9.615385
40 0.000021 0.002234 400.000000 10.443864
40 0.000016 0.002139 500.000000 10.416667
40 0.000010 0.002205 600.000000 10.889292
40 0.000009 0.002260 700.000000 11.164274
40 0.000002 0.000866 800.000000 10.854816
50 0.000030 0.006274 100.000000 11.904762
50 0.000023 0.005959 200.000000 10.752688
50 0.000028 0.003636 300.000000 9.646302
50 0.000023 0.002066 400.000000 10.416667
50 0.000017 0.002325 500.000000 10.438414
50 0.000011 0.002561 600.000000 10.909091
50 0.000012 0.002691 700.000000 11.093502
50 0.000002 0.001016 800.000000 10.884354
60 0.000023 0.006990 100.000000 12.048193
60 0.000029 0.006560 200.000000 10.526316
60 0.000030 0.003451 300.000000 9.708738
60 0.000024 0.002070 400.000000 10.282776
60 0.000017 0.002472 500.000000 10.482181
60 0.000011 0.002833 600.000000 10.948905
60 0.000019 0.002298 700.000000 10.869565
60 0.000002 0.000992 800.000000 10.914052
70 0.000023 0.007125 100.000000 12.048193
70 0.000026 0.006479 200.000000 10.309278
70 0.000029 0.003101 300.000000 9.740260
70 0.000021 0.002175 400.000000 10.126582
70 0.000015 0.002694 500.000000 10.526316
70 0.000011 0.003073 600.000000 10.968922
70 0.000009 0.002151 700.000000 10.719755
70 0.000002 0.000980 800.000000 10.943913
80 0.000022 0.006988 100.000000 12.195122
80 0.000017 0.005841 200.000000 9.900990
80 0.000028 0.003079 300.000000 9.803922
80 0.000021 0.002413 400.000000 10.025063
80 0.000015 0.002865 500.000000 10.570825
80 0.000012 0.003140 600.000000 11.009174
80 0.000004 0.002072 700.000000 10.654490
80 0.000000 0.000943 800.000000 10.973937
90 0.000025 0.006833 100.000000 12.195122
90 0.000054 0.004351 200.000000 9.174312
90 0.000024 0.002790 300.000000 9.868421
90 0.000018 0.002771 400.000000 10.000000
90 0.000014 0.003220 500.000000 10.593221
90 0.000011 0.003360 600.000000 11.029411
90 0.000003 0.002075 700.000000 10.654490
90 0.000003 0.000951 800.000000 11.004127
100 0.000028 0.006355 100.000000 12.048193
100 0.000033 0.004470 200.000000 8.810573
100 0.000027 0.002813 300.000000 9.933775
100 0.000017 0.003153 400.000000 10.000000
100 0.000013 0.003536 500.000000 10.615711
100 0.000012 0.003606 600.000000 11.049724
100 0.000004 0.002060 700.000000 10.654490
100 0.000003 0.000961 800.000000 11.019283
110 0.000027 0.006708 100.000000 11.363636
110 0.000031 0.004447 200.000000 8.733624
110 0.000027 0.002867 300.000000 9.966778
110 0.000020 0.003572 400.000000 10.025063
110 0.000013 0.003895 500.000000 10.638298
110 0.000012 0.003999 600.000000 11.049724
110 0.000004 0.002197 700.000000 10.670732
110 0.000002 0.001007 800.000000 11.034483
120 0.000027 0.007288 100.000000 10.416667
120 0.000039 0.003989 200.000000 8.733624
120 0.000028 0.003060 300.000000 10.000000
120 0.000022 0.004049 400.000000 10.050251
120 0.000014 0.004369 500.000000 10.660981
120 0.000014 0.004504 600.000000 11.029411
120 0.000002 0.002417 700.000000 10.703364
120 0.000001 0.001143 800.000000 11.049724
130 0.000026 0.006675 100.000000 9.803922
130 0.000038 0.003338 200.000000 8.771930
130 0.000029 0.003502 300.000000 9.966778
130 0.000020 0.004411 400.000000 10.075566
130 0.000014 0.004611 500.000000 10.683761
130 0.000014 0.004708 600.000000 10.968922
130 0.000002 0.002302 700.000000 10.719755
130 0.000002 0.001018 800.000000 11.049724
140 0.000040 0.006209 100.000000 9.345795
140 0.000038 0.003464 200.000000 8.771930
140 0.000028 0.003944 300.000000 9.803922
140 0.000018 0.004649 400.000000 10.126582
140 0.000013 0.004796 500.000000 10.706638
140 0.000021 0.004141 600.000000 10.733453
140 0.000003 0.002251 700.000000 10.752688
140 0.000002 0.001021 800.000000 11.065007
150 0.000037 0.006599 100.000000 8.928572
150 0.000043 0.003812 200.000000 8.810573
150 0.000029 0.004710 300.000000 9.584664
150 0.000020 0.005288 400.000000 10.152285
150 0.000016 0.005489 500.000000 10.729613
150 0.000014 0.004203 600.000000 10.507881
150 0.000003 0.002438 700.000000 10.769231
150 0.000002 0.001149 800.000000 11.065007
160 0.000041 0.006478 100.000000 8.264462
160 0.000048 0.004529 200.000000 8.849558
160 0.000032 0.005563 300.000000 9.404388
160 0.000023 0.006091 400.000000 10.178117
160 0.000018 0.006273 500.000000 10.752688
160 0.000008 0.004710 600.000000 10.416667
160 0.000003 0.002745 700.000000 10.802469
160 0.000004 0.001364 800.000000 11.065007
170 0.000111 0.003411 100.000000 7.299270
170 0.000046 0.005220 200.000000 8.928572
170 0.000031 0.006376 300.000000 9.375000
170 0.000022 0.006748 400.000000 10.204082
170 0.000018 0.006716 500.000000 10.775862
170 0.000007 0.004763 600.000000 10.398614
170 0.000003 0.002784 700.000000 10.819165
170 0.000003 0.001444 800.000000 11.080333
180 0.000096 0.004917 100.000000 6.896552
180 0.000048 0.005862 200.000000 9.049774
180 0.000030 0.006943 300.000000 9.404388
180 0.000022 0.007166 400.000000 10.256411
180 0.000019 0.007019 500.000000 10.822511
180 0.000008 0.004664 600.000000 10.416667
180 0.000004 0.002732 700.000000 10.852714
180 0.000004 0.001480 800.000000 11.080333
190 0.000083 0.006134 100.000000 6.896552
190 0.000050 0.006572 200.000000 9.174312
190 0.000033 0.007582 300.000000 9.493670
190 0.000022 0.007601 400.000000 10.362695
190 0.000020 0.007432 500.000000 10.893247
190 0.000008 0.004834 600.000000 10.471204
190 0.000004 0.002809 700.000000 10.920437
190 0.000004 0.001549 800.000000 11.095700
200 0.000081 0.006353 100.000000 7.092198
200 0.000051 0.007322 200.000000 9.389671
200 0.000031 0.008187 300.000000 9.646302
200 0.000021 0.008099 400.000000 10.471204
200 0.000020 0.007882 500.000000 10.989011
200 0.000009 0.004955 600.000000 10.563380
200 0.000004 0.002845 700.000000 10.989011
200 0.000005 0.001588 800.000000 11.142061
210 0.000079 0.007247 100.000000 7.299270
210 0.000052 0.007917 200.000000 9.615385
210 0.000033 0.008499 300.000000 9.803922
210 0.000023 0.008297 400.000000 10.610080
210 0.000020 0.008038 500.000000 11.086474
210 0.000007 0.004941 600.000000 10.676157
210 0.000003 0.002871 700.000000 11.075950
210 0.000004 0.001573 800.000000 11.204482
220 0.000082 0.007738 100.000000 7.575758
220 0.000049 0.008375 200.000000 9.803922
220 0.000033 0.008787 300.000000 9.966778
220 0.000022 0.008430 400.000000 10.752688
220 0.000021 0.008145 500.000000 11.160714
220 0.000006 0.004848 600.000000 10.771993
220 0.000004 0.002806 700.000000 11.164274
220 0.000004 0.001538 800.000000 11.267606
230 0.000094 0.008524 100.000000 7.812500
230 0.000053 0.009226 200.000000 10.000000
230 0.000034 0.009506 300.000000 10.135135
230 0.000024 0.009086 400.000000 10.899182
230 0.000023 0.008828 500.000000 11.210762
230 0.000005 0.005070 600.000000 10.869565
230 0.000005 0.002903 700.000000 11.235955
230 0.000003 0.001542 800.000000 11.315417
240 0.000094 0.009394 100.000000 8.064516
240 0.000055 0.009541 200.000000 10.050251
240 0.000034 0.009659 300.000000 10.273973
240 0.000025 0.009169 400.000000 11.019283
240 0.000026 0.008492 500.000000 11.135858
240 0.000005 0.004903 600.000000 10.948905
240 0.000005 0.002844 700.000000 11.308562
240 0.000005 0.001480 800.000000 11.363636
250 0.000097 0.010452 100.000000 8.333333
250 0.000056 0.010105 200.000000 10.000000
250 0.000033 0.009846 300.000000 10.416667
250 0.000026 0.009338 400.000000 11.142061
250 0.000033 0.007844 500.000000 10.964912
250 0.000006 0.004798 600.000000 11.029411
250 0.000007 0.002818 700.000000 11.363636
250 0.000006 0.001451 800.000000 11.428572
260 0.000096 0.011234 100.000000 8.620689
260 0.000054 0.010383 200.000000 9.852217
260 0.000033 0.009645 300.000000 10.563380
260 0.000026 0.009061 400.000000 11.267606
260 0.000017 0.007164 500.000000 10.845987
260 0.000007 0.004557 600.000000 11.131725
260 0.000008 0.002669 700.000000 11.437908
260 0.000006 0.001357 800.000000 11.494253
270 0.000103 0.012599 100.000000 8.928572
270 0.000056 0.011208 200.000000 9.900990
270 0.000034 0.010235 300.000000 10.752688
270 0.000028 0.009595 400.000000 11.396011
270 0.000010 0.007469 500.000000 10.869565
270 0.000008 0.004698 600.000000 11.235955
270 0.000008 0.002758 700.000000 11.513158
270 0.000006 0.001360 800.000000 11.577424
280 0.000100 0.010598 100.000000 9.433962
280 0.000052 0.009193 200.000000 10.050251
280 0.000032 0.008233 300.000000 10.989011
280 0.000023 0.007537 400.000000 11.594203
280 0.000006 0.005885 500.000000 10.964912
280 0.000005 0.003759 600.000000 11.342155
280 0.000008 0.002274 700.000000 11.608624
280 0.000006 0.001049 800.000000 11.678832
290 0.000093 0.007949 100.000000 10.101010
290 0.000047 0.007111 200.000000 10.309278
290 0.000027 0.006369 300.000000 11.235955
290 0.000018 0.005653 400.000000 11.834319
290 0.000003 0.004745 500.000000 11.086474
290 0.000006 0.003133 600.000000 11.494253
290 0.000008 0.001941 700.000000 11.725293
290 0.000007 0.000895 800.000000 11.782032
300 0.000078 0.003791 100.000000 10.869565
300 0.000041 0.003766 200.000000 10.638298
300 0.000021 0.003398 300.000000 11.538462
300 0.000010 0.002712 400.000000 12.048193
300 0.000011 0.003495 500.000000 11.235955
300 0.000012 0.002429 600.000000 11.650485
300 0.000011 0.001649 700.000000 11.864407
300 0.000010 0.000893 800.000000 11.904762
310 0.000097 0.003642 100.000000 11.764706
310 0.000048 0.006028 200.000000 10.989011
310 0.000026 0.006395 300.000000 11.857708
310 0.000018 0.006483 400.000000 12.307693
310 0.000020 0.007269 500.000000 11.389522
310 0.000021 0.004972 600.000000 11.811024
310 0.000018 0.003218 700.000000 11.986301
310 0.000017 0.001805 800.000000 12.030075
320 0.000040 0.004473 100.000000 12.500000
320 0.000022 0.005334 200.000000 11.299435
320 0.000008 0.004742 300.000000 12.096774
320 0.000001 0.004154 400.000000 12.500000
320 0.000013 0.003862 500.000000 11.520738
320 0.000013 0.002494 600.000000 11.928430
320 0.000011 0.001772 700.000000 12.068966
320 0.000010 0.001095 800.000000 12.121212
330 0.000017 0.007112 100.000000 13.157895
330 0.000015 0.007551 200.000000 11.494253
330 0.000009 0.006754 300.000000 12.295082
330 0.000013 0.006217 400.000000 12.618297
330 0.000015 0.004375 500.000000 11.627907
330 0.000012 0.002351 600.000000 12.024048
330 0.000010 0.001564 700.000000 12.110726
330 0.000010 0.000941 800.000000 12.195122
340 0.000024 0.007521 100.000000 13.698630
340 0.000015 0.007527 200.000000 11.695907
340 0.000012 0.006622 300.000000 12.396694
340 0.000015 0.006158 400.000000 12.658228
340 0.000015 0.003957 500.000000 11.682243
340 0.000012 0.002042 600.000000 12.072434
340 0.000010 0.001425 700.000000 12.110726
340 0.000009 0.000943 800.000000 12.232416
350 0.000030 0.007558 100.000000 13.698630
350 0.000020 0.007518 200.000000 11.764706
350 0.000019 0.006659 300.000000 12.448133
350 0.000017 0.006276 400.000000 12.618297
350 0.000017 0.003632 500.000000 11.709601
350 0.000015 0.001756 600.000000 12.072434
350 0.000011 0.001196 700.000000 12.068966
350 0.000010 0.000951 800.000000 12.232416
360 0.000023 0.006583 100.000000 13.333333
360 0.000013 0.006446 200.000000 11.834319
360 0.000016 0.005829 300.000000 12.448133
360 0.000018 0.005544 400.000000 12.383901
360 0.000016 0.003146 500.000000 11.737089
360 0.000014 0.001611 600.000000 12.072434
360 0.000011 0.001105 700.000000 12.048193
360 0.000011 0.001113 800.000000 12.213740
370 0.000025 0.006373 100.000000 12.048193
370 0.000008 0.005499 200.000000 11.834319
370 0.000017 0.004850 300.000000 12.500000
370 0.000035 0.004072 400.000000 11.799410
370 0.000017 0.002814 500.000000 11.764706
370 0.000013 0.001759 600.000000 12.072434
370 0.000011 0.001272 700.000000 12.048193
370 0.000010 0.001233 800.000000 12.066365
380 0.000011 0.006980 100.000000 10.869565
380 0.000007 0.005822 200.000000 11.834319
380 0.000017 0.005228 300.000000 12.448133
380 0.000020 0.004820 400.000000 11.428572
380 0.000018 0.002785 500.000000 11.792453
380 0.000015 0.001776 600.000000 12.048193
380 0.000011 0.001275 700.000000 12.048193
380 0.000011 0.001264 800.000000 11.922503
390 0.000007 0.007633 100.000000 10.309278
390 0.000010 0.006467 200.000000 11.834319
390 0.000017 0.005813 300.000000 12.448133
390 0.000020 0.005085 400.000000 11.299435
390 0.000018 0.002793 500.000000 11.792453
390 0.000015 0.001779 600.000000 12.000000
390 0.000012 0.001308 700.000000 12.048193
390 0.000012 0.001398 800.000000 11.816839
400 0.000018 0.007949 100.000000 10.101010
400 0.000013 0.006912 200.000000 11.764706
400 0.000018 0.006300 300.000000 12.396694
400 0.000020 0.004777 400.000000 11.235955
400 0.000018 0.002558 500.000000 11.764706
400 0.000014 0.001698 600.000000 11.952191
400 0.000013 0.001369 700.000000 12.027492
400 0.000013 0.001491 800.000000 11.713031
410 0.000037 0.008411 100.000000 10.000000
410 0.000014 0.007137 200.000000 11.764706
410 0.000017 0.006809 300.000000 12.295082
410 0.000023 0.004609 400.000000 11.235955
410 0.000018 0.002273 500.000000 11.764706
410 0.000014 0.001571 600.000000 11.857708
410 0.000013 0.001455 700.000000 12.027492
410 0.000013 0.001643 800.000000 11.577424
420 0.000029 0.007614 100.000000 10.101010
420 0.000020 0.006688 200.000000 11.764706
420 0.000020 0.006459 300.000000 12.244898
420 0.000023 0.004137 400.000000 11.267606
420 0.000019 0.002151 500.000000 11.764706
420 0.000015 0.001552 600.000000 11.811024
420 0.000015 0.001604 700.000000 12.027492
430 0.000022 0.007144 100.000000 10.309278
430 0.000019 0.006462 200.000000 11.904762
430 0.000019 0.006546 300.000000 12.096774
430 0.000024 0.003809 400.000000 11.331445
430 0.000020 0.002086 500.000000 11.792453
430 0.000014 0.001586 600.000000 11.811024
430 0.000015 0.001832 700.000000 12.027492
440 0.000013 0.006651 100.000000 10.752688
440 0.000021 0.006020 200.000000 12.195122
440 0.000027 0.005705 300.000000 11.904762
440 0.000024 0.003381 400.000000 11.461318
440 0.000018 0.001981 500.000000 11.876485
440 0.000013 0.001644 600.000000 11.881188
440 0.000015 0.001983 700.000000 12.027492
450 0.000021 0.006365 100.000000 11.363636
450 0.000023 0.005980 200.000000 12.500000
450 0.000052 0.005469 300.000000 11.627907
450 0.000023 0.003135 400.000000 11.627907
450 0.000017 0.001940 500.000000 12.019231
450 0.000014 0.001715 600.000000 11.976048
450 0.000014 0.002119 700.000000 12.048193
460 0.000022 0.005877 100.000000 12.048193
460 0.000022 0.005551 200.000000 12.903226
460 0.000033 0.004820 300.000000 11.583012
460 0.000022 0.002541 400.000000 11.799410
460 0.000018 0.001833 500.000000 12.135922
460 0.000013 0.001834 600.000000 12.096774
460 0.000013 0.002245 700.000000 12.048193
470 0.000019 0.005840 100.000000 12.820513
470 0.000023 0.005630 200.000000 13.333333
470 0.000029 0.005139 300.000000 11.583012
470 0.000023 0.002629 400.000000 11.976048
470 0.000019 0.001944 500.000000 12.254902
470 0.000013 0.001908 600.000000 12.219959
470 0.000013 0.002241 700.000000 12.068966
480 0.000022 0.006074 100.000000 13.333333
480 0.000026 0.005717 200.000000 13.605442
480 0.000030 0.005223 300.000000 11.583012
480 0.000024 0.002701 400.000000 12.121212
480 0.000019 0.001998 500.000000 12.345679
480 0.000015 0.002048 600.000000 12.320329
480 0.000015 0.002369 700.000000 12.048193
490 0.000037 0.006265 100.000000 13.698630
490 0.000030 0.005808 200.000000 13.793103
490 0.000029 0.004639 300.000000 11.627907
490 0.000023 0.002432 400.000000 12.195122
490 0.000018 0.002035 500.000000 12.376238
490 0.000015 0.002312 600.000000 12.371134
490 0.000014 0.002639 700.000000 12.006861
500 0.000039 0.005690 100.000000 13.888889
500 0.000028 0.005495 200.000000 13.793103
500 0.000033 0.004496 300.000000 11.627907
500 0.000023 0.002651 400.000000 12.232416
500 0.000019 0.002126 500.000000 12.345679
500 0.000016 0.002240 600.000000 12.396694
500 0.000015 0.002483 700.000000 11.925042
510 0.000040 0.003677 100.000000 13.888889
510 0.000032 0.003750 200.000000 13.698630
510 0.000025 0.003579 300.000000 11.627907
510 0.000021 0.002693 400.000000 12.232416
510 0.000017 0.002173 500.000000 12.254902
510 0.000014 0.002184 600.000000 12.396694
520 0.000026 0.004449 100.000000 13.888889
520 0.000022 0.004592 200.000000 13.422819
520 0.000029 0.003805 300.000000 11.627907
520 0.000024 0.002810 400.000000 12.195122
520 0.000017 0.002313 500.000000 12.165450
520 0.000016 0.002410 600.000000 12.371134
530 0.000037 0.004074 100.000000 13.698630
530 0.000028 0.004326 200.000000 12.658228
530 0.000031 0.003584 300.000000 11.627907
530 0.000022 0.002887 400.000000 12.158054
530 0.000017 0.002514 500.000000 12.106538
530 0.000017 0.002711 600.000000 12.269938
540 0.000042 0.003603 100.000000 13.698630
540 0.000052 0.004781 200.000000 11.363636
540 0.000027 0.003371 300.000000 11.673152
540 0.000020 0.002868 400.000000 12.121212
540 0.000016 0.002603 500.000000 12.077294
540 0.000015 0.002790 600.000000 12.048193
550 0.000040 0.003618 100.000000 13.698630
550 0.000039 0.004920 200.000000 10.869565
550 0.000027 0.003221 300.000000 11.673152
550 0.000021 0.002954 400.000000 12.084592
550 0.000015 0.002897 500.000000 12.077294
550 0.000014 0.002996 600.000000 11.881188
560 0.000038 0.003768 100.000000 13.698630
560 0.000035 0.004895 200.000000 10.695188
560 0.000029 0.003461 300.000000 11.673152
560 0.000019 0.003086 400.000000 12.048193
560 0.000015 0.003096 500.000000 12.106538
560 0.000014 0.003206 600.000000 11.741683
570 0.000025 0.003722 100.000000 13.513514
570 0.000035 0.004464 200.000000 10.638298
570 0.000025 0.003673 300.000000 11.718750
570 0.000018 0.003221 400.000000 11.976048
570 0.000016 0.003224 500.000000 12.106538
570 0.000016 0.003298 600.000000 11.627907
580 0.000032 0.004259 100.000000 13.333333
580 0.000031 0.004511 200.000000 10.638298
580 0.000025 0.003838 300.000000 11.673152
580 0.000017 0.003179 400.000000 11.869436
580 0.000016 0.003164 500.000000 12.106538
590 0.000011 0.004311 100.000000 12.987013
590 0.000036 0.004441 200.000000 10.695188
590 0.000025 0.004177 300.000000 11.673152
590 0.000017 0.003598 400.000000 11.764706
590 0.000018 0.003667 500.000000 12.077294
600 0.000049 0.003814 100.000000 11.764706
600 0.000034 0.004787 200.000000 10.752688
600 0.000022 0.004215 300.000000 11.627907
600 0.000016 0.003548 400.000000 11.695907
600 0.000018 0.003594 500.000000 11.990408
610 0.000090 0.007575 100.000000 9.803922
610 0.000039 0.004987 200.000000 10.752688
610 0.000023 0.004191 300.000000 11.627907
610 0.000018 0.003587 400.000000 11.695907
610 0.000018 0.003613 500.000000 11.764706
620 0.000070 0.008608 100.000000 8.928572
620 0.000038 0.005197 200.000000 10.810811
620 0.000025 0.004410 300.000000 11.583012
620 0.000019 0.003884 400.000000 11.695907
620 0.000018 0.003788 500.000000 11.547344
630 0.000069 0.008751 100.000000 8.695652
630 0.000037 0.005397 200.000000 10.810811
630 0.000024 0.004286 300.000000 11.538462
630 0.000018 0.003915 400.000000 11.695907
630 0.000019 0.003785 500.000000 11.415525
640 0.000064 0.008349 100.000000 8.695652
640 0.000035 0.005555 200.000000 10.869565
640 0.000023 0.004201 300.000000 11.494253
640 0.000020 0.003801 400.000000 11.730206
640 0.000019 0.003682 500.000000 11.312217
650 0.000062 0.008127 100.000000 8.771930
650 0.000041 0.005966 200.000000 10.928962
650 0.000025 0.004458 300.000000 11.406844
650 0.000021 0.004075 400.000000 11.764706
650 0.000020 0.003934 500.000000 11.185682
660 0.000068 0.008459 100.000000 8.849558
660 0.000039 0.006422 200.000000 10.989011
660 0.000023 0.004786 300.000000 11.363636
660 0.000023 0.004456 400.000000 11.799410
670 0.000076 0.009204 100.000000 9.090909
670 0.000041 0.007117 200.000000 11.111111
670 0.000028 0.005583 300.000000 11.363636
670 0.000027 0.005125 400.000000 11.869436
680 0.000091 0.007254 100.000000 9.523809
680 0.000048 0.005529 200.000000 11.363636
680 0.000034 0.004440 300.000000 11.538462
680 0.000029 0.004347 400.000000 11.940298
690 0.000112 0.003616 100.000000 10.101010
690 0.000057 0.003092 200.000000 11.764706
690 0.000037 0.003569 300.000000 11.764706
690 0.000034 0.004058 400.000000 12.084592
700 0.000128 0.001661 100.000000 10.869565
700 0.000065 0.003809 200.000000 12.195122
700 0.000044 0.005215 300.000000 12.096774
700 0.000035 0.005904 400.000000 12.232416
710 0.000142 0.007001 100.000000 11.627907
710 0.000072 0.008500 200.000000 12.658228
710 0.000051 0.009569 300.000000 12.396694
710 0.000038 0.010073 400.000000 12.345679
720 0.000079 0.003960 100.000000 12.500000
720 0.000042 0.004761 200.000000 13.071896
720 0.000030 0.005214 300.000000 12.658228
720 0.000020 0.005628 400.000000 12.422360
730 0.000029 0.006139 100.000000 13.333333
730 0.000022 0.005887 200.000000 13.422819
730 0.000013 0.005699 300.000000 12.931034
730 0.000007 0.005792 400.000000 12.383901
740 0.000031 0.005656 100.000000 13.888889
740 0.000025 0.005295 200.000000 13.605442
740 0.000016 0.005557 300.000000 13.100436
740 0.000010 0.005673 400.000000 12.345679
750 0.000027 0.005680 100.000000 14.084507
750 0.000020 0.005008 200.000000 13.605442
750 0.000012 0.005492 300.000000 13.215859
750 0.000010 0.005611 400.000000 12.232416
760 0.000025 0.005955 100.000000 14.285714
760 0.000017 0.004510 200.000000 13.422819
760 0.000014 0.005046 300.000000 13.215859
760 0.000015 0.005055 400.000000 12.048193
770 0.000015 0.007258 100.000000 14.084507
770 0.000011 0.005315 200.000000 13.071896
770 0.000013 0.005773 300.000000 13.157895
780 0.000010 0.008030 100.000000 13.888889
780 0.000010 0.006710 200.000000 12.820513
780 0.000013 0.007150 300.000000 13.043478
790 0.000023 0.007764 100.000000 13.698630
790 0.000012 0.006818 200.000000 12.658228
790 0.000012 0.007329 300.000000 12.711864
800 0.000027 0.007697 100.000000 13.333333
800 0.000011 0.007152 200.000000 12.658228
800 0.000004 0.007410 300.000000 12.195122
810 0.000021 0.006927 100.000000 13.157895
810 0.000009 0.007106 200.000000 12.658228
810 0.000013 0.007144 300.000000 11.857708
820 0.000017 0.006341 100.000000 12.820513
820 0.000002 0.006967 200.000000 12.658228
820 0.000013 0.006972 300.000000 11.627907
830 0.000012 0.005910 100.000000 12.345679
830 0.000009 0.006704 200.000000 12.658228
830 0.000015 0.006614 300.000000 11.363636
840 0.000010 0.004990 100.000000 12.048193
840 0.000015 0.006114 200.000000 12.658228
850 0.000014 0.006140 100.000000 11.764706
850 0.000016 0.007195 200.000000 12.578616
860 0.000005 0.005961 100.000000 11.627907
860 0.000019 0.007189 200.000000 12.269938
870 0.000020 0.005829 100.000000 11.764706
870 0.000012 0.006539 200.000000 11.764706
880 0.000023 0.006871 100.000000 11.904762
880 0.000024 0.006838 200.000000 11.363636
890 0.000020 0.007690 100.000000 12.048193
890 0.000026 0.007410 200.000000 11.111111
900 0.000021 0.007907 100.000000 12.345679
900 0.000028 0.007457 200.000000 10.989011
910 0.000015 0.007511 100.000000 12.658228
910 0.000026 0.006747 200.000000 10.810811
920 0.000021 0.007404 100.000000 12.987013
930 0.000030 0.008365 100.000000 13.333333
940 0.000029 0.008393 100.000000 13.157895
950 0.000027 0.008267 100.000000 12.048193
960 0.000025 0.007110 100.000000 10.989011
970 0.000038 0.007221 100.000000 10.204082
980 0.000034 0.007743 100.000000 9.708738
990 0.000041 0.006639 100.000000 9.090909
