0 0.000066 0.005147 100.000000 5.780347
0 0.000074 0.005319 200.000000 6.369427
0 0.000037 0.005683 300.000000 6.726458
0 0.000018 0.003169 400.000000 6.908463
0 0.000015 0.002359 500.000000 6.297229
0 0.000016 0.001412 600.000000 6.741573
10 0.000077 0.004910 100.000000 6.097561
10 0.000057 0.006040 200.000000 6.451613
10 0.000038 0.006191 300.000000 6.849315
10 0.000021 0.003470 400.000000 7.017544
10 0.000017 0.002451 500.000000 6.369427
10 0.000017 0.001377 600.000000 6.802721
20 0.000087 0.003795 100.000000 6.369427
20 0.000040 0.006089 200.000000 6.493506
20 0.000036 0.006367 300.000000 6.960557
20 0.000021 0.003739 400.000000 7.117438
20 0.000019 0.002536 500.000000 6.435007
20 0.000018 0.001485 600.000000 6.857143
30 0.000149 0.003436 100.000000 6.622517
30 0.000070 0.009353 200.000000 6.535948
30 0.000050 0.009168 300.000000 7.042253
30 0.000030 0.005496 400.000000 7.207207
30 0.000030 0.003425 500.000000 6.501951
30 0.000024 0.000858 600.000000 6.888634
40 0.000159 0.001189 100.000000 6.849315
40 0.000061 0.006564 200.000000 6.578948
40 0.000045 0.007920 300.000000 7.075472
40 0.000027 0.005231 400.000000 7.299270
40 0.000029 0.003247 500.000000 6.561680
40 0.000020 0.000910 600.000000 6.912442
50 0.000159 0.001697 100.000000 7.042253
50 0.000066 0.004876 200.000000 6.600660
50 0.000045 0.006741 300.000000 7.058824
50 0.000024 0.004876 400.000000 7.366483
50 0.000028 0.002979 500.000000 6.605020
50 0.000019 0.001137 600.000000 6.896552
60 0.000178 0.001878 100.000000 7.092198
60 0.000075 0.004930 200.000000 6.622517
60 0.000050 0.007138 300.000000 6.993007
60 0.000024 0.005006 400.000000 7.407407
60 0.000029 0.002873 500.000000 6.640106
60 0.000017 0.001045 600.000000 6.880734
70 0.000187 0.001031 100.000000 7.142857
70 0.000083 0.004999 200.000000 6.644518
70 0.000050 0.006985 300.000000 6.944445
70 0.000025 0.004883 400.000000 7.421150
70 0.000028 0.002741 500.000000 6.666667
70 0.000016 0.000877 600.000000 6.872852
80 0.000208 0.001314 100.000000 7.142857
80 0.000087 0.004942 200.000000 6.688963
80 0.000053 0.006853 300.000000 6.928406
80 0.000027 0.005165 400.000000 7.434944
80 0.000030 0.002779 500.000000 6.684492
80 0.000020 0.000874 600.000000 6.864988
90 0.000224 0.001672 100.000000 7.142857
90 0.000082 0.005355 200.000000 6.711410
90 0.000055 0.006836 300.000000 6.944445
90 0.000026 0.005349 400.000000 7.434944
90 0.000031 0.002558 500.000000 6.711410
90 0.000019 0.000743 600.000000 6.857143
100 0.000200 0.001906 100.000000 7.092198
100 0.000080 0.006121 200.000000 6.756757
100 0.000048 0.006768 300.000000 6.960557
100 0.000026 0.005335 400.000000 7.299270
100 0.000030 0.002301 500.000000 6.729475
100 0.000018 0.000708 600.000000 6.833713
110 0.000208 0.002559 100.000000 7.092198
110 0.000077 0.006615 200.000000 6.802721
110 0.000047 0.006660 300.000000 6.993007
110 0.000031 0.004789 400.000000 6.220840
110 0.000030 0.002165 500.000000 6.756757
110 0.000020 0.000730 600.000000 6.810442
120 0.000197 0.002927 100.000000 7.142857
120 0.000073 0.006708 200.000000 6.872852
120 0.000041 0.006259 300.000000 7.025761
120 0.000034 0.004562 400.000000 6.211180
120 0.000028 0.002092 500.000000 6.793478
120 0.000018 0.000922 600.000000 6.779661
130 0.000181 0.004606 100.000000 7.352941
130 0.000053 0.005752 200.000000 6.993007
130 0.000037 0.005673 300.000000 7.092198
130 0.000038 0.004227 400.000000 6.250000
130 0.000026 0.002737 500.000000 6.839945
130 0.000014 0.001612 600.000000 6.726458
140 0.000097 0.008745 100.000000 7.575758
140 0.000024 0.004570 200.000000 7.142857
140 0.000041 0.004142 300.000000 7.177033
140 0.000035 0.004118 400.000000 6.299212
140 0.000023 0.003851 500.000000 6.896552
140 0.000013 0.002229 600.000000 6.666667
150 0.000088 0.005072 100.000000 7.751938
150 0.000029 0.005524 200.000000 7.246377
150 0.000030 0.004033 300.000000 7.263923
150 0.000027 0.003789 400.000000 6.339144
150 0.000019 0.003212 500.000000 6.934813
150 0.000007 0.001661 600.000000 6.593407
160 0.000099 0.002790 100.000000 7.692307
160 0.000042 0.006090 200.000000 7.299270
160 0.000027 0.003989 300.000000 7.317073
160 0.000019 0.003645 400.000000 6.379585
160 0.000016 0.002837 500.000000 6.963789
160 0.000006 0.001333 600.000000 6.535948
170 0.000087 0.004903 100.000000 7.142857
170 0.000048 0.006693 200.000000 7.272727
170 0.000030 0.003969 300.000000 7.352941
170 0.000018 0.003667 400.000000 6.420546
170 0.000017 0.002701 500.000000 6.963789
180 0.000044 0.006144 100.000000 6.369427
180 0.000032 0.006233 200.000000 7.220217
180 0.000029 0.003948 300.000000 7.407407
180 0.000015 0.003828 400.000000 6.451613
180 0.000010 0.002893 500.000000 6.925208
190 0.000074 0.005707 100.000000 6.172840
190 0.000045 0.005800 200.000000 7.067138
190 0.000037 0.003941 300.000000 7.444169
190 0.000017 0.004104 400.000000 6.493506
190 0.000019 0.003014 500.000000 6.868132
200 0.000080 0.005723 100.000000 6.134969
200 0.000035 0.005970 200.000000 6.872852
200 0.000038 0.004124 300.000000 7.481297
200 0.000016 0.004295 400.000000 6.514658
200 0.000017 0.003020 500.000000 6.821282
210 0.000096 0.004854 100.000000 6.172840
210 0.000024 0.005570 200.000000 6.802721
210 0.000037 0.004287 300.000000 7.500000
210 0.000017 0.004479 400.000000 6.546645
210 0.000017 0.003119 500.000000 6.802721
220 0.000108 0.004966 100.000000 6.211180
220 0.000039 0.005465 200.000000 6.802721
220 0.000043 0.005138 300.000000 7.518797
220 0.000020 0.005120 400.000000 6.568144
220 0.000020 0.003316 500.000000 6.793478
230 0.000104 0.006308 100.000000 6.289308
230 0.000042 0.005559 200.000000 6.825939
230 0.000045 0.005241 300.000000 7.518797
230 0.000023 0.005217 400.000000 6.600660
230 0.000021 0.003318 500.000000 6.784261
240 0.000084 0.006868 100.000000 6.410256
240 0.000042 0.005509 200.000000 6.872852
240 0.000040 0.005105 300.000000 7.334963
240 0.000020 0.005066 400.000000 6.633499
240 0.000018 0.003084 500.000000 6.765900
250 0.000088 0.008230 100.000000 6.493506
250 0.000051 0.006347 200.000000 6.920415
250 0.000047 0.007515 300.000000 5.964215
250 0.000024 0.005973 400.000000 6.666667
250 0.000019 0.003260 500.000000 6.747638
260 0.000077 0.009384 100.000000 6.578948
260 0.000054 0.006963 200.000000 6.944445
260 0.000049 0.007889 300.000000 5.928854
260 0.000022 0.006056 400.000000 6.700168
260 0.000022 0.003294 500.000000 6.693440
270 0.000081 0.010251 100.000000 6.666667
270 0.000061 0.007610 200.000000 6.968641
270 0.000046 0.008650 300.000000 5.940594
270 0.000026 0.006481 400.000000 6.722689
270 0.000022 0.003166 500.000000 6.510417
280 0.000086 0.011699 100.000000 6.756757
280 0.000069 0.008311 200.000000 7.017544
280 0.000049 0.009057 300.000000 5.976096
280 0.000028 0.007053 400.000000 6.756757
280 0.000024 0.003213 500.000000 6.377551
290 0.000086 0.012474 100.000000 6.849315
290 0.000073 0.008848 200.000000 7.117438
290 0.000046 0.009519 300.000000 6.024096
290 0.000032 0.007630 400.000000 6.791172
290 0.000024 0.002682 500.000000 6.321113
300 0.000086 0.012217 100.000000 7.092198
300 0.000074 0.008906 200.000000 7.246377
300 0.000047 0.009485 300.000000 6.109980
300 0.000032 0.007574 400.000000 6.837607
310 0.000090 0.010671 100.000000 7.407407
310 0.000068 0.007828 200.000000 7.462687
310 0.000040 0.008499 300.000000 6.198347
310 0.000029 0.006774 400.000000 6.908463
320 0.000072 0.008724 100.000000 7.751938
320 0.000059 0.005765 200.000000 7.692307
320 0.000031 0.006458 300.000000 6.315790
320 0.000022 0.004998 400.000000 6.993007
330 0.000059 0.007302 100.000000 8.130081
330 0.000042 0.004000 200.000000 7.905138
330 0.000019 0.004209 300.000000 6.410256
330 0.000014 0.003205 400.000000 7.054674
340 0.000031 0.009397 100.000000 8.264462
340 0.000032 0.004845 200.000000 8.097166
340 0.000021 0.003893 300.000000 6.507592
340 0.000015 0.002739 400.000000 7.079646
350 0.000071 0.009041 100.000000 8.130081
350 0.000035 0.006600 200.000000 8.230453
350 0.000023 0.005731 300.000000 6.578948
350 0.000030 0.004516 400.000000 7.042253
360 0.000050 0.008803 100.000000 7.751938
360 0.000040 0.006585 200.000000 8.333333
360 0.000023 0.006100 300.000000 6.622517
360 0.000023 0.004542 400.000000 6.993007
370 0.000074 0.010805 100.000000 7.518797
370 0.000052 0.009314 200.000000 8.368201
370 0.000035 0.008415 300.000000 6.651885
370 0.000025 0.006013 400.000000 6.968641
380 0.000076 0.010088 100.000000 7.407407
380 0.000049 0.009527 200.000000 8.333333
380 0.000032 0.008541 300.000000 6.666667
380 0.000024 0.005739 400.000000 6.932409
390 0.000090 0.008545 100.000000 7.352941
390 0.000046 0.007245 200.000000 8.196721
390 0.000030 0.007223 300.000000 6.681514
390 0.000023 0.004459 400.000000 6.884682
400 0.000094 0.007515 100.000000 7.299270
400 0.000055 0.006950 200.000000 5.747127
400 0.000031 0.006606 300.000000 6.696429
400 0.000019 0.003775 400.000000 6.814310
410 0.000077 0.007291 100.000000 7.246377
410 0.000073 0.007516 200.000000 5.617978
410 0.000027 0.006386 300.000000 6.711410
410 0.000021 0.003587 400.000000 6.700168
420 0.000086 0.006434 100.000000 7.194244
420 0.000060 0.007157 200.000000 5.617978
420 0.000024 0.005813 300.000000 6.726458
420 0.000019 0.003062 400.000000 6.400000
430 0.000102 0.005982 100.000000 7.246377
430 0.000063 0.007598 200.000000 5.633803
430 0.000028 0.006772 300.000000 6.726458
430 0.000026 0.003691 400.000000 6.230530
440 0.000087 0.005753 100.000000 7.352941
440 0.000054 0.007261 200.000000 5.698006
440 0.000029 0.006488 300.000000 6.741573
450 0.000071 0.004758 100.000000 7.575758
450 0.000039 0.005747 200.000000 5.763689
450 0.000022 0.004926 300.000000 6.741573
460 0.000047 0.003703 100.000000 7.874016
460 0.000025 0.003138 200.000000 5.865103
460 0.000025 0.002187 300.000000 6.726458
470 0.000039 0.005660 100.000000 8.196721
470 0.000008 0.002487 200.000000 5.952381
470 0.000029 0.002828 300.000000 6.726458
480 0.000061 0.004665 100.000000 8.620689
480 0.000005 0.002716 200.000000 6.060606
480 0.000028 0.002897 300.000000 6.741573
490 0.000052 0.004599 100.000000 8.928572
490 0.000020 0.003714 200.000000 6.172840
490 0.000028 0.002684 300.000000 6.756757
500 0.000056 0.004673 100.000000 9.259259
500 0.000015 0.003686 200.000000 6.250000
500 0.000026 0.002445 300.000000 6.787330
510 0.000056 0.004573 100.000000 9.433962
510 0.000013 0.004301 200.000000 6.309148
510 0.000024 0.002300 300.000000 6.787330
520 0.000055 0.005081 100.000000 9.345795
520 0.000014 0.004441 200.000000 6.349206
520 0.000029 0.002368 300.000000 6.741573
530 0.000059 0.003692 100.000000 8.196721
530 0.000003 0.002107 200.000000 6.369427
530 0.000019 0.001574 300.000000 6.681514
540 0.000079 0.002772 100.000000 4.608295
540 0.000009 0.002194 200.000000 6.410256
540 0.000020 0.001671 300.000000 6.593407
550 0.000068 0.003596 100.000000 4.566210
550 0.000007 0.002140 200.000000 6.451613
550 0.000023 0.002024 300.000000 6.410256
560 0.000042 0.004071 100.000000 4.566210
560 0.000017 0.001149 200.000000 6.472492
560 0.000024 0.002427 300.000000 6.072875
570 0.000047 0.003994 100.000000 4.587156
570 0.000026 0.001478 200.000000 6.472492
570 0.000021 0.003639 300.000000 5.870842
580 0.000046 0.003910 100.000000 4.629630
580 0.000028 0.001251 200.000000 6.349206
590 0.000050 0.003845 100.000000 4.651163
590 0.000052 0.000835 200.000000 6.153846
600 0.000063 0.004012 100.000000 4.672897
600 0.000038 0.001393 200.000000 5.988024
610 0.000051 0.005158 100.000000 4.694836
610 0.000032 0.001888 200.000000 5.934718
620 0.000055 0.005794 100.000000 4.739336
620 0.000034 0.002389 200.000000 5.899705
630 0.000059 0.007026 100.000000 4.807693
630 0.000037 0.003155 200.000000 5.899705
640 0.000065 0.008442 100.000000 4.950495
640 0.000038 0.004538 200.000000 5.952381
650 0.000063 0.008231 100.000000 5.154639
650 0.000032 0.004227 200.000000 6.079027
660 0.000053 0.007281 100.000000 5.405406
660 0.000031 0.003081 200.000000 6.230530
670 0.000060 0.009093 100.000000 5.714286
670 0.000036 0.004474 200.000000 6.430868
680 0.000058 0.007772 100.000000 6.060606
680 0.000031 0.003478 200.000000 6.644518
690 0.000060 0.007983 100.000000 6.451613
690 0.000033 0.003568 200.000000 6.872852
700 0.000066 0.008143 100.000000 6.896552
700 0.000035 0.003858 200.000000 7.117438
710 0.000066 0.008583 100.000000 7.407407
710 0.000037 0.004140 200.000000 7.380074
720 0.000059 0.006172 100.000000 8.000000
720 0.000030 0.002837 200.000000 7.633588
730 0.000053 0.003907 100.000000 8.695652
730 0.000031 0.002178 200.000000 7.936508
740 0.000041 0.003022 100.000000 9.345795
740 0.000031 0.002111 200.000000 8.163265
750 0.000063 0.006029 100.000000 10.101010
750 0.000039 0.005370 200.000000 8.333333
760 0.000082 0.007669 100.000000 10.526316
760 0.000046 0.006686 200.000000 8.333333
770 0.000078 0.007068 100.000000 10.869565
770 0.000041 0.006115 200.000000 7.843137
780 0.000068 0.006690 100.000000 10.869565
780 0.000039 0.006182 200.000000 7.092198
790 0.000045 0.005633 100.000000 10.526316
800 0.000044 0.005810 100.000000 9.433962
810 0.000078 0.005140 100.000000 8.403361
820 0.000067 0.004714 100.000000 8.000000
830 0.000059 0.004692 100.000000 7.692307
840 0.000062 0.005209 100.000000 7.352941
850 0.000047 0.006332 100.000000 6.993007
860 0.000076 0.008416 100.000000 6.134969
870 0.000080 0.010774 100.000000 5.208333
880 0.000089 0.014896 100.000000 4.830918
