0 0.000096 0.006003 100.000000 8.474576
0 0.000037 0.005091 200.000000 9.433962
0 0.000029 0.008814 300.000000 10.416667
0 0.000031 0.008484 400.000000 10.471204
0 0.000027 0.006688 500.000000 10.416667
0 0.000021 0.007101 600.000000 10.416667
0 0.000014 0.008013 700.000000 10.279001
0 0.000020 0.007141 800.000000 10.282776
10 0.000121 0.005239 100.000000 9.009009
10 0.000048 0.007879 200.000000 9.756098
10 0.000030 0.010911 300.000000 10.714286
10 0.000032 0.010022 400.000000 10.666667
10 0.000030 0.007991 500.000000 10.570825
10 0.000028 0.008824 600.000000 10.544815
10 0.000019 0.009847 700.000000 10.370370
10 0.000020 0.008654 800.000000 10.376135
20 0.000105 0.006419 100.000000 9.615385
20 0.000040 0.008078 200.000000 10.000000
20 0.000038 0.011115 300.000000 10.948905
20 0.000035 0.009763 400.000000 10.810811
20 0.000035 0.007750 500.000000 10.706638
20 0.000028 0.008561 600.000000 10.657193
20 0.000020 0.009598 700.000000 10.447762
20 0.000023 0.008202 800.000000 10.471204
30 0.000114 0.006703 100.000000 10.101010
30 0.000041 0.008784 200.000000 10.256411
30 0.000043 0.011564 300.000000 11.194030
30 0.000035 0.010028 400.000000 10.928962
30 0.000031 0.008107 500.000000 10.822511
30 0.000028 0.008975 600.000000 10.752688
30 0.000024 0.009976 700.000000 10.510510
30 0.000024 0.008377 800.000000 10.554090
40 0.000113 0.007519 100.000000 10.638298
40 0.000033 0.009151 200.000000 10.471204
40 0.000044 0.011710 300.000000 11.406844
40 0.000034 0.009872 400.000000 11.019283
40 0.000035 0.008075 500.000000 10.917030
40 0.000030 0.008914 600.000000 10.830325
40 0.000022 0.009793 700.000000 10.542169
40 0.000026 0.008033 800.000000 10.624170
50 0.000122 0.007437 100.000000 10.989011
50 0.000030 0.009431 200.000000 10.638298
50 0.000048 0.011972 300.000000 11.538462
50 0.000031 0.009626 400.000000 11.080333
50 0.000031 0.008022 500.000000 10.989011
50 0.000028 0.008894 600.000000 10.889292
50 0.000022 0.009588 700.000000 10.558069
50 0.000026 0.007688 800.000000 10.680908
60 0.000113 0.008080 100.000000 11.363636
60 0.000039 0.009974 200.000000 10.810811
60 0.000052 0.012074 300.000000 11.627907
60 0.000038 0.009339 400.000000 11.080333
60 0.000033 0.008005 500.000000 11.013216
60 0.000027 0.008829 600.000000 10.909091
60 0.000023 0.009322 700.000000 10.558069
60 0.000028 0.007218 800.000000 10.723861
70 0.000125 0.010889 100.000000 11.494253
70 0.000048 0.012141 200.000000 10.928962
70 0.000054 0.013147 300.000000 11.627907
70 0.000039 0.009595 400.000000 11.080333
70 0.000034 0.008134 500.000000 10.964912
70 0.000028 0.009027 600.000000 10.909091
70 0.000027 0.009311 700.000000 10.558069
70 0.000029 0.007088 800.000000 10.767160
80 0.000126 0.009953 100.000000 11.494253
80 0.000054 0.012856 200.000000 11.049724
80 0.000063 0.012824 300.000000 11.583012
80 0.000041 0.009185 400.000000 11.049724
80 0.000036 0.008137 500.000000 10.940919
80 0.000029 0.009284 600.000000 10.889292
80 0.000027 0.009379 700.000000 10.558069
80 0.000031 0.006881 800.000000 10.796222
90 0.000084 0.007905 100.000000 11.494253
90 0.000056 0.012423 200.000000 11.235955
90 0.000056 0.011922 300.000000 11.538462
90 0.000040 0.008334 400.000000 11.049724
90 0.000035 0.007542 500.000000 10.917030
90 0.000026 0.008298 600.000000 10.849910
90 0.000026 0.008075 700.000000 10.558069
90 0.000032 0.006064 800.000000 10.825439
100 0.000045 0.007688 100.000000 11.235955
100 0.000063 0.011774 200.000000 11.428572
100 0.000053 0.011194 300.000000 11.450381
100 0.000044 0.007767 400.000000 11.019283
100 0.000034 0.006880 500.000000 10.917030
100 0.000026 0.007256 600.000000 10.771993
100 0.000028 0.006890 700.000000 10.558069
100 0.000033 0.005840 800.000000 10.854816
110 0.000050 0.007638 100.000000 10.869565
110 0.000074 0.011597 200.000000 11.560694
110 0.000060 0.010919 300.000000 11.406844
110 0.000048 0.007681 400.000000 11.019283
110 0.000036 0.006728 500.000000 10.917030
110 0.000028 0.007093 600.000000 10.695188
110 0.000031 0.006535 700.000000 10.574018
110 0.000034 0.006012 800.000000 10.854816
120 0.000058 0.007276 100.000000 10.416667
120 0.000080 0.011823 200.000000 11.695907
120 0.000061 0.010925 300.000000 11.278195
120 0.000046 0.007852 400.000000 11.019283
120 0.000034 0.006872 500.000000 10.893247
120 0.000027 0.007164 600.000000 10.600707
120 0.000031 0.006385 700.000000 10.590015
120 0.000034 0.006250 800.000000 10.825439
130 0.000076 0.007486 100.000000 10.204082
130 0.000090 0.012001 200.000000 11.764706
130 0.000053 0.011282 300.000000 11.152416
130 0.000046 0.008357 400.000000 10.958904
130 0.000033 0.006918 500.000000 10.845987
130 0.000029 0.006947 600.000000 10.526316
130 0.000033 0.006411 700.000000 10.590015
130 0.000032 0.006910 800.000000 10.796222
140 0.000122 0.009156 100.000000 10.101010
140 0.000096 0.013109 200.000000 11.695907
140 0.000051 0.011288 300.000000 11.029411
140 0.000046 0.009131 400.000000 10.928962
140 0.000033 0.007271 500.000000 10.822511
140 0.000030 0.007082 600.000000 10.452962
140 0.000034 0.006945 700.000000 10.606061
140 0.000032 0.007758 800.000000 10.767160
150 0.000162 0.010299 100.000000 10.204082
150 0.000106 0.014292 200.000000 11.627907
150 0.000057 0.011695 300.000000 10.909091
150 0.000049 0.009604 400.000000 10.840109
150 0.000032 0.007459 500.000000 10.775862
150 0.000033 0.007374 600.000000 10.398614
150 0.000035 0.007433 700.000000 10.638298
150 0.000033 0.008334 800.000000 10.752688
160 0.000176 0.012162 100.000000 10.309278
160 0.000107 0.015032 200.000000 11.560694
160 0.000058 0.011877 300.000000 10.869565
160 0.000049 0.009717 400.000000 10.781672
160 0.000034 0.007550 500.000000 10.752688
160 0.000035 0.007570 600.000000 10.380623
160 0.000038 0.007886 700.000000 10.670732
160 0.000032 0.008700 800.000000 10.752688
170 0.000155 0.014714 100.000000 10.638298
170 0.000103 0.015473 200.000000 11.494253
170 0.000057 0.011423 300.000000 10.830325
170 0.000043 0.009070 400.000000 10.752688
170 0.000032 0.007199 500.000000 10.729613
170 0.000035 0.007396 600.000000 10.380623
170 0.000037 0.007667 700.000000 10.703364
170 0.000032 0.008290 800.000000 10.767160
180 0.000137 0.016310 100.000000 10.989011
180 0.000084 0.015373 200.000000 11.428572
180 0.000051 0.010657 300.000000 10.869565
180 0.000038 0.008476 400.000000 10.752688
180 0.000026 0.007136 500.000000 10.683761
180 0.000030 0.007271 600.000000 10.398614
180 0.000034 0.007287 700.000000 10.736197
180 0.000030 0.007594 800.000000 10.767160
190 0.000117 0.015710 100.000000 11.494253
190 0.000070 0.014491 200.000000 11.494253
190 0.000054 0.009277 300.000000 10.909091
190 0.000037 0.007485 400.000000 10.810811
190 0.000028 0.006848 500.000000 10.638298
190 0.000029 0.006896 600.000000 10.434783
190 0.000033 0.006642 700.000000 10.785825
190 0.000031 0.006946 800.000000 10.752688
200 0.000113 0.015233 100.000000 12.195122
200 0.000067 0.013817 200.000000 11.560694
200 0.000049 0.008594 300.000000 11.029411
200 0.000035 0.007135 400.000000 10.869565
200 0.000027 0.006959 500.000000 10.638298
200 0.000028 0.006768 600.000000 10.507881
200 0.000031 0.006303 700.000000 10.819165
200 0.000031 0.006671 800.000000 10.723861
210 0.000103 0.015995 100.000000 12.820513
210 0.000062 0.013334 200.000000 11.695907
210 0.000052 0.008140 300.000000 11.111111
210 0.000030 0.007112 400.000000 10.928962
210 0.000025 0.007236 500.000000 10.615711
210 0.000029 0.006730 600.000000 10.563380
210 0.000032 0.006226 700.000000 10.852714
210 0.000032 0.006843 800.000000 10.709505
220 0.000109 0.016077 100.000000 13.333333
220 0.000058 0.012738 200.000000 11.695907
220 0.000051 0.007806 300.000000 11.194030
220 0.000032 0.006928 400.000000 10.989011
220 0.000023 0.007207 500.000000 10.593221
220 0.000027 0.006438 600.000000 10.619469
220 0.000029 0.006098 700.000000 10.852714
220 0.000031 0.006854 800.000000 10.666667
230 0.000101 0.017237 100.000000 13.698630
230 0.000052 0.012430 200.000000 11.560694
230 0.000051 0.008069 300.000000 11.194030
230 0.000037 0.008020 400.000000 10.989011
230 0.000027 0.008303 500.000000 10.548523
230 0.000029 0.007173 600.000000 10.657193
230 0.000028 0.006460 700.000000 10.852714
230 0.000031 0.007193 800.000000 10.582010
240 0.000091 0.020388 100.000000 13.513514
240 0.000047 0.012763 200.000000 11.428572
240 0.000052 0.009146 300.000000 11.152416
240 0.000036 0.009629 400.000000 10.958904
240 0.000027 0.009892 500.000000 10.460251
240 0.000027 0.008138 600.000000 10.676157
240 0.000026 0.006948 700.000000 10.835914
240 0.000031 0.007431 800.000000 10.498688
250 0.000099 0.023337 100.000000 13.157895
250 0.000061 0.013690 200.000000 11.173184
250 0.000052 0.011549 300.000000 10.989011
250 0.000041 0.011836 400.000000 10.869565
250 0.000033 0.012131 500.000000 10.395010
250 0.000031 0.009704 600.000000 10.695188
250 0.000029 0.008655 700.000000 10.819165
250 0.000032 0.008866 800.000000 10.430247
260 0.000080 0.022022 100.000000 12.500000
260 0.000052 0.012706 200.000000 10.928962
260 0.000047 0.011356 300.000000 10.791367
260 0.000035 0.011263 400.000000 10.752688
260 0.000026 0.011514 500.000000 10.309278
260 0.000028 0.008810 600.000000 10.676157
260 0.000026 0.008113 700.000000 10.769231
260 0.000028 0.007975 800.000000 10.376135
270 0.000050 0.020768 100.000000 11.627907
270 0.000043 0.010977 200.000000 10.695188
270 0.000037 0.009886 300.000000 10.600707
270 0.000024 0.009807 400.000000 10.526316
270 0.000018 0.009710 500.000000 10.245902
270 0.000025 0.007249 600.000000 10.657193
270 0.000021 0.006663 700.000000 10.703364
270 0.000026 0.006274 800.000000 10.309278
280 0.000062 0.017522 100.000000 10.869565
280 0.000051 0.010399 200.000000 10.471204
280 0.000043 0.009852 300.000000 10.452962
280 0.000029 0.009874 400.000000 10.282776
280 0.000021 0.009314 500.000000 10.183299
280 0.000026 0.007024 600.000000 10.600707
280 0.000028 0.006733 700.000000 10.542169
280 0.000028 0.005975 800.000000 10.243278
290 0.000049 0.014423 100.000000 10.416667
290 0.000037 0.009425 200.000000 10.309278
290 0.000036 0.009188 300.000000 10.344828
290 0.000020 0.009008 400.000000 10.101010
290 0.000018 0.008243 500.000000 10.162601
290 0.000025 0.006428 600.000000 10.526316
290 0.000028 0.006349 700.000000 10.385756
290 0.000027 0.005217 800.000000 10.191083
300 0.000061 0.012870 100.000000 9.900990
300 0.000051 0.009093 200.000000 10.204082
300 0.000038 0.008916 300.000000 10.273973
300 0.000024 0.008621 400.000000 9.950249
300 0.000017 0.007825 500.000000 10.162601
300 0.000020 0.006406 600.000000 10.471204
300 0.000029 0.006628 700.000000 10.248902
300 0.000027 0.005270 800.000000 10.139417
310 0.000072 0.012674 100.000000 9.708738
310 0.000067 0.008879 200.000000 10.152285
310 0.000043 0.008728 300.000000 10.238908
310 0.000028 0.008675 400.000000 9.876543
310 0.000020 0.007684 500.000000 10.204082
310 0.000018 0.006521 600.000000 10.452962
310 0.000028 0.006847 700.000000 10.159652
310 0.000030 0.005636 800.000000 10.050251
320 0.000089 0.011857 100.000000 9.615385
320 0.000065 0.008419 200.000000 10.101010
320 0.000044 0.007994 300.000000 10.238908
320 0.000029 0.008454 400.000000 9.828010
320 0.000019 0.007115 500.000000 10.245902
320 0.000020 0.006392 600.000000 10.452962
320 0.000024 0.006711 700.000000 10.115607
320 0.000031 0.005737 800.000000 9.962640
330 0.000086 0.011201 100.000000 9.523809
330 0.000055 0.008472 200.000000 10.050251
330 0.000045 0.007682 300.000000 10.238908
330 0.000027 0.008544 400.000000 9.852217
330 0.000020 0.006840 500.000000 10.309278
330 0.000020 0.006288 600.000000 10.489511
330 0.000025 0.006421 700.000000 10.115607
330 0.000029 0.005574 800.000000 9.925558
340 0.000082 0.010010 100.000000 9.615385
340 0.000063 0.007566 200.000000 10.000000
340 0.000040 0.006769 300.000000 10.238908
340 0.000024 0.007853 400.000000 9.852217
340 0.000020 0.005886 500.000000 10.373444
340 0.000020 0.005666 600.000000 10.507881
340 0.000022 0.005691 700.000000 10.115607
340 0.000026 0.005307 800.000000 9.913259
350 0.000077 0.009141 100.000000 9.708738
350 0.000059 0.006695 200.000000 10.050251
350 0.000036 0.006518 300.000000 10.204082
350 0.000022 0.007417 400.000000 9.900990
350 0.000021 0.005312 500.000000 10.438414
350 0.000019 0.005231 600.000000 10.526316
350 0.000024 0.005054 700.000000 10.130246
350 0.000027 0.005008 800.000000 9.925558
360 0.000091 0.008696 100.000000 9.803922
360 0.000053 0.006664 200.000000 10.101010
360 0.000035 0.006536 300.000000 10.135135
360 0.000020 0.007133 400.000000 9.950249
360 0.000023 0.005069 500.000000 10.482181
360 0.000022 0.005035 600.000000 10.507881
360 0.000026 0.004604 700.000000 10.130246
360 0.000027 0.004718 800.000000 9.937888
370 0.000079 0.008227 100.000000 9.900990
370 0.000056 0.006363 200.000000 10.152285
370 0.000036 0.006319 300.000000 10.033444
370 0.000018 0.006615 400.000000 10.000000
370 0.000020 0.004798 500.000000 10.526316
370 0.000024 0.004757 600.000000 10.452962
370 0.000026 0.004142 700.000000 10.130246
370 0.000028 0.004473 800.000000 9.950249
380 0.000066 0.006249 100.000000 10.000000
380 0.000044 0.004708 200.000000 10.204082
380 0.000026 0.004885 300.000000 9.966778
380 0.000015 0.005141 400.000000 10.050251
380 0.000022 0.003816 500.000000 10.526316
380 0.000025 0.004125 600.000000 10.380623
380 0.000023 0.003625 700.000000 10.144928
380 0.000026 0.004369 800.000000 9.962640
390 0.000059 0.005159 100.000000 10.204082
390 0.000039 0.004004 200.000000 10.309278
390 0.000024 0.004585 300.000000 9.933775
390 0.000014 0.004618 400.000000 10.101010
390 0.000019 0.003610 500.000000 10.526316
390 0.000026 0.004016 600.000000 10.344828
390 0.000024 0.003412 700.000000 10.144928
390 0.000027 0.004411 800.000000 9.975062
400 0.000060 0.004393 100.000000 10.309278
400 0.000029 0.003945 200.000000 10.362695
400 0.000019 0.004979 300.000000 9.900990
400 0.000022 0.004265 400.000000 10.204082
400 0.000022 0.003177 500.000000 10.548523
400 0.000030 0.003786 600.000000 10.273973
400 0.000028 0.003709 700.000000 10.144928
400 0.000027 0.005060 800.000000 10.000000
410 0.000053 0.005594 100.000000 10.416667
410 0.000028 0.005174 200.000000 10.471204
410 0.000015 0.005979 300.000000 9.900990
410 0.000022 0.004746 400.000000 10.282776
410 0.000023 0.003464 500.000000 10.570825
410 0.000031 0.003641 600.000000 10.221465
410 0.000031 0.003844 700.000000 10.101010
410 0.000029 0.005136 800.000000 10.025063
420 0.000056 0.003979 100.000000 10.526316
420 0.000025 0.003547 200.000000 10.471204
420 0.000014 0.004702 300.000000 9.868421
420 0.000020 0.003805 400.000000 10.362695
420 0.000019 0.003071 500.000000 10.615711
420 0.000023 0.003696 600.000000 10.186757
420 0.000031 0.004523 700.000000 10.014306
420 0.000025 0.005322 800.000000 10.062893
430 0.000027 0.003227 100.000000 10.416667
430 0.000024 0.004139 200.000000 10.526316
430 0.000011 0.005179 300.000000 9.868421
430 0.000021 0.003982 400.000000 10.443864
430 0.000017 0.003100 500.000000 10.638298
430 0.000026 0.003747 600.000000 10.186757
430 0.000028 0.004788 700.000000 9.971510
430 0.000026 0.005473 800.000000 10.088272
440 0.000043 0.001621 100.000000 10.309278
440 0.000022 0.003469 200.000000 10.526316
440 0.000014 0.005047 300.000000 9.900990
440 0.000019 0.003838 400.000000 10.526316
440 0.000017 0.003260 500.000000 10.683761
440 0.000021 0.004089 600.000000 10.186757
440 0.000025 0.005193 700.000000 9.943182
440 0.000024 0.005711 800.000000 10.126582
450 0.000048 0.004048 100.000000 10.309278
450 0.000020 0.004811 200.000000 10.416667
450 0.000012 0.005953 300.000000 9.933775
450 0.000022 0.004621 400.000000 10.582010
450 0.000016 0.004123 500.000000 10.683761
450 0.000026 0.004035 600.000000 10.186757
450 0.000027 0.005134 700.000000 9.943182
450 0.000026 0.005959 800.000000 10.152285
460 0.000035 0.004520 100.000000 10.309278
460 0.000020 0.005075 200.000000 10.256411
460 0.000008 0.005939 300.000000 9.933775
460 0.000025 0.004819 400.000000 10.638298
460 0.000018 0.004594 500.000000 10.638298
460 0.000026 0.004222 600.000000 10.169492
460 0.000029 0.005379 700.000000 9.943182
460 0.000025 0.006279 800.000000 10.178117
470 0.000037 0.005129 100.000000 10.309278
470 0.000020 0.005920 200.000000 10.050251
470 0.000013 0.006002 300.000000 9.966778
470 0.000028 0.004934 400.000000 10.638298
470 0.000024 0.005017 500.000000 10.526316
470 0.000027 0.004368 600.000000 10.152285
470 0.000028 0.005529 700.000000 9.929078
470 0.000026 0.006838 800.000000 10.204082
480 0.000045 0.004477 100.000000 10.309278
480 0.000023 0.005538 200.000000 9.852217
480 0.000015 0.005848 300.000000 10.000000
480 0.000026 0.004998 400.000000 10.610080
480 0.000028 0.005244 500.000000 10.416667
480 0.000026 0.004377 600.000000 10.135135
480 0.000028 0.005437 700.000000 9.929078
480 0.000025 0.007110 800.000000 10.243278
490 0.000026 0.004659 100.000000 10.204082
490 0.000007 0.006356 200.000000 9.708738
490 0.000024 0.005827 300.000000 10.067114
490 0.000029 0.005065 400.000000 10.582010
490 0.000033 0.005533 500.000000 10.309278
490 0.000028 0.004681 600.000000 10.101010
490 0.000029 0.006006 700.000000 9.929078
490 0.000026 0.007903 800.000000 10.269576
500 0.000038 0.005718 100.000000 10.309278
500 0.000000 0.007433 200.000000 9.615385
500 0.000030 0.006270 300.000000 10.135135
500 0.000028 0.005248 400.000000 10.582010
500 0.000035 0.005284 500.000000 10.183299
500 0.000034 0.004890 600.000000 10.050251
500 0.000031 0.006356 700.000000 9.943182
500 0.000028 0.008386 800.000000 10.309278
510 0.000022 0.004761 100.000000 10.309278
510 0.000017 0.006264 200.000000 9.523809
510 0.000030 0.005460 300.000000 10.204082
510 0.000029 0.005022 400.000000 10.582010
510 0.000032 0.005173 500.000000 10.101010
510 0.000034 0.005878 600.000000 9.950249
510 0.000030 0.006829 700.000000 9.971510
510 0.000025 0.008687 800.000000 10.335917
520 0.000031 0.004316 100.000000 10.416667
520 0.000005 0.005959 200.000000 9.523809
520 0.000025 0.005233 300.000000 10.344828
520 0.000019 0.004619 400.000000 10.638298
520 0.000031 0.004676 500.000000 10.101010
520 0.000033 0.005653 600.000000 9.884679
520 0.000028 0.006457 700.000000 10.000000
520 0.000025 0.008329 800.000000 10.389610
530 0.000038 0.005471 100.000000 10.526316
530 0.000011 0.006845 200.000000 9.569378
530 0.000028 0.005572 300.000000 10.452962
530 0.000020 0.004492 400.000000 10.695188
530 0.000032 0.004701 500.000000 10.121457
530 0.000031 0.005686 600.000000 9.852217
530 0.000030 0.006584 700.000000 10.043041
530 0.000026 0.008507 800.000000 10.443864
540 0.000014 0.006155 100.000000 10.526316
540 0.000024 0.006759 200.000000 9.661836
540 0.000036 0.005786 300.000000 10.563380
540 0.000024 0.005330 400.000000 10.752688
540 0.000030 0.005574 500.000000 10.121457
540 0.000030 0.006928 600.000000 9.852217
540 0.000029 0.007674 700.000000 10.086455
540 0.000025 0.009344 800.000000 10.484928
550 0.000015 0.005849 100.000000 10.309278
550 0.000029 0.006425 200.000000 9.708738
550 0.000042 0.005557 300.000000 10.676157
550 0.000025 0.005321 400.000000 10.752688
550 0.000029 0.005749 500.000000 10.121457
550 0.000029 0.007320 600.000000 9.868421
550 0.000027 0.008056 700.000000 10.130246
550 0.000024 0.009474 800.000000 10.526316
560 0.000024 0.007046 100.000000 9.803922
560 0.000028 0.006522 200.000000 9.708738
560 0.000043 0.005645 300.000000 10.714286
560 0.000029 0.005635 400.000000 10.638298
560 0.000032 0.005996 500.000000 10.101010
560 0.000029 0.007653 600.000000 9.852217
560 0.000026 0.008532 700.000000 10.159652
560 0.000024 0.009806 800.000000 10.554090
570 0.000042 0.007198 100.000000 9.523809
570 0.000042 0.006376 200.000000 9.756098
570 0.000046 0.006151 300.000000 10.676157
570 0.000038 0.006666 400.000000 10.498688
570 0.000030 0.006794 500.000000 10.080646
570 0.000030 0.008129 600.000000 9.852217
570 0.000028 0.009337 700.000000 10.189228
570 0.000023 0.010126 800.000000 10.596026
580 0.000031 0.008527 100.000000 9.259259
580 0.000049 0.006647 200.000000 9.852217
580 0.000049 0.006416 300.000000 10.676157
580 0.000043 0.007394 400.000000 10.362695
580 0.000035 0.007030 500.000000 10.060362
580 0.000033 0.008514 600.000000 9.852217
580 0.000027 0.010228 700.000000 10.233918
580 0.000024 0.010801 800.000000 10.624170
590 0.000038 0.008607 100.000000 9.009009
590 0.000046 0.006473 200.000000 9.950249
590 0.000038 0.006166 300.000000 10.638298
590 0.000042 0.006992 400.000000 10.204082
590 0.000035 0.006696 500.000000 10.020041
590 0.000032 0.008112 600.000000 9.852217
590 0.000027 0.009908 700.000000 10.263929
590 0.000023 0.010238 800.000000 10.652463
600 0.000045 0.008348 100.000000 8.849558
600 0.000052 0.006297 200.000000 10.050251
600 0.000040 0.006282 300.000000 10.600707
600 0.000040 0.006977 400.000000 10.075566
600 0.000037 0.007568 500.000000 9.920635
600 0.000034 0.008728 600.000000 9.868421
600 0.000027 0.010446 700.000000 10.294118
600 0.000023 0.010604 800.000000 10.695188
610 0.000051 0.007556 100.000000 8.695652
610 0.000048 0.006227 200.000000 10.152285
610 0.000032 0.005931 300.000000 10.638298
610 0.000035 0.006787 400.000000 10.000000
610 0.000037 0.008142 500.000000 9.803922
610 0.000031 0.008745 600.000000 9.900990
610 0.000025 0.010416 700.000000 10.339734
610 0.000023 0.010552 800.000000 10.723861
620 0.000041 0.008420 100.000000 8.695652
620 0.000051 0.006494 200.000000 10.309278
620 0.000030 0.005852 300.000000 10.676157
620 0.000037 0.007042 400.000000 10.000000
620 0.000035 0.008613 500.000000 9.727627
620 0.000030 0.009116 600.000000 9.933775
620 0.000029 0.010818 700.000000 10.385756
620 0.000022 0.010972 800.000000 10.767160
630 0.000046 0.009049 100.000000 8.771930
630 0.000055 0.006291 200.000000 10.471204
630 0.000034 0.005590 300.000000 10.752688
630 0.000038 0.007084 400.000000 10.000000
630 0.000036 0.008913 500.000000 9.708738
630 0.000032 0.009394 600.000000 9.983361
630 0.000029 0.011060 700.000000 10.447762
630 0.000022 0.011276 800.000000 10.810811
640 0.000061 0.009531 100.000000 8.928572
640 0.000058 0.006425 200.000000 10.638298
640 0.000035 0.005751 300.000000 10.830325
640 0.000040 0.007250 400.000000 10.025063
640 0.000038 0.009335 500.000000 9.727627
640 0.000035 0.010076 600.000000 10.033444
640 0.000030 0.011622 700.000000 10.494753
640 0.000024 0.011790 800.000000 10.869565
650 0.000059 0.009237 100.000000 9.174312
650 0.000064 0.006272 200.000000 10.869565
650 0.000042 0.005869 300.000000 10.869565
650 0.000044 0.007617 400.000000 10.075566
650 0.000040 0.009852 500.000000 9.765625
650 0.000034 0.010588 600.000000 10.101010
650 0.000029 0.011906 700.000000 10.574018
650 0.000024 0.012036 800.000000 10.928962
660 0.000066 0.009460 100.000000 9.433962
660 0.000075 0.007392 200.000000 11.111111
660 0.000045 0.006900 300.000000 10.869565
660 0.000047 0.008380 400.000000 10.126582
660 0.000040 0.010665 500.000000 9.823183
660 0.000034 0.011577 600.000000 10.186757
660 0.000031 0.012903 700.000000 10.638298
660 0.000026 0.013078 800.000000 11.004127
670 0.000075 0.009061 100.000000 9.803922
670 0.000072 0.007266 200.000000 11.299435
670 0.000049 0.007248 300.000000 10.830325
670 0.000044 0.008193 400.000000 10.178117
670 0.000042 0.010248 500.000000 9.881423
670 0.000035 0.011623 600.000000 10.256411
670 0.000031 0.012693 700.000000 10.719755
670 0.000024 0.012895 800.000000 11.065007
680 0.000078 0.008141 100.000000 10.101010
680 0.000072 0.006566 200.000000 11.363636
680 0.000057 0.007056 300.000000 10.791367
680 0.000048 0.007818 400.000000 10.230179
680 0.000045 0.010140 500.000000 9.920635
680 0.000038 0.012066 600.000000 10.344828
680 0.000032 0.013034 700.000000 10.785825
680 0.000026 0.013321 800.000000 11.142061
690 0.000090 0.008068 100.000000 10.526316
690 0.000071 0.007183 200.000000 11.494253
690 0.000063 0.007978 300.000000 10.714286
690 0.000050 0.008095 400.000000 10.256411
690 0.000047 0.010528 500.000000 9.960159
690 0.000039 0.012781 600.000000 10.416667
690 0.000032 0.013579 700.000000 10.852714
690 0.000027 0.013858 800.000000 11.204482
700 0.000091 0.007556 100.000000 10.869565
700 0.000065 0.006289 200.000000 11.560694
700 0.000061 0.007244 300.000000 10.600707
700 0.000050 0.007662 400.000000 10.282776
700 0.000045 0.009996 500.000000 10.020041
700 0.000037 0.012278 600.000000 10.489511
700 0.000031 0.012803 700.000000 10.920437
700 0.000026 0.013250 800.000000 11.267606
710 0.000094 0.007245 100.000000 11.363636
710 0.000054 0.005858 200.000000 11.695907
710 0.000060 0.007017 300.000000 10.526316
710 0.000052 0.008039 400.000000 10.230179
710 0.000046 0.010229 500.000000 10.080646
710 0.000038 0.012497 600.000000 10.563380
710 0.000030 0.012917 700.000000 10.989011
710 0.000026 0.013510 800.000000 11.331445
720 0.000078 0.005506 100.000000 11.764706
720 0.000046 0.003953 200.000000 11.834319
720 0.000057 0.006055 300.000000 10.489511
720 0.000053 0.007989 400.000000 10.126582
720 0.000044 0.009620 500.000000 10.121457
720 0.000037 0.011765 600.000000 10.619469
720 0.000030 0.012208 700.000000 11.041010
720 0.000026 0.012669 800.000000 11.396011
730 0.000073 0.005059 100.000000 12.195122
730 0.000037 0.003894 200.000000 11.904762
730 0.000050 0.005855 300.000000 10.452962
730 0.000050 0.008198 400.000000 10.000000
730 0.000041 0.009263 500.000000 10.183299
730 0.000034 0.011461 600.000000 10.695188
730 0.000030 0.011943 700.000000 11.093502
730 0.000025 0.012471 800.000000 11.444921
740 0.000085 0.002677 100.000000 12.658228
740 0.000043 0.001995 200.000000 11.976048
740 0.000056 0.005097 300.000000 10.416667
740 0.000051 0.008018 400.000000 9.950249
740 0.000044 0.009375 500.000000 10.224949
740 0.000034 0.011623 600.000000 10.733453
740 0.000031 0.012241 700.000000 11.146497
740 0.000026 0.013007 800.000000 11.494253
750 0.000091 0.002933 100.000000 12.987013
750 0.000034 0.003307 200.000000 11.976048
750 0.000052 0.004560 300.000000 10.416667
750 0.000051 0.008029 400.000000 9.925558
750 0.000046 0.009752 500.000000 10.266940
750 0.000038 0.012022 600.000000 10.791367
750 0.000031 0.012682 700.000000 11.182109
750 0.000029 0.013737 800.000000 11.544011
760 0.000084 0.001999 100.000000 13.157895
760 0.000033 0.002887 200.000000 11.834319
760 0.000052 0.004982 300.000000 10.344828
760 0.000050 0.008446 400.000000 9.900990
760 0.000041 0.009894 500.000000 10.288066
760 0.000036 0.011698 600.000000 10.830325
760 0.000030 0.012186 700.000000 11.217949
760 0.000026 0.013296 800.000000 11.577424
770 0.000086 0.002118 100.000000 12.987013
770 0.000045 0.003739 200.000000 11.363636
770 0.000049 0.004899 300.000000 10.273973
770 0.000049 0.008080 400.000000 9.852217
770 0.000041 0.010074 500.000000 10.330579
770 0.000035 0.011572 600.000000 10.849910
770 0.000028 0.012058 700.000000 11.254020
770 0.000026 0.013274 800.000000 11.611031
780 0.000088 0.002535 100.000000 12.658228
780 0.000059 0.004712 200.000000 10.928962
780 0.000054 0.005020 300.000000 10.169492
780 0.000052 0.008183 400.000000 9.828010
780 0.000041 0.010954 500.000000 10.351967
780 0.000034 0.011974 600.000000 10.869565
780 0.000029 0.012558 700.000000 11.272141
780 0.000028 0.013947 800.000000 11.627907
790 0.000047 0.002976 100.000000 12.048193
790 0.000067 0.005104 200.000000 10.416667
790 0.000051 0.004491 300.000000 10.033444
790 0.000050 0.007282 400.000000 9.779951
790 0.000039 0.009919 500.000000 10.373444
790 0.000034 0.010414 600.000000 10.889292
790 0.000027 0.011149 700.000000 11.290322
790 0.000027 0.012734 800.000000 11.644833
800 0.000000 0.003596 100.000000 11.764706
800 0.000061 0.005190 200.000000 9.950249
800 0.000058 0.005214 300.000000 9.740260
800 0.000049 0.007202 400.000000 9.756098
800 0.000036 0.009626 500.000000 10.373444
800 0.000030 0.009967 600.000000 10.889292
800 0.000027 0.010720 700.000000 11.308562
800 0.000028 0.012387 800.000000 11.611031
810 0.000031 0.003426 100.000000 11.363636
810 0.000054 0.005751 200.000000 9.661836
810 0.000063 0.006942 300.000000 9.404388
810 0.000045 0.007810 400.000000 9.732360
810 0.000035 0.010106 500.000000 10.395010
810 0.000032 0.010427 600.000000 10.889292
810 0.000027 0.011100 700.000000 11.308562
810 0.000030 0.012505 800.000000 11.510792
820 0.000026 0.005019 100.000000 11.111111
820 0.000055 0.005863 200.000000 9.478673
820 0.000059 0.007594 300.000000 9.202454
820 0.000047 0.008414 400.000000 9.708738
820 0.000038 0.010698 500.000000 10.395010
820 0.000032 0.011065 600.000000 10.909091
820 0.000030 0.012050 700.000000 11.326860
820 0.000041 0.013492 800.000000 11.267606
830 0.000043 0.005289 100.000000 10.752688
830 0.000052 0.005531 200.000000 9.345795
830 0.000055 0.007126 300.000000 9.118541
830 0.000043 0.007685 400.000000 9.732360
830 0.000036 0.009476 500.000000 10.416667
830 0.000029 0.009694 600.000000 10.909091
830 0.000028 0.010903 700.000000 11.345219
830 0.000035 0.012268 800.000000 11.111111
840 0.000054 0.004549 100.000000 10.204082
840 0.000048 0.005244 200.000000 9.259259
840 0.000052 0.007347 300.000000 9.090909
840 0.000040 0.008201 400.000000 9.756098
840 0.000033 0.009630 500.000000 10.438414
840 0.000028 0.009863 600.000000 10.948905
840 0.000027 0.011112 700.000000 11.382113
840 0.000030 0.011987 800.000000 11.034483
850 0.000042 0.006078 100.000000 9.708738
850 0.000045 0.005022 200.000000 9.216590
850 0.000048 0.006636 300.000000 9.090909
850 0.000039 0.008156 400.000000 9.803922
850 0.000032 0.008870 500.000000 10.504202
850 0.000027 0.009001 600.000000 11.009174
850 0.000026 0.010396 700.000000 11.419250
850 0.000032 0.011262 800.000000 10.973937
860 0.000056 0.007280 100.000000 9.433962
860 0.000047 0.004831 200.000000 9.216590
860 0.000050 0.006828 300.000000 9.118541
860 0.000039 0.008996 400.000000 9.900990
860 0.000031 0.009192 500.000000 10.570825
860 0.000025 0.009353 600.000000 11.070110
860 0.000026 0.010802 700.000000 11.494253
870 0.000097 0.008176 100.000000 9.009009
870 0.000057 0.004969 200.000000 9.174312
870 0.000058 0.007763 300.000000 9.146341
870 0.000045 0.010366 400.000000 9.975062
870 0.000036 0.010397 500.000000 10.638298
870 0.000029 0.010924 600.000000 11.131725
870 0.000029 0.012548 700.000000 11.532125
880 0.000130 0.008284 100.000000 8.620689
880 0.000079 0.006788 200.000000 9.009009
880 0.000067 0.009807 300.000000 9.174312
880 0.000050 0.012456 400.000000 10.025063
880 0.000039 0.012436 500.000000 10.683761
880 0.000033 0.013176 600.000000 11.194030
880 0.000033 0.014871 700.000000 11.570248
890 0.000095 0.009774 100.000000 8.403361
890 0.000087 0.009771 200.000000 8.733624
890 0.000053 0.010529 300.000000 9.202454
890 0.000041 0.012692 400.000000 10.101010
890 0.000037 0.012399 500.000000 10.729613
890 0.000030 0.012698 600.000000 11.235955
890 0.000031 0.013989 700.000000 11.570248
900 0.000103 0.011511 100.000000 8.264462
900 0.000078 0.012179 200.000000 8.510638
900 0.000055 0.012033 300.000000 9.259259
900 0.000046 0.014072 400.000000 10.152285
900 0.000036 0.013657 500.000000 10.775862
900 0.000031 0.014003 600.000000 11.278195
900 0.000034 0.015051 700.000000 11.419250
910 0.000109 0.011719 100.000000 8.130081
910 0.000081 0.013010 200.000000 8.403361
910 0.000056 0.012633 300.000000 9.287926
910 0.000044 0.014436 400.000000 10.204082
910 0.000036 0.013987 500.000000 10.822511
910 0.000033 0.014598 600.000000 11.320755
910 0.000047 0.015802 700.000000 11.217949
920 0.000119 0.011684 100.000000 8.130081
920 0.000082 0.013965 200.000000 8.403361
920 0.000061 0.013872 300.000000 9.345795
920 0.000048 0.015280 400.000000 10.256411
920 0.000039 0.014791 500.000000 10.893247
920 0.000034 0.015579 600.000000 11.406844
920 0.000036 0.016566 700.000000 11.128776
930 0.000124 0.012439 100.000000 8.264462
930 0.000082 0.014756 200.000000 8.474576
930 0.000058 0.014422 300.000000 9.463722
930 0.000047 0.015593 400.000000 10.389610
930 0.000036 0.015088 500.000000 10.989011
930 0.000034 0.015996 600.000000 11.494253
930 0.000033 0.016417 700.000000 11.128776
940 0.000105 0.011763 100.000000 8.403361
940 0.000075 0.013843 200.000000 8.583691
940 0.000055 0.013962 300.000000 9.615385
940 0.000044 0.014838 400.000000 10.526316
940 0.000035 0.014403 500.000000 11.111111
940 0.000035 0.015424 600.000000 11.605416
940 0.000031 0.015562 700.000000 11.146497
950 0.000099 0.007858 100.000000 8.620689
950 0.000070 0.010456 200.000000 8.733624
950 0.000058 0.011872 300.000000 9.771987
950 0.000044 0.012398 400.000000 10.666667
950 0.000036 0.012209 500.000000 11.235955
950 0.000035 0.013540 600.000000 11.718750
950 0.000036 0.014087 700.000000 11.146497
960 0.000073 0.007450 100.000000 8.849558
960 0.000065 0.009371 200.000000 8.849558
960 0.000048 0.011044 300.000000 9.933775
960 0.000036 0.010969 400.000000 10.781672
960 0.000029 0.010590 500.000000 11.363636
960 0.000031 0.011895 600.000000 11.834319
960 0.000038 0.012608 700.000000 11.146497
970 0.000046 0.007076 100.000000 9.009009
970 0.000052 0.006562 200.000000 8.968610
970 0.000040 0.008079 300.000000 10.101010
970 0.000030 0.007619 400.000000 10.928962
970 0.000024 0.007211 500.000000 11.494253
970 0.000029 0.008784 600.000000 11.952191
980 0.000021 0.007011 100.000000 9.259259
980 0.000044 0.007481 200.000000 9.174312
980 0.000036 0.009186 300.000000 10.273973
980 0.000030 0.008234 400.000000 11.080333
980 0.000024 0.007874 500.000000 11.627907
980 0.000027 0.009310 600.000000 12.072434
990 0.000029 0.007920 100.000000 9.345795
990 0.000031 0.008656 200.000000 9.345795
990 0.000027 0.009958 300.000000 10.452962
990 0.000019 0.008590 400.000000 11.235955
990 0.000022 0.008082 500.000000 11.792453
990 0.000023 0.009184 600.000000 12.195122
1000 0.000066 0.007846 100.000000 9.174312
1000 0.000037 0.007146 200.000000 9.523809
1000 0.000022 0.008695 300.000000 10.638298
1000 0.000018 0.007232 400.000000 11.396011
1000 0.000020 0.006795 500.000000 11.904762
1000 0.000023 0.008030 600.000000 12.269938
1010 0.000101 0.008386 100.000000 8.928572
1010 0.000035 0.005869 200.000000 9.661836
1010 0.000024 0.007831 300.000000 10.791367
1010 0.000025 0.006296 400.000000 11.527377
1010 0.000020 0.006015 500.000000 12.048193
1010 0.000023 0.007116 600.000000 12.295082
1020 0.000078 0.008974 100.000000 8.695652
1020 0.000039 0.006048 200.000000 9.756098
1020 0.000028 0.008238 300.000000 10.948905
1020 0.000024 0.006692 400.000000 11.627907
1020 0.000023 0.006779 500.000000 12.135922
1020 0.000031 0.007700 600.000000 12.170385
1030 0.000077 0.009968 100.000000 8.620689
1030 0.000039 0.006668 200.000000 9.900990
1030 0.000029 0.008760 300.000000 11.070110
1030 0.000026 0.007311 400.000000 11.730206
1030 0.000025 0.007532 500.000000 12.224939
1030 0.000048 0.008684 600.000000 11.952191
1040 0.000062 0.010276 100.000000 8.620689
1040 0.000035 0.006626 200.000000 10.000000
1040 0.000027 0.008124 300.000000 11.194030
1040 0.000021 0.006366 400.000000 11.834319
1040 0.000022 0.006774 500.000000 12.345679
1040 0.000039 0.007987 600.000000 11.834319
1050 0.000046 0.010828 100.000000 8.620689
1050 0.000029 0.007204 200.000000 10.152285
1050 0.000023 0.008159 300.000000 11.320755
1050 0.000017 0.006455 400.000000 11.940298
1050 0.000020 0.007063 500.000000 12.437811
1050 0.000033 0.007847 600.000000 11.764706
1060 0.000058 0.010694 100.000000 8.695652
1060 0.000032 0.008856 200.000000 10.309278
1060 0.000028 0.008963 300.000000 11.450381
1060 0.000020 0.007499 400.000000 12.048193
1060 0.000024 0.008257 500.000000 12.531328
1060 0.000034 0.008883 600.000000 11.718750
1070 0.000064 0.010473 100.000000 8.771930
1070 0.000038 0.010317 200.000000 10.471204
1070 0.000025 0.009146 300.000000 11.583012
1070 0.000022 0.007724 400.000000 12.158054
1070 0.000026 0.008648 500.000000 12.626263
1070 0.000039 0.009460 600.000000 11.627907
1080 0.000061 0.011430 100.000000 8.849558
1080 0.000038 0.011977 200.000000 10.695188
1080 0.000026 0.010112 300.000000 11.718750
1080 0.000021 0.008682 400.000000 12.307693
1080 0.000027 0.009847 500.000000 12.755102
1090 0.000063 0.010682 100.000000 9.009009
1090 0.000040 0.011588 200.000000 10.869565
1090 0.000032 0.008917 300.000000 11.904762
1090 0.000027 0.007937 400.000000 12.461060
1090 0.000030 0.009222 500.000000 12.853471
1100 0.000078 0.010047 100.000000 9.345795
1100 0.000045 0.011307 200.000000 11.173184
1100 0.000033 0.008508 300.000000 12.096774
1100 0.000033 0.007941 400.000000 12.658228
1100 0.000033 0.009375 500.000000 12.987013
1110 0.000045 0.010863 100.000000 9.803922
1110 0.000035 0.012623 200.000000 11.560694
1110 0.000025 0.010522 300.000000 12.396694
1110 0.000027 0.009612 400.000000 12.861736
1110 0.000030 0.010466 500.000000 13.157895
1120 0.000041 0.010217 100.000000 10.309278
1120 0.000032 0.012759 200.000000 11.976048
1120 0.000027 0.011317 300.000000 12.658228
1120 0.000024 0.010482 400.000000 13.114754
1120 0.000023 0.010686 500.000000 13.262600
1130 0.000024 0.007481 100.000000 10.869565
1130 0.000027 0.010757 200.000000 12.345679
1130 0.000018 0.009027 300.000000 12.931034
1130 0.000019 0.008540 400.000000 13.333333
1130 0.000019 0.008781 500.000000 13.262600
1140 0.000027 0.005369 100.000000 11.235955
1140 0.000025 0.009351 200.000000 12.658228
1140 0.000012 0.007497 300.000000 13.157895
1140 0.000016 0.007172 400.000000 13.559322
1140 0.000038 0.007006 500.000000 13.054831
1150 0.000023 0.004502 100.000000 11.627907
1150 0.000015 0.008545 200.000000 12.903226
1150 0.000010 0.006548 300.000000 13.333333
1150 0.000014 0.006341 400.000000 13.698630
1150 0.000045 0.006252 500.000000 12.820513
1160 0.000016 0.004365 100.000000 11.904762
1160 0.000016 0.008197 200.000000 13.157895
1160 0.000018 0.006238 300.000000 13.513514
1160 0.000017 0.006454 400.000000 13.840831
1160 0.000039 0.006467 500.000000 12.690355
1170 0.000016 0.006276 100.000000 12.345679
1170 0.000017 0.008593 200.000000 13.333333
1170 0.000018 0.006877 300.000000 13.698630
1170 0.000021 0.007282 400.000000 13.986014
1170 0.000037 0.006871 500.000000 12.594459
1180 0.000034 0.010971 100.000000 12.658228
1180 0.000026 0.010666 200.000000 13.605442
1180 0.000022 0.008805 300.000000 13.824884
1180 0.000028 0.009253 400.000000 14.084507
1180 0.000040 0.008459 500.000000 12.468828
1190 0.000051 0.012844 100.000000 13.157895
1190 0.000028 0.010508 200.000000 13.793103
1190 0.000022 0.008593 300.000000 14.018692
1190 0.000029 0.009405 400.000000 14.234876
1200 0.000044 0.013869 100.000000 13.513514
1200 0.000022 0.010401 200.000000 13.986014
1200 0.000023 0.008862 300.000000 14.150944
1200 0.000027 0.009651 400.000000 14.285714
1210 0.000040 0.013711 100.000000 13.698630
1210 0.000021 0.009502 200.000000 14.084507
1210 0.000029 0.008131 300.000000 14.285714
1210 0.000029 0.008905 400.000000 14.285714
1220 0.000038 0.013453 100.000000 13.888889
1220 0.000020 0.008410 200.000000 14.184397
1220 0.000026 0.007448 300.000000 14.354067
1220 0.000024 0.007795 400.000000 13.986014
1230 0.000028 0.012995 100.000000 14.084507
1230 0.000029 0.007610 200.000000 14.285714
1230 0.000024 0.006809 300.000000 14.423077
1230 0.000062 0.006441 400.000000 13.333333
1240 0.000021 0.011505 100.000000 14.285714
1240 0.000019 0.006446 200.000000 14.285714
1240 0.000020 0.006055 300.000000 14.492754
1240 0.000054 0.005963 400.000000 12.861736
1250 0.000022 0.010569 100.000000 14.285714
1250 0.000023 0.007023 200.000000 14.388489
1250 0.000025 0.007216 300.000000 14.492754
1250 0.000047 0.006432 400.000000 12.578616
1260 0.000000 0.008301 100.000000 14.285714
1260 0.000015 0.006186 200.000000 14.388489
1260 0.000024 0.006475 300.000000 14.563107
1260 0.000056 0.006382 400.000000 12.232416
1270 0.000027 0.007628 100.000000 14.285714
1270 0.000019 0.005766 200.000000 14.388489
1270 0.000026 0.006250 300.000000 14.492754
1280 0.000025 0.004826 100.000000 14.084507
1280 0.000027 0.003548 200.000000 14.388489
1280 0.000028 0.004917 300.000000 14.423077
1290 0.000022 0.003575 100.000000 14.084507
1290 0.000031 0.003452 200.000000 14.388489
1290 0.000035 0.004020 300.000000 13.953488
1300 0.000033 0.003609 100.000000 14.084507
1300 0.000030 0.003289 200.000000 14.388489
1300 0.000087 0.003185 300.000000 12.931034
1310 0.000026 0.003731 100.000000 14.084507
1310 0.000021 0.003706 200.000000 14.492754
1310 0.000067 0.004492 300.000000 12.345679
1320 0.000018 0.004248 100.000000 14.084507
1320 0.000027 0.005076 200.000000 14.492754
1320 0.000065 0.005562 300.000000 12.000000
1330 0.000022 0.003935 100.000000 14.084507
1330 0.000033 0.005822 200.000000 14.492754
1330 0.000077 0.007439 300.000000 11.538462
1340 0.000028 0.004780 100.000000 14.084507
1340 0.000029 0.007449 200.000000 14.492754
1350 0.000043 0.004350 100.000000 14.285714
1350 0.000037 0.007503 200.000000 14.285714
1360 0.000045 0.005299 100.000000 14.285714
1360 0.000036 0.005780 200.000000 13.605442
1370 0.000032 0.005025 100.000000 14.492754
1370 0.000116 0.005279 200.000000 12.269938
1380 0.000021 0.006050 100.000000 14.492754
1380 0.000098 0.007552 200.000000 11.494253
1390 0.000042 0.007768 100.000000 14.492754
1390 0.000091 0.008313 200.000000 11.049724
1400 0.000043 0.009922 100.000000 14.492754
1410 0.000044 0.010880 100.000000 14.492754
1420 0.000038 0.010033 100.000000 13.888889
1430 0.000073 0.007066 100.000000 12.195122
1440 0.000215 0.008476 100.000000 10.101010
1450 0.000187 0.009291 100.000000 9.259259
1460 0.000197 0.011461 100.000000 8.547009
