0 0.000151 0.006295 100.000000 7.633588
0 0.000106 0.006797 200.000000 7.782101
0 0.000098 0.008084 300.000000 7.772021
0 0.000077 0.007099 400.000000 8.146640
0 0.000065 0.007950 500.000000 8.051530
0 0.000058 0.009866 600.000000 7.957560
0 0.000054 0.010797 700.000000 8.505467
0 0.000039 0.010546 800.000000 8.528785
10 0.000150 0.005074 100.000000 8.130081
10 0.000101 0.003973 200.000000 8.000000
10 0.000093 0.004848 300.000000 7.936508
10 0.000071 0.003524 400.000000 8.281573
10 0.000065 0.004348 500.000000 8.064516
10 0.000057 0.006284 600.000000 8.042895
10 0.000052 0.007627 700.000000 8.599508
10 0.000039 0.008167 800.000000 8.592911
20 0.000113 0.004143 100.000000 8.547009
20 0.000078 0.001792 200.000000 8.163265
20 0.000072 0.002093 300.000000 8.064516
20 0.000059 0.003597 400.000000 8.403361
20 0.000052 0.003641 500.000000 7.974482
20 0.000047 0.004091 600.000000 8.130081
20 0.000044 0.004453 700.000000 8.674102
20 0.000034 0.005132 800.000000 8.658009
30 0.000110 0.002552 100.000000 8.928572
30 0.000070 0.003820 200.000000 8.230453
30 0.000072 0.004434 300.000000 8.152174
30 0.000059 0.005892 400.000000 8.474576
30 0.000049 0.006629 500.000000 7.898894
30 0.000045 0.006614 600.000000 8.196721
30 0.000042 0.006172 700.000000 8.750000
30 0.000032 0.005866 800.000000 8.686211
40 0.000111 0.003213 100.000000 9.009009
40 0.000067 0.005093 200.000000 8.230453
40 0.000069 0.005287 300.000000 8.174387
40 0.000055 0.007140 400.000000 8.528785
40 0.000046 0.007771 500.000000 7.861635
40 0.000044 0.006901 600.000000 8.241758
40 0.000039 0.005974 700.000000 8.793970
40 0.000032 0.005285 800.000000 8.629990
50 0.000110 0.003278 100.000000 9.090909
50 0.000062 0.004393 200.000000 8.196721
50 0.000070 0.003302 300.000000 8.196721
50 0.000060 0.006084 400.000000 8.547009
50 0.000047 0.006145 500.000000 7.861635
50 0.000043 0.004677 600.000000 8.287292
50 0.000040 0.003794 700.000000 8.816121
50 0.000031 0.004045 800.000000 8.333333
60 0.000104 0.004603 100.000000 9.174312
60 0.000070 0.005394 200.000000 8.163265
60 0.000073 0.004982 300.000000 8.219178
60 0.000053 0.006501 400.000000 8.547009
60 0.000046 0.006390 500.000000 7.861635
60 0.000041 0.004685 600.000000 8.333333
60 0.000039 0.003656 700.000000 8.805032
60 0.000031 0.004057 800.000000 8.281573
70 0.000081 0.005266 100.000000 9.174312
70 0.000054 0.006259 200.000000 8.163265
70 0.000067 0.005880 300.000000 8.264462
70 0.000050 0.006586 400.000000 8.528785
70 0.000042 0.006961 500.000000 7.886436
70 0.000040 0.005842 600.000000 8.391608
70 0.000040 0.005332 700.000000 8.739077
70 0.000028 0.005081 800.000000 8.281573
80 0.000050 0.004808 100.000000 9.174312
80 0.000061 0.006410 200.000000 8.130081
80 0.000073 0.006888 300.000000 8.287292
80 0.000050 0.007059 400.000000 8.492569
80 0.000044 0.008270 500.000000 7.911392
80 0.000041 0.007959 600.000000 8.438819
80 0.000032 0.007632 700.000000 8.695652
80 0.000029 0.006845 800.000000 8.290155
90 0.000087 0.005216 100.000000 8.928572
90 0.000066 0.007002 200.000000 8.032128
90 0.000069 0.007596 300.000000 8.264462
90 0.000046 0.007625 400.000000 8.438819
90 0.000045 0.008604 500.000000 7.923930
90 0.000041 0.007957 600.000000 8.474576
90 0.000029 0.007418 700.000000 8.663366
90 0.000031 0.006423 800.000000 8.281573
100 0.000093 0.005537 100.000000 8.695652
100 0.000072 0.006871 200.000000 7.936508
100 0.000066 0.007504 300.000000 8.264462
100 0.000045 0.007458 400.000000 8.368201
100 0.000043 0.008430 500.000000 7.936508
100 0.000040 0.007699 600.000000 8.522727
100 0.000027 0.007012 700.000000 8.641975
100 0.000031 0.006324 800.000000 8.273009
110 0.000068 0.008210 100.000000 8.403361
110 0.000067 0.007512 200.000000 7.874016
110 0.000051 0.008709 300.000000 8.264462
110 0.000042 0.008287 400.000000 8.316009
110 0.000040 0.008492 500.000000 7.949126
110 0.000037 0.007008 600.000000 8.559201
110 0.000025 0.005722 700.000000 8.641975
110 0.000030 0.004951 800.000000 8.273009
120 0.000078 0.006354 100.000000 8.064516
120 0.000070 0.005958 200.000000 7.843137
120 0.000054 0.007176 300.000000 8.264462
120 0.000046 0.006716 400.000000 8.264462
120 0.000045 0.007693 500.000000 7.974482
120 0.000038 0.007054 600.000000 8.608321
120 0.000026 0.006369 700.000000 8.641975
120 0.000030 0.006094 800.000000 8.273009
130 0.000070 0.006728 100.000000 7.812500
130 0.000073 0.005681 200.000000 7.782101
130 0.000053 0.006751 300.000000 8.287292
130 0.000048 0.006418 400.000000 8.113590
130 0.000042 0.007469 500.000000 8.000000
130 0.000038 0.007025 600.000000 8.658009
130 0.000026 0.006374 700.000000 8.652658
130 0.000030 0.006316 800.000000 8.255934
140 0.000054 0.006909 100.000000 7.575758
140 0.000065 0.004811 200.000000 7.782101
140 0.000053 0.005694 300.000000 8.310249
140 0.000042 0.006206 400.000000 7.677543
140 0.000041 0.006709 500.000000 8.038586
140 0.000037 0.006589 600.000000 8.695652
140 0.000026 0.006140 700.000000 8.641975
140 0.000028 0.006303 800.000000 8.188332
150 0.000046 0.006080 100.000000 7.462687
150 0.000065 0.005174 200.000000 7.751938
150 0.000052 0.005036 300.000000 8.333333
150 0.000043 0.006755 400.000000 7.604563
150 0.000040 0.007115 500.000000 8.090615
150 0.000036 0.007422 600.000000 8.733624
150 0.000020 0.006850 700.000000 8.536586
150 0.000025 0.006639 800.000000 7.662835
160 0.000042 0.006109 100.000000 7.352941
160 0.000073 0.005262 200.000000 7.782101
160 0.000058 0.005022 300.000000 8.356546
160 0.000045 0.007034 400.000000 7.575758
160 0.000039 0.007602 500.000000 8.130081
160 0.000035 0.007901 600.000000 8.759124
160 0.000019 0.007317 700.000000 8.206330
170 0.000054 0.006217 100.000000 7.299270
170 0.000070 0.004382 200.000000 7.812500
170 0.000051 0.004777 300.000000 8.333333
170 0.000043 0.006542 400.000000 7.575758
170 0.000038 0.006681 500.000000 8.183306
170 0.000035 0.006787 600.000000 8.708273
170 0.000021 0.006606 700.000000 8.158508
180 0.000057 0.006502 100.000000 7.246377
180 0.000080 0.005111 200.000000 7.843137
180 0.000051 0.004608 300.000000 8.287292
180 0.000045 0.007114 400.000000 7.604563
180 0.000040 0.007823 500.000000 8.237232
180 0.000033 0.008167 600.000000 8.633094
180 0.000021 0.007515 700.000000 8.149011
190 0.000076 0.007770 100.000000 7.194244
190 0.000079 0.007024 200.000000 7.874016
190 0.000053 0.006458 300.000000 8.264462
190 0.000044 0.007936 400.000000 7.633588
190 0.000039 0.007634 500.000000 8.305648
190 0.000025 0.007315 600.000000 8.595988
190 0.000027 0.006700 700.000000 8.158508
200 0.000056 0.006747 100.000000 7.194244
200 0.000073 0.005884 200.000000 7.905138
200 0.000044 0.004917 300.000000 8.264462
200 0.000046 0.007317 400.000000 7.677543
200 0.000039 0.007738 500.000000 8.375210
200 0.000020 0.007918 600.000000 8.595988
200 0.000023 0.007152 700.000000 8.177570
210 0.000064 0.004858 100.000000 7.246377
210 0.000066 0.004432 200.000000 7.968128
210 0.000044 0.003563 300.000000 8.241758
210 0.000044 0.006365 400.000000 7.722008
210 0.000039 0.007223 500.000000 8.445946
210 0.000016 0.007572 600.000000 8.608321
210 0.000022 0.007155 700.000000 8.196721
220 0.000088 0.005769 100.000000 7.299270
220 0.000066 0.005259 200.000000 8.064516
220 0.000055 0.004567 300.000000 8.241758
220 0.000046 0.007183 400.000000 7.766990
220 0.000042 0.007752 500.000000 8.517887
220 0.000020 0.007708 600.000000 8.633094
220 0.000026 0.007287 700.000000 8.225616
230 0.000105 0.005772 100.000000 7.352941
230 0.000067 0.005268 200.000000 8.163265
230 0.000050 0.004705 300.000000 8.264462
230 0.000047 0.007450 400.000000 7.827789
230 0.000040 0.007972 500.000000 8.591065
230 0.000022 0.007697 600.000000 8.670520
230 0.000027 0.007365 700.000000 8.244994
240 0.000089 0.004803 100.000000 7.462687
240 0.000061 0.005038 200.000000 8.298756
240 0.000048 0.004156 300.000000 8.287292
240 0.000042 0.006231 400.000000 7.905138
240 0.000037 0.006385 500.000000 8.680555
240 0.000022 0.006159 600.000000 8.720930
240 0.000026 0.006376 700.000000 8.274232
250 0.000085 0.005403 100.000000 7.633588
250 0.000066 0.003988 200.000000 8.438819
250 0.000054 0.003428 300.000000 8.287292
250 0.000049 0.006209 400.000000 7.984032
250 0.000040 0.007155 500.000000 8.771930
250 0.000024 0.007022 600.000000 8.771930
250 0.000024 0.007285 700.000000 8.303678
260 0.000098 0.006622 100.000000 7.751938
260 0.000062 0.003797 200.000000 8.547009
260 0.000052 0.004104 300.000000 8.021390
260 0.000046 0.006636 400.000000 8.064516
260 0.000038 0.007647 500.000000 8.849558
260 0.000021 0.007313 600.000000 8.810573
260 0.000023 0.007562 700.000000 8.313540
270 0.000087 0.006038 100.000000 7.874016
270 0.000060 0.003831 200.000000 8.658009
270 0.000054 0.004275 300.000000 7.692307
270 0.000045 0.005473 400.000000 8.130081
270 0.000038 0.006208 500.000000 8.928572
270 0.000025 0.006195 600.000000 8.823529
270 0.000026 0.006794 700.000000 8.264462
280 0.000084 0.005908 100.000000 7.936508
280 0.000049 0.003798 200.000000 8.771930
280 0.000048 0.005067 300.000000 7.614213
280 0.000042 0.005283 400.000000 8.213552
280 0.000033 0.005878 500.000000 9.009009
280 0.000022 0.005809 600.000000 8.784773
280 0.000023 0.006427 700.000000 7.803791
290 0.000121 0.006087 100.000000 8.064516
290 0.000080 0.004012 200.000000 8.849558
290 0.000058 0.005541 300.000000 7.614213
290 0.000047 0.005711 400.000000 8.281573
290 0.000041 0.006432 500.000000 9.057971
290 0.000022 0.006630 600.000000 8.403361
300 0.000103 0.003289 100.000000 8.196721
300 0.000059 0.003812 200.000000 8.928572
300 0.000049 0.006058 300.000000 7.633588
300 0.000041 0.006050 400.000000 8.368201
300 0.000035 0.006131 500.000000 9.074410
300 0.000019 0.006389 600.000000 8.321775
310 0.000093 0.003520 100.000000 8.333333
310 0.000054 0.003174 200.000000 8.888889
310 0.000050 0.005569 300.000000 7.672634
310 0.000037 0.005641 400.000000 8.456659
310 0.000029 0.006000 500.000000 9.009009
310 0.000018 0.006359 600.000000 8.310249
320 0.000111 0.004937 100.000000 8.474576
320 0.000044 0.004159 200.000000 8.849558
320 0.000049 0.005649 300.000000 7.731959
320 0.000039 0.004872 400.000000 8.547009
320 0.000028 0.004928 500.000000 8.944544
320 0.000023 0.005578 600.000000 8.321775
330 0.000091 0.005819 100.000000 8.620689
330 0.000049 0.003970 200.000000 8.849558
330 0.000044 0.005463 300.000000 7.772021
330 0.000037 0.004949 400.000000 8.620689
330 0.000018 0.004962 500.000000 8.912656
330 0.000025 0.005449 600.000000 8.333333
340 0.000077 0.006547 100.000000 8.695652
340 0.000045 0.004339 200.000000 8.849558
340 0.000040 0.005172 300.000000 7.832898
340 0.000032 0.004258 400.000000 8.714597
340 0.000020 0.004099 500.000000 8.912656
340 0.000022 0.004728 600.000000 8.356546
350 0.000079 0.006043 100.000000 8.849558
350 0.000045 0.003704 200.000000 8.771930
350 0.000043 0.004617 300.000000 7.894737
350 0.000033 0.004334 400.000000 8.810573
350 0.000021 0.004501 500.000000 8.928572
350 0.000021 0.005253 600.000000 8.368201
360 0.000051 0.007370 100.000000 8.928572
360 0.000049 0.004643 200.000000 8.771930
360 0.000046 0.004700 300.000000 7.936508
360 0.000033 0.003949 400.000000 8.888889
360 0.000022 0.003631 500.000000 8.960573
360 0.000022 0.004601 600.000000 8.391608
370 0.000047 0.008763 100.000000 9.090909
370 0.000050 0.005702 200.000000 8.733624
370 0.000044 0.004220 300.000000 8.000000
370 0.000029 0.003188 400.000000 8.988764
370 0.000025 0.002919 500.000000 8.976661
370 0.000021 0.004266 600.000000 8.403361
380 0.000057 0.010318 100.000000 9.259259
380 0.000051 0.006337 200.000000 8.620689
380 0.000048 0.004109 300.000000 8.086253
380 0.000031 0.003254 400.000000 9.070294
380 0.000026 0.002929 500.000000 9.009009
380 0.000024 0.004543 600.000000 8.415147
390 0.000047 0.011945 100.000000 9.433962
390 0.000050 0.006786 200.000000 7.843137
390 0.000040 0.004529 300.000000 8.152174
390 0.000030 0.003170 400.000000 9.174312
390 0.000025 0.002595 500.000000 9.025270
390 0.000023 0.004189 600.000000 8.379889
400 0.000037 0.013902 100.000000 9.615385
400 0.000050 0.008860 200.000000 7.462687
400 0.000035 0.005019 300.000000 8.241758
400 0.000025 0.002880 400.000000 9.237875
400 0.000029 0.001533 500.000000 9.009009
400 0.000025 0.003327 600.000000 8.241758
410 0.000041 0.014752 100.000000 9.708738
410 0.000048 0.009945 200.000000 7.380074
410 0.000034 0.005186 300.000000 8.310249
410 0.000026 0.002701 400.000000 9.302325
410 0.000023 0.001721 500.000000 8.650519
420 0.000036 0.010499 100.000000 9.615385
420 0.000048 0.008276 200.000000 7.352941
420 0.000034 0.003756 300.000000 8.379889
420 0.000024 0.001673 400.000000 9.280743
420 0.000023 0.002399 500.000000 8.319468
430 0.000017 0.008305 100.000000 9.345795
430 0.000052 0.007337 200.000000 7.352941
430 0.000029 0.002892 300.000000 8.474576
430 0.000021 0.000734 400.000000 9.132421
430 0.000026 0.002818 500.000000 8.278146
440 0.000042 0.008766 100.000000 9.090909
440 0.000046 0.006990 200.000000 7.380074
440 0.000028 0.002667 300.000000 8.547009
440 0.000024 0.001009 400.000000 9.009009
440 0.000027 0.002861 500.000000 8.264462
450 0.000067 0.007220 100.000000 8.928572
450 0.000051 0.004964 200.000000 7.407407
450 0.000035 0.001556 300.000000 8.645534
450 0.000030 0.001834 400.000000 8.948545
450 0.000028 0.004222 500.000000 8.264462
460 0.000063 0.007275 100.000000 8.695652
460 0.000054 0.004738 200.000000 7.434944
460 0.000033 0.001687 300.000000 8.746356
460 0.000038 0.001998 400.000000 8.928572
460 0.000030 0.004499 500.000000 8.264462
470 0.000084 0.007581 100.000000 8.474576
470 0.000065 0.004393 200.000000 7.462687
470 0.000035 0.001572 300.000000 8.823529
470 0.000039 0.001724 400.000000 8.928572
470 0.000031 0.004558 500.000000 8.264462
480 0.000072 0.007777 100.000000 8.196721
480 0.000055 0.004369 200.000000 7.518797
480 0.000030 0.001323 300.000000 8.928572
480 0.000042 0.001646 400.000000 8.928572
480 0.000034 0.004913 500.000000 8.250825
490 0.000077 0.005764 100.000000 7.575758
490 0.000054 0.003923 200.000000 7.575758
490 0.000032 0.001215 300.000000 9.009009
490 0.000039 0.002329 400.000000 8.908686
490 0.000035 0.005479 500.000000 8.223684
500 0.000091 0.007138 100.000000 6.172840
500 0.000045 0.004798 200.000000 7.633588
500 0.000026 0.001643 300.000000 9.090909
500 0.000038 0.002600 400.000000 8.869180
500 0.000034 0.005251 500.000000 8.077544
510 0.000074 0.009417 100.000000 5.917160
510 0.000037 0.004801 200.000000 7.692307
510 0.000019 0.001846 300.000000 9.146341
510 0.000034 0.002904 400.000000 8.547009
520 0.000079 0.009759 100.000000 5.882353
520 0.000034 0.004343 200.000000 7.812500
520 0.000022 0.001282 300.000000 9.146341
520 0.000033 0.003471 400.000000 8.048289
530 0.000084 0.009784 100.000000 5.952381
530 0.000041 0.003817 200.000000 7.968128
530 0.000025 0.000685 300.000000 9.090909
530 0.000034 0.004523 400.000000 8.016032
540 0.000081 0.010878 100.000000 6.060606
540 0.000035 0.004622 200.000000 8.130081
540 0.000033 0.001644 300.000000 8.982036
540 0.000033 0.004925 400.000000 8.032128
550 0.000064 0.011566 100.000000 6.134969
550 0.000032 0.006216 200.000000 8.298756
550 0.000031 0.003215 300.000000 8.928572
550 0.000030 0.005500 400.000000 8.064516
560 0.000049 0.012248 100.000000 6.250000
560 0.000029 0.006744 200.000000 8.438819
560 0.000037 0.003640 300.000000 8.928572
560 0.000039 0.005306 400.000000 8.080808
570 0.000049 0.012991 100.000000 6.410256
570 0.000036 0.007604 200.000000 8.658009
570 0.000049 0.004388 300.000000 8.955224
570 0.000044 0.006116 400.000000 8.130081
580 0.000054 0.014468 100.000000 6.535948
580 0.000035 0.008754 200.000000 8.849558
580 0.000050 0.005129 300.000000 9.009009
580 0.000049 0.006229 400.000000 8.163265
590 0.000050 0.014894 100.000000 6.666667
590 0.000029 0.009358 200.000000 9.049774
590 0.000044 0.006005 300.000000 9.063444
590 0.000039 0.006286 400.000000 8.196721
600 0.000048 0.014033 100.000000 6.849315
600 0.000026 0.007890 200.000000 9.259259
600 0.000056 0.004632 300.000000 9.146341
600 0.000049 0.006341 400.000000 8.230453
610 0.000049 0.012977 100.000000 7.092198
610 0.000021 0.006966 200.000000 9.523809
610 0.000054 0.004259 300.000000 9.259259
610 0.000049 0.006237 400.000000 8.281573
620 0.000033 0.013417 100.000000 7.462687
620 0.000030 0.007528 200.000000 9.852217
620 0.000054 0.004502 300.000000 9.404388
620 0.000051 0.006563 400.000000 8.368201
630 0.000037 0.012653 100.000000 7.936508
630 0.000017 0.006700 200.000000 10.256411
630 0.000047 0.004305 300.000000 9.646302
630 0.000045 0.006265 400.000000 8.492569
640 0.000039 0.012944 100.000000 8.547009
640 0.000028 0.007473 200.000000 10.752688
640 0.000049 0.004841 300.000000 9.900990
640 0.000046 0.006301 400.000000 8.620689
650 0.000028 0.014432 100.000000 9.174312
650 0.000038 0.009263 200.000000 11.235955
650 0.000050 0.005396 300.000000 10.135135
650 0.000050 0.006379 400.000000 8.714597
660 0.000044 0.013085 100.000000 9.803922
660 0.000042 0.008281 200.000000 11.764706
660 0.000056 0.005024 300.000000 10.344828
660 0.000052 0.006963 400.000000 8.733624
670 0.000038 0.008999 100.000000 10.416667
670 0.000036 0.005694 200.000000 12.195122
670 0.000057 0.003812 300.000000 10.380623
670 0.000056 0.006743 400.000000 8.492569
680 0.000031 0.009255 100.000000 10.989011
680 0.000031 0.005869 200.000000 12.500000
680 0.000053 0.004525 300.000000 9.677420
690 0.000029 0.009440 100.000000 11.494253
690 0.000032 0.005452 200.000000 12.578616
690 0.000050 0.005558 300.000000 9.090909
700 0.000030 0.009605 100.000000 11.904762
700 0.000059 0.005632 200.000000 12.048193
700 0.000058 0.005984 300.000000 9.009009
710 0.000024 0.008057 100.000000 12.345679
710 0.000076 0.004283 200.000000 11.494253
710 0.000058 0.006235 300.000000 8.955224
720 0.000034 0.006071 100.000000 12.820513
720 0.000084 0.002874 200.000000 11.235955
720 0.000067 0.007076 300.000000 8.902077
730 0.000042 0.005964 100.000000 13.333333
730 0.000076 0.003063 200.000000 11.049724
730 0.000065 0.007412 300.000000 8.875740
740 0.000046 0.006866 100.000000 13.698630
740 0.000083 0.002995 200.000000 10.928962
740 0.000061 0.007466 300.000000 8.823529
750 0.000062 0.005861 100.000000 14.084507
750 0.000084 0.002466 200.000000 10.810811
750 0.000072 0.008282 300.000000 8.746356
760 0.000054 0.004537 100.000000 14.285714
760 0.000085 0.003538 200.000000 10.582010
760 0.000070 0.009260 300.000000 8.426967
770 0.000035 0.003448 100.000000 14.084507
770 0.000083 0.005579 200.000000 8.928572
780 0.000082 0.003599 100.000000 12.500000
780 0.000081 0.007832 200.000000 8.032128
790 0.000139 0.003227 100.000000 10.416667
790 0.000082 0.009475 200.000000 7.812500
800 0.000160 0.005083 100.000000 9.523809
800 0.000088 0.011454 200.000000 7.633588
810 0.000178 0.005539 100.000000 9.009009
810 0.000090 0.012446 200.000000 7.462687
820 0.000160 0.007616 100.000000 8.620689
820 0.000090 0.012775 200.000000 7.272727
830 0.000178 0.010905 100.000000 8.130081
830 0.000095 0.013527 200.000000 6.825939
840 0.000167 0.013160 100.000000 6.211180
850 0.000165 0.017361 100.000000 5.813953
860 0.000151 0.017283 100.000000 5.882353
870 0.000107 0.011977 100.000000 6.024096
880 0.000067 0.009729 100.000000 6.134969
890 0.000047 0.008174 100.000000 6.211180
900 0.000054 0.008551 100.000000 6.289308
910 0.000095 0.009531 100.000000 6.329114
920 0.000101 0.011541 100.000000 6.329114
930 0.000085 0.011690 100.000000 6.289308
940 0.000076 0.011234 100.000000 6.172840
950 0.000087 0.009775 100.000000 5.882353
960 0.000088 0.008855 100.000000 5.128205
970 0.000082 0.007361 100.000000 4.405286
