10 3 0.000386 0.045361 6.935768 8.669710
11 4 0.000373 0.042189 6.923747 8.654683
12 5 0.000361 0.044891 6.904903 8.631129
13 6 0.000347 0.045107 6.888645 8.610806
14 7 0.000460 0.042606 6.872015 8.590018
15 8 0.000334 0.050555 6.851184 8.563980
16 9 0.000441 0.050659 6.832294 8.540368
17 10 0.000453 0.054279 6.812513 8.515642
18 11 0.000313 0.056515 6.791498 8.489372
19 12 0.000338 0.063814 6.767808 8.459760
20 13 0.000416 0.060698 6.744408 8.430510
21 14 0.000300 0.070015 6.721801 8.402251
22 15 0.000477 0.061535 6.707752 8.384690
23 16 0.000438 0.068633 6.691813 8.364765
24 17 0.000310 0.061764 6.687304 8.359129
25 18 0.000467 0.064641 6.690302 8.362877
26 19 0.000526 0.056404 6.699389 8.374235
27 20 0.000641 0.059309 6.723713 8.404641
28 21 0.000573 0.055250 6.758926 8.448658
29 22 0.000528 0.054189 6.799120 8.498899
30 23 0.000505 0.048664 6.839394 8.549242
31 24 0.000631 0.051378 6.879414 8.599267
32 25 0.000642 0.045510 6.931280 8.664101
33 26 0.000523 0.046958 6.993219 8.741524
34 27 0.000379 0.045829 7.055506 8.819382
35 28 0.000522 0.042258 7.121088 8.901360
36 29 0.000517 0.046351 7.192324 8.990404
37 30 0.000528 0.045853 7.277323 9.096653
38 31 0.000398 0.048335 7.369091 9.211364
39 32 0.000458 0.051845 7.457594 9.321993
40 33 0.000534 0.054345 7.546753 9.433441
41 34 0.000550 0.058169 7.636860 9.546075
42 35 0.000506 0.061602 7.719452 9.649315
43 36 0.000477 0.062014 7.797813 9.747267
44 37 0.000416 0.063909 7.869530 9.836912
45 38 0.000413 0.061640 7.938759 9.923449
46 39 0.000334 0.062146 8.014744 10.018430
47 40 0.000295 0.059767 8.102158 10.127697
48 41 0.000273 0.057407 8.200649 10.250812
49 42 0.000235 0.056154 8.317188 10.396485
50 43 0.000183 0.054930 8.443920 10.554900
51 44 0.000227 0.052421 8.589367 10.736709
52 45 0.000223 0.052108 8.743748 10.929685
53 46 0.000182 0.050161 8.905167 11.131458
54 47 0.000054 0.051090 9.066479 11.333098
55 48 0.000075 0.047938 9.222557 11.528196
56 49 0.000116 0.044600 9.375610 11.719513
57 50 0.000125 0.043185 9.530853 11.913567
58 51 0.000167 0.040571 9.684132 12.105165
59 52 0.000192 0.036960 9.832165 12.290206
60 53 0.000183 0.034567 9.977657 12.472072
61 54 0.000246 0.030712 10.123341 12.654176
62 55 0.000269 0.027905 10.269444 12.836804
63 56 0.000338 0.027777 10.416374 13.020468
64 57 0.000296 0.022540 10.560860 13.201075
65 58 0.000288 0.021356 10.710899 13.388624
66 59 0.000273 0.018830 10.861961 13.577452
67 60 0.000310 0.019352 11.009995 13.762493
68 61 0.000345 0.017122 11.149902 13.937378
69 62 0.000203 0.024302 11.279587 14.099483
70 63 0.000177 0.022489 11.404877 14.256096
71 64 0.000236 0.024749 11.526451 14.408064
72 65 0.000265 0.024762 11.633217 14.541521
73 66 0.000311 0.024867 11.744064 14.680080
74 67 0.000198 0.021815 11.847420 14.809275
75 68 0.000163 0.023051 11.952240 14.940300
76 69 0.000243 0.015207 12.063957 15.079947
77 70 0.000241 0.015627 12.168449 15.210562
78 71 0.000211 0.013483 12.274124 15.342655
79 72 0.000125 0.012828 12.379852 15.474815
80 73 0.000078 0.011935 12.485985 15.607481
81 74 0.000087 0.012081 12.590958 15.738697
82 75 0.000094 0.010364 12.695923 15.869904
83 76 0.000132 0.008350 12.796112 15.995140
84 77 0.000100 0.007261 12.905159 16.131449
85 78 0.000099 0.006881 13.012543 16.265678
86 79 0.000053 0.006126 13.116898 16.396122
87 80 0.000091 0.005702 13.210312 16.512890
88 81 0.000090 0.005874 13.298027 16.622534
89 82 0.000052 0.006225 13.382835 16.728544
90 83 0.000063 0.005540 13.464752 16.830940
91 84 0.000062 0.005286 13.542023 16.927528
92 85 0.000113 0.006463 13.617638 17.022047
93 86 0.000143 0.005790 13.692413 17.115517
94 87 0.000087 0.006571 13.768173 17.210217
95 88 0.000122 0.005920 13.846321 17.307901
96 89 0.000111 0.007389 13.917389 17.396736
97 90 0.000131 0.008254 13.989906 17.487383
98 91 0.000078 0.008909 14.063522 17.579403
99 92 0.000091 0.010759 14.133957 17.667446
100 93 0.000069 0.011814 14.198555 17.748194
101 94 0.000048 0.011676 14.266304 17.832880
102 95 0.000083 0.014310 14.332001 17.915001
103 96 0.000083 0.014155 14.405029 18.006287
104 97 0.000067 0.013791 14.472885 18.091106
105 98 0.000067 0.014596 14.537125 18.171406
106 99 0.000088 0.013900 14.601212 18.251514
107 100 0.000094 0.015779 14.676041 18.345051
108 101 0.000128 0.015913 14.734756 18.418446
109 102 0.000074 0.016192 14.802383 18.502979
110 103 0.000033 0.017663 14.865570 18.581963
111 104 0.000000 0.018096 14.926514 18.658142
112 105 0.000073 0.017971 14.986465 18.733082
113 106 0.000079 0.020946 15.055893 18.819866
114 107 0.000165 0.020191 15.107269 18.884087
115 108 0.000102 0.021323 15.173584 18.966980
116 109 0.000170 0.020232 15.231735 19.039669
117 110 0.000160 0.019621 15.285095 19.106369
118 111 0.000131 0.020430 15.352676 19.190845
119 112 0.000100 0.020516 15.414780 19.268475
120 113 0.000071 0.018657 15.467926 19.334908
121 114 0.000054 0.019676 15.532700 19.415874
122 115 0.000077 0.019577 15.594055 19.492569
123 116 0.000044 0.019875 15.656296 19.570370
124 117 0.000098 0.022575 15.720627 19.650784
125 118 0.000062 0.024604 15.779007 19.723759
126 119 0.000131 0.024478 15.838181 19.797726
127 120 0.000171 0.027277 15.896133 19.870167
128 121 0.000162 0.027214 15.955994 19.944992
129 122 0.000133 0.028853 16.015564 20.019455
130 123 0.000105 0.026981 16.071915 20.089893
131 124 0.000096 0.024642 16.126541 20.158176
132 125 0.000113 0.022368 16.188263 20.235329
133 126 0.000095 0.022559 16.250473 20.313091
134 127 0.000060 0.020791 16.308685 20.385857
135 128 0.000084 0.021449 16.370804 20.463505
136 129 0.000052 0.019562 16.407211 20.509014
137 130 0.000078 0.020586 16.468475 20.585594
138 131 0.000042 0.022816 16.507584 20.634480
139 132 0.000000 0.024976 16.543472 20.679340
140 133 0.000029 0.024739 16.577576 20.721970
141 134 0.000072 0.023810 16.611374 20.764217
142 135 0.000102 0.021840 16.627289 20.784111
143 136 0.000077 0.022539 16.669449 20.836811
144 137 0.000097 0.023842 16.697968 20.872459
145 138 0.000077 0.020531 16.720016 20.900021
146 139 0.000083 0.019338 16.740112 20.925140
147 140 0.000117 0.019939 16.759583 20.949478
148 141 0.000071 0.021422 16.774719 20.968399
149 142 0.000077 0.022568 16.798004 20.997505
150 143 0.000087 0.024460 16.809143 21.011429
151 144 0.000058 0.024604 16.804092 21.005116
152 145 0.000101 0.024045 16.829163 21.036453
153 146 0.000092 0.023609 16.838287 21.047859
154 147 0.000100 0.023357 16.844330 21.055412
155 148 0.000096 0.022386 16.848953 21.061192
156 149 0.000112 0.021141 16.845840 21.057301
157 150 0.000087 0.020600 16.845474 21.056843
158 151 0.000082 0.018293 16.843506 21.054382
159 152 0.000071 0.020057 16.838470 21.048088
160 153 0.000105 0.018364 16.828613 21.035767
161 154 0.000101 0.018590 16.826782 21.033478
162 155 0.000112 0.017683 16.832336 21.040421
163 156 0.000116 0.018110 16.841736 21.052170
164 157 0.000082 0.016899 16.855194 21.068993
165 158 0.000123 0.017084 16.868103 21.085129
166 159 0.000104 0.015965 16.900208 21.125259
167 160 0.000108 0.016162 16.918182 21.147728
168 161 0.000108 0.016077 16.949554 21.186943
169 162 0.000100 0.017133 16.990814 21.238518
170 163 0.000107 0.016523 17.032288 21.290359
171 164 0.000146 0.015100 17.090790 21.363487
172 165 0.000110 0.016060 17.155975 21.444969
173 166 0.000130 0.016126 17.223938 21.529922
174 167 0.000106 0.019112 17.298187 21.622734
175 168 0.000040 0.021319 17.369659 21.712074
176 169 0.000069 0.019358 17.447784 21.809731
177 170 0.000079 0.018043 17.530975 21.913719
178 171 0.000055 0.020975 17.607727 22.009659
179 172 0.000048 0.020609 17.685272 22.106590
180 173 0.000099 0.019441 17.756500 22.195625
181 174 0.000055 0.017308 17.841766 22.302208
182 175 0.000077 0.015562 17.925110 22.406387
183 176 0.000090 0.018707 17.995270 22.494087
184 177 0.000054 0.021100 18.072357 22.590446
185 178 0.000097 0.021418 18.148041 22.685051
186 179 0.000080 0.023278 18.230743 22.788429
187 180 0.000038 0.024790 18.304504 22.880630
188 181 0.000046 0.023472 18.387268 22.984085
189 182 0.000095 0.020324 18.458740 23.073425
190 183 0.000026 0.017663 18.536438 23.170547
191 184 0.000052 0.017151 18.614166 23.267708
192 185 0.000037 0.015642 18.675537 23.344421
193 186 0.000052 0.014949 18.728699 23.410873
194 187 0.000078 0.016115 18.769714 23.462143
195 188 0.000058 0.018989 18.810608 23.513260
196 189 0.000093 0.021563 18.847839 23.559799
197 190 0.000058 0.023389 18.871490 23.589363
198 191 0.000082 0.021958 18.884186 23.605232
199 192 0.000068 0.020190 18.898773 23.623466
200 193 0.000106 0.019509 18.921021 23.651276
201 194 0.000100 0.016765 18.944153 23.680191
202 195 0.000073 0.018079 18.961121 23.701401
203 196 0.000051 0.020504 18.979156 23.723946
204 197 0.000096 0.020002 18.992126 23.740158
205 198 0.000093 0.022557 19.015961 23.769951
206 199 0.000089 0.023848 19.031067 23.788834
207 200 0.000036 0.023200 19.035095 23.793869
208 201 0.000051 0.024408 19.051331 23.814163
209 202 0.000051 0.021570 19.056244 23.820305
210 203 0.000063 0.018023 19.057861 23.822327
211 204 0.000081 0.017428 19.061676 23.827095
212 205 0.000109 0.015667 19.053711 23.817139
213 206 0.000096 0.014822 19.047150 23.808937
214 207 0.000044 0.014265 19.045105 23.806381
215 208 0.000115 0.013634 19.034119 23.792648
216 209 0.000051 0.012875 19.004669 23.755836
217 210 0.000051 0.012930 18.988525 23.735657
218 211 0.000073 0.012567 18.976837 23.721046
219 212 0.000073 0.012014 18.970947 23.713684
220 213 0.000036 0.012073 18.972992 23.716240
221 214 0.000036 0.010207 18.964233 23.705292
222 215 0.000073 0.009519 18.943695 23.679619
223 216 0.000026 0.009586 18.945129 23.681412
224 217 0.000089 0.010382 18.934540 23.668175
225 218 0.000073 0.009197 18.923737 23.654671
226 219 0.000063 0.010002 18.905670 23.632088
227 220 0.000045 0.009077 18.884460 23.605576
228 221 0.000052 0.008885 18.860748 23.575935
229 222 0.000052 0.008915 18.859924 23.574905
230 223 0.000052 0.009040 18.858154 23.572693
231 224 0.000026 0.010006 18.857483 23.571854
232 225 0.000069 0.009146 18.855255 23.569069
233 226 0.000104 0.009929 18.842560 23.553200
234 227 0.000116 0.010164 18.846436 23.558044
235 228 0.000215 0.011254 18.847595 23.559494
236 229 0.000232 0.010849 18.832153 23.540192
237 230 0.000245 0.011172 18.824585 23.530731
238 231 0.000151 0.010029 18.814667 23.518333
239 232 0.000209 0.010129 18.807770 23.509712
240 233 0.000170 0.011508 18.804352 23.505440
241 234 0.000168 0.012290 18.789948 23.487434
242 235 0.000090 0.012601 18.778046 23.472557
243 236 0.000074 0.012555 18.774597 23.468246
244 237 0.000045 0.012041 18.763062 23.453827
245 238 0.000104 0.012148 18.753357 23.441696
246 239 0.000082 0.012411 18.737305 23.421631
247 240 0.000090 0.012939 18.718048 23.397560
248 241 0.000125 0.013280 18.714020 23.392525
249 242 0.000104 0.014078 18.717255 23.396568
250 243 0.000145 0.012924 18.713501 23.391876
251 244 0.000101 0.013166 18.710236 23.387794
252 245 0.000111 0.014540 18.700684 23.375854
253 246 0.000078 0.015199 18.703369 23.379211
254 247 0.000037 0.014654 18.713715 23.392143
255 248 0.000094 0.015168 18.703033 23.378792
256 249 0.000045 0.014137 18.691681 23.364601
257 250 0.000069 0.014699 18.682983 23.353729
258 251 0.000058 0.015828 18.684082 23.355103
259 252 0.000037 0.015673 18.685181 23.356476
260 253 0.000037 0.015558 18.673340 23.341675
261 254 0.000037 0.015458 18.666504 23.333130
262 255 0.000064 0.014870 18.655823 23.319778
263 256 0.000105 0.015950 18.658630 23.323288
264 257 0.000123 0.017116 18.657776 23.322220
265 258 0.000098 0.015929 18.651245 23.314056
266 259 0.000111 0.015869 18.646057 23.307571
267 260 0.000120 0.016792 18.649231 23.311539
268 261 0.000159 0.016197 18.645325 23.306656
269 262 0.000074 0.019594 18.652039 23.315048
270 263 0.000074 0.019835 18.644165 23.305206
271 264 0.000074 0.019532 18.636841 23.296051
272 265 0.000045 0.018422 18.639709 23.299637
273 266 0.000037 0.015807 18.640686 23.300858
274 267 0.000000 0.015832 18.636536 23.295670
275 268 0.000052 0.016259 18.636719 23.295898
276 269 0.000026 0.014204 18.626709 23.283386
277 270 0.000045 0.014957 18.638000 23.297501
278 271 0.000052 0.014393 18.641541 23.301926
279 272 0.000098 0.015906 18.637634 23.297043
280 273 0.000064 0.017633 18.637695 23.297119
281 274 0.000091 0.017310 18.631897 23.289871
282 275 0.000074 0.019632 18.639038 23.298798
283 276 0.000094 0.021113 18.645996 23.307495
284 277 0.000069 0.020626 18.635315 23.294144
285 278 0.000091 0.021642 18.633118 23.291397
286 279 0.000098 0.022506 18.631714 23.289642
287 280 0.000052 0.022005 18.636353 23.295441
288 281 0.000069 0.022627 18.642578 23.303223
289 282 0.000117 0.022090 18.633911 23.292389
290 283 0.000183 0.026019 18.633850 23.292313
291 284 0.000206 0.025951 18.627319 23.284149
292 285 0.000225 0.025753 18.635498 23.294373
293 286 0.000189 0.024107 18.635742 23.294678
294 287 0.000219 0.026369 18.631714 23.289642
295 288 0.000164 0.026573 18.634216 23.292770
296 289 0.000111 0.025056 18.640503 23.300629
297 290 0.000000 0.019584 18.646240 23.307800
298 291 0.000045 0.020184 18.652039 23.315048
299 292 0.000037 0.019015 18.649292 23.311615
300 293 0.000037 0.020064 18.646301 23.307877
301 294 0.000052 0.017279 18.655151 23.318939
302 295 0.000037 0.015978 18.661194 23.326492
303 296 0.000026 0.016697 18.658875 23.323593
304 297 0.000045 0.016307 18.657654 23.322067
305 298 0.000026 0.015051 18.660828 23.326035
306 299 0.000064 0.015759 18.668640 23.335800
307 300 0.000052 0.014770 18.679016 23.348770
308 301 0.000037 0.013925 18.679443 23.349304
309 302 0.000000 0.012720 18.675720 23.344650
310 303 0.000000 0.011669 18.675720 23.344650
311 304 0.000074 0.012769 18.685669 23.357086
312 305 0.000074 0.013334 18.692139 23.365173
313 306 0.000114 0.013622 18.685425 23.356781
314 307 0.000069 0.014185 18.686279 23.357849
315 308 0.000098 0.015338 18.672913 23.341141
316 309 0.000078 0.014534 18.672791 23.340988
317 310 0.000037 0.015270 18.669495 23.336868
318 311 0.000000 0.015951 18.663696 23.329620
319 312 0.000052 0.018063 18.680786 23.350983
320 313 0.000101 0.017275 18.631958 23.289948
321 314 0.000037 0.017101 18.621338 23.276672
322 315 0.000128 0.018803 18.617920 23.272400
323 316 0.000045 0.020434 18.610107 23.262634
324 317 0.000105 0.019746 18.607300 23.259125
325 318 0.000064 0.019112 18.590820 23.238525
326 319 0.000053 0.017880 18.561584 23.201981
327 320 0.000091 0.019080 18.603882 23.254852
328 321 0.000045 0.018531 18.606506 23.258133
329 322 0.000091 0.017123 18.605652 23.257065
330 323 0.000074 0.016895 18.611511 23.264389
331 324 0.000064 0.017457 18.614441 23.268051
332 325 0.000037 0.017521 18.614075 23.267593
333 326 0.000087 0.014549 18.619507 23.274384
334 327 0.000074 0.013259 18.614746 23.268433
335 328 0.000074 0.012409 18.615112 23.268890
336 329 0.000045 0.011744 18.625366 23.281708
337 330 0.000052 0.011938 18.620300 23.275375
338 331 0.000037 0.012721 18.621826 23.277283
339 332 0.000091 0.013735 18.626831 23.283539
340 333 0.000102 0.015008 18.629211 23.286514
341 334 0.000146 0.015547 18.632080 23.290100
342 335 0.000155 0.016294 18.634521 23.293152
343 336 0.000174 0.016012 18.619751 23.274689
344 337 0.000151 0.016470 18.618774 23.273468
345 338 0.000120 0.015863 18.616516 23.270645
346 339 0.000074 0.016039 18.612244 23.265305
347 340 0.000098 0.016113 18.601990 23.252487
348 341 0.000064 0.015750 18.597961 23.247452
349 342 0.000074 0.015978 18.586365 23.232956
350 343 0.000064 0.016549 18.595520 23.244400
351 344 0.000074 0.015424 18.589172 23.236465
352 345 0.000053 0.013916 18.582275 23.227844
353 346 0.000053 0.014039 18.575623 23.219528
354 347 0.000064 0.012988 18.568359 23.210449
355 348 0.000064 0.012408 18.572571 23.215714
356 349 0.000037 0.011290 18.574646 23.218307
357 350 0.000046 0.013062 18.567749 23.209686
358 351 0.000000 0.013371 18.568970 23.211212
359 352 0.000059 0.014194 18.572327 23.215408
360 353 0.000074 0.013928 18.578979 23.223724
361 354 0.000026 0.015538 18.588440 23.235550
362 355 0.000037 0.017035 18.582581 23.228226
363 356 0.000053 0.017888 18.585571 23.231964
364 357 0.000064 0.017225 18.591675 23.239594
365 358 0.000053 0.017290 18.597168 23.246460
366 359 0.000074 0.017951 18.597656 23.247070
367 360 0.000091 0.018863 18.598206 23.247757
368 361 0.000053 0.019446 18.591858 23.239822
369 362 0.000037 0.017555 18.597229 23.246536
370 363 0.000026 0.018119 18.596069 23.245087
371 364 0.000045 0.019108 18.597107 23.246384
372 365 0.000037 0.018522 18.595337 23.244171
373 366 0.000037 0.019432 18.591553 23.239441
374 367 0.000026 0.020033 18.597351 23.246689
375 368 0.000037 0.021182 18.601807 23.252258
376 369 0.000074 0.023358 18.596130 23.245163
377 370 0.000091 0.023976 18.595154 23.243942
378 371 0.000059 0.021433 18.596069 23.245087
379 372 0.000053 0.022081 18.591858 23.239822
380 373 0.000059 0.020792 18.590393 23.237991
381 374 0.000083 0.019624 18.575928 23.219910
382 375 0.000091 0.018405 18.565857 23.207321
383 376 0.000059 0.016628 18.559082 23.198853
384 377 0.000083 0.014607 18.553894 23.192368
385 378 0.000105 0.013867 18.542725 23.178406
386 379 0.000112 0.013591 18.540283 23.175354
387 380 0.000065 0.014304 18.539307 23.174133
388 381 0.000079 0.013598 18.540833 23.176041
389 382 0.000134 0.012718 18.538879 23.173599
390 383 0.000118 0.012288 18.541931 23.177414
391 384 0.000162 0.012985 18.537170 23.171463
392 385 0.000134 0.012715 18.541809 23.177261
393 386 0.000154 0.013951 18.539856 23.174820
394 387 0.000214 0.012858 18.536560 23.170700
395 388 0.000142 0.012746 18.536743 23.170929
396 389 0.000129 0.013130 18.542297 23.177872
397 390 0.000144 0.013180 18.541626 23.177032
398 391 0.000098 0.014856 18.549316 23.186646
399 392 0.000083 0.013727 18.544128 23.180161
400 393 0.000064 0.013022 18.546387 23.182983
401 394 0.000064 0.014887 18.546875 23.183594
402 395 0.000064 0.015806 18.548584 23.185730
403 396 0.000064 0.016529 18.555908 23.194885
404 397 0.000046 0.017012 18.559937 23.199921
405 398 0.000026 0.016017 18.560303 23.200378
406 399 0.000037 0.016160 18.566711 23.208389
407 400 0.000000 0.015214 18.566650 23.208313
408 401 0.000000 0.014483 18.574341 23.217926
409 402 0.000037 0.014581 18.580017 23.225021
410 403 0.000037 0.015385 18.574646 23.218307
411 404 0.000059 0.015065 18.569336 23.211670
412 405 0.000091 0.014537 18.571533 23.214417
413 406 0.000074 0.014629 18.566833 23.208542
414 407 0.000064 0.016014 18.563721 23.204651
415 408 0.000064 0.015085 18.557800 23.197250
416 409 0.000037 0.015224 18.542847 23.178558
417 410 0.000075 0.015738 18.537720 23.172150
418 411 0.000037 0.015259 18.532410 23.165512
419 412 0.000000 0.016212 18.518372 23.147964
420 413 0.000046 0.017446 18.506470 23.133087
421 414 0.000070 0.016514 18.494019 23.117523
422 415 0.000053 0.016868 18.476990 23.096237
423 416 0.000026 0.017127 18.467834 23.084793
424 417 0.000053 0.016740 18.454224 23.067780
425 418 0.000053 0.016164 18.447144 23.058929
426 419 0.000099 0.015648 18.435242 23.044052
427 420 0.000099 0.015379 18.434692 23.043365
428 421 0.000115 0.015687 18.432129 23.040161
429 422 0.000106 0.015457 18.436401 23.045502
430 423 0.000075 0.015441 18.439819 23.049774
431 424 0.000046 0.016317 18.443237 23.054047
432 425 0.000065 0.016038 18.450745 23.063431
433 426 0.000053 0.016198 18.459778 23.074722
434 427 0.000046 0.015988 18.461975 23.077469
435 428 0.000065 0.016106 18.465759 23.082199
436 429 0.000070 0.014949 18.473816 23.092270
437 430 0.000099 0.014693 18.490234 23.112793
438 431 0.000132 0.014076 18.502747 23.128433
439 432 0.000124 0.015380 18.508606 23.135757
440 433 0.000134 0.015357 18.519592 23.149490
441 434 0.000105 0.014737 18.538757 23.173447
442 435 0.000064 0.016258 18.559509 23.199387
443 436 0.000098 0.016356 18.570374 23.212967
444 437 0.000079 0.015745 18.574829 23.218536
445 438 0.000083 0.015938 18.580505 23.225632
446 439 0.000069 0.015143 18.600464 23.250580
447 440 0.000045 0.015725 18.608521 23.260651
448 441 0.000091 0.016577 18.613403 23.266754
449 442 0.000098 0.017261 18.619324 23.274155
450 443 0.000105 0.016536 18.629517 23.286896
451 444 0.000111 0.016141 18.644775 23.305969
452 445 0.000098 0.015460 18.653320 23.316650
453 446 0.000139 0.014478 18.651855 23.314819
454 447 0.000098 0.013805 18.652466 23.315582
455 448 0.000123 0.013440 18.636841 23.296051
456 449 0.000134 0.013745 18.633545 23.291931
457 450 0.000126 0.013966 18.622070 23.277588
458 451 0.000139 0.014409 18.604004 23.255005
459 452 0.000105 0.014482 18.586548 23.233185
460 453 0.000091 0.015104 18.567261 23.209076
461 454 0.000059 0.014662 18.574707 23.218384
462 455 0.000059 0.013995 18.535156 23.168945
463 456 0.000037 0.013488 18.509399 23.136749
464 457 0.000065 0.014424 18.477417 23.096771
465 458 0.000000 0.014329 18.454346 23.067932
466 459 0.000046 0.014521 18.428223 23.035278
467 460 0.000000 0.014540 18.397705 22.997131
468 461 0.000053 0.014970 18.347412 22.934265
469 462 0.000046 0.013831 18.344482 22.930603
470 463 0.000053 0.012992 18.331299 22.914124
471 464 0.000046 0.012645 18.311157 22.888947
472 465 0.000065 0.012785 18.284912 22.856140
473 466 0.000053 0.012747 18.266357 22.832947
474 467 0.000027 0.013583 18.241943 22.802429
475 468 0.000054 0.014631 18.224976 22.781219
476 469 0.000060 0.015439 18.224976 22.781219
477 470 0.000038 0.015087 18.203369 22.754211
478 471 0.000054 0.014733 18.203857 22.754822
479 472 0.000047 0.014804 18.186401 22.733002
480 473 0.000097 0.015768 18.171265 22.714081
481 474 0.000060 0.014827 18.174927 22.718658
482 475 0.000060 0.014869 18.175659 22.719574
483 476 0.000066 0.014265 18.169067 22.711334
484 477 0.000071 0.015878 18.153320 22.691650
485 478 0.000038 0.016338 18.148804 22.686005
486 479 0.000000 0.017988 18.159790 22.699738
487 480 0.000027 0.016522 18.168945 22.711182
488 481 0.000085 0.016290 18.171021 22.713776
489 482 0.000060 0.017450 18.167847 22.709808
490 483 0.000027 0.017455 18.170654 22.713318
491 484 0.000076 0.017277 18.188354 22.735443
492 485 0.000093 0.017875 18.196533 22.745667
493 486 0.000100 0.016433 18.201416 22.751770
494 487 0.000097 0.015796 18.207764 22.759705
495 488 0.000066 0.017407 18.221313 22.776642
496 489 0.000060 0.016823 18.227539 22.784424
497 490 0.000110 0.017366 18.234497 22.793121
498 491 0.000066 0.017478 18.237915 22.797394
499 492 0.000085 0.017331 18.246826 22.808533
500 493 0.000054 0.018811 18.248535 22.810669
501 494 0.000054 0.021301 18.250732 22.813416
502 495 0.000046 0.021400 18.243164 22.803955
503 496 0.000060 0.020870 18.244629 22.805786
504 497 0.000046 0.020968 18.243774 22.804718
505 498 0.000038 0.020702 18.246094 22.807617
506 499 0.000046 0.019666 18.239868 22.799835
507 500 0.000000 0.019263 18.244385 22.805481
508 501 0.000038 0.018212 18.248169 22.810211
509 502 0.000000 0.016174 18.253296 22.816620
510 503 0.000076 0.016681 18.260742 22.825928
511 504 0.000076 0.015278 18.262329 22.827911
512 505 0.000038 0.015978 18.263672 22.829590
513 506 0.000038 0.015527 18.259888 22.824860
514 507 0.000053 0.015258 18.260742 22.825928
515 508 0.000046 0.016344 18.255371 22.819214
516 509 0.000054 0.019161 18.247681 22.809601
517 510 0.000054 0.021229 18.235718 22.794647
518 511 0.000066 0.023704 18.227295 22.784119
519 512 0.000071 0.027691 18.216187 22.770233
520 513 0.000117 0.032598 18.204102 22.755127
521 514 0.000093 0.030586 18.183960 22.729950
522 515 0.000093 0.031387 18.170288 22.712860
523 516 0.000076 0.027650 18.156128 22.695160
524 517 0.000038 0.026048 18.141846 22.677307
525 518 0.000000 0.025397 18.119995 22.649994
526 519 0.000076 0.023240 18.098022 22.622528
527 520 0.000071 0.019783 18.074951 22.593689
528 521 0.000054 0.020759 18.058960 22.573700
529 522 0.000047 0.018484 18.038940 22.548676
530 523 0.000038 0.020241 18.012573 22.515717
531 524 0.000066 0.019759 17.986694 22.483368
532 525 0.000054 0.018972 17.956543 22.445679
533 526 0.000027 0.017842 17.939087 22.423859
534 527 0.000039 0.019172 17.924805 22.406006
535 528 0.000102 0.019102 17.905396 22.381744
536 529 0.000077 0.021937 17.889160 22.361450
537 530 0.000082 0.022165 17.878418 22.348022
538 531 0.000039 0.024140 17.863647 22.329559
539 532 0.000055 0.025145 17.860107 22.325134
540 533 0.000055 0.025851 17.847168 22.308960
541 534 0.000000 0.026143 17.834106 22.292633
542 535 0.000095 0.026825 17.829834 22.287292
543 536 0.000175 0.026602 17.825806 22.282257
544 537 0.000153 0.025834 17.815552 22.269440
545 538 0.000113 0.026463 17.808105 22.260132
546 539 0.000110 0.025634 17.798950 22.248688
547 540 0.000067 0.024995 17.791870 22.239838
548 541 0.000078 0.025093 17.786133 22.232666
549 542 0.000073 0.024193 17.773804 22.217255
550 543 0.000167 0.022093 17.765991 22.207489
551 544 0.000123 0.022543 17.759277 22.199097
552 545 0.000153 0.022266 17.767456 22.209320
553 546 0.000117 0.021061 17.766968 22.208710
554 547 0.000078 0.020968 17.759766 22.199707
555 548 0.000061 0.019033 17.755371 22.194214
556 549 0.000048 0.019337 17.748901 22.186127
557 550 0.000039 0.019326 17.750732 22.188416
558 551 0.000095 0.019927 17.749634 22.187042
559 552 0.000103 0.020967 17.743774 22.179718
560 553 0.000140 0.021760 17.751953 22.189941
561 554 0.000126 0.020782 17.756104 22.195129
562 555 0.000110 0.025723 17.763306 22.204132
563 556 0.000095 0.029108 17.763184 22.203979
564 557 0.000078 0.028216 17.756348 22.195435
565 558 0.000078 0.027762 17.759155 22.198944
566 559 0.000073 0.025487 17.757690 22.197113
567 560 0.000039 0.024459 17.747925 22.184906
568 561 0.000028 0.025671 17.752441 22.190552
569 562 0.000039 0.023232 17.747803 22.184753
570 563 0.000055 0.019992 17.748657 22.185822
571 564 0.000067 0.021423 17.758789 22.198486
572 565 0.000073 0.020454 17.771851 22.214813
573 566 0.000082 0.020040 17.778442 22.223053
574 567 0.000110 0.021384 17.791504 22.239380
575 568 0.000160 0.019657 17.797729 22.247162
576 569 0.000116 0.019527 17.812622 22.265778
577 570 0.000113 0.021009 17.835571 22.294464
578 571 0.000106 0.020852 17.846924 22.308655
579 572 0.000091 0.022261 17.855469 22.319336
580 573 0.000047 0.024265 17.868530 22.335663
581 574 0.000039 0.025725 17.886353 22.357941
582 575 0.000055 0.026762 17.901123 22.376404
583 576 0.000136 0.025264 17.914795 22.393494
584 577 0.000139 0.024224 17.928223 22.410278
585 578 0.000136 0.021316 17.934814 22.418518
586 579 0.000174 0.018022 17.949097 22.436371
587 580 0.000203 0.015073 17.958374 22.447968
588 581 0.000170 0.014244 17.965942 22.457428
589 582 0.000214 0.012972 17.979492 22.474365
590 583 0.000198 0.013003 17.986816 22.483521
591 584 0.000153 0.013187 17.998169 22.497711
592 585 0.000184 0.014474 18.015991 22.519989
593 586 0.000167 0.016235 18.029907 22.537384
594 587 0.000121 0.018637 18.047119 22.558899
595 588 0.000132 0.018111 18.060791 22.575989
596 589 0.000123 0.022298 18.147461 22.684326
597 590 0.000108 0.018921 18.114380 22.642975
598 591 0.000129 0.017190 18.141235 22.676544
599 592 0.000150 0.017424 18.160645 22.700806
600 593 0.000060 0.017733 18.200073 22.750092
601 594 0.000085 0.017494 18.225830 22.782288
602 595 0.000080 0.018576 18.250366 22.812958
603 596 0.000085 0.014806 18.210327 22.762909
604 597 0.000080 0.016953 18.303589 22.879486
605 598 0.000071 0.018417 18.317505 22.896881
606 599 0.000065 0.018634 18.346069 22.932587
607 600 0.000092 0.018665 18.362427 22.953033
608 601 0.000125 0.017077 18.383423 22.979279
609 602 0.000096 0.015433 18.402466 23.003082
610 603 0.000059 0.017247 18.430298 23.037872
611 604 0.000065 0.018461 18.435425 23.044281
612 605 0.000065 0.019194 18.458618 23.073273
613 606 0.000053 0.019717 18.477661 23.097076
614 607 0.000065 0.019938 18.485352 23.106689
615 608 0.000037 0.019803 18.505371 23.131714
616 609 0.000053 0.023309 18.528931 23.161163
617 610 0.000046 0.022142 18.536133 23.170166
618 611 0.000037 0.022547 18.558594 23.198242
619 612 0.000037 0.023072 18.573242 23.216553
620 613 0.000045 0.021901 18.594971 23.243713
621 614 0.000037 0.022192 18.615967 23.269958
622 615 0.000064 0.023266 18.635010 23.293762
623 616 0.000052 0.022056 18.648071 23.310089
624 617 0.000026 0.021968 18.679321 23.349152
625 618 0.000026 0.020423 18.698364 23.372955
626 619 0.000037 0.019311 18.726440 23.408051
627 620 0.000000 0.021353 18.744629 23.430786
628 621 0.000045 0.020918 18.765381 23.456726
629 622 0.000000 0.020234 18.793701 23.492126
630 623 0.000093 0.021226 18.830322 23.537903
631 624 0.000135 0.023425 18.848755 23.560944
632 625 0.000063 0.024988 18.875122 23.593903
633 626 0.000078 0.024670 18.890991 23.613739
634 627 0.000109 0.023984 18.935181 23.668976
635 628 0.000096 0.020639 18.941895 23.677368
636 629 0.000131 0.020438 18.963623 23.704529
637 630 0.000178 0.019983 18.986206 23.732758
638 631 0.000121 0.019380 19.002808 23.753510
639 632 0.000085 0.020204 19.037231 23.796539
640 633 0.000057 0.021362 19.068237 23.835297
641 634 0.000036 0.022011 19.067505 23.834381
642 635 0.000081 0.022342 19.105225 23.881531
643 636 0.000063 0.022189 19.116333 23.895416
644 637 0.000081 0.021808 19.121826 23.902283
645 638 0.000068 0.020506 19.131836 23.914795
646 639 0.000051 0.018011 19.123901 23.904877
647 640 0.000000 0.016552 19.123901 23.904877
648 641 0.000085 0.014893 19.124146 23.905182
649 642 0.000057 0.015841 19.123901 23.904877
650 643 0.000057 0.016470 19.125366 23.906708
651 644 0.000000 0.015435 19.120361 23.900452
652 645 0.000000 0.014304 19.111816 23.889771
653 646 0.000044 0.017217 19.113281 23.891602
654 647 0.000036 0.017096 19.112427 23.890533
655 648 0.000036 0.016783 19.109985 23.887482
656 649 0.000072 0.015965 19.107422 23.884277
657 650 0.000138 0.015471 19.097290 23.871613
658 651 0.000099 0.015759 19.099609 23.874512
659 652 0.000077 0.016776 19.103638 23.879547
660 653 0.000102 0.013980 19.103638 23.879547
661 654 0.000096 0.012798 19.101562 23.876953
662 655 0.000063 0.013207 19.095581 23.869476
663 656 0.000092 0.012844 19.092285 23.865356
664 657 0.000145 0.014051 19.098877 23.873596
665 658 0.000120 0.013990 19.096313 23.870392
666 659 0.000068 0.014734 19.092529 23.865662
667 660 0.000068 0.017198 19.080444 23.850555
668 661 0.000051 0.018835 19.083252 23.854065
669 662 0.000036 0.019808 19.084961 23.856201
670 663 0.000085 0.019608 19.081543 23.851929
671 664 0.000057 0.021608 19.081055 23.851318
672 665 0.000109 0.021248 19.075073 23.843842
673 666 0.000036 0.021515 19.076660 23.845825
674 667 0.000044 0.020204 19.072632 23.840790
675 668 0.000036 0.018579 19.051758 23.814697
676 669 0.000044 0.016900 19.036499 23.795624
677 670 0.000026 0.016945 19.018555 23.773193
678 671 0.000000 0.013730 18.996338 23.745422
679 672 0.000068 0.013346 18.981323 23.726654
680 673 0.000000 0.012903 18.957153 23.696442
681 674 0.000000 0.012366 18.936646 23.670807
682 675 0.000000 0.012572 18.927734 23.659668
683 676 0.000026 0.012502 18.916016 23.645020
684 677 0.000037 0.013185 18.910156 23.637695
685 678 0.000082 0.013840 18.898438 23.623047
686 679 0.000113 0.013518 18.892090 23.615112
687 680 0.000052 0.012645 18.893311 23.616638
688 681 0.000045 0.013539 18.893066 23.616333
689 682 0.000052 0.013806 18.890137 23.612671
690 683 0.000058 0.014801 18.890503 23.613129
691 684 0.000026 0.016010 18.878052 23.597565
692 685 0.000000 0.017419 18.879028 23.598785
693 686 0.000045 0.018190 18.869995 23.587494
694 687 0.000026 0.020291 18.852539 23.565674
695 688 0.000037 0.021664 18.837891 23.547363
696 689 0.000045 0.021595 18.811523 23.514404
697 690 0.000045 0.021077 18.788452 23.485565
698 691 0.000064 0.021203 18.771118 23.463898
699 692 0.000064 0.021765 18.744995 23.431244
700 693 0.000037 0.021794 18.727417 23.409271
701 694 0.000078 0.022033 18.711914 23.389893
702 695 0.000098 0.021575 18.703735 23.379669
703 696 0.000026 0.021326 18.699463 23.374329
704 697 0.000045 0.022242 18.691650 23.364563
705 698 0.000052 0.022502 18.685181 23.356476
706 699 0.000058 0.023075 18.682251 23.352814
707 700 0.000074 0.024984 18.679688 23.349609
708 701 0.000108 0.025019 18.675293 23.344116
709 702 0.000148 0.026767 18.660889 23.326111
710 703 0.000101 0.027929 18.646973 23.308716
711 704 0.000091 0.026821 18.636475 23.295593
712 705 0.000087 0.026304 18.625610 23.282013
713 706 0.000079 0.025872 18.608032 23.260040
714 707 0.000000 0.022386 18.585815 23.232269
715 708 0.000037 0.019867 18.562134 23.202667
716 709 0.000026 0.019053 18.546753 23.183441
717 710 0.000026 0.018308 18.521606 23.152008
718 711 0.000053 0.018057 18.493652 23.117065
719 712 0.000079 0.016730 18.468506 23.085632
720 713 0.000079 0.017213 18.439575 23.049469
721 714 0.000065 0.020757 18.414429 23.018036
722 715 0.000065 0.021011 18.386719 22.983398
723 716 0.000084 0.019693 18.351685 22.939606
724 717 0.000060 0.020827 18.328369 22.910461
725 718 0.000113 0.020007 18.291748 22.864685
726 719 0.000038 0.020530 18.256104 22.820129
727 720 0.000027 0.017455 18.227417 22.784271
728 721 0.000038 0.015577 18.188354 22.735443
729 722 0.000047 0.016500 18.148926 22.686157
730 723 0.000076 0.017867 18.112427 22.640533
731 724 0.000085 0.016830 18.069580 22.586975
732 725 0.000141 0.016585 18.040894 22.551117
733 726 0.000133 0.016450 17.997803 22.497253
734 727 0.000115 0.018495 17.947266 22.434082
735 728 0.000098 0.019697 17.912720 22.390900
736 729 0.000144 0.018016 17.881348 22.351685
737 730 0.000164 0.017797 17.849609 22.312012
738 731 0.000113 0.018920 17.815186 22.268982
739 732 0.000160 0.019197 17.775879 22.219849
740 733 0.000213 0.019607 17.754028 22.192535
741 734 0.000151 0.017532 17.737183 22.171478
742 735 0.000161 0.017203 17.707031 22.133789
743 736 0.000130 0.019343 17.679810 22.099762
744 737 0.000083 0.018235 17.649780 22.062225
745 738 0.000159 0.018656 17.629883 22.037354
746 739 0.000062 0.018952 17.603638 22.004547
747 740 0.000039 0.019360 17.573242 21.966553
748 741 0.000088 0.020827 17.543823 21.929779
749 742 0.000101 0.019811 17.516968 21.896210
750 743 0.000131 0.018212 17.492188 21.865234
751 744 0.000161 0.019286 17.464478 21.830597
752 745 0.000108 0.018137 17.433228 21.791534
753 746 0.000151 0.018225 17.402222 21.752777
754 747 0.000164 0.018700 17.365234 21.706543
755 748 0.000169 0.017771 17.338501 21.673126
756 749 0.000141 0.017754 17.301880 21.627350
757 750 0.000106 0.018136 17.262451 21.578064
758 751 0.000113 0.017499 17.225220 21.531525
759 752 0.000090 0.017249 17.190308 21.487885
760 753 0.000085 0.015270 17.158569 21.448212
761 754 0.000086 0.014135 17.127686 21.409607
762 755 0.000040 0.014360 17.084229 21.355286
763 756 0.000050 0.014800 17.048706 21.310883
764 757 0.000076 0.014111 17.020142 21.275177
765 758 0.000070 0.015117 16.998047 21.247559
766 759 0.000100 0.015611 16.970093 21.212616
767 760 0.000086 0.016952 16.947510 21.184387
768 761 0.000076 0.016175 16.922363 21.152954
769 762 0.000091 0.016629 16.914062 21.142578
770 763 0.000116 0.014515 16.902466 21.128082
771 764 0.000091 0.015359 16.883423 21.104279
772 765 0.000082 0.013699 16.861816 21.077271
773 766 0.000041 0.013332 16.839233 21.049042
774 767 0.000029 0.014008 16.825562 21.031952
775 768 0.000041 0.015860 16.807007 21.008759
776 769 0.000050 0.017800 16.774902 20.968628
777 770 0.000041 0.021031 16.747070 20.933838
778 771 0.000041 0.022579 16.716187 20.895233
779 772 0.000106 0.023180 16.686646 20.858307
780 773 0.000117 0.023408 16.657837 20.822296
781 774 0.000138 0.022283 16.619629 20.774536
782 775 0.000128 0.020769 16.590210 20.737762
783 776 0.000138 0.017829 16.551880 20.689850
784 777 0.000114 0.014955 16.520630 20.650787
785 778 0.000115 0.012506 16.488281 20.610352
786 779 0.000107 0.011876 16.451294 20.564117
787 780 0.000155 0.011980 16.410278 20.512848
788 781 0.000130 0.012161 16.374146 20.467682
789 782 0.000123 0.013088 16.330933 20.413666
790 783 0.000104 0.012509 16.294312 20.367889
791 784 0.000104 0.013042 16.248291 20.310364
792 785 0.000030 0.012663 16.204590 20.255737
793 786 0.000052 0.012796 16.166260 20.207825
794 787 0.000113 0.014202 16.129272 20.161591
795 788 0.000101 0.013128 16.088989 20.111237
796 789 0.000110 0.011946 16.052490 20.065613
797 790 0.000075 0.010172 16.005005 20.006256
798 791 0.000061 0.009873 15.973145 19.966431
799 792 0.000069 0.012136 15.936157 19.920197
800 793 0.000043 0.011338 15.894409 19.868011
801 794 0.000062 0.009940 15.860840 19.826050
802 795 0.000000 0.011887 15.817383 19.771729
803 796 0.000062 0.012030 15.780273 19.725342
804 797 0.000145 0.014662 15.743652 19.679565
805 798 0.000054 0.016339 15.692749 19.615936
806 799 0.000083 0.015200 15.649780 19.562225
807 800 0.000044 0.016680 15.617920 19.522400
808 801 0.000089 0.016802 15.583374 19.479218
809 802 0.000083 0.015874 15.557129 19.446411
810 803 0.000077 0.015274 15.531860 19.414825
811 804 0.000189 0.016588 15.511475 19.389343
812 805 0.000045 0.014945 15.493530 19.366913
813 806 0.000063 0.015534 15.482422 19.353027
814 807 0.000071 0.017071 15.469727 19.337158
815 808 0.000000 0.015470 15.441040 19.301300
816 809 0.000032 0.014155 15.414062 19.267578
817 810 0.000045 0.014847 15.390991 19.238739
818 811 0.000045 0.013569 15.375488 19.219360
819 812 0.000045 0.012339 15.361450 19.201813
820 813 0.000045 0.011728 15.337891 19.172363
821 814 0.000115 0.009333 15.301514 19.126892
822 815 0.000078 0.009844 15.284058 19.105072
823 816 0.000055 0.010151 15.263672 19.079590
824 817 0.000078 0.009714 15.239014 19.048767
825 818 0.000056 0.009120 15.210693 19.013367
826 819 0.000064 0.010031 15.184814 18.981018
827 820 0.000046 0.009143 15.170654 18.963318
828 821 0.000032 0.010670 15.143555 18.929443
829 822 0.000046 0.010947 15.110352 18.887939
830 823 0.000032 0.011300 15.092285 18.865356
831 824 0.000046 0.010232 15.063110 18.828888
832 825 0.000056 0.010966 15.035889 18.794861
833 826 0.000065 0.011794 15.004272 18.755341
834 827 0.000065 0.011540 14.971313 18.714142
835 828 0.000065 0.013013 14.948608 18.685760
836 829 0.000046 0.013492 14.935181 18.668976
837 830 0.000073 0.014732 14.907471 18.634338
838 831 0.000046 0.015279 14.887085 18.608856
839 832 0.000087 0.015492 14.870239 18.587799
840 833 0.000081 0.014565 14.843872 18.554840
841 834 0.000093 0.016126 14.807739 18.509674
842 835 0.000132 0.013777 14.791504 18.489380
843 836 0.000066 0.013364 14.738159 18.422699
844 837 0.000066 0.012022 14.693115 18.366394
845 838 0.000047 0.011952 14.632324 18.290405
846 839 0.000034 0.011559 14.570068 18.212585
847 840 0.000048 0.010970 14.502686 18.128357
848 841 0.000076 0.011189 14.431519 18.039398
849 842 0.000118 0.013149 14.343140 17.928925
850 843 0.000068 0.011138 14.275635 17.844543
851 844 0.000103 0.016388 14.209351 17.761688
852 845 0.000129 0.016008 14.137817 17.672272
853 846 0.000110 0.017580 14.064941 17.581177
854 847 0.000105 0.018639 14.006104 17.507629
855 848 0.000126 0.016557 13.939453 17.424316
856 849 0.000093 0.014059 13.885986 17.357483
857 850 0.000100 0.016899 13.837646 17.297058
858 851 0.000106 0.011036 13.774170 17.217712
859 852 0.000036 0.011580 13.721924 17.152405
860 853 0.000071 0.008876 13.660400 17.075500
861 854 0.000051 0.008689 13.590576 16.988220
862 855 0.000036 0.008312 13.523438 16.904297
863 856 0.000000 0.008109 13.433105 16.791382
864 857 0.000052 0.008185 13.337646 16.672058
865 858 0.000064 0.008803 13.235107 16.543884
866 859 0.000000 0.007788 13.134521 16.418152
867 860 0.000053 0.009310 13.036865 16.296082
868 861 0.000038 0.008726 12.934570 16.168213
869 862 0.000000 0.008880 12.831787 16.039734
870 863 0.000066 0.009121 12.734131 15.917664
871 864 0.000055 0.008816 12.632812 15.791016
872 865 0.000055 0.008788 12.527100 15.658875
873 866 0.000056 0.008478 12.413330 15.516663
874 867 0.000069 0.009101 12.294922 15.368652
875 868 0.000120 0.009246 12.177246 15.221558
876 869 0.000134 0.007989 12.057129 15.071411
877 870 0.000129 0.008014 11.929688 14.912109
878 871 0.000131 0.007630 11.808105 14.760132
879 872 0.000145 0.007615 11.677246 14.596558
880 873 0.000103 0.007812 11.572998 14.466248
881 874 0.000120 0.007967 11.472412 14.340515
882 875 0.000129 0.006944 11.347168 14.183960
883 876 0.000150 0.007254 11.257568 14.071960
884 877 0.000116 0.007775 11.177246 13.971558
885 878 0.000088 0.007878 11.073730 13.842163
886 879 0.000089 0.007940 11.023438 13.779297
887 880 0.000077 0.010087 10.920410 13.650513
888 881 0.000127 0.009772 10.863525 13.579407
889 882 0.000090 0.009760 10.843262 13.554077
890 883 0.000164 0.010860 10.757812 13.447266
891 884 0.000129 0.009531 10.726807 13.408508
892 885 0.000136 0.010118 10.731934 13.414917
893 886 0.000234 0.011189 10.651855 13.314819
894 887 0.000171 0.010313 10.673828 13.342285
895 888 0.000113 0.011974 10.597900 13.247375
896 889 0.000216 0.012341 10.593018 13.241272
897 890 0.000184 0.009929 10.633301 13.291626
898 891 0.000160 0.013862 10.559814 13.199768
899 892 0.000196 0.013665 10.553223 13.191528
900 893 0.000092 0.010699 10.597168 13.246460
901 894 0.000245 0.014310 10.524414 13.155518
902 895 0.000185 0.009371 10.578125 13.222656
903 896 0.000174 0.013780 10.495117 13.118896
904 897 0.000081 0.012528 10.484375 13.105469
905 898 0.000146 0.009822 10.545166 13.181458
906 899 0.000198 0.010623 10.464111 13.080139
907 900 0.000162 0.009057 10.463379 13.079224
908 901 0.000114 0.008997 10.516846 13.146057
909 902 0.000081 0.008452 10.454834 13.068542
910 903 0.000131 0.010287 10.516602 13.145752
911 904 0.000181 0.008098 10.446045 13.057556
912 905 0.000269 0.007971 10.432129 13.040161
913 906 0.000192 0.009082 10.488037 13.110046
914 907 0.000187 0.007903 10.429443 13.036804
915 908 0.000209 0.006484 10.427490 13.034363
916 909 0.000228 0.006248 10.475342 13.094177
917 910 0.000193 0.007830 10.421387 13.026733
918 911 0.000132 0.006144 10.473877 13.092346
919 912 0.000114 0.005722 10.473877 13.092346
920 913 0.000155 0.010931 10.433594 13.041992
921 914 0.000154 0.006345 10.481934 13.102417
922 915 0.000169 0.010393 10.440918 13.051147
923 916 0.000229 0.010803 10.442871 13.053589
924 917 0.000223 0.006836 10.493408 13.116760
925 918 0.000264 0.010987 10.467773 13.084717
926 919 0.000219 0.011257 10.467773 13.084717
927 920 0.000197 0.006215 10.517090 13.146362
928 921 0.000263 0.012598 10.498291 13.122864
929 922 0.000212 0.007313 10.551514 13.189392
930 923 0.000197 0.012557 10.537109 13.171387
931 924 0.000185 0.011155 10.555176 13.193970
932 925 0.000146 0.005847 10.603760 13.254700
933 926 0.000113 0.010669 10.597168 13.246460
934 927 0.000166 0.009755 10.610840 13.263550
935 928 0.000092 0.005288 10.651367 13.314209
936 929 0.000092 0.007961 10.645996 13.307495
937 930 0.000121 0.005814 10.681885 13.352356
938 931 0.000137 0.007186 10.679688 13.349609
939 932 0.000129 0.011527 10.672852 13.341064
940 933 0.000144 0.009312 10.697021 13.371277
941 934 0.000144 0.014835 10.692627 13.365784
942 935 0.000158 0.016609 10.693848 13.367310
943 936 0.000121 0.014869 10.707764 13.384705
944 937 0.000182 0.020159 10.708984 13.386230
945 938 0.000171 0.020239 10.707520 13.384399
946 939 0.000188 0.017570 10.709473 13.386841
947 940 0.000158 0.020243 10.715576 13.394470
948 941 0.000171 0.017846 10.708252 13.385315
949 942 0.000079 0.018776 10.712158 13.390198
950 943 0.000171 0.019247 10.697266 13.371582
951 944 0.000121 0.020142 10.678467 13.348083
952 945 0.000102 0.021382 10.693359 13.366699
953 946 0.000091 0.023032 10.686035 13.357544
954 947 0.000112 0.023279 10.669922 13.337402
955 948 0.000112 0.024596 10.705322 13.381653
956 949 0.000151 0.024812 10.692871 13.366089
957 950 0.000111 0.024271 10.738525 13.423157
958 951 0.000091 0.020145 10.754150 13.442688
959 952 0.000111 0.020233 10.745605 13.432007
960 953 0.000128 0.016593 10.801758 13.502197
961 954 0.000143 0.017646 10.826416 13.533020
962 955 0.000143 0.021207 10.824219 13.530273
963 956 0.000110 0.019528 10.888672 13.610840
964 957 0.000127 0.024515 10.885010 13.606262
965 958 0.000126 0.025613 10.924561 13.655701
966 959 0.000203 0.026169 10.998779 13.748474
967 960 0.000243 0.029668 11.003906 13.754883
968 961 0.000253 0.026193 11.077148 13.846436
969 962 0.000170 0.026810 11.121094 13.901367
970 963 0.000196 0.030679 11.135254 13.919067
971 964 0.000157 0.030175 11.205566 14.006958
972 965 0.000115 0.028977 11.252686 14.065857
973 966 0.000150 0.029599 11.270996 14.088745
974 967 0.000161 0.028359 11.338379 14.172974
975 968 0.000136 0.030105 11.363037 14.203796
976 969 0.000113 0.028411 11.417236 14.271545
977 970 0.000104 0.024050 11.481201 14.351501
978 971 0.000120 0.021876 11.515869 14.394836
979 972 0.000094 0.020696 11.579346 14.474182
980 973 0.000103 0.022091 11.626709 14.533386
981 974 0.000059 0.023351 11.679199 14.598999
982 975 0.000000 0.023097 11.734375 14.667969
983 976 0.000041 0.022149 11.783691 14.729614
984 977 0.000092 0.022852 11.820801 14.776001
985 978 0.000092 0.023336 11.857422 14.821777
986 979 0.000058 0.021663 11.879639 14.849548
987 980 0.000092 0.018677 11.914062 14.892578
988 981 0.000058 0.015602 11.920410 14.900513
989 982 0.000058 0.013938 11.929932 14.912415
990 983 0.000041 0.012382 11.935791 14.919739
991 984 0.000058 0.011286 11.941162 14.926453
992 985 0.000000 0.011339 11.947510 14.934387
993 986 0.000058 0.010633 11.956543 14.945679
994 987 0.000058 0.009705 11.958984 14.948730
995 988 0.000041 0.011094 11.964844 14.956055
996 989 0.000071 0.011741 11.974365 14.967957
997 990 0.000058 0.011731 11.984131 14.980164
998 991 0.000000 0.013206 11.987061 14.983826
999 992 0.000058 0.012051 11.995117 14.993896
1000 993 0.000000 0.012411 11.993164 14.991455
1001 994 0.000081 0.012887 11.995117 14.993896
1002 995 0.000091 0.012984 11.985107 14.981384
1003 996 0.000091 0.012308 11.963867 14.954834
1004 997 0.000041 0.012618 11.933594 14.916992
1005 998 0.000082 0.011138 11.899170 14.873962
1006 999 0.000109 0.011085 11.859619 14.824524
1007 1000 0.000101 0.011712 11.817627 14.772034
1008 1001 0.000102 0.011177 11.767822 14.709778
1009 1002 0.000102 0.010131 11.720947 14.651184
1010 1003 0.000111 0.009950 11.674805 14.593506
1011 1004 0.000094 0.008797 11.620117 14.525146
1012 1005 0.000084 0.008193 11.570068 14.462585
1013 1006 0.000127 0.008442 11.499756 14.374695
1014 1007 0.000085 0.008385 11.422363 14.277954
1015 1008 0.000122 0.009323 11.355469 14.194336
1016 1009 0.000123 0.010474 11.263672 14.079590
1017 1010 0.000190 0.010805 11.186279 13.982849
1018 1011 0.000159 0.010324 11.092773 13.865967
1019 1012 0.000141 0.014362 10.978760 13.723450
1020 1013 0.000118 0.014198 10.910889 13.638611
1021 1014 0.000157 0.014069 10.807373 13.509216
1022 1015 0.000112 0.017337 10.685059 13.356323
1023 1016 0.000130 0.014685 10.632812 13.291016
1024 1017 0.000093 0.017439 10.507812 13.134766
1025 1018 0.000180 0.016152 10.487793 13.109741
1026 1019 0.000199 0.014888 10.434814 13.043518
1027 1020 0.000177 0.017718 10.338135 12.922668
1028 1021 0.000211 0.015250 10.369141 12.961426
1029 1022 0.000236 0.014367 10.331299 12.914124
1030 1023 0.000190 0.017662 10.259521 12.824402
1031 1024 0.000195 0.017124 10.335693 12.919617
1032 1025 0.000191 0.023250 10.246582 12.808228
1033 1026 0.000164 0.023839 10.314941 12.893677
1034 1027 0.000251 0.027124 10.286621 12.858276
1035 1028 0.000152 0.028354 10.167480 12.709351
1036 1029 0.000143 0.029156 10.255615 12.819519
1037 1030 0.000229 0.028440 10.216797 12.770996
1038 1031 0.000227 0.029020 10.085205 12.606506
1039 1032 0.000209 0.024434 10.177246 12.721558
1040 1033 0.000257 0.026488 10.037354 12.546692
1041 1034 0.000226 0.020976 10.140869 12.676086
1042 1035 0.000316 0.020695 10.123535 12.654419
1043 1036 0.000309 0.025250 9.981934 12.477417
1044 1037 0.000339 0.020088 10.085693 12.607117
1045 1038 0.000261 0.019247 10.077881 12.597351
1046 1039 0.000203 0.031591 9.938477 12.423096
1047 1040 0.000206 0.019713 10.047119 12.558899
1048 1041 0.000197 0.033722 9.913574 12.391968
1049 1042 0.000292 0.023159 10.022461 12.528076
1050 1043 0.000258 0.024064 10.022217 12.527771
1051 1044 0.000215 0.031601 9.915039 12.393799
1052 1045 0.000263 0.022525 10.015137 12.518921
1053 1046 0.000351 0.018735 10.040527 12.550659
1054 1047 0.000326 0.030423 9.945068 12.431335
1055 1048 0.000262 0.017907 10.045654 12.557068
1056 1049 0.000250 0.026240 9.960449 12.450562
1057 1050 0.000317 0.025943 9.987549 12.484436
1058 1051 0.000187 0.017991 10.091553 12.614441
1059 1052 0.000271 0.030578 10.023682 12.529602
1060 1053 0.000255 0.017964 10.118652 12.648315
1061 1054 0.000277 0.022235 10.117676 12.647095
1062 1055 0.000434 0.033366 10.052979 12.566223
1063 1056 0.000186 0.023710 10.152832 12.691040
1064 1057 0.000048 0.022071 10.182373 12.727966
1065 1058 0.000361 0.034863 10.116943 12.646179
1066 1059 0.000244 0.020493 10.202393 12.752991
1067 1060 0.000281 0.033822 10.136963 12.671204
1068 1061 0.000234 0.023106 10.236084 12.795105
1069 1062 0.000207 0.021848 10.263428 12.829285
1070 1063 0.000244 0.032978 10.206543 12.758179
1071 1064 0.000315 0.026417 10.269287 12.836609
1072 1065 0.000217 0.026281 10.289795 12.862244
1073 1066 0.000196 0.037977 10.254639 12.818298
1074 1067 0.000236 0.032339 10.325439 12.906799
1075 1068 0.000232 0.040182 10.306396 12.882996
1076 1069 0.000163 0.035347 10.374512 12.968140
1077 1070 0.000229 0.034310 10.428955 13.036194
1078 1071 0.000132 0.041111 10.439453 13.049316
1079 1072 0.000186 0.037491 10.512207 13.140259
1080 1073 0.000185 0.036117 10.571777 13.214722
1081 1074 0.000184 0.038432 10.601074 13.251343
1082 1075 0.000183 0.037711 10.662598 13.328247
1083 1076 0.000214 0.037520 10.722412 13.403015
1084 1077 0.000143 0.037017 10.768311 13.460388
1085 1078 0.000282 0.032417 10.828369 13.535461
1086 1079 0.000233 0.033477 10.876465 13.595581
1087 1080 0.000219 0.031267 10.936768 13.670959
1088 1081 0.000208 0.030361 11.009033 13.761292
1089 1082 0.000197 0.029774 11.080078 13.850098
1090 1083 0.000197 0.032596 11.108398 13.885498
1091 1084 0.000218 0.032796 11.176514 13.970642
1092 1085 0.000150 0.033739 11.242676 14.053345
1093 1086 0.000143 0.033682 11.313721 14.142151
1094 1087 0.000136 0.033247 11.391357 14.239197
1095 1088 0.000113 0.034970 11.439941 14.299927
1096 1089 0.000127 0.034450 11.494141 14.367676
1097 1090 0.000103 0.031421 11.573730 14.467163
1098 1091 0.000118 0.026953 11.677979 14.597473
1099 1092 0.000132 0.032438 11.700684 14.625854
1100 1093 0.000131 0.031331 11.765625 14.707031
