10 3 0.000182 0.023312 6.579779 8.224724
11 4 0.000149 0.019598 6.542068 8.177586
12 5 0.000149 0.017642 6.534152 8.167689
13 6 0.000075 0.013869 6.485565 8.106956
14 7 0.000169 0.015456 6.458157 8.072697
15 8 0.000076 0.018352 6.436762 8.045953
16 9 0.000108 0.020533 6.411700 8.014626
17 10 0.000133 0.019742 6.382169 7.977711
18 11 0.000000 0.020264 6.356082 7.945103
19 12 0.000134 0.019072 6.297283 7.871604
20 13 0.000134 0.016843 6.305328 7.881660
21 14 0.000000 0.014015 6.282836 7.853545
22 15 0.000110 0.010187 6.255146 7.818933
23 16 0.000175 0.007413 6.225060 7.781325
24 17 0.000158 0.006140 6.193315 7.741643
25 18 0.000177 0.005132 6.159454 7.699318
26 19 0.000113 0.004184 6.124599 7.655749
27 20 0.000160 0.004269 6.090298 7.612872
28 21 0.000115 0.003655 6.029602 7.537003
29 22 0.000163 0.006021 5.972996 7.466245
30 23 0.000202 0.008421 5.913137 7.391422
31 24 0.000000 0.007615 5.840834 7.301042
32 25 0.000189 0.007947 5.770569 7.213211
33 26 0.000086 0.006975 5.698967 7.123709
34 27 0.000087 0.009131 5.613354 7.016692
35 28 0.000249 0.009145 5.553457 6.941822
36 29 0.000178 0.007469 5.489695 6.862118
37 30 0.000090 0.008546 5.419874 6.774843
38 31 0.000091 0.006979 5.361126 6.701407
39 32 0.000130 0.006863 5.296553 6.620691
40 33 0.000093 0.004570 5.253428 6.566784
41 34 0.000134 0.003272 5.171850 6.464813
42 35 0.000096 0.006535 5.098360 6.372950
43 36 0.000000 0.005599 5.026459 6.283073
44 37 0.000000 0.004426 4.958824 6.198530
45 38 0.000141 0.006655 4.883801 6.104751
46 39 0.000176 0.005314 4.808540 6.010675
47 40 0.000147 0.014310 4.703884 5.879855
48 41 0.000235 0.012249 4.650688 5.813360
49 42 0.000260 0.007755 4.607250 5.759063
50 43 0.000518 0.010391 4.524567 5.655708
51 44 0.000311 0.010579 4.446838 5.558548
52 45 0.000224 0.008529 4.368851 5.461063
53 46 0.000197 0.011468 4.284519 5.355649
54 47 0.000260 0.013298 4.195110 5.243888
55 48 0.000316 0.014266 4.084721 5.105901
56 49 0.000124 0.013206 3.942184 4.927731
57 50 0.000128 0.012497 3.819702 4.774628
58 51 0.000187 0.014659 3.684460 4.605575
59 52 0.000195 0.021578 3.538860 4.423575
60 53 0.000204 0.023433 3.391983 4.239979
61 54 0.000151 0.018872 3.241268 4.051585
62 55 0.000316 0.022909 3.086617 3.858271
63 56 0.000332 0.024027 2.942368 3.677959
64 57 0.000249 0.026804 2.770531 3.463163
65 58 0.000000 0.023093 2.605667 3.257084
66 59 0.000000 0.020877 2.442112 3.052640
67 60 0.000302 0.024846 2.288052 2.860065
68 61 0.000393 0.023652 2.152092 2.690115
69 62 0.000586 0.024086 2.039455 2.549319
70 63 0.000000 0.031714 1.934189 2.417736
71 64 0.000633 0.021630 1.889652 2.362065
72 65 0.000596 0.035929 1.832363 2.290454
73 66 0.000661 0.035159 1.808231 2.260289
74 67 0.000608 0.026825 1.796257 2.245321
75 68 0.000550 0.028164 1.774181 2.217727
76 69 0.000554 0.026482 1.763569 2.204461
77 70 0.000393 0.026375 1.755409 2.194262
78 71 0.000000 0.027862 1.743649 2.179561
79 72 0.000555 0.015416 1.759544 2.199430
80 73 0.001031 0.014973 1.771763 2.214704
81 74 0.000616 0.020110 1.772415 2.215519
82 75 0.000720 0.023298 1.794220 2.242775
83 76 0.000808 0.018304 1.812443 2.265553
84 77 0.000844 0.018069 1.829945 2.287431
85 78 0.000877 0.017935 1.847439 2.309299
86 79 0.001007 0.021602 1.877644 2.347054
87 80 0.000920 0.019897 1.914421 2.393026
88 81 0.000931 0.019740 1.961842 2.452302
89 82 0.000723 0.010911 2.027199 2.533998
90 83 0.000734 0.013261 2.102531 2.628164
91 84 0.000703 0.011832 2.194920 2.743649
92 85 0.000732 0.017308 2.311344 2.889180
93 86 0.000754 0.028338 2.422783 3.028479
94 87 0.000945 0.036653 2.531807 3.164759
95 88 0.001233 0.046996 2.655827 3.319783
96 89 0.001043 0.047927 2.768528 3.460660
97 90 0.001044 0.044920 2.883469 3.604336
98 91 0.000994 0.044878 2.987259 3.734074
99 92 0.000728 0.046889 3.072311 3.840389
100 93 0.000977 0.040804 3.162426 3.953032
101 94 0.000703 0.037377 3.259338 4.074173
102 95 0.000385 0.044054 3.357967 4.197459
103 96 0.000427 0.035064 3.434563 4.293203
104 97 0.000799 0.034177 3.511005 4.388757
105 98 0.000384 0.026969 3.600853 4.501066
106 99 0.000495 0.022919 3.693367 4.616709
107 100 0.000483 0.019624 3.782215 4.727769
108 101 0.000506 0.016798 3.858711 4.823389
109 102 0.000595 0.017120 3.938236 4.922795
110 103 0.000485 0.017075 4.024109 5.030136
111 104 0.000428 0.021952 4.110401 5.138001
112 105 0.000404 0.023406 4.188656 5.235820
113 106 0.000324 0.025507 4.261925 5.327406
114 107 0.000159 0.025324 4.338516 5.423145
115 108 0.000271 0.026195 4.418209 5.522761
116 109 0.000376 0.031234 4.494415 5.618019
117 110 0.000107 0.030013 4.580345 5.725431
118 111 0.000148 0.028289 4.652023 5.815029
119 112 0.000103 0.029297 4.718155 5.897694
120 113 0.000000 0.025514 4.782112 5.977640
121 114 0.000142 0.024481 4.848976 6.061220
122 115 0.000172 0.021094 4.924957 6.156197
123 116 0.000000 0.019798 4.981697 6.227121
124 117 0.000275 0.019293 5.030396 6.287994
125 118 0.000193 0.019163 5.066048 6.332560
126 119 0.000096 0.018804 5.098824 6.373529
127 120 0.000095 0.019540 5.132759 6.415949
128 121 0.000000 0.023682 5.141960 6.427450
129 122 0.000329 0.022180 5.146759 6.433449
130 123 0.000367 0.023277 5.148193 6.435242
131 124 0.000301 0.022086 5.136887 6.421108
132 125 0.000134 0.020802 5.144196 6.430244
133 126 0.000134 0.020309 5.152626 6.440783
134 127 0.000189 0.020224 5.156258 6.445322
135 128 0.000341 0.015421 5.161461 6.451826
136 129 0.000189 0.020002 5.154526 6.443157
137 130 0.000268 0.021353 5.149940 6.437426
138 131 0.000095 0.021397 5.165810 6.457262
139 132 0.000313 0.016505 5.173286 6.466608
140 133 0.000267 0.015561 5.174416 6.468019
141 134 0.000094 0.016793 5.176941 6.471176
142 135 0.000266 0.016977 5.185966 6.482458
143 136 0.000163 0.016247 5.198753 6.498442
144 137 0.000187 0.015495 5.209129 6.511412
145 138 0.000187 0.017851 5.226021 6.532526
146 139 0.000186 0.018604 5.239227 6.549034
147 140 0.000131 0.018101 5.255928 6.569910
148 141 0.000245 0.018194 5.275978 6.594973
149 142 0.000276 0.019723 5.298477 6.623096
150 143 0.000183 0.019231 5.324623 6.655779
151 144 0.000258 0.017782 5.358009 6.697512
152 145 0.000128 0.013035 5.380981 6.726227
153 146 0.000156 0.013714 5.413544 6.766930
154 147 0.000127 0.013047 5.451859 6.814823
155 148 0.000178 0.011293 5.499771 6.874714
156 149 0.000125 0.011977 5.513268 6.891584
157 150 0.000216 0.013922 5.533691 6.917114
158 151 0.000196 0.013054 5.563797 6.954746
159 152 0.000174 0.015363 5.605820 7.007275
160 153 0.000123 0.012394 5.618622 7.023277
161 154 0.000367 0.013172 5.645966 7.057457
162 155 0.000173 0.010610 5.657646 7.072058
163 156 0.000121 0.014165 5.703773 7.129717
164 157 0.000295 0.013511 5.730499 7.163124
165 158 0.000487 0.013187 5.754379 7.192974
166 159 0.000000 0.011530 5.728386 7.160482
167 160 0.000121 0.010797 5.728432 7.160540
168 161 0.000383 0.011537 5.701897 7.127371
169 162 0.000000 0.013603 5.654343 7.067928
170 163 0.000151 0.013020 5.608490 7.010612
171 164 0.000215 0.014017 5.575302 6.969128
172 165 0.000251 0.014168 5.500839 6.876049
173 166 0.000536 0.011623 5.468246 6.835308
174 167 0.000180 0.012319 5.423958 6.779947
175 168 0.000407 0.013560 5.368210 6.710262
176 169 0.000092 0.013249 5.322075 6.652594
177 170 0.000263 0.014048 5.259819 6.574774
178 171 0.000231 0.014159 5.179405 6.474257
179 172 0.000253 0.015635 5.115242 6.394053
180 173 0.000362 0.014816 5.042488 6.303110
181 174 0.000278 0.014106 4.970306 6.212883
182 175 0.000141 0.016882 4.907074 6.133842
183 176 0.000267 0.013680 4.845619 6.057024
184 177 0.000250 0.015054 4.780556 5.975695
185 178 0.000207 0.015957 4.716362 5.895452
186 179 0.000363 0.014311 4.658218 5.822773
187 180 0.000212 0.012831 4.607124 5.758905
188 181 0.000216 0.016929 4.512131 5.640163
189 182 0.000245 0.010838 4.454330 5.567913
190 183 0.000273 0.010081 4.379539 5.474424
191 184 0.000196 0.009169 4.319115 5.398893
192 185 0.000304 0.009928 4.255135 5.318918
193 186 0.000369 0.010329 4.181572 5.226965
194 187 0.000169 0.015973 4.097549 5.121937
195 188 0.000120 0.011336 4.060478 5.075598
196 189 0.000173 0.014433 3.989609 4.987011
197 190 0.000124 0.012936 3.943375 4.929218
198 191 0.000177 0.015707 3.904152 4.880190
199 192 0.000000 0.013028 3.874321 4.842901
200 193 0.000473 0.014794 3.865448 4.831810
201 194 0.000179 0.010676 3.868195 4.835243
202 195 0.000126 0.009034 3.880707 4.850883
203 196 0.000177 0.011907 3.893471 4.866838
204 197 0.000279 0.013982 3.918961 4.898701
205 198 0.000800 0.007217 3.957291 4.946613
206 199 0.000442 0.010110 3.982880 4.978600
207 200 0.000404 0.009969 4.011429 5.014286
208 201 0.000600 0.010985 4.066132 5.082664
209 202 0.000706 0.014342 4.090347 5.112934
210 203 0.000498 0.009141 4.158051 5.197563
211 204 0.000402 0.005997 4.207413 5.259266
212 205 0.000398 0.015380 4.249908 5.312386
213 206 0.000226 0.015979 4.317017 5.396271
214 207 0.000157 0.013510 4.398270 5.497837
215 208 0.000310 0.012623 4.461746 5.577183
216 209 0.000151 0.008472 4.572968 5.716209
217 210 0.000363 0.012607 4.653687 5.817108
218 211 0.000290 0.013056 4.755035 5.943794
219 212 0.000450 0.014062 4.856094 6.070118
220 213 0.000667 0.019490 4.967087 6.208858
221 214 0.000361 0.022402 5.059021 6.323776
222 215 0.000354 0.024267 5.163910 6.454887
223 216 0.000373 0.025414 5.241638 6.552048
224 217 0.000291 0.023906 5.313187 6.641483
225 218 0.000315 0.020393 5.364136 6.705170
226 219 0.000255 0.019216 5.413834 6.767292
227 220 0.000458 0.012376 5.438477 6.798096
228 221 0.000200 0.011049 5.452194 6.815243
229 222 0.000180 0.006321 5.434113 6.792641
230 223 0.000255 0.006075 5.408676 6.760845
231 224 0.000181 0.006590 5.383987 6.729984
232 225 0.000159 0.010896 5.334198 6.667747
233 226 0.000226 0.013524 5.284729 6.605911
234 227 0.000186 0.013927 5.242905 6.553631
235 228 0.000094 0.017044 5.178268 6.472836
236 229 0.000134 0.016411 5.138489 6.423111
237 230 0.000000 0.020582 5.056534 6.320667
238 231 0.000170 0.020522 4.978210 6.222763
239 232 0.000198 0.016747 4.926941 6.158676
240 233 0.000142 0.015270 4.853119 6.066399
241 234 0.000102 0.017952 4.770416 5.963020
242 235 0.000232 0.016031 4.711716 5.889645
243 236 0.000299 0.018412 4.620300 5.775375
244 237 0.000283 0.015130 4.567612 5.709515
245 238 0.000265 0.016282 4.506790 5.633488
246 239 0.000220 0.016914 4.439270 5.549088
247 240 0.000273 0.014346 4.376831 5.471039
248 241 0.000253 0.012041 4.311844 5.389805
249 242 0.000325 0.009806 4.251419 5.314274
250 243 0.000164 0.008539 4.198273 5.247841
251 244 0.000332 0.006068 4.158478 5.198097
252 245 0.000168 0.007071 4.121201 5.151501
253 246 0.000169 0.006619 4.091461 5.114326
254 247 0.000209 0.003103 4.056030 5.070038
255 248 0.000171 0.009291 4.043732 5.054665
256 249 0.000210 0.008181 4.027237 5.034046
257 250 0.000172 0.011604 4.025604 5.032005
258 251 0.000000 0.013820 4.035797 5.044746
259 252 0.000170 0.017268 4.058640 5.073299
260 253 0.000315 0.018229 4.095444 5.119305
261 254 0.000407 0.019768 4.154526 5.193157
262 255 0.000348 0.018846 4.208145 5.260181
263 256 0.000428 0.020378 4.269943 5.337429
264 257 0.000318 0.020251 4.337906 5.422382
265 258 0.000271 0.022532 4.406311 5.507889
266 259 0.000361 0.024290 4.482025 5.602531
267 260 0.000321 0.024524 4.562759 5.703449
268 261 0.000182 0.024218 4.646088 5.807610
269 262 0.000230 0.024968 4.737579 5.921974
270 263 0.000202 0.023991 4.839600 6.049500
271 264 0.000140 0.023720 4.936691 6.170864
272 265 0.000137 0.024264 5.030151 6.287689
273 266 0.000213 0.019900 5.118774 6.398468
274 267 0.000210 0.017165 5.206924 6.508656
275 268 0.000226 0.015124 5.295837 6.619797
276 269 0.000181 0.014679 5.381073 6.726341
277 270 0.000218 0.019428 5.485550 6.856937
278 271 0.000215 0.018621 5.550766 6.938457
279 272 0.000323 0.016951 5.654022 7.067528
280 273 0.000120 0.017891 5.746552 7.183189
281 274 0.000291 0.018667 5.815552 7.269440
282 275 0.000220 0.020220 5.885391 7.356739
283 276 0.000201 0.017819 5.941910 7.427387
284 277 0.000215 0.016361 5.998444 7.498055
285 278 0.000114 0.016420 6.059662 7.574577
286 279 0.000139 0.016954 6.097961 7.622452
287 280 0.000178 0.013461 6.139389 7.674236
288 281 0.000000 0.013068 6.192429 7.740536
289 282 0.000157 0.011139 6.227509 7.784386
290 283 0.000156 0.010512 6.267014 7.833767
291 284 0.000330 0.008394 6.269272 7.836590
292 285 0.000256 0.005758 6.318085 7.897606
293 286 0.000328 0.005213 6.322556 7.903194
294 287 0.000385 0.007355 6.343765 7.929707
295 288 0.000479 0.005216 6.367569 7.959461
296 289 0.000315 0.003788 6.392303 7.990379
297 290 0.000304 0.004163 6.415512 8.019390
298 291 0.000283 0.004186 6.448059 8.060074
299 292 0.000282 0.005180 6.469879 8.087349
300 293 0.000150 0.006496 6.514221 8.142776
301 294 0.000149 0.008668 6.552582 8.190727
302 295 0.000454 0.004987 6.548599 8.185749
303 296 0.000341 0.006670 6.566269 8.207836
304 297 0.000332 0.007145 6.583893 8.229866
305 298 0.000277 0.009750 6.605621 8.257027
306 299 0.000265 0.009208 6.631699 8.289623
307 300 0.000233 0.009277 6.614990 8.268738
308 301 0.000257 0.012784 6.590607 8.238258
309 302 0.000148 0.013392 6.620422 8.275528
310 303 0.000104 0.013716 6.616669 8.270836
311 304 0.000105 0.014641 6.602325 8.252907
312 305 0.000105 0.015449 6.584885 8.231106
313 306 0.000183 0.015434 6.535934 8.169918
314 307 0.000290 0.015642 6.524887 8.156109
315 308 0.000198 0.016268 6.509415 8.136768
316 309 0.000310 0.015991 6.490677 8.113346
317 310 0.000370 0.015403 6.459549 8.074436
318 311 0.000107 0.015469 6.461594 8.076992
319 312 0.000263 0.018195 6.419220 8.024025
320 313 0.000132 0.014193 6.408356 8.010445
321 314 0.000323 0.014871 6.412521 8.015652
322 315 0.000132 0.015542 6.389481 7.986851
323 316 0.000298 0.016280 6.338989 7.923737
324 317 0.000463 0.020535 6.327103 7.908878
325 318 0.000110 0.023142 6.295197 7.868996
326 319 0.000355 0.024622 6.309860 7.887325
327 320 0.000190 0.030118 6.301254 7.876568
328 321 0.000246 0.031198 6.289444 7.861805
329 322 0.000300 0.032385 6.295288 7.869110
330 323 0.000336 0.029293 6.331757 7.914696
331 324 0.000288 0.029607 6.352020 7.940025
332 325 0.000276 0.029400 6.384598 7.980747
333 326 0.000241 0.029750 6.410599 8.013248
334 327 0.000251 0.028302 6.449036 8.061295
335 328 0.000250 0.028755 6.486740 8.108425
336 329 0.000149 0.029502 6.541016 8.176270
337 330 0.000000 0.029567 6.537552 8.171940
338 331 0.000197 0.026527 6.549332 8.186665
339 332 0.000196 0.027165 6.587067 8.233833
340 333 0.000105 0.025741 6.586121 8.232651
341 334 0.000197 0.025713 6.570724 8.213406
342 335 0.000505 0.026379 6.553818 8.192272
343 336 0.000259 0.024431 6.523972 8.154964
344 337 0.000106 0.023607 6.523361 8.154202
345 338 0.000260 0.024824 6.498795 8.123493
346 339 0.000107 0.021051 6.424530 8.030663
347 340 0.000188 0.020488 6.373871 7.967339
348 341 0.000231 0.019880 6.347290 7.934113
349 342 0.000561 0.016831 6.270844 7.838554
350 343 0.000176 0.014731 6.187424 7.734280
351 344 0.000113 0.014008 6.120651 7.650814
352 345 0.000255 0.009406 6.061478 7.576847
353 346 0.000423 0.008825 5.996613 7.495766
354 347 0.000368 0.009761 5.935272 7.419090
355 348 0.000323 0.013250 5.849152 7.311440
356 349 0.000253 0.011693 5.794464 7.243080
357 350 0.000255 0.012042 5.736832 7.171040
358 351 0.000298 0.007667 5.682571 7.103214
359 352 0.000247 0.010195 5.602112 7.002640
360 353 0.000317 0.010486 5.553650 6.942062
361 354 0.000486 0.006694 5.503098 6.878872
362 355 0.000359 0.002854 5.445541 6.806927
363 356 0.000314 0.002972 5.390167 6.737709
364 357 0.000342 0.004124 5.337952 6.672440
365 358 0.000404 0.010732 5.267853 6.584816
366 359 0.000397 0.007377 5.219193 6.523991
367 360 0.000392 0.009182 5.137482 6.421852
368 361 0.000360 0.011885 5.071014 6.338768
369 362 0.000365 0.015931 5.007080 6.258850
370 363 0.000419 0.018743 4.942169 6.177711
371 364 0.000361 0.020090 4.875305 6.094131
372 365 0.000454 0.021904 4.809235 6.011543
373 366 0.000291 0.022673 4.751373 5.939217
374 367 0.000254 0.018576 4.705841 5.882301
375 368 0.000296 0.020547 4.670593 5.838242
376 369 0.000257 0.023500 4.651978 5.814972
377 370 0.000148 0.019119 4.654694 5.818367
378 371 0.000314 0.017901 4.669464 5.836830
379 372 0.000294 0.015326 4.698853 5.873566
380 373 0.000253 0.014193 4.732910 5.916138
381 374 0.000250 0.015693 4.775635 5.969543
382 375 0.000304 0.015666 4.814758 6.018448
383 376 0.000174 0.007065 4.863647 6.079559
384 377 0.000199 0.007100 4.915985 6.144981
385 378 0.000098 0.005710 4.967407 6.209259
386 379 0.000137 0.005897 5.026947 6.283684
387 380 0.000096 0.005768 5.094879 6.368599
388 381 0.000164 0.005646 5.167542 6.459427
389 382 0.000186 0.003867 5.247101 6.558876
390 383 0.000183 0.005239 5.342804 6.678505
391 384 0.000221 0.005050 5.414520 6.768150
392 385 0.000089 0.004617 5.501495 6.876869
393 386 0.000151 0.004421 5.584869 6.981087
394 387 0.000259 0.004450 5.656616 7.070770
395 388 0.000121 0.004267 5.706329 7.132912
396 389 0.000000 0.003351 5.770477 7.213097
397 390 0.000145 0.003358 5.831299 7.289124
398 391 0.000297 0.002042 5.922302 7.402878
399 392 0.000215 0.002805 6.013824 7.517281
400 393 0.000279 0.001015 6.063507 7.579384
401 394 0.000357 0.003459 6.108337 7.635422
402 395 0.000111 0.006028 6.211945 7.764931
403 396 0.000110 0.007169 6.258270 7.822838
404 397 0.000173 0.008733 6.302734 7.878418
405 398 0.000000 0.009944 6.327820 7.909775
406 399 0.000109 0.011084 6.338593 7.923241
407 400 0.000076 0.010250 6.388580 7.985725
408 401 0.000214 0.009871 6.451721 8.064651
409 402 0.000213 0.009177 6.474182 8.092728
410 403 0.000106 0.005840 6.531036 8.163795
411 404 0.000129 0.005842 6.565613 8.207016
412 405 0.000074 0.007577 6.608032 8.260040
413 406 0.000000 0.006324 6.646790 8.308487
414 407 0.000219 0.006573 6.675690 8.344612
415 408 0.000000 0.008187 6.692993 8.366241
416 409 0.000073 0.007197 6.701965 8.377457
417 410 0.000103 0.011926 6.705811 8.382263
418 411 0.000163 0.011692 6.717133 8.396416
419 412 0.000392 0.009261 6.711792 8.389740
420 413 0.000309 0.006108 6.703827 8.379784
421 414 0.000399 0.007814 6.701782 8.377228
422 415 0.000282 0.004414 6.706146 8.382683
423 416 0.000163 0.005190 6.681671 8.352089
424 417 0.000104 0.002914 6.669067 8.336334
425 418 0.000274 0.003628 6.679077 8.348846
426 419 0.000389 0.007828 6.644257 8.305321
427 420 0.000180 0.008898 6.651794 8.314743
428 421 0.000361 0.009556 6.619080 8.273849
429 422 0.000331 0.014928 6.594208 8.242760
430 423 0.000165 0.014368 6.603302 8.254128
431 424 0.000209 0.016401 6.601807 8.252258
432 425 0.000105 0.017556 6.578949 8.223686
433 426 0.000074 0.008599 6.604950 8.256187
434 427 0.000000 0.009938 6.577698 8.222122
435 428 0.000105 0.008836 6.589722 8.237152
436 429 0.000105 0.009282 6.599701 8.249626
437 430 0.000074 0.009049 6.587402 8.234253
438 431 0.000235 0.007925 6.573242 8.216553
439 432 0.000106 0.007725 6.544739 8.180923
440 433 0.000075 0.006839 6.528748 8.160934
441 434 0.000130 0.006994 6.525208 8.156509
442 435 0.000150 0.008564 6.518127 8.147659
443 436 0.000238 0.008495 6.498291 8.122864
444 437 0.000106 0.009735 6.488770 8.110962
445 438 0.000151 0.008900 6.480072 8.100090
446 439 0.000131 0.008979 6.468262 8.085327
447 440 0.000107 0.010540 6.443726 8.054657
448 441 0.000132 0.011368 6.426941 8.033676
449 442 0.000152 0.010467 6.406708 8.008385
450 443 0.000076 0.011960 6.385376 7.981720
451 444 0.000109 0.010598 6.359436 7.949295
452 445 0.000267 0.011436 6.327423 7.909279
453 446 0.000000 0.010420 6.316528 7.895660
454 447 0.000109 0.010397 6.314606 7.893257
455 448 0.000245 0.010650 6.301483 7.876854
456 449 0.000220 0.010882 6.287201 7.859001
457 450 0.000220 0.010344 6.268433 7.835541
458 451 0.000441 0.010033 6.261475 7.826843
459 452 0.000584 0.010233 6.260498 7.825623
460 453 0.000313 0.010119 6.242859 7.803574
461 454 0.000176 0.012140 6.214111 7.767639
462 455 0.000112 0.009900 6.185913 7.732391
463 456 0.000079 0.010431 6.159912 7.699890
464 457 0.000000 0.010952 6.148651 7.685814
465 458 0.000138 0.010390 6.138275 7.672844
466 459 0.000000 0.010880 6.123535 7.654419
467 460 0.000000 0.010802 6.109833 7.637291
468 461 0.000179 0.009940 6.097717 7.622147
469 462 0.000179 0.009097 6.091888 7.614861
470 463 0.000160 0.009376 6.089905 7.612381
471 464 0.000161 0.010151 6.082672 7.603340
472 465 0.000000 0.010152 6.071106 7.588882
473 466 0.000114 0.009377 6.064545 7.580681
474 467 0.000114 0.008621 6.056030 7.570038
475 468 0.000161 0.008452 6.050598 7.563248
476 469 0.000000 0.009509 6.037628 7.547035
477 470 0.000115 0.006206 6.017731 7.522163
478 471 0.000081 0.003124 6.002167 7.502708
479 472 0.000116 0.006221 5.945648 7.432060
480 473 0.000166 0.005953 5.899963 7.374954
481 474 0.000145 0.004802 5.849182 7.311478
482 475 0.000119 0.004901 5.799683 7.249603
483 476 0.000170 0.007472 5.732178 7.165222
484 477 0.000244 0.006153 5.662720 7.078400
485 478 0.000124 0.007822 5.576080 6.970100
486 479 0.000234 0.005317 5.523590 6.904488
487 480 0.000283 0.006997 5.449524 6.811905
488 481 0.000128 0.006163 5.383270 6.729088
489 482 0.000206 0.007952 5.297302 6.621628
490 483 0.000093 0.003202 5.228088 6.535110
491 484 0.000190 0.006612 5.139008 6.423759
492 485 0.000137 0.009484 5.050507 6.313133
493 486 0.000139 0.011173 4.962250 6.202812
494 487 0.000283 0.011480 4.872803 6.091003
495 488 0.000145 0.011783 4.772980 5.966225
496 489 0.000147 0.004630 4.681793 5.852242
497 490 0.000301 0.006689 4.584198 5.730247
498 491 0.000406 0.007864 4.500031 5.625038
499 492 0.000156 0.002714 4.426239 5.532799
500 493 0.000252 0.003418 4.327423 5.409279
501 494 0.000162 0.002876 4.250854 5.313568
502 495 0.000287 0.003144 4.172302 5.215378
503 496 0.000292 0.007595 4.095978 5.119972
504 497 0.000365 0.007879 4.018616 5.023270
505 498 0.000350 0.007809 3.945862 4.932327
506 499 0.000253 0.011007 3.866577 4.833221
507 500 0.000222 0.012496 3.812714 4.765892
508 501 0.000320 0.015624 3.736511 4.670639
509 502 0.000297 0.017682 3.670044 4.587555
510 503 0.000235 0.017354 3.604675 4.505844
511 504 0.000194 0.014536 3.554230 4.442787
512 505 0.000368 0.013750 3.511108 4.388885
513 506 0.000198 0.011745 3.483887 4.354858
514 507 0.000141 0.012123 3.471466 4.339333
515 508 0.000000 0.009443 3.474731 4.343414
516 509 0.000140 0.007799 3.488403 4.360504
517 510 0.000139 0.008164 3.514832 4.393539
518 511 0.000195 0.005523 3.547485 4.434357
519 512 0.000136 0.007661 3.589142 4.486427
520 513 0.000190 0.008831 3.639343 4.549179
521 514 0.000229 0.005052 3.696350 4.620438
522 515 0.000184 0.007261 3.761017 4.701271
523 516 0.000221 0.007026 3.834015 4.792519
524 517 0.000250 0.004844 3.908997 4.886246
525 518 0.000245 0.007293 3.980560 4.975700
526 519 0.000209 0.006986 4.054932 5.068665
527 520 0.000374 0.007530 4.131866 5.164833
528 521 0.000232 0.007280 4.206177 5.257721
529 522 0.000342 0.004690 4.282166 5.352707
530 523 0.000275 0.007283 4.354126 5.442657
531 524 0.000156 0.006988 4.430969 5.538712
532 525 0.000153 0.008456 4.509918 5.637398
533 526 0.000000 0.006149 4.591675 5.739594
534 527 0.000276 0.007377 4.672333 5.840416
535 528 0.000272 0.008574 4.743347 5.929184
536 529 0.000352 0.008301 4.810822 6.013527
537 530 0.000224 0.006120 4.876831 6.096039
538 531 0.000242 0.006406 4.937622 6.172028
539 532 0.000138 0.006776 5.003693 6.254616
540 533 0.000136 0.005892 5.070251 6.337814
541 534 0.000252 0.007196 5.129547 6.411934
542 535 0.000163 0.006701 5.196472 6.495590
543 536 0.000308 0.003356 5.258453 6.573067
544 537 0.000184 0.005948 5.318512 6.648140
545 538 0.000000 0.003194 5.383087 6.728859
546 539 0.000090 0.003810 5.444641 6.805801
547 540 0.000089 0.002010 5.502930 6.878662
548 541 0.000176 0.001793 5.554291 6.942863
549 542 0.000087 0.001216 5.613831 7.017288
550 543 0.000122 0.001093 5.667084 7.083855
551 544 0.000000 0.002331 5.727600 7.159500
552 545 0.000084 0.001290 5.785492 7.231865
553 546 0.000084 0.003378 5.840179 7.300224
554 547 0.000117 0.003059 5.890472 7.363091
555 548 0.000082 0.000986 5.946899 7.433624
556 549 0.000182 0.005498 6.001129 7.501411
557 550 0.000114 0.004644 6.056274 7.570343
558 551 0.000139 0.004366 6.105438 7.631798
559 552 0.000159 0.006788 6.156311 7.695389
560 553 0.000000 0.005235 6.201508 7.751884
561 554 0.000000 0.006305 6.247040 7.808800
562 555 0.000220 0.008224 6.284576 7.855721
563 556 0.000232 0.007384 6.316406 7.895508
564 557 0.000255 0.007907 6.349915 7.937393
565 558 0.000306 0.007482 6.378265 7.972832
566 559 0.000315 0.007269 6.400299 8.000374
567 560 0.000294 0.006928 6.422028 8.027534
568 561 0.000313 0.005427 6.435699 8.044624
569 562 0.000185 0.007974 6.451752 8.064690
570 563 0.000200 0.009145 6.457306 8.071632
571 564 0.000200 0.008840 6.458649 8.073311
572 565 0.000151 0.007328 6.454926 8.068657
573 566 0.000263 0.008741 6.443146 8.053932
574 567 0.000339 0.011629 6.432159 8.040199
575 568 0.000357 0.009328 6.423126 8.028908
576 569 0.000275 0.009760 6.410614 8.013268
577 570 0.000324 0.010369 6.399811 7.999763
578 571 0.000265 0.008865 6.392761 7.990952
579 572 0.000265 0.010732 6.380646 7.975807
580 573 0.000254 0.010916 6.371521 7.964401
581 574 0.000266 0.011494 6.360687 7.950859
582 575 0.000154 0.008412 6.353699 7.942123
583 576 0.000308 0.007893 6.349030 7.936287
584 577 0.000602 0.007541 6.337891 7.922363
585 578 0.000134 0.005098 6.326141 7.907677
586 579 0.000189 0.005568 6.322083 7.902603
587 580 0.000278 0.005975 6.325317 7.906647
588 581 0.000173 0.007951 6.327118 7.908897
589 582 0.000244 0.012819 6.326904 7.908630
590 583 0.000218 0.014271 6.323700 7.904625
591 584 0.000663 0.017457 6.333405 7.916756
592 585 0.000218 0.019376 6.341339 7.926674
593 586 0.000231 0.020969 6.351410 7.939262
594 587 0.000217 0.022947 6.358124 7.947655
595 588 0.000254 0.026721 6.371704 7.964630
596 589 0.000187 0.026761 6.379730 7.974663
597 590 0.000216 0.027982 6.387360 7.984200
598 591 0.000108 0.026929 6.389008 7.986259
599 592 0.000187 0.029996 6.391815 7.989769
600 593 0.000216 0.030745 6.392181 7.990227
601 594 0.000153 0.029049 6.391357 7.989197
602 595 0.000202 0.025120 6.382233 7.977791
603 596 0.000254 0.020516 6.380219 7.975273
604 597 0.000242 0.017268 6.368683 7.960854
605 598 0.000172 0.016616 6.363312 7.954140
606 599 0.000133 0.009866 6.354462 7.943077
607 600 0.000154 0.006868 6.346649 7.933311
608 601 0.000133 0.005393 6.340729 7.925911
609 602 0.000133 0.004892 6.336975 7.921219
610 603 0.000000 0.005302 6.336151 7.920189
611 604 0.000000 0.005274 6.347321 7.934151
612 605 0.000109 0.006018 6.357269 7.946587
613 606 0.000000 0.007506 6.369568 7.961960
614 607 0.000000 0.008218 6.385498 7.981873
615 608 0.000000 0.007290 6.393982 7.992477
616 609 0.000076 0.006367 6.399017 7.998772
617 610 0.000132 0.005197 6.386444 7.983055
618 611 0.000108 0.007521 6.372864 7.966080
619 612 0.000000 0.006619 6.346588 7.933235
620 613 0.000077 0.008087 6.315582 7.894478
621 614 0.000000 0.010951 6.283569 7.854462
622 615 0.000110 0.010693 6.257782 7.822227
623 616 0.000111 0.013575 6.229004 7.786255
624 617 0.000284 0.012827 6.206421 7.758026
625 618 0.000137 0.016634 6.172363 7.715454
626 619 0.000000 0.014233 6.147675 7.684593
627 620 0.000080 0.014780 6.128815 7.661018
628 621 0.000179 0.015846 6.099945 7.624931
629 622 0.000080 0.013950 6.071869 7.589836
630 623 0.000198 0.013561 6.034821 7.543526
631 624 0.000081 0.014050 5.999420 7.499275
632 625 0.000271 0.011643 5.970978 7.463722
633 626 0.000082 0.012825 5.941315 7.426643
634 627 0.000117 0.009938 5.921448 7.401810
635 628 0.000117 0.008349 5.906860 7.383575
636 629 0.000166 0.006284 5.882690 7.353363
637 630 0.000166 0.004892 5.868469 7.335587
638 631 0.000236 0.004325 5.862488 7.328110
639 632 0.000166 0.005615 5.875458 7.344322
640 633 0.000185 0.005391 5.893677 7.367096
641 634 0.000083 0.004988 5.905579 7.381973
642 635 0.000000 0.006270 5.922150 7.402687
643 636 0.000183 0.007777 5.970520 7.463150
644 637 0.000081 0.007766 6.002258 7.502823
645 638 0.000289 0.009410 6.088531 7.610664
646 639 0.000080 0.007899 6.102478 7.628098
647 640 0.000159 0.007652 6.146484 7.683105
648 641 0.000112 0.007417 6.190735 7.738419
649 642 0.000135 0.008940 6.241577 7.801971
650 643 0.000206 0.010407 6.260254 7.825317
651 644 0.000000 0.008538 6.306061 7.882576
652 645 0.000110 0.019609 6.291687 7.864609
653 646 0.000109 0.013714 6.337952 7.922440
654 647 0.000203 0.010689 6.353851 7.942314
655 648 0.000230 0.011779 6.359406 7.949257
656 649 0.000172 0.008960 6.353271 7.941589
657 650 0.000218 0.010968 6.348572 7.935715
658 651 0.000077 0.009474 6.343231 7.929039
659 652 0.000000 0.009191 6.341309 7.926636
660 653 0.000000 0.012917 6.322266 7.902832
661 654 0.000190 0.014741 6.295837 7.869797
662 655 0.000191 0.016832 6.260864 7.826080
663 656 0.000192 0.016239 6.222717 7.778397
664 657 0.000237 0.014822 6.180145 7.725182
665 658 0.000138 0.014027 6.133942 7.667427
666 659 0.000161 0.014112 6.064117 7.580147
667 660 0.000115 0.012962 5.999847 7.499809
668 661 0.000000 0.013307 5.925964 7.407455
669 662 0.000167 0.014512 5.857758 7.322197
670 663 0.000146 0.015488 5.782684 7.228355
671 664 0.000283 0.014810 5.720306 7.150383
672 665 0.000122 0.013913 5.651306 7.064133
673 666 0.000000 0.012231 5.601868 7.002335
674 667 0.000176 0.011449 5.557648 6.947060
675 668 0.000153 0.009915 5.517761 6.897202
676 669 0.000154 0.010594 5.475983 6.844978
677 670 0.000127 0.010901 5.444000 6.805000
678 671 0.000486 0.014906 5.414276 6.767845
679 672 0.000339 0.013179 5.387878 6.734848
680 673 0.000418 0.014560 5.358032 6.697540
681 674 0.000182 0.012762 5.351074 6.688843
682 675 0.000130 0.013836 5.324585 6.655731
683 676 0.000130 0.013649 5.326904 6.658630
684 677 0.000183 0.015179 5.337158 6.671448
685 678 0.000303 0.016767 5.346191 6.682739
686 679 0.000241 0.016592 5.357605 6.697006
687 680 0.000288 0.014477 5.358643 6.698303
688 681 0.000275 0.012762 5.322388 6.652985
689 682 0.000159 0.009804 5.318787 6.648483
690 683 0.000206 0.009058 5.289978 6.612473
691 684 0.000187 0.005260 5.231689 6.539612
692 685 0.000164 0.003586 5.161987 6.452484
693 686 0.000136 0.006523 5.090149 6.362686
694 687 0.000137 0.008729 5.027893 6.284866
695 688 0.000139 0.008953 4.955811 6.194763
696 689 0.000141 0.010450 4.881470 6.101837
697 690 0.000175 0.007659 4.819519 6.024399
698 691 0.000000 0.012815 4.730713 5.913391
699 692 0.000000 0.012285 4.662109 5.827637
700 693 0.000184 0.012371 4.600647 5.750809
701 694 0.000108 0.013595 4.502014 5.627518
702 695 0.000000 0.010441 4.450806 5.563507
703 696 0.000000 0.013370 4.349426 5.436783
704 697 0.000162 0.018058 4.253235 5.316544
705 698 0.000116 0.014834 4.194397 5.242996
706 699 0.000000 0.016510 4.115479 5.144348
707 700 0.000243 0.019819 4.023010 5.028763
708 701 0.000000 0.016439 3.960144 4.950180
709 702 0.000126 0.019325 3.868469 4.835587
710 703 0.000128 0.015466 3.802124 4.752655
711 704 0.000186 0.014476 3.720947 4.651184
712 705 0.000134 0.016294 3.647217 4.559021
713 706 0.000194 0.015134 3.563232 4.454041
714 707 0.000281 0.018262 3.481445 4.351807
715 708 0.000203 0.017881 3.400696 4.250870
716 709 0.000000 0.018086 3.317627 4.147034
717 710 0.000212 0.014555 3.249573 4.061966
718 711 0.000309 0.021061 3.156982 3.946228
719 712 0.000159 0.017958 3.063660 3.829575
720 713 0.000164 0.022073 2.978210 3.722763
721 714 0.000239 0.022334 2.883240 3.604050
722 715 0.000247 0.019202 2.801025 3.501282
723 716 0.000312 0.023259 2.712036 3.390045
724 717 0.000000 0.028456 2.618469 3.273087
725 718 0.000272 0.024809 2.543335 3.179169
726 719 0.000000 0.026528 2.464966 3.081207
727 720 0.000000 0.021183 2.388367 2.985458
728 721 0.000211 0.020811 2.317139 2.896423
729 722 0.000435 0.024000 2.242859 2.803574
730 723 0.000224 0.020508 2.183533 2.729416
731 724 0.000512 0.026814 2.132080 2.665100
732 725 0.000467 0.018589 2.091370 2.614212
733 726 0.000411 0.013925 2.055908 2.569885
734 727 0.000341 0.017075 2.027283 2.534103
735 728 0.000486 0.010522 2.009033 2.511292
736 729 0.000490 0.013111 1.994202 2.492752
737 730 0.000551 0.013762 1.982239 2.477798
738 731 0.000349 0.010221 1.977600 2.472000
739 732 0.000606 0.010757 1.973816 2.467270
740 733 0.000000 0.020689 1.987793 2.484741
741 734 0.000000 0.023627 2.002930 2.503662
742 735 0.000000 0.026407 2.023438 2.529297
743 736 0.000000 0.024163 2.054504 2.568130
744 737 0.000233 0.021589 2.093750 2.617188
745 738 0.000229 0.018981 2.134460 2.668076
746 739 0.000391 0.018976 2.164612 2.705765
747 740 0.000315 0.011223 2.190308 2.737885
748 741 0.000539 0.007815 2.217468 2.771835
749 742 0.000439 0.013277 2.225891 2.782364
750 743 0.000538 0.020354 2.223816 2.779770
751 744 0.000964 0.024043 2.207397 2.759247
752 745 0.000925 0.018698 2.176392 2.720490
753 746 0.000719 0.023047 2.146301 2.682877
754 747 0.000933 0.022858 2.093506 2.616882
755 748 0.000633 0.033254 2.039368 2.549210
756 749 0.000498 0.044279 1.962646 2.453308
757 750 0.000870 0.046006 1.943359 2.429199
758 751 0.000809 0.052325 1.908813 2.386017
759 752 0.001320 0.058177 1.886719 2.358398
760 753 0.000906 0.066642 1.867920 2.334900
761 754 0.001324 0.064242 1.880859 2.351074
762 755 0.001122 0.055960 1.897766 2.372208
763 756 0.000940 0.051354 1.942993 2.428741
764 757 0.001259 0.036384 1.939819 2.424774
765 758 0.000499 0.033055 1.958191 2.447739
766 759 0.000498 0.024696 1.959778 2.449722
767 760 0.000928 0.013326 1.969543 2.461929
768 761 0.000756 0.003797 1.936646 2.420807
769 762 0.000727 0.007953 1.900146 2.375183
770 763 0.000583 0.015970 1.872437 2.340546
771 764 0.000761 0.015128 1.814697 2.268372
772 765 0.000839 0.013388 1.746887 2.183609
773 766 0.000706 0.012506 1.693054 2.116318
774 767 0.000427 0.007732 1.617493 2.021866
775 768 0.000998 0.015274 1.546570 1.933212
776 769 0.001478 0.012213 1.477417 1.846771
777 770 0.001515 0.023930 1.405273 1.756592
778 771 0.004177 0.048039 1.322632 1.653290
779 772 0.001356 0.051861 1.247375 1.559219
780 773 0.001518 0.068369 1.159485 1.449356
781 774 0.002011 0.056095 1.086060 1.357574
782 775 0.001575 0.064852 1.028198 1.285248
783 776 0.000708 0.101840 0.975647 1.219559
784 777 0.000762 0.119529 0.906006 1.132507
785 778 0.004822 0.115058 0.859253 1.074066
786 779 0.000598 0.120045 0.816162 1.020203
787 780 0.001252 0.118174 0.779785 0.974731
788 781 0.001315 0.151627 0.742859 0.928574
789 782 0.001385 0.156847 0.705139 0.881424
790 783 0.002795 0.150830 0.653564 0.816956
791 784 0.002112 0.126032 0.611755 0.764694
792 785 0.003168 0.112055 0.576660 0.720825
793 786 0.003437 0.125257 0.531494 0.664368
794 787 0.001984 0.123817 0.492126 0.615158
795 788 0.003991 0.076097 0.457764 0.572205
796 789 0.002551 0.062772 0.427979 0.534973
797 790 0.002983 0.028583 0.400940 0.501175
798 791 0.002227 0.029042 0.379822 0.474777
799 792 0.003060 0.033506 0.356812 0.446014
800 793 0.002029 0.050679 0.340271 0.425339
