10 3 0.000052 0.007901 9.301075 11.626344
11 4 0.000000 0.007684 9.320156 11.650195
12 5 0.000052 0.008092 9.349792 11.687241
13 6 0.000090 0.007796 9.374254 11.717817
14 7 0.000104 0.007424 9.396556 11.745695
15 8 0.000090 0.006687 9.417893 11.772367
16 9 0.000052 0.008338 9.437962 11.797452
17 10 0.000073 0.006680 9.464870 11.831088
18 11 0.000115 0.004886 9.492909 11.866137
19 12 0.000199 0.004483 9.519303 11.899129
20 13 0.000051 0.004967 9.539366 11.924208
21 14 0.000051 0.004440 9.561403 11.951754
22 15 0.000072 0.004560 9.584885 11.981106
23 16 0.000124 0.003740 9.610088 12.012610
24 17 0.000143 0.003673 9.631001 12.038751
25 18 0.000202 0.003238 9.647173 12.058966
26 19 0.000286 0.005401 9.663792 12.079740
27 20 0.000087 0.004107 9.689455 12.111818
28 21 0.000101 0.005248 9.713060 12.141325
29 22 0.000050 0.003712 9.733343 12.166679
30 23 0.000100 0.004885 9.756325 12.195406
31 24 0.000071 0.004098 9.777504 12.221880
32 25 0.000086 0.005003 9.802521 12.253151
33 26 0.000111 0.005407 9.818985 12.273731
34 27 0.000070 0.004665 9.834797 12.293496
35 28 0.000000 0.005397 9.852509 12.315636
36 29 0.000070 0.005416 9.879406 12.349257
37 30 0.000110 0.004665 9.899166 12.373958
38 31 0.000098 0.006748 9.918560 12.398200
39 32 0.000069 0.006984 9.939762 12.424703
40 33 0.000000 0.007252 9.957569 12.446961
41 34 0.000069 0.006655 9.976448 12.470560
42 35 0.000098 0.007005 9.989555 12.486944
43 36 0.000069 0.008312 9.995045 12.493806
44 37 0.000069 0.008403 10.001999 12.502499
45 38 0.000154 0.007056 10.000633 12.500792
46 39 0.000085 0.008203 9.995876 12.494845
47 40 0.000000 0.010159 9.988266 12.485332
48 41 0.000000 0.010030 9.973854 12.467318
49 42 0.000085 0.007002 9.958668 12.448335
50 43 0.000000 0.008361 9.943489 12.429361
51 44 0.000070 0.008986 9.928082 12.410102
52 45 0.000000 0.010326 9.913113 12.391391
53 46 0.000121 0.008767 9.889099 12.361374
54 47 0.000140 0.007648 9.871765 12.339706
55 48 0.000121 0.007886 9.856339 12.320423
56 49 0.000111 0.009300 9.838921 12.298651
57 50 0.000099 0.008543 9.820152 12.275190
58 51 0.000050 0.007878 9.796509 12.245636
59 52 0.000100 0.007542 9.772224 12.215281
60 53 0.000000 0.007127 9.758430 12.198038
61 54 0.000123 0.007478 9.742363 12.177954
62 55 0.000100 0.007745 9.722214 12.152767
63 56 0.000071 0.007699 9.710571 12.138214
64 57 0.000071 0.006857 9.695358 12.119198
65 58 0.000071 0.006887 9.682198 12.102747
66 59 0.000101 0.005523 9.665604 12.082005
67 60 0.000051 0.003431 9.645462 12.056828
68 61 0.000072 0.006357 9.621162 12.026453
69 62 0.000051 0.005491 9.596779 11.995974
70 63 0.000051 0.004160 9.565353 11.956692
71 64 0.000089 0.004614 9.538193 11.922741
72 65 0.000051 0.006373 9.510765 11.888456
73 66 0.000051 0.007892 9.487053 11.858816
74 67 0.000146 0.011044 9.466209 11.832762
75 68 0.000155 0.007709 9.444626 11.805782
76 69 0.000073 0.013087 9.425781 11.782227
77 70 0.000127 0.012867 9.408852 11.761065
78 71 0.000147 0.014643 9.401779 11.752224
79 72 0.000156 0.011709 9.393143 11.741428
80 73 0.000116 0.014181 9.386421 11.733027
81 74 0.000052 0.014326 9.373360 11.716700
82 75 0.000052 0.014174 9.361366 11.701708
83 76 0.000074 0.008066 9.346252 11.682816
84 77 0.000052 0.011528 9.341492 11.676865
85 78 0.000052 0.007327 9.329666 11.662083
86 79 0.000000 0.007777 9.322792 11.653490
87 80 0.000074 0.004170 9.318130 11.647663
88 81 0.000000 0.004068 9.329124 11.661406
89 82 0.000052 0.005937 9.364777 11.705971
90 83 0.000052 0.011121 9.397141 11.746426
91 84 0.000090 0.009693 9.425102 11.781378
92 85 0.000000 0.012663 9.445908 11.807384
93 86 0.000052 0.014163 9.467384 11.834230
94 87 0.000073 0.017436 9.490891 11.863613
95 88 0.000103 0.020778 9.505379 11.881723
96 89 0.000073 0.014723 9.489937 11.862421
97 90 0.000103 0.013772 9.488091 11.860113
98 91 0.000000 0.012515 9.480598 11.850748
99 92 0.000052 0.014100 9.480415 11.850519
100 93 0.000073 0.012949 9.470703 11.838379
101 94 0.000089 0.011449 9.465317 11.831646
102 95 0.000089 0.010518 9.457932 11.822414
103 96 0.000000 0.012283 9.459671 11.824589
104 97 0.000000 0.011429 9.454956 11.818695
105 98 0.000052 0.011428 9.450745 11.813431
106 99 0.000090 0.010575 9.445267 11.806583
107 100 0.000103 0.009674 9.442657 11.803322
108 101 0.000073 0.010345 9.443756 11.804695
109 102 0.000052 0.010003 9.442749 11.803436
110 103 0.000127 0.010390 9.437469 11.796837
111 104 0.000090 0.009091 9.431793 11.789742
112 105 0.000073 0.009599 9.430023 11.787529
113 106 0.000146 0.010701 9.429184 11.786480
114 107 0.000073 0.006352 9.434433 11.793041
115 108 0.000073 0.006607 9.431488 11.789360
116 109 0.000090 0.004089 9.431274 11.789093
117 110 0.000155 0.003629 9.432755 11.790943
118 111 0.000090 0.003278 9.439499 11.799374
119 112 0.000052 0.006309 9.443329 11.804161
120 113 0.000090 0.007057 9.446960 11.808701
121 114 0.000103 0.006919 9.449463 11.811829
122 115 0.000115 0.008900 9.457764 11.822205
123 116 0.000073 0.008688 9.469818 11.837273
124 117 0.000089 0.009209 9.483353 11.854191
125 118 0.000126 0.009368 9.492584 11.865730
126 119 0.000162 0.012816 9.507294 11.884117
127 120 0.000145 0.012033 9.525497 11.906872
128 121 0.000125 0.012538 9.550644 11.938305
129 122 0.000144 0.013537 9.571899 11.964874
130 123 0.000114 0.014084 9.587341 11.984177
131 124 0.000114 0.015625 9.602554 12.003193
132 125 0.000101 0.016662 9.624115 12.030144
133 126 0.000113 0.013487 9.638962 12.048702
134 127 0.000101 0.012282 9.658432 12.073040
135 128 0.000124 0.011918 9.676208 12.095261
136 129 0.000101 0.012273 9.692093 12.115116
137 130 0.000151 0.010497 9.715027 12.143784
138 131 0.000071 0.009496 9.741180 12.176476
139 132 0.000050 0.010341 9.764526 12.205658
140 133 0.000000 0.012433 9.793259 12.241573
141 134 0.000050 0.012884 9.813431 12.266788
142 135 0.000070 0.011978 9.837875 12.297344
143 136 0.000086 0.013263 9.862015 12.327518
144 137 0.000000 0.016841 9.884613 12.355766
145 138 0.000049 0.017080 9.903442 12.379303
146 139 0.000121 0.016188 9.922791 12.403488
147 140 0.000147 0.014553 9.948364 12.435455
148 141 0.000000 0.013202 9.977692 12.472115
149 142 0.000000 0.012837 9.996811 12.496014
150 143 0.000049 0.012690 10.015076 12.518845
151 144 0.000049 0.009010 10.040924 12.551155
152 145 0.000069 0.007297 10.070053 12.587566
153 146 0.000068 0.005588 10.101410 12.626762
154 147 0.000068 0.004604 10.129654 12.662067
155 148 0.000083 0.003834 10.152283 12.690353
156 149 0.000096 0.006273 10.183731 12.729664
157 150 0.000068 0.004697 10.218185 12.772732
158 151 0.000083 0.004777 10.245422 12.806778
159 152 0.000067 0.004857 10.276382 12.845478
160 153 0.000047 0.004975 10.298553 12.873192
161 154 0.000000 0.004136 10.322922 12.903652
162 155 0.000067 0.003987 10.346512 12.933140
163 156 0.000047 0.004983 10.366928 12.958660
164 157 0.000000 0.004191 10.384811 12.981014
165 158 0.000047 0.004777 10.400879 13.001099
166 159 0.000081 0.004563 10.411301 13.014126
167 160 0.000066 0.005355 10.428131 13.035164
168 161 0.000000 0.005698 10.438583 13.048229
169 162 0.000066 0.006505 10.450180 13.062725
170 163 0.000066 0.007928 10.461960 13.077450
171 164 0.000066 0.007032 10.477509 13.096886
172 165 0.000114 0.006115 10.491745 13.114681
173 166 0.000066 0.007624 10.511337 13.139172
174 167 0.000080 0.007587 10.528046 13.160057
175 168 0.000104 0.005808 10.547546 13.184433
176 169 0.000131 0.005536 10.566589 13.208237
177 170 0.000092 0.005421 10.586380 13.232975
178 171 0.000000 0.004292 10.605255 13.256569
179 172 0.000113 0.005090 10.620331 13.275414
180 173 0.000046 0.004664 10.638062 13.297577
181 174 0.000102 0.005047 10.654755 13.318443
182 175 0.000000 0.006030 10.671417 13.339272
183 176 0.000121 0.006805 10.688080 13.360100
184 177 0.000102 0.007442 10.701462 13.376827
185 178 0.000164 0.007388 10.715057 13.393822
186 179 0.000079 0.006891 10.733658 13.417072
187 180 0.000144 0.007562 10.740280 13.425350
188 181 0.000128 0.008031 10.750504 13.438129
189 182 0.000079 0.006514 10.755890 13.444862
190 183 0.000111 0.006113 10.770447 13.463058
191 184 0.000091 0.007965 10.777161 13.471451
192 185 0.000143 0.010341 10.778748 13.473434
193 186 0.000000 0.010452 10.779358 13.474197
194 187 0.000064 0.009710 10.786194 13.482742
195 188 0.000101 0.010842 10.795105 13.493881
196 189 0.000078 0.011619 10.799377 13.499222
197 190 0.000157 0.013698 10.800323 13.500404
198 191 0.000064 0.012948 10.801178 13.501472
199 192 0.000064 0.012892 10.811890 13.514862
200 193 0.000064 0.012577 10.823151 13.528938
201 194 0.000110 0.013613 10.835754 13.544693
202 195 0.000064 0.012501 10.839844 13.549805
203 196 0.000127 0.012811 10.842468 13.553085
204 197 0.000090 0.012007 10.850342 13.562927
205 198 0.000127 0.011089 10.862274 13.577843
206 199 0.000110 0.009907 10.868683 13.585854
207 200 0.000119 0.008337 10.876801 13.596001
208 201 0.000078 0.007902 10.885162 13.606453
209 202 0.000127 0.007607 10.903656 13.629570
210 203 0.000148 0.006137 10.930420 13.663025
211 204 0.000109 0.004900 10.953613 13.692017
212 205 0.000133 0.004552 10.986237 13.732796
213 206 0.000109 0.005425 11.013824 13.767281
214 207 0.000133 0.005933 11.046814 13.808517
215 208 0.000139 0.006706 11.080750 13.850937
216 209 0.000116 0.007071 11.110687 13.888359
217 210 0.000044 0.007091 11.141968 13.927460
218 211 0.000116 0.007059 11.171661 13.964577
219 212 0.000087 0.007543 11.199554 13.999443
220 213 0.000062 0.008384 11.226837 14.033546
221 214 0.000061 0.008479 11.258850 14.073563
222 215 0.000087 0.007698 11.289581 14.111977
223 216 0.000136 0.008929 11.319366 14.149208
224 217 0.000075 0.009080 11.344727 14.180908
225 218 0.000096 0.008808 11.367035 14.208794
226 219 0.000136 0.008967 11.384308 14.230385
227 220 0.000129 0.008595 11.398621 14.248276
228 221 0.000096 0.008918 11.403259 14.254074
229 222 0.000061 0.009867 11.405701 14.257126
230 223 0.000096 0.008636 11.403412 14.254265
231 224 0.000160 0.009526 11.401672 14.252090
232 225 0.000074 0.007652 11.390350 14.237938
233 226 0.000061 0.008013 11.378754 14.223442
234 227 0.000086 0.007747 11.365936 14.207420
235 228 0.000096 0.008537 11.344818 14.181023
236 229 0.000061 0.007931 11.326691 14.158363
237 230 0.000075 0.008056 11.307739 14.134674
238 231 0.000000 0.006550 11.298492 14.123116
239 232 0.000000 0.006920 11.286407 14.108009
240 233 0.000043 0.007946 11.265869 14.082336
241 234 0.000061 0.006640 11.255432 14.069290
242 235 0.000097 0.006286 11.247589 14.059486
243 236 0.000043 0.007799 11.234070 14.042587
244 237 0.000123 0.005457 11.221008 14.026260
245 238 0.000062 0.007805 11.202179 14.002724
246 239 0.000087 0.007117 11.187317 13.984146
247 240 0.000124 0.006697 11.180847 13.976059
248 241 0.000098 0.007299 11.169281 13.961601
249 242 0.000062 0.007891 11.160461 13.950577
250 243 0.000088 0.007432 11.153778 13.942223
251 244 0.000044 0.007205 11.144531 13.930664
252 245 0.000088 0.007859 11.143768 13.929710
253 246 0.000098 0.007775 11.149445 13.936806
254 247 0.000000 0.007495 11.153748 13.942184
255 248 0.000044 0.008507 11.168365 13.960457
256 249 0.000138 0.006958 11.166382 13.957977
257 250 0.000075 0.008243 11.215515 14.019394
258 251 0.000174 0.008687 11.240143 14.050179
259 252 0.000107 0.008457 11.198273 13.997841
260 253 0.000075 0.008175 11.207214 14.009018
261 254 0.000209 0.006792 11.215485 14.019356
262 255 0.000097 0.007189 11.223907 14.029884
263 256 0.000087 0.008315 11.248260 14.060326
264 257 0.000087 0.006037 11.228485 14.035606
265 258 0.000250 0.007279 11.228912 14.036140
266 259 0.000087 0.005866 11.289642 14.112053
267 260 0.000106 0.006964 11.301331 14.126663
268 261 0.000173 0.007541 11.315887 14.144859
269 262 0.000043 0.007029 11.331635 14.164543
270 263 0.000129 0.012567 11.340454 14.175568
