10 3 0.001090 0.010386 8.347080 10.433850
11 4 0.000902 0.008141 8.347498 10.434372
12 5 0.000844 0.006520 8.344070 10.430088
13 6 0.000872 0.005942 8.346729 10.433412
14 7 0.000848 0.007735 8.345057 10.431322
15 8 0.000831 0.007058 8.347116 10.433894
16 9 0.000616 0.005599 8.351098 10.438872
17 10 0.000320 0.004836 8.353127 10.441409
18 11 0.000165 0.005333 8.355519 10.444399
19 12 0.000000 0.005051 8.358127 10.447659
20 13 0.000000 0.005260 8.359164 10.448956
21 14 0.000000 0.004643 8.362154 10.452692
22 15 0.000083 0.004314 8.365032 10.456290
23 16 0.000143 0.005130 8.368107 10.460134
24 17 0.000083 0.005414 8.370007 10.462508
25 18 0.000058 0.002937 8.366776 10.458469
26 19 0.000130 0.002560 8.372322 10.465403
27 20 0.000143 0.003119 8.382267 10.477834
28 21 0.000117 0.002933 8.376780 10.470974
29 22 0.000000 0.003257 8.375231 10.469038
30 23 0.000130 0.004110 8.374523 10.468154
31 24 0.000117 0.004561 8.376011 10.470014
32 25 0.000082 0.003901 8.382582 10.478228
33 26 0.000082 0.004161 8.381659 10.477074
34 27 0.000058 0.003255 8.374691 10.468364
35 28 0.000058 0.004517 8.382713 10.478392
36 29 0.000101 0.005129 8.385365 10.481706
37 30 0.000000 0.005096 8.387409 10.484262
38 31 0.000000 0.004527 8.390560 10.488200
39 32 0.000082 0.005395 8.393227 10.491533
40 33 0.000116 0.004620 8.399681 10.499601
41 34 0.000116 0.005914 8.405407 10.506759
42 35 0.000142 0.005598 8.407612 10.509515
43 36 0.000142 0.005235 8.411083 10.513854
44 37 0.000116 0.004575 8.412205 10.515256
45 38 0.000000 0.004697 8.417328 10.521660
46 39 0.000130 0.005499 8.420612 10.525765
47 40 0.000153 0.006527 8.420265 10.525331
48 41 0.000082 0.005454 8.424786 10.530982
49 42 0.000058 0.004749 8.430847 10.538559
50 43 0.000116 0.003587 8.435867 10.544834
51 44 0.000000 0.004140 8.438267 10.547833
52 45 0.000082 0.003937 8.436546 10.545683
53 46 0.000100 0.004515 8.434536 10.543170
54 47 0.000116 0.004638 8.429634 10.537043
55 48 0.000116 0.004436 8.425018 10.531273
56 49 0.000000 0.004847 8.417435 10.521793
57 50 0.000116 0.004458 8.404995 10.506244
58 51 0.000130 0.004040 8.395767 10.494709
59 52 0.000165 0.004717 8.383198 10.478997
60 53 0.000082 0.003674 8.371296 10.464120
61 54 0.000000 0.003555 8.357452 10.446815
62 55 0.000166 0.005068 8.339905 10.424881
63 56 0.000083 0.005340 8.320656 10.400820
64 57 0.000132 0.004372 8.302216 10.377769
65 58 0.000118 0.005031 8.283279 10.354099
66 59 0.000059 0.005037 8.270477 10.338097
67 60 0.000177 0.006820 8.254219 10.317774
68 61 0.000133 0.006120 8.233887 10.292358
69 62 0.000084 0.005067 8.213020 10.266275
70 63 0.000206 0.005779 8.193886 10.242357
71 64 0.000119 0.006211 8.178268 10.222836
72 65 0.000120 0.004561 8.162445 10.203056
73 66 0.000120 0.005821 8.138535 10.173168
74 67 0.000000 0.005698 8.117798 10.147247
75 68 0.000085 0.004355 8.101776 10.127220
76 69 0.000135 0.005606 8.087883 10.109854
77 70 0.000085 0.003921 8.082764 10.103455
78 71 0.000148 0.004973 8.078758 10.098448
79 72 0.000086 0.006119 8.075867 10.094833
80 73 0.000085 0.005471 8.078079 10.097599
81 74 0.000121 0.006462 8.079010 10.098763
82 75 0.000085 0.008457 8.088234 10.110292
83 76 0.000085 0.007639 8.098083 10.122604
84 77 0.000060 0.009291 8.113335 10.141668
85 78 0.000085 0.009227 8.133827 10.167284
86 79 0.000060 0.008488 8.159233 10.199041
87 80 0.000103 0.010009 8.188301 10.235376
88 81 0.000103 0.010152 8.227043 10.283804
89 82 0.000118 0.009468 8.266998 10.333748
90 83 0.000083 0.009728 8.306915 10.383644
91 84 0.000083 0.009337 8.343391 10.429239
92 85 0.000058 0.009055 8.374809 10.468512
93 86 0.000058 0.010041 8.406303 10.507879
94 87 0.000000 0.008992 8.436836 10.546045
95 88 0.000000 0.008937 8.460884 10.576105
96 89 0.000000 0.008647 8.480728 10.600910
97 90 0.000000 0.008798 8.500740 10.625925
98 91 0.000000 0.009178 8.518501 10.648127
99 92 0.000057 0.009200 8.536774 10.670967
100 93 0.000057 0.008955 8.551552 10.689440
101 94 0.000114 0.008689 8.567032 10.708790
102 95 0.000000 0.010914 8.580330 10.725412
103 96 0.000080 0.010942 8.602562 10.753202
104 97 0.000080 0.009738 8.622757 10.778446
105 98 0.000080 0.010215 8.640770 10.800962
106 99 0.000000 0.009300 8.661255 10.826569
107 100 0.000097 0.008432 8.682907 10.853634
108 101 0.000079 0.008641 8.700951 10.876188
109 102 0.000125 0.007308 8.721092 10.901365
110 103 0.000112 0.007065 8.735329 10.919161
111 104 0.000112 0.008199 8.752563 10.940704
112 105 0.000111 0.006552 8.773590 10.966988
113 106 0.000176 0.006600 8.790718 10.988398
114 107 0.000136 0.006186 8.803841 11.004801
115 108 0.000111 0.007605 8.820969 11.026211
116 109 0.000055 0.006158 8.838043 11.047554
117 110 0.000078 0.007601 8.856400 11.070499
118 111 0.000078 0.006748 8.873947 11.092434
119 112 0.000000 0.008195 8.885834 11.107292
120 113 0.000078 0.008468 8.895264 11.119080
121 114 0.000095 0.008150 8.903137 11.128922
122 115 0.000110 0.007710 8.906235 11.132793
123 116 0.000078 0.006901 8.906158 11.132698
124 117 0.000055 0.006311 8.898361 11.122952
125 118 0.000095 0.007040 8.888580 11.110725
126 119 0.000000 0.005431 8.878433 11.098042
127 120 0.000078 0.005322 8.874512 11.093140
128 121 0.000055 0.005571 8.867157 11.083946
129 122 0.000000 0.005241 8.862442 11.078053
130 123 0.000000 0.005116 8.859039 11.073799
131 124 0.000000 0.006136 8.854095 11.067619
132 125 0.000000 0.005826 8.853058 11.066322
133 126 0.000078 0.007523 8.850693 11.063366
134 127 0.000055 0.007944 8.842468 11.053085
135 128 0.000000 0.007763 8.841080 11.051350
136 129 0.000078 0.007696 8.840271 11.050339
137 130 0.000000 0.009858 8.838425 11.048031
138 131 0.000078 0.007819 8.840103 11.050129
139 132 0.000055 0.008277 8.838074 11.047592
140 133 0.000078 0.007006 8.841644 11.052055
141 134 0.000078 0.006764 8.844711 11.055889
142 135 0.000055 0.007480 8.848755 11.060944
143 136 0.000078 0.009633 8.848358 11.060448
144 137 0.000000 0.007212 8.850861 11.063576
145 138 0.000096 0.007674 8.849243 11.061554
146 139 0.000110 0.008160 8.854538 11.068172
147 140 0.000135 0.007083 8.852417 11.065521
148 141 0.000096 0.008341 8.849258 11.061573
149 142 0.000078 0.008085 8.844788 11.055984
150 143 0.000055 0.007758 8.842697 11.053371
151 144 0.000110 0.007772 8.843140 11.053925
152 145 0.000096 0.007149 8.839066 11.048832
153 146 0.000111 0.006659 8.821320 11.026649
154 147 0.000000 0.006398 8.807785 11.009731
155 148 0.000079 0.005994 8.794189 10.992737
156 149 0.000000 0.005875 8.779510 10.974388
157 150 0.000079 0.005906 8.763229 10.954037
158 151 0.000056 0.006957 8.737640 10.922050
159 152 0.000079 0.007828 8.714737 10.893421
160 153 0.000079 0.007823 8.695816 10.869770
161 154 0.000080 0.007960 8.673111 10.841389
162 155 0.000056 0.007853 8.647095 10.808868
163 156 0.000080 0.009222 8.617279 10.771599
164 157 0.000099 0.009033 8.584702 10.730877
165 158 0.000114 0.009621 8.553360 10.691700
166 159 0.000140 0.010385 8.520874 10.651093
167 160 0.000000 0.010304 8.484634 10.605793
168 161 0.000058 0.009626 8.445663 10.557079
169 162 0.000000 0.011044 8.403641 10.504551
170 163 0.000058 0.010806 8.356735 10.445919
171 164 0.000059 0.011157 8.300674 10.375843
172 165 0.000059 0.010767 8.235611 10.294514
173 166 0.000060 0.010293 8.163635 10.204544
174 167 0.000105 0.010708 8.080673 10.100842
175 168 0.000150 0.010613 7.989807 9.987259
176 169 0.000124 0.009287 7.895218 9.869022
177 170 0.000089 0.008149 7.795227 9.744034
178 171 0.000110 0.008173 7.697662 9.622078
179 172 0.000111 0.006926 7.598511 9.498138
180 173 0.000092 0.006881 7.506134 9.382668
181 174 0.000093 0.008579 7.416595 9.270744
182 175 0.000067 0.006503 7.323395 9.154243
183 176 0.000096 0.006433 7.222900 9.028625
184 177 0.000069 0.008836 7.118835 8.898544
185 178 0.000099 0.008913 7.001175 8.751469
186 179 0.000000 0.009580 6.878098 8.597622
187 180 0.000000 0.010589 6.737671 8.422089
188 181 0.000105 0.010388 6.589798 8.237247
189 182 0.000076 0.013604 6.439651 8.049564
190 183 0.000078 0.012750 6.286270 7.857838
191 184 0.000159 0.011759 6.133453 7.666817
192 185 0.000141 0.013090 5.986053 7.482567
193 186 0.000084 0.012474 5.843185 7.303982
194 187 0.000148 0.011627 5.704605 7.130756
195 188 0.000248 0.010474 5.571808 6.964760
196 189 0.000090 0.010070 5.449203 6.811504
197 190 0.000129 0.009904 5.346756 6.683445
198 191 0.000228 0.009458 5.256393 6.570492
199 192 0.000133 0.009259 5.184296 6.480370
200 193 0.000135 0.010064 5.124557 6.405697
201 194 0.000192 0.009108 5.080536 6.350670
202 195 0.000137 0.010428 5.049759 6.312199
203 196 0.000097 0.010121 5.025314 6.281643
204 197 0.000000 0.011127 5.000656 6.250820
205 198 0.000139 0.010602 4.977295 6.221619
206 199 0.000000 0.009019 4.951340 6.189175
207 200 0.000140 0.008954 4.925690 6.157112
208 201 0.000141 0.009747 4.899368 6.124210
209 202 0.000000 0.008356 4.875870 6.094837
210 203 0.000000 0.008172 4.857758 6.072197
211 204 0.000142 0.008039 4.847824 6.059780
212 205 0.000225 0.008452 4.844070 6.055088
213 206 0.000101 0.007644 4.850113 6.062641
214 207 0.000142 0.007343 4.860764 6.075954
215 208 0.000142 0.007621 4.877136 6.096420
216 209 0.000000 0.007297 4.897644 6.122055
217 210 0.000099 0.006635 4.923737 6.154671
218 211 0.000139 0.004994 4.952087 6.190109
219 212 0.000325 0.004417 4.983734 6.229668
220 213 0.000097 0.004610 5.014984 6.268730
221 214 0.000193 0.004867 5.053879 6.317348
222 215 0.000271 0.005173 5.095474 6.369343
223 216 0.000212 0.004936 5.140244 6.425304
224 217 0.000000 0.005137 5.186371 6.482964
225 218 0.000000 0.005253 5.238770 6.548462
226 219 0.000184 0.005292 5.294861 6.618576
227 220 0.000158 0.004315 5.348297 6.685371
228 221 0.000221 0.004179 5.401016 6.751270
229 222 0.000179 0.003413 5.449860 6.812325
230 223 0.000154 0.004829 5.503342 6.879177
231 224 0.000176 0.005413 5.560303 6.950378
232 225 0.000213 0.004567 5.614609 7.018261
233 226 0.000122 0.002918 5.666092 7.082615
234 227 0.000000 0.007124 5.716080 7.145100
235 228 0.000147 0.007337 5.760773 7.200966
236 229 0.000146 0.009905 5.800705 7.250881
237 230 0.000324 0.011627 5.832001 7.290001
238 231 0.000236 0.009528 5.853760 7.317200
239 232 0.000186 0.010300 5.868530 7.335663
240 233 0.000235 0.013675 5.875824 7.344780
241 234 0.000263 0.011583 5.879181 7.348976
242 235 0.000321 0.012776 5.883942 7.354927
243 236 0.000287 0.012254 5.893646 7.367058
244 237 0.000000 0.008983 5.903442 7.379303
245 238 0.000185 0.010115 5.913025 7.391281
246 239 0.000165 0.009670 5.918365 7.397957
247 240 0.000260 0.009855 5.929413 7.411766
248 241 0.000307 0.010056 5.942902 7.428627
249 242 0.000082 0.009070 5.955109 7.443886
250 243 0.000183 0.007592 5.966095 7.457619
251 244 0.000183 0.008090 5.971985 7.464981
252 245 0.000115 0.007599 5.979523 7.474403
253 246 0.000000 0.007722 5.984314 7.480392
254 247 0.000115 0.004717 5.982391 7.477989
255 248 0.000116 0.002974 5.978638 7.473297
256 249 0.000116 0.005426 5.970947 7.463684
257 250 0.000116 0.004800 5.961273 7.451591
258 251 0.000164 0.005066 5.947205 7.434006
259 252 0.000117 0.005225 5.924133 7.405167
260 253 0.000249 0.004688 5.891907 7.364883
261 254 0.000118 0.006839 5.853577 7.316971
262 255 0.000119 0.007503 5.803986 7.254982
263 256 0.000085 0.005554 5.739594 7.174492
264 257 0.000122 0.006697 5.661133 7.076416
265 258 0.000000 0.005146 5.571747 6.964684
266 259 0.000000 0.003209 5.468781 6.835976
267 260 0.000000 0.004220 5.355713 6.694641
268 261 0.000000 0.002379 5.231384 6.539230
269 262 0.000166 0.002149 5.098450 6.373062
270 263 0.000098 0.002322 4.965149 6.206436
271 264 0.000143 0.001951 4.836395 6.045494
272 265 0.000179 0.001514 4.716125 5.895157
273 266 0.000212 0.001930 4.598419 5.748024
274 267 0.000217 0.003500 4.496002 5.620003
275 268 0.000431 0.001165 4.388123 5.485153
276 269 0.000377 0.003026 4.300598 5.375748
277 270 0.000477 0.007411 4.218414 5.273018
278 271 0.000529 0.008033 4.124786 5.155983
279 272 0.000616 0.008239 4.043884 5.054855
280 273 0.000627 0.011676 3.968750 4.960938
281 274 0.000668 0.010970 3.870178 4.837723
282 275 0.000780 0.016748 3.806183 4.757729
283 276 0.000853 0.018587 3.708954 4.636192
284 277 0.000758 0.014587 3.642822 4.553528
285 278 0.000768 0.027213 3.596771 4.495964
286 279 0.000811 0.021457 3.510468 4.388084
287 280 0.000846 0.027321 3.461090 4.326363
288 281 0.000803 0.032237 3.438080 4.297600
289 282 0.000580 0.029860 3.369965 4.212456
290 283 0.000616 0.032786 3.363739 4.204674
291 284 0.000783 0.037454 3.300903 4.126129
292 285 0.000667 0.030868 3.273102 4.091377
293 286 0.000633 0.045247 3.273743 4.092178
294 287 0.000430 0.033377 3.212830 4.016037
295 288 0.000532 0.036630 3.177887 3.972359
296 289 0.000898 0.045112 3.170135 3.962669
297 290 0.001031 0.035053 3.106323 3.882904
298 291 0.001095 0.040153 3.090668 3.863335
299 292 0.001319 0.040013 3.030334 3.787918
300 293 0.001202 0.040127 2.986298 3.732872
301 294 0.001409 0.047960 2.981323 3.726654
302 295 0.001641 0.050705 2.960480 3.700600
303 296 0.001583 0.048071 2.959106 3.698883
304 297 0.001881 0.040245 2.993622 3.742027
305 298 0.001599 0.036354 3.038757 3.798447
306 299 0.000997 0.040747 3.096558 3.870697
307 300 0.001410 0.043276 3.173798 3.967247
308 301 0.001616 0.036015 3.240326 4.050407
309 302 0.001489 0.029176 3.311005 4.138756
310 303 0.001003 0.027450 3.408386 4.260483
311 304 0.000610 0.027535 3.488281 4.360352
312 305 0.000385 0.049966 3.590881 4.488602
313 306 0.000324 0.037730 3.688477 4.610596
314 307 0.000707 0.026027 3.784210 4.730263
315 308 0.001076 0.028593 3.928864 4.911079
316 309 0.001026 0.044778 4.065521 5.081902
317 310 0.001017 0.039176 4.212250 5.265312
318 311 0.001151 0.037334 4.366791 5.458488
319 312 0.000897 0.022980 4.521332 5.651665
320 313 0.000978 0.024801 4.681305 5.851631
321 314 0.000699 0.024419 4.840515 6.050644
322 315 0.000552 0.028606 5.002747 6.253433
323 316 0.000526 0.013958 5.170074 6.462593
324 317 0.000579 0.012598 5.332306 6.665382
325 318 0.000518 0.017241 5.498871 6.873589
326 319 0.000591 0.010669 5.666046 7.082558
327 320 0.000542 0.012664 5.836700 7.295876
328 321 0.000592 0.017962 6.007111 7.508888
329 322 0.000559 0.014724 6.176514 7.720642
330 323 0.000606 0.016587 6.341400 7.926750
331 324 0.000368 0.015553 6.497742 8.122177
332 325 0.000293 0.014314 6.661835 8.327293
333 326 0.000268 0.013398 6.810852 8.513565
334 327 0.000242 0.015214 6.989777 8.737221
335 328 0.000289 0.012029 7.158844 8.948555
336 329 0.000134 0.010434 7.313843 9.142303
337 330 0.000206 0.011837 7.483917 9.354897
338 331 0.000221 0.009903 7.647430 9.559288
339 332 0.000242 0.009149 7.814301 9.767876
340 333 0.000137 0.006446 7.965057 9.956322
341 334 0.000148 0.005952 8.100708 10.125885
342 335 0.000145 0.006933 8.238739 10.298424
343 336 0.000280 0.005109 8.368164 10.460205
344 337 0.000081 0.008481 8.492889 10.616112
345 338 0.000080 0.012259 8.608490 10.760612
346 339 0.000079 0.012101 8.725800 10.907249
347 340 0.000156 0.012829 8.842194 11.052742
348 341 0.000077 0.013280 8.955658 11.194572
349 342 0.000000 0.012237 9.060730 11.325912
350 343 0.000076 0.013219 9.145416 11.431770
351 344 0.000000 0.013052 9.216217 11.520271
352 345 0.000000 0.012013 9.263641 11.579552
353 346 0.000117 0.014115 9.309204 11.636505
354 347 0.000074 0.013126 9.339600 11.674500
355 348 0.000052 0.013120 9.357147 11.696434
356 349 0.000074 0.013868 9.370667 11.713333
357 350 0.000074 0.015034 9.386200 11.732750
358 351 0.000090 0.011290 9.404694 11.755867
359 352 0.000104 0.010057 9.425964 11.782455
360 353 0.000103 0.010203 9.441040 11.801300
361 354 0.000089 0.009067 9.452911 11.816139
362 355 0.000073 0.008756 9.469208 11.836510
363 356 0.000103 0.007391 9.489960 11.862450
364 357 0.000103 0.007188 9.508514 11.885643
365 358 0.000125 0.007567 9.530914 11.913643
366 359 0.000114 0.008398 9.553894 11.942368
367 360 0.000125 0.005382 9.580719 11.975899
368 361 0.000134 0.006130 9.609589 12.011986
369 362 0.000152 0.006095 9.635620 12.044525
370 363 0.000124 0.006502 9.657135 12.071419
371 364 0.000113 0.007399 9.681610 12.102013
372 365 0.000071 0.006781 9.705963 12.132454
373 366 0.000112 0.006405 9.733429 12.166786
374 367 0.000071 0.008024 9.750519 12.188148
375 368 0.000071 0.008056 9.773651 12.217064
376 369 0.000071 0.007885 9.793793 12.242241
377 370 0.000122 0.007420 9.816895 12.271118
378 371 0.000070 0.006105 9.840881 12.301102
379 372 0.000086 0.006412 9.862610 12.328262
380 373 0.000070 0.008649 9.885223 12.356529
381 374 0.000099 0.007989 9.908691 12.385864
382 375 0.000098 0.007956 9.934784 12.418480
383 376 0.000098 0.007920 9.958649 12.448311
384 377 0.000109 0.007562 9.983185 12.478981
385 378 0.000098 0.007345 10.005737 12.507172
386 379 0.000146 0.007365 10.027344 12.534180
387 380 0.000084 0.004622 10.044952 12.556190
388 381 0.000069 0.003205 10.067688 12.584610
389 382 0.000048 0.003400 10.089417 12.611771
390 383 0.000068 0.003411 10.114929 12.643661
391 384 0.000068 0.004426 10.138824 12.673531
392 385 0.000068 0.003622 10.163177 12.703972
393 386 0.000083 0.004106 10.184723 12.730904
394 387 0.000068 0.004577 10.207367 12.759209
395 388 0.000048 0.006232 10.219727 12.774658
396 389 0.000107 0.005918 10.237000 12.796249
397 390 0.000000 0.005128 10.247467 12.809334
398 391 0.000067 0.004357 10.247864 12.809830
399 392 0.000165 0.006137 10.244141 12.805176
400 393 0.000067 0.004128 10.236481 12.795601
401 394 0.000068 0.003422 10.229034 12.786293
402 395 0.000096 0.004055 10.222198 12.777748
403 396 0.000048 0.004804 10.201904 12.752380
404 397 0.000127 0.005734 10.185852 12.732315
405 398 0.000107 0.005445 10.166656 12.708321
406 399 0.000068 0.004610 10.150665 12.688332
407 400 0.000000 0.005560 10.134766 12.668457
408 401 0.000048 0.006785 10.115692 12.644615
409 402 0.000000 0.006361 10.093628 12.617035
410 403 0.000097 0.005137 10.070679 12.588348
411 404 0.000084 0.007204 10.046875 12.558594
412 405 0.000097 0.007390 10.018250 12.522812
413 406 0.000098 0.008905 9.981964 12.477455
414 407 0.000085 0.008975 9.934235 12.417793
415 408 0.000000 0.011366 9.878418 12.348022
416 409 0.000086 0.010430 9.812134 12.265167
417 410 0.000000 0.012438 9.731323 12.164154
418 411 0.000088 0.009953 9.627441 12.034302
419 412 0.000145 0.009243 9.518921 11.898651
420 413 0.000074 0.008499 9.394135 11.742668
421 414 0.000000 0.008916 9.261993 11.577492
422 415 0.000107 0.007634 9.112885 11.391106
423 416 0.000109 0.008787 8.958588 11.198235
424 417 0.000124 0.008434 8.797638 10.997047
425 418 0.000057 0.009082 8.637238 10.796547
426 419 0.000082 0.012403 8.465454 10.581818
427 420 0.000118 0.012484 8.292023 10.365028
428 421 0.000085 0.012509 8.113403 10.141754
429 422 0.000000 0.011276 7.932739 9.915924
430 423 0.000141 0.010346 7.751892 9.689865
431 424 0.000112 0.010687 7.568695 9.460869
432 425 0.000094 0.011013 7.384491 9.230614
433 426 0.000068 0.008404 7.200317 9.000397
434 427 0.000070 0.008399 7.013092 8.766365
435 428 0.000143 0.008359 6.832062 8.540077
436 429 0.000104 0.007670 6.658539 8.323174
437 430 0.000075 0.007566 6.491486 8.114357
438 431 0.000000 0.007471 6.335724 7.919655
439 432 0.000000 0.007001 6.191071 7.738838
440 433 0.000081 0.007531 6.060699 7.575874
441 434 0.000082 0.007262 5.939545 7.424431
442 435 0.000168 0.007204 5.821625 7.277031
443 436 0.000121 0.008113 5.711060 7.138824
444 437 0.000123 0.009687 5.608032 7.010040
445 438 0.000125 0.010138 5.513519 6.891899
446 439 0.000000 0.008612 5.424622 6.780777
447 440 0.000129 0.009142 5.339813 6.674767
448 441 0.000000 0.011592 5.259888 6.574860
449 442 0.000133 0.010161 5.191528 6.489410
450 443 0.000095 0.014396 5.132233 6.415291
451 444 0.000000 0.013567 5.077209 6.346512
452 445 0.000097 0.016111 5.027374 6.284218
453 446 0.000139 0.015728 4.983765 6.229706
454 447 0.000099 0.015500 4.946930 6.183662
455 448 0.000140 0.016057 4.921387 6.151733
456 449 0.000141 0.014656 4.902435 6.128044
457 450 0.000173 0.012874 4.882324 6.102905
458 451 0.000174 0.013630 4.858124 6.072655
459 452 0.000303 0.012908 4.839661 6.049576
460 453 0.000226 0.014187 4.825378 6.031723
461 454 0.000143 0.012052 4.825531 6.031914
462 455 0.000143 0.011580 4.837982 6.047478
463 456 0.000142 0.012617 4.865356 6.081696
464 457 0.000000 0.013599 4.909180 6.136475
465 458 0.000098 0.011937 4.970245 6.212807
466 459 0.000306 0.010112 5.039551 6.299438
467 460 0.000165 0.007807 5.117859 6.397324
468 461 0.000094 0.009781 5.203186 6.503983
469 462 0.000130 0.006561 5.296570 6.620712
470 463 0.000128 0.006513 5.392639 6.740799
471 464 0.000000 0.005826 5.495850 6.869812
472 465 0.000000 0.006537 5.603088 7.003860
473 466 0.000121 0.008085 5.718231 7.147789
474 467 0.000118 0.007698 5.837219 7.296524
475 468 0.000217 0.007484 5.954315 7.442894
476 469 0.000000 0.006471 6.073242 7.591553
477 470 0.000000 0.006342 6.191650 7.739563
478 471 0.000000 0.006633 6.313782 7.892227
479 472 0.000107 0.006066 6.436462 8.045578
480 473 0.000000 0.006480 6.555908 8.194885
481 474 0.000000 0.005510 6.676727 8.345909
482 475 0.000000 0.005335 6.799042 8.498802
483 476 0.000071 0.005231 6.919952 8.649940
484 477 0.000000 0.006128 7.040558 8.800697
485 478 0.000136 0.005018 7.155273 8.944092
486 479 0.000067 0.006365 7.274475 9.093094
487 480 0.000187 0.004450 7.393707 9.242134
488 481 0.000225 0.005956 7.523346 9.404182
489 482 0.000180 0.005070 7.654480 9.568100
490 483 0.000208 0.006543 7.779785 9.724731
491 484 0.000107 0.005847 7.896729 9.870911
492 485 0.000105 0.006018 8.019135 10.023918
493 486 0.000190 0.006161 8.141083 10.176353
494 487 0.000102 0.007624 8.261688 10.327110
495 488 0.000082 0.006021 8.370361 10.462952
496 489 0.000115 0.007484 8.474945 10.593681
497 490 0.000127 0.006535 8.585419 10.731773
498 491 0.000159 0.004523 8.696960 10.871201
499 492 0.000096 0.006168 8.807129 11.008911
500 493 0.000155 0.005319 8.912109 11.140137
501 494 0.000077 0.006998 9.007996 11.259995
502 495 0.000240 0.007757 9.112183 11.390228
503 496 0.000198 0.007169 9.227600 11.534500
504 497 0.000173 0.008170 9.336975 11.671219
505 498 0.000146 0.006790 9.447021 11.808777
506 499 0.000125 0.005318 9.546448 11.933060
507 500 0.000134 0.006723 9.656677 12.070847
508 501 0.000141 0.005695 9.777893 12.222366
509 502 0.000131 0.002871 9.888916 12.361145
510 503 0.000098 0.003464 9.986511 12.483139
511 504 0.000137 0.003980 10.073425 12.591782
512 505 0.000096 0.004439 10.153259 12.691574
513 506 0.000068 0.003383 10.223694 12.779617
514 507 0.000106 0.003811 10.269226 12.836533
515 508 0.000047 0.003539 10.294189 12.867737
516 509 0.000000 0.004469 10.307312 12.884140
517 510 0.000134 0.004536 10.304504 12.880630
518 511 0.000095 0.004251 10.300842 12.876053
519 512 0.000157 0.005462 10.289673 12.862091
520 513 0.000116 0.006360 10.278564 12.848206
521 514 0.000067 0.007592 10.276550 12.845688
522 515 0.000048 0.005726 10.278564 12.848206
523 516 0.000165 0.005772 10.276855 12.846069
524 517 0.000095 0.004423 10.271790 12.839737
525 518 0.000106 0.003822 10.255615 12.819519
526 519 0.000048 0.004190 10.249146 12.811432
527 520 0.000000 0.003850 10.242249 12.802811
528 521 0.000000 0.002945 10.225403 12.781754
529 522 0.000048 0.004134 10.210938 12.763672
530 523 0.000068 0.004147 10.193726 12.742157
531 524 0.000068 0.004451 10.178650 12.723312
532 525 0.000068 0.004382 10.163391 12.704239
533 526 0.000083 0.003402 10.144043 12.680054
534 527 0.000048 0.003655 10.126770 12.658463
535 528 0.000068 0.004356 10.109009 12.636261
536 529 0.000068 0.004120 10.090515 12.613144
537 530 0.000000 0.004749 10.068115 12.585144
538 531 0.000069 0.005480 10.047424 12.559280
539 532 0.000049 0.005045 10.034790 12.543488
540 533 0.000084 0.005859 10.015625 12.519531
541 534 0.000000 0.005968 9.993408 12.491760
542 535 0.000000 0.004987 9.980286 12.475357
543 536 0.000085 0.005903 9.960388 12.450485
544 537 0.000000 0.004688 9.942505 12.428131
545 538 0.000000 0.005875 9.922852 12.403564
546 539 0.000000 0.006257 9.901306 12.376633
547 540 0.000070 0.003437 9.879333 12.349167
548 541 0.000070 0.003249 9.854248 12.317810
549 542 0.000050 0.005061 9.815247 12.269058
550 543 0.000050 0.004954 9.782227 12.227783
551 544 0.000100 0.004601 9.752014 12.190018
552 545 0.000123 0.004634 9.720215 12.150269
553 546 0.000101 0.004437 9.686768 12.108459
554 547 0.000051 0.005698 9.656189 12.070236
555 548 0.000072 0.004837 9.637817 12.047272
556 549 0.000072 0.002929 9.622253 12.027817
557 550 0.000072 0.003267 9.603699 12.004623
558 551 0.000102 0.004918 9.588257 11.985321
559 552 0.000169 0.005557 9.571777 11.964722
560 553 0.000088 0.006172 9.564636 11.955795
561 554 0.000072 0.005244 9.558899 11.948624
562 555 0.000125 0.006879 9.548340 11.935425
563 556 0.000125 0.006978 9.547058 11.933823
564 557 0.000125 0.006758 9.553650 11.942062
565 558 0.000088 0.005516 9.562439 11.953049
566 559 0.000114 0.005597 9.580505 11.975632
567 560 0.000135 0.004388 9.595642 11.994553
568 561 0.000102 0.004579 9.618225 12.022781
569 562 0.000072 0.003647 9.644897 12.056122
570 563 0.000071 0.004641 9.668823 12.086029
571 564 0.000071 0.003284 9.694763 12.118454
572 565 0.000101 0.004325 9.716125 12.145157
573 566 0.000087 0.003237 9.736633 12.170792
574 567 0.000071 0.003698 9.761536 12.201920
575 568 0.000000 0.002762 9.785522 12.231903
576 569 0.000050 0.003226 9.801086 12.251358
577 570 0.000000 0.003386 9.818909 12.273636
578 571 0.000000 0.004598 9.831299 12.289124
579 572 0.000050 0.004806 9.856140 12.320175
580 573 0.000070 0.005625 9.878845 12.348557
581 574 0.000000 0.004149 9.895752 12.369690
582 575 0.000085 0.004476 9.910339 12.387924
583 576 0.000049 0.005067 9.925232 12.406540
584 577 0.000110 0.005010 9.943542 12.429428
585 578 0.000049 0.004703 9.965393 12.456741
586 579 0.000049 0.005390 9.971008 12.463760
587 580 0.000162 0.005418 9.973633 12.467041
588 581 0.000000 0.004695 9.976868 12.471085
589 582 0.000069 0.005690 9.978577 12.473221
590 583 0.000085 0.005277 9.979553 12.474442
591 584 0.000069 0.004258 9.968750 12.460938
592 585 0.000000 0.004451 9.953186 12.441483
593 586 0.000049 0.004388 9.942810 12.428513
594 587 0.000098 0.004227 9.928589 12.410736
595 588 0.000049 0.003750 9.906799 12.383499
596 589 0.000070 0.003354 9.888062 12.360077
597 590 0.000070 0.002467 9.874512 12.343140
598 591 0.000111 0.002520 9.864014 12.330017
599 592 0.000111 0.002526 9.849792 12.312241
600 593 0.000111 0.002853 9.836853 12.296066
601 594 0.000122 0.002765 9.832397 12.290497
602 595 0.000086 0.002334 9.825623 12.282028
603 596 0.000070 0.003249 9.821533 12.276917
604 597 0.000070 0.003420 9.816650 12.270813
605 598 0.000000 0.002362 9.809814 12.262268
606 599 0.000050 0.001830 9.806396 12.257996
607 600 0.000070 0.002347 9.802979 12.253723
608 601 0.000000 0.002930 9.800720 12.250900
609 602 0.000070 0.002769 9.804626 12.255783
610 603 0.000100 0.002641 9.802917 12.253647
611 604 0.000000 0.001636 9.795959 12.244949
612 605 0.000086 0.001139 9.788879 12.236099
613 606 0.000122 0.001591 9.785339 12.231674
614 607 0.000050 0.002915 9.775208 12.219009
615 608 0.000132 0.002353 9.758118 12.197647
616 609 0.000000 0.003794 9.745667 12.182083
617 610 0.000087 0.002781 9.726562 12.158203
618 611 0.000071 0.003318 9.710876 12.138596
619 612 0.000101 0.004194 9.688660 12.110825
620 613 0.000113 0.004410 9.659668 12.074585
621 614 0.000000 0.003833 9.631470 12.039337
622 615 0.000072 0.004309 9.610046 12.012558
623 616 0.000051 0.004944 9.586487 11.983109
624 617 0.000102 0.005522 9.559998 11.949997
625 618 0.000051 0.005801 9.528992 11.911240
626 619 0.000073 0.006339 9.501709 11.877136
627 620 0.000052 0.006452 9.478577 11.848221
628 621 0.000000 0.006030 9.455872 11.819839
629 622 0.000073 0.004786 9.425354 11.781693
630 623 0.000052 0.005454 9.397644 11.747055
631 624 0.000104 0.005334 9.366821 11.708527
632 625 0.000052 0.004263 9.341675 11.677094
633 626 0.000000 0.005603 9.320007 11.650009
634 627 0.000000 0.004270 9.294189 11.617737
635 628 0.000000 0.006077 9.269714 11.587143
636 629 0.000075 0.006335 9.243774 11.554718
637 630 0.000000 0.006751 9.214661 11.518326
638 631 0.000000 0.005864 9.193298 11.491623
639 632 0.000107 0.006505 9.168640 11.460800
640 633 0.000053 0.006029 9.141296 11.426620
641 634 0.000076 0.008940 9.110352 11.387939
642 635 0.000076 0.007463 9.087219 11.359024
643 636 0.000054 0.007614 9.062927 11.328659
644 637 0.000094 0.007421 9.039612 11.299515
645 638 0.000054 0.008316 9.013611 11.267014
646 639 0.000077 0.006481 8.985962 11.232452
647 640 0.000094 0.006534 8.962708 11.203384
648 641 0.000055 0.005784 8.939087 11.173859
649 642 0.000055 0.005078 8.906982 11.133728
650 643 0.000078 0.004996 8.878723 11.098404
651 644 0.000078 0.005182 8.845154 11.056442
652 645 0.000000 0.005242 8.809570 11.011963
653 646 0.000111 0.005771 8.768616 10.960770
654 647 0.000000 0.007914 8.720215 10.900269
655 648 0.000056 0.007661 8.671204 10.839005
656 649 0.000000 0.008140 8.618774 10.773468
657 650 0.000000 0.007617 8.562195 10.702744
658 651 0.000081 0.007937 8.497742 10.622177
659 652 0.000082 0.008413 8.431946 10.539932
660 653 0.000083 0.009143 8.364746 10.455933
661 654 0.000083 0.005980 8.295776 10.369720
662 655 0.000119 0.007478 8.218933 10.273666
663 656 0.000170 0.006288 8.131165 10.163956
664 657 0.000086 0.008461 8.029663 10.037079
665 658 0.000107 0.008030 7.924744 9.905930
666 659 0.000000 0.007750 7.809814 9.762268
667 660 0.000090 0.007339 7.679016 9.598770
668 661 0.000130 0.007970 7.534668 9.418335
669 662 0.000066 0.007236 7.377808 9.222260
670 663 0.000214 0.011432 7.214844 9.018555
671 664 0.000155 0.010665 7.043396 8.804245
672 665 0.000159 0.012830 6.859192 8.573990
673 666 0.000000 0.011369 6.668091 8.335114
674 667 0.000107 0.014803 6.469177 8.086472
675 668 0.000291 0.013946 6.268616 7.835770
676 669 0.000290 0.013621 6.069397 7.586746
677 670 0.000311 0.007690 5.870422 7.338028
678 671 0.000333 0.005306 5.673523 7.091904
679 672 0.000398 0.005358 5.484497 6.855621
680 673 0.000442 0.007028 5.292725 6.615906
681 674 0.000524 0.011340 5.101868 6.377335
682 675 0.000433 0.016507 4.920410 6.150513
683 676 0.000544 0.020444 4.747742 5.934677
684 677 0.000726 0.023390 4.563293 5.704117
685 678 0.000775 0.030076 4.407471 5.509338
686 679 0.000831 0.027772 4.234924 5.293655
687 680 0.000693 0.033979 4.107178 5.133972
688 681 0.000633 0.040128 4.008240 5.010300
689 682 0.000731 0.040489 3.895142 4.868927
690 683 0.000712 0.042665 3.819763 4.774704
691 684 0.000743 0.046547 3.774292 4.717865
692 685 0.000711 0.040937 3.699829 4.624786
693 686 0.000774 0.051541 3.678894 4.598618
694 687 0.000954 0.052658 3.620544 4.525681
695 688 0.001040 0.054501 3.576782 4.470978
696 689 0.001115 0.060837 3.557251 4.446564
697 690 0.001278 0.057770 3.502930 4.378662
698 691 0.000892 0.042507 3.460632 4.325790
699 692 0.000851 0.045692 3.440979 4.301224
700 693 0.000772 0.043671 3.404236 4.255295
701 694 0.000675 0.039561 3.392883 4.241104
702 695 0.000692 0.040481 3.381958 4.227448
703 696 0.000630 0.034447 3.380371 4.225464
704 697 0.001026 0.034714 3.399109 4.248886
705 698 0.001140 0.051877 3.427856 4.284821
706 699 0.001264 0.054954 3.455566 4.319458
707 700 0.001436 0.056305 3.500854 4.376068
708 701 0.001422 0.056615 3.536011 4.420013
709 702 0.001093 0.039030 3.574524 4.468155
710 703 0.000643 0.038387 3.644104 4.555130
711 704 0.000605 0.053639 3.697876 4.622345
712 705 0.000621 0.045080 3.772034 4.715042
713 706 0.000597 0.036919 3.837646 4.797058
714 707 0.000782 0.023142 3.899963 4.874954
715 708 0.000975 0.027906 4.006470 5.008087
716 709 0.000976 0.033067 4.094177 5.117722
717 710 0.001497 0.049158 4.189758 5.237198
718 711 0.001026 0.032896 4.283203 5.354004
719 712 0.001081 0.024710 4.354553 5.443192
720 713 0.001183 0.035811 4.484375 5.605469
721 714 0.001202 0.035570 4.595093 5.743866
722 715 0.001113 0.034489 4.704163 5.880203
723 716 0.001210 0.031124 4.826477 6.033096
724 717 0.000873 0.019249 4.941467 6.176834
725 718 0.000615 0.023746 5.084473 6.355591
726 719 0.000780 0.023858 5.237244 6.546555
727 720 0.000738 0.014932 5.371521 6.714401
728 721 0.000667 0.013770 5.530090 6.912613
729 722 0.000661 0.008943 5.675964 7.094955
730 723 0.000502 0.009320 5.832520 7.290649
731 724 0.000440 0.007821 5.976257 7.470322
732 725 0.000451 0.005783 6.124023 7.655029
733 726 0.000302 0.006912 6.272034 7.840042
734 727 0.000241 0.006873 6.413208 8.016510
735 728 0.000105 0.007697 6.556824 8.196030
736 729 0.000103 0.007170 6.694092 8.367615
737 730 0.000101 0.007589 6.830566 8.538208
738 731 0.000157 0.008480 6.965637 8.707047
739 732 0.000097 0.006977 7.099915 8.874893
740 733 0.000224 0.007027 7.228210 9.035263
741 734 0.000133 0.006699 7.355774 9.194717
742 735 0.000092 0.006289 7.479736 9.349670
743 736 0.000091 0.006986 7.605591 9.506989
744 737 0.000063 0.007427 7.730225 9.662781
745 738 0.000088 0.007520 7.846436 9.808044
746 739 0.000087 0.010478 7.964539 9.955673
747 740 0.000085 0.010021 8.080933 10.101166
748 741 0.000000 0.011314 8.196167 10.245209
749 742 0.000176 0.012815 8.306030 10.382538
750 743 0.000082 0.012231 8.409485 10.511856
751 744 0.000140 0.011576 8.514282 10.642853
752 745 0.000057 0.009004 8.627319 10.784149
753 746 0.000000 0.009375 8.733093 10.916367
754 747 0.000055 0.011971 8.838928 11.048660
755 748 0.000055 0.012727 8.938660 11.173325
756 749 0.000076 0.009628 9.041931 11.302414
757 750 0.000131 0.009480 9.153931 11.442413
758 751 0.000053 0.006221 9.261841 11.577301
759 752 0.000052 0.007533 9.361267 11.701584
760 753 0.000163 0.006583 9.460266 11.825333
761 754 0.000177 0.004695 9.560730 11.950912
762 755 0.000143 0.002945 9.664978 12.081223
763 756 0.000122 0.004355 9.767029 12.208786
764 757 0.000185 0.004320 9.866150 12.332687
765 758 0.000147 0.006112 9.969604 12.462006
766 759 0.000137 0.006984 10.068359 12.585449
767 760 0.000068 0.005246 10.178894 12.723618
768 761 0.000126 0.005936 10.279846 12.849808
769 762 0.000125 0.005768 10.369812 12.962265
770 763 0.000155 0.006132 10.444397 13.055496
771 764 0.000047 0.005794 10.499756 13.124695
772 765 0.000080 0.005535 10.534302 13.167877
773 766 0.000113 0.004781 10.558289 13.197861
774 767 0.000173 0.005045 10.561279 13.201599
775 768 0.000093 0.005442 10.550476 13.188095
776 769 0.000103 0.006091 10.549744 13.187180
777 770 0.000123 0.006159 10.543579 13.179474
778 771 0.000173 0.006441 10.538269 13.172836
779 772 0.000093 0.006799 10.535217 13.169022
780 773 0.000114 0.007279 10.535034 13.168793
781 774 0.000066 0.006833 10.533691 13.167114
782 775 0.000093 0.006505 10.536255 13.170319
783 776 0.000093 0.006788 10.518921 13.148651
784 777 0.000066 0.005599 10.507019 13.133774
785 778 0.000066 0.007161 10.490479 13.113098
786 779 0.000123 0.007044 10.480713 13.100891
787 780 0.000066 0.006905 10.469299 13.086624
788 781 0.000066 0.007212 10.446411 13.058014
789 782 0.000047 0.006997 10.428040 13.035049
790 783 0.000105 0.005730 10.412109 13.015137
791 784 0.000115 0.009364 10.399353 12.999191
792 785 0.000000 0.007858 10.381836 12.977295
793 786 0.000047 0.008404 10.360657 12.950821
794 787 0.000094 0.009177 10.345337 12.931671
795 788 0.000000 0.008074 10.330322 12.912903
796 789 0.000000 0.007989 10.309143 12.886429
797 790 0.000047 0.009940 10.291138 12.863922
798 791 0.000067 0.007525 10.269409 12.836761
799 792 0.000067 0.007129 10.255432 12.819290
800 793 0.000048 0.007697 10.236938 12.796173
801 794 0.000096 0.006548 10.212585 12.765732
802 795 0.000068 0.007038 10.195190 12.743988
803 796 0.000144 0.009280 10.175415 12.719269
804 797 0.000096 0.007729 10.160400 12.700500
805 798 0.000068 0.008527 10.144653 12.680817
806 799 0.000084 0.007826 10.128235 12.660294
807 800 0.000097 0.006211 10.109314 12.636642
808 801 0.000084 0.007248 10.092407 12.615509
809 802 0.000000 0.007247 10.075684 12.594604
810 803 0.000084 0.006429 10.064026 12.580032
811 804 0.000097 0.006656 10.045227 12.556534
812 805 0.000049 0.007353 10.024597 12.530746
813 806 0.000000 0.007676 10.005066 12.506332
814 807 0.000000 0.009634 9.986694 12.483368
815 808 0.000120 0.008907 9.973511 12.466888
816 809 0.000098 0.009767 9.948730 12.435913
817 810 0.000070 0.009676 9.921753 12.402191
818 811 0.000049 0.009520 9.897644 12.372055
819 812 0.000070 0.009463 9.877319 12.346649
820 813 0.000070 0.009394 9.855408 12.319260
821 814 0.000050 0.008531 9.836182 12.295227
822 815 0.000086 0.009478 9.808228 12.260284
823 816 0.000086 0.008393 9.784241 12.230301
824 817 0.000050 0.010999 9.763611 12.204514
825 818 0.000071 0.010665 9.738892 12.173615
826 819 0.000050 0.011298 9.713806 12.142258
827 820 0.000050 0.010425 9.688599 12.110748
828 821 0.000051 0.013617 9.661133 12.076416
829 822 0.000072 0.012454 9.638733 12.048416
830 823 0.000051 0.015180 9.620728 12.025909
831 824 0.000088 0.012854 9.601929 12.002411
832 825 0.000000 0.012668 9.588013 11.985016
833 826 0.000051 0.011684 9.573914 11.967392
834 827 0.000102 0.012737 9.567017 11.958771
835 828 0.000144 0.009500 9.557678 11.947098
836 829 0.000162 0.010511 9.546387 11.932983
837 830 0.000072 0.007835 9.539429 11.924286
838 831 0.000072 0.008117 9.530884 11.913605
839 832 0.000089 0.007377 9.526489 11.908112
840 833 0.000073 0.011198 9.519653 11.899567
841 834 0.000051 0.006866 9.510010 11.887512
842 835 0.000073 0.005724 9.505066 11.881332
843 836 0.000089 0.005358 9.497559 11.871948
844 837 0.000115 0.006141 9.492676 11.865845
845 838 0.000089 0.006895 9.489624 11.862030
846 839 0.000073 0.007876 9.479919 11.849899
847 840 0.000146 0.007215 9.477112 11.846390
848 841 0.000103 0.007438 9.470642 11.838303
849 842 0.000000 0.008488 9.465759 11.832199
850 843 0.000073 0.009052 9.460510 11.825638
851 844 0.000000 0.008393 9.452759 11.815948
852 845 0.000000 0.007285 9.446289 11.807861
853 846 0.000090 0.007408 9.436096 11.795120
854 847 0.000116 0.007776 9.424866 11.781082
855 848 0.000090 0.007554 9.413452 11.766815
856 849 0.000138 0.007187 9.393921 11.742401
857 850 0.000074 0.005965 9.374084 11.717606
858 851 0.000000 0.006070 9.359253 11.699066
859 852 0.000091 0.006445 9.336731 11.670914
860 853 0.000074 0.005821 9.316650 11.645813
861 854 0.000053 0.005909 9.291687 11.614609
862 855 0.000118 0.005915 9.265076 11.581345
863 856 0.000000 0.006107 9.245789 11.557236
864 857 0.000075 0.005642 9.225891 11.532364
865 858 0.000075 0.005959 9.200623 11.500778
866 859 0.000092 0.005972 9.174805 11.468506
867 860 0.000107 0.006196 9.151978 11.439972
868 861 0.000093 0.006208 9.132629 11.415787
869 862 0.000107 0.006173 9.117920 11.397400
870 863 0.000054 0.005834 9.097229 11.371536
871 864 0.000178 0.006444 9.078186 11.347733
872 865 0.000076 0.006192 9.049866 11.312332
873 866 0.000108 0.005725 9.034302 11.292877
874 867 0.000077 0.005526 9.013428 11.266785
875 868 0.000054 0.005304 8.989990 11.237488
876 869 0.000109 0.005425 8.961731 11.202164
877 870 0.000109 0.004629 8.943054 11.178818
878 871 0.000122 0.004542 8.924255 11.155319
879 872 0.000155 0.003791 8.909546 11.136932
880 873 0.000110 0.003092 8.887512 11.109390
881 874 0.000123 0.002206 8.865540 11.081924
882 875 0.000078 0.004129 8.850037 11.062546
883 876 0.000000 0.003716 8.832581 11.040726
884 877 0.000055 0.004226 8.812378 11.015472
885 878 0.000079 0.006016 8.786804 10.983505
886 879 0.000000 0.005039 8.761536 10.951920
887 880 0.000097 0.005332 8.742859 10.928574
888 881 0.000079 0.006635 8.724121 10.905151
889 882 0.000079 0.006131 8.697754 10.872192
890 883 0.000080 0.006290 8.673645 10.842056
891 884 0.000057 0.006567 8.635681 10.794601
892 885 0.000080 0.005606 8.594360 10.742950
893 886 0.000057 0.005490 8.535339 10.669174
894 887 0.000153 0.006248 8.457458 10.571823
895 888 0.000082 0.005797 8.371765 10.464706
896 889 0.000156 0.006862 8.262268 10.327835
897 890 0.000085 0.006908 8.142761 10.178452
898 891 0.000086 0.007088 8.027649 10.034561
899 892 0.000174 0.008888 7.920105 9.900131
900 893 0.000088 0.006866 7.836548 9.795685
901 894 0.000000 0.005949 7.770020 9.712524
902 895 0.000190 0.006722 7.715332 9.644165
903 896 0.000000 0.006725 7.678223 9.597778
904 897 0.000156 0.005164 7.653137 9.566422
905 898 0.000143 0.005325 7.633057 9.541321
906 899 0.000111 0.005335 7.615662 9.519577
907 900 0.000091 0.004469 7.593994 9.492493
908 901 0.000065 0.004956 7.565186 9.456482
909 902 0.000065 0.004977 7.532837 9.416046
910 903 0.000065 0.006086 7.509949 9.387436
911 904 0.000000 0.007134 7.481140 9.351425
912 905 0.000131 0.007253 7.455750 9.319687
913 906 0.000066 0.007967 7.434082 9.292603
914 907 0.000000 0.008414 7.422363 9.277954
915 908 0.000000 0.007864 7.420044 9.275055
916 909 0.000000 0.007746 7.430908 9.288635
917 910 0.000093 0.007639 7.446167 9.307709
918 911 0.000113 0.011785 7.474121 9.342651
919 912 0.000113 0.010434 7.510254 9.387817
920 913 0.000065 0.012421 7.549561 9.436951
921 914 0.000091 0.008606 7.586426 9.483032
922 915 0.000064 0.010159 7.625366 9.531708
923 916 0.000090 0.009927 7.662720 9.578400
924 917 0.000155 0.010259 7.706543 9.633179
925 918 0.000109 0.007140 7.751709 9.689636
926 919 0.000153 0.007158 7.797607 9.747009
927 920 0.000088 0.006660 7.839966 9.799957
928 921 0.000088 0.007021 7.885986 9.857483
929 922 0.000087 0.007687 7.932861 9.916077
930 923 0.000137 0.007773 7.983887 9.979858
931 924 0.000136 0.007821 8.028809 10.036011
932 925 0.000085 0.009166 8.078735 10.098419
933 926 0.000085 0.009558 8.125977 10.157471
934 927 0.000084 0.008865 8.179565 10.224457
935 928 0.000119 0.009901 8.237793 10.297241
936 929 0.000132 0.009755 8.294556 10.368195
937 930 0.000143 0.007821 8.351196 10.438995
938 931 0.000101 0.008406 8.412842 10.516052
939 932 0.000115 0.008733 8.471436 10.589294
940 933 0.000099 0.009338 8.534668 10.668335
941 934 0.000080 0.009266 8.600708 10.750885
942 935 0.000113 0.008781 8.669312 10.836639
943 936 0.000168 0.008772 8.740723 10.925903
944 937 0.000157 0.008415 8.815308 11.019135
945 938 0.000135 0.007439 8.888672 11.110840
946 939 0.000122 0.008861 8.962158 11.202698
947 940 0.000076 0.007533 9.042114 11.302643
948 941 0.000000 0.007222 9.120239 11.400299
949 942 0.000053 0.008701 9.190552 11.488190
950 943 0.000074 0.007636 9.270020 11.587524
951 944 0.000074 0.008279 9.342163 11.677704
952 945 0.000164 0.008522 9.413940 11.767426
953 946 0.000103 0.007208 9.488159 11.860199
954 947 0.000089 0.008667 9.550049 11.937561
955 948 0.000072 0.008026 9.619019 12.023773
956 949 0.000050 0.007213 9.689819 12.112274
957 950 0.000050 0.007336 9.752686 12.190857
958 951 0.000070 0.007263 9.814941 12.268677
959 952 0.000049 0.006963 9.877808 12.347260
960 953 0.000069 0.007516 9.937744 12.422180
961 954 0.000069 0.008220 9.990967 12.488708
962 955 0.000069 0.008887 10.029663 12.537079
963 956 0.000069 0.009988 10.057007 12.571259
964 957 0.000069 0.009957 10.074219 12.592773
965 958 0.000084 0.009537 10.083862 12.604828
966 959 0.000097 0.010651 10.084229 12.605286
967 960 0.000069 0.010370 10.077759 12.597198
968 961 0.000000 0.009932 10.070801 12.588501
969 962 0.000048 0.009459 10.068604 12.585754
970 963 0.000000 0.008641 10.061890 12.577362
971 964 0.000069 0.008849 10.054077 12.567596
972 965 0.000069 0.008623 10.043945 12.554932
973 966 0.000069 0.009022 10.030029 12.537537
974 967 0.000069 0.008857 10.018066 12.522583
975 968 0.000000 0.007608 10.002686 12.503357
976 969 0.000069 0.007728 9.976074 12.470093
977 970 0.000069 0.007408 9.956299 12.445374
978 971 0.000000 0.008196 9.935913 12.419891
979 972 0.000049 0.008186 9.918945 12.398682
980 973 0.000070 0.008004 9.897339 12.371674
981 974 0.000000 0.007164 9.866821 12.333527
982 975 0.000086 0.007073 9.841064 12.301331
983 976 0.000050 0.006232 9.820435 12.275543
984 977 0.000111 0.007568 9.799316 12.249146
985 978 0.000087 0.006187 9.773682 12.217102
986 979 0.000087 0.006085 9.743164 12.178955
987 980 0.000071 0.006208 9.717896 12.147369
988 981 0.000071 0.006620 9.698486 12.123108
989 982 0.000050 0.006191 9.677612 12.097015
990 983 0.000072 0.006934 9.650879 12.063599
991 984 0.000072 0.006914 9.623413 12.029266
992 985 0.000000 0.007429 9.593506 11.991882
993 986 0.000000 0.008016 9.572144 11.965179
994 987 0.000102 0.009312 9.549438 11.936798
995 988 0.000103 0.010486 9.521118 11.901398
996 989 0.000103 0.011527 9.492432 11.865540
997 990 0.000073 0.011606 9.464111 11.830139
998 991 0.000090 0.011873 9.439087 11.798859
999 992 0.000147 0.011739 9.417114 11.771393
1000 993 0.000127 0.011469 9.383667 11.729584
1001 994 0.000165 0.010467 9.347168 11.683960
1002 995 0.000105 0.009749 9.300781 11.625977
1003 996 0.000092 0.010146 9.238525 11.548157
1004 997 0.000092 0.008966 9.159424 11.449280
1005 998 0.000132 0.009223 9.054688 11.318359
1006 999 0.000077 0.009640 8.928589 11.160736
1007 1000 0.000000 0.010515 8.781128 10.976410
1008 1001 0.000057 0.011340 8.621338 10.776672
1009 1002 0.000116 0.012650 8.447266 10.559082
1010 1003 0.000156 0.012821 8.260620 10.325775
1011 1004 0.000061 0.014125 8.063721 10.079651
1012 1005 0.000062 0.014895 7.865112 9.831390
1013 1006 0.000000 0.015236 7.657471 9.571838
1014 1007 0.000066 0.014054 7.450684 9.313354
1015 1008 0.000095 0.013625 7.232910 9.041138
1016 1009 0.000139 0.013926 7.009644 8.762054
1017 1010 0.000176 0.012970 6.787964 8.484955
1018 1011 0.000074 0.012189 6.565552 8.206940
1019 1012 0.000000 0.012578 6.336426 7.920532
1020 1013 0.000113 0.013365 6.122192 7.652740
1021 1014 0.000000 0.012412 5.924927 7.406158
1022 1015 0.000120 0.013113 5.760010 7.200012
1023 1016 0.000123 0.011879 5.629517 7.036896
1024 1017 0.000000 0.011948 5.527100 6.908875
1025 1018 0.000127 0.012018 5.455688 6.819611
1026 1019 0.000090 0.012146 5.410156 6.762695
1027 1020 0.000128 0.010185 5.387451 6.734314
1028 1021 0.000091 0.010027 5.370605 6.713257
1029 1022 0.000129 0.010006 5.351074 6.688843
1030 1023 0.000130 0.009628 5.330200 6.662750
1031 1024 0.000184 0.008650 5.307373 6.634216
1032 1025 0.000207 0.007219 5.283936 6.604919
1033 1026 0.000186 0.004090 5.264160 6.580200
1034 1027 0.000295 0.003626 5.237305 6.546631
1035 1028 0.000265 0.003738 5.216919 6.521149
1036 1029 0.000297 0.004832 5.203491 6.504364
1037 1030 0.000266 0.002998 5.197998 6.497498
1038 1031 0.000387 0.003356 5.203613 6.504517
1039 1032 0.000324 0.003386 5.214844 6.518555
1040 1033 0.000309 0.004475 5.232788 6.540985
1041 1034 0.000227 0.004046 5.262085 6.577606
1042 1035 0.000277 0.005020 5.292725 6.615906
1043 1036 0.000275 0.003539 5.324585 6.655731
1044 1037 0.000204 0.003907 5.360718 6.700897
1045 1038 0.000090 0.005112 5.397339 6.746674
1046 1039 0.000127 0.004209 5.437866 6.797333
1047 1040 0.000089 0.001674 5.472168 6.840210
1048 1041 0.000089 0.002398 5.501099 6.876373
1049 1042 0.000088 0.002537 5.534546 6.918182
1050 1043 0.000124 0.004197 5.568481 6.960602
1051 1044 0.000087 0.004136 5.605835 7.007294
1052 1045 0.000245 0.003591 5.638428 7.048035
1053 1046 0.000000 0.006042 5.669434 7.086792
1054 1047 0.000000 0.007874 5.706177 7.132721
1055 1048 0.000269 0.008539 5.747681 7.184601
1056 1049 0.000280 0.011474 5.791260 7.239075
1057 1050 0.000221 0.009930 5.837769 7.297211
1058 1051 0.000287 0.011062 5.885864 7.357330
1059 1052 0.000368 0.010156 5.938721 7.423401
1060 1053 0.000315 0.009889 5.995483 7.494354
1061 1054 0.000267 0.011631 6.056885 7.571106
1062 1055 0.000178 0.012488 6.122070 7.652588
1063 1056 0.000209 0.009876 6.187378 7.734222
1064 1057 0.000156 0.010173 6.252808 7.816010
1065 1058 0.000155 0.010437 6.310669 7.888336
1066 1059 0.000077 0.010969 6.367798 7.959747
1067 1060 0.000108 0.010024 6.417969 8.022461
1068 1061 0.000000 0.009172 6.463257 8.079071
1069 1062 0.000106 0.007817 6.497437 8.121796
1070 1063 0.000075 0.008271 6.523804 8.154755
1071 1064 0.000000 0.007912 6.540527 8.175659
1072 1065 0.000075 0.007237 6.549072 8.186340
1073 1066 0.000183 0.007340 6.550537 8.188171
1074 1067 0.000149 0.008086 6.547974 8.184967
1075 1068 0.000129 0.008149 6.543091 8.178864
1076 1069 0.000149 0.008488 6.534424 8.168030
1077 1070 0.000075 0.007798 6.522827 8.153534
1078 1071 0.000106 0.008029 6.509033 8.136292
1079 1072 0.000106 0.008605 6.494019 8.117523
1080 1073 0.000075 0.007848 6.475464 8.094330
1081 1074 0.000000 0.007445 6.454224 8.067780
1082 1075 0.000000 0.006945 6.419922 8.024902
1083 1076 0.000108 0.006470 6.375610 7.969513
1084 1077 0.000109 0.005244 6.311768 7.889709
1085 1078 0.000136 0.005021 6.233765 7.792206
1086 1079 0.000112 0.004458 6.145386 7.681732
1087 1080 0.000114 0.004939 6.056519 7.570648
1088 1081 0.000000 0.004137 5.970093 7.462616
1089 1082 0.000083 0.003121 5.895264 7.369080
1090 1083 0.000084 0.003211 5.832275 7.290344
1091 1084 0.000084 0.004965 5.786499 7.233124
1092 1085 0.000085 0.005770 5.754761 7.193451
1093 1086 0.000000 0.007547 5.732178 7.165222
1094 1087 0.000121 0.010427 5.714355 7.142944
1095 1088 0.000172 0.006596 5.692993 7.116241
1096 1089 0.000172 0.012140 5.668091 7.085114
1097 1090 0.000173 0.013750 5.645508 7.056885
1098 1091 0.000123 0.010562 5.626587 7.033234
1099 1092 0.000246 0.009178 5.612793 7.015991
1100 1093 0.000151 0.007589 5.605469 7.006836
