10 3 0.000846 0.038166 0.982599 1.228249
11 4 0.000000 0.042408 1.059848 1.324810
12 5 0.000000 0.045521 1.133937 1.417421
13 6 0.000488 0.045889 1.202837 1.503546
14 7 0.000691 0.046883 1.266822 1.583527
15 8 0.000846 0.051533 1.324298 1.655373
16 9 0.001292 0.047841 1.377079 1.721349
17 10 0.000977 0.058913 1.425978 1.782472
18 11 0.001465 0.052728 1.468447 1.835558
19 12 0.001761 0.062501 1.511244 1.889055
20 13 0.001953 0.084560 1.548781 1.935977
21 14 0.002584 0.083954 1.580288 1.975360
22 15 0.002674 0.113165 1.610147 2.012683
23 16 0.001827 0.139410 1.642725 2.053406
24 17 0.003164 0.122548 1.682892 2.103615
25 18 0.002889 0.120014 1.726463 2.158079
26 19 0.004312 0.109430 1.769502 2.211878
27 20 0.004172 0.090920 1.817175 2.271469
28 21 0.004085 0.096016 1.874766 2.343458
29 22 0.004632 0.077723 1.936774 2.420968
30 23 0.005567 0.063446 2.002839 2.503548
31 24 0.002719 0.067933 2.066268 2.582836
32 25 0.002762 0.061707 2.135814 2.669768
33 26 0.001381 0.059178 2.214758 2.768447
34 27 0.001619 0.052405 2.298846 2.873558
35 28 0.001891 0.081374 2.387870 2.984838
36 29 0.002629 0.079999 2.476670 3.095837
37 30 0.002392 0.105804 2.563402 3.204252
38 31 0.001761 0.091542 2.657969 3.322461
39 32 0.001292 0.090566 2.757771 3.447213
40 33 0.003049 0.113139 2.854471 3.568089
41 34 0.002889 0.117161 2.952939 3.691173
42 35 0.003010 0.077513 3.047489 3.809361
43 36 0.002889 0.076918 3.150389 3.937986
44 37 0.003202 0.049228 3.256581 4.070726
45 38 0.002970 0.048072 3.364915 4.206143
46 39 0.003049 0.052445 3.473107 4.341384
47 40 0.002441 0.030874 3.582077 4.477596
48 41 0.002184 0.030955 3.694622 4.618278
49 42 0.001891 0.025942 3.807167 4.758959
50 43 0.001891 0.024933 3.919539 4.899425
51 44 0.001691 0.021892 4.032689 5.040861
52 45 0.001691 0.019743 4.142454 5.178068
53 46 0.001619 0.021470 4.252319 5.315399
54 47 0.000691 0.019078 4.358631 5.448289
55 48 0.000846 0.032787 4.465262 5.581578
56 49 0.000977 0.032198 4.575856 5.719820
57 50 0.000691 0.019777 4.685190 5.856488
58 51 0.001092 0.029506 4.793482 5.991852
59 52 0.000488 0.016956 4.896040 6.120050
60 53 0.000977 0.026853 4.996742 6.245928
61 54 0.000977 0.041900 5.098513 6.373141
62 55 0.000488 0.024742 5.202108 6.502635
63 56 0.000691 0.031889 5.295435 6.619294
64 57 0.001381 0.037563 5.380680 6.725850
65 58 0.000846 0.040684 5.451679 6.814599
66 59 0.001196 0.036785 5.517609 6.897011
67 60 0.000488 0.040952 5.584072 6.980090
68 61 0.001381 0.054126 5.648617 7.060771
69 62 0.000000 0.048481 5.706654 7.133317
70 63 0.000846 0.042391 5.761997 7.202497
71 64 0.000691 0.041757 5.808340 7.260425
72 65 0.001092 0.040541 5.853979 7.317474
73 66 0.000488 0.036364 5.889212 7.361515
74 67 0.000000 0.032638 5.907303 7.384129
75 68 0.001619 0.024982 5.920536 7.400670
76 69 0.000691 0.029940 5.916977 7.396221
77 70 0.001292 0.032482 5.911911 7.389889
78 71 0.000977 0.025179 5.897474 7.371843
79 72 0.000846 0.035711 5.886009 7.357512
80 73 0.000488 0.038407 5.882271 7.352839
81 74 0.000691 0.046093 5.881699 7.352123
82 75 0.000000 0.042732 5.879749 7.349687
83 76 0.000000 0.045431 5.881798 7.352247
84 77 0.000691 0.041440 5.874924 7.343655
85 78 0.000977 0.066802 5.875893 7.344866
86 79 0.001381 0.064679 5.872040 7.340050
87 80 0.000846 0.073117 5.862431 7.328038
88 81 0.001092 0.077514 5.852810 7.316012
89 82 0.001292 0.064471 5.839272 7.299089
90 83 0.000977 0.074982 5.821861 7.277327
91 84 0.000488 0.084809 5.810585 7.263231
92 85 0.000691 0.044440 5.800201 7.250252
93 86 0.001196 0.039813 5.792183 7.240229
94 87 0.000691 0.042499 5.789509 7.236886
95 88 0.000691 0.044037 5.778164 7.222705
96 89 0.000691 0.054450 5.761486 7.201858
97 90 0.000846 0.048528 5.741364 7.176704
98 91 0.000977 0.061961 5.716469 7.145586
99 92 0.000846 0.056805 5.692215 7.115269
100 93 0.000846 0.052500 5.665455 7.081819
101 94 0.000846 0.046148 5.635334 7.044168
102 95 0.000488 0.036358 5.606606 7.008257
103 96 0.001381 0.037072 5.579674 6.974592
104 97 0.001092 0.034681 5.555912 6.944890
105 98 0.001196 0.035376 5.533329 6.916661
106 99 0.000846 0.030913 5.509296 6.886621
107 100 0.000000 0.034800 5.478775 6.848469
108 101 0.000846 0.033508 5.441349 6.801686
109 102 0.000000 0.035532 5.402103 6.752629
110 103 0.000488 0.041722 5.352715 6.690893
111 104 0.000846 0.042527 5.300037 6.625047
112 105 0.000846 0.040324 5.233841 6.542301
113 106 0.001196 0.043630 5.155354 6.444192
114 107 0.001381 0.052181 5.070324 6.337905
115 108 0.000977 0.050347 4.978230 6.222787
116 109 0.000846 0.055090 4.878983 6.098728
117 110 0.001196 0.048829 4.778790 5.973487
118 111 0.000691 0.048905 4.669243 5.836554
119 112 0.001092 0.044154 4.558762 5.698452
120 113 0.001092 0.044127 4.444923 5.556154
121 114 0.001196 0.039332 4.323708 5.404634
122 115 0.001465 0.034925 4.196838 5.246048
123 116 0.001465 0.037660 4.061584 5.076981
124 117 0.001619 0.044520 3.921883 4.902353
125 118 0.001827 0.044533 3.781670 4.727087
126 119 0.002629 0.044559 3.641731 4.552164
127 120 0.003555 0.077621 3.520920 4.401150
128 121 0.003967 0.078053 3.408501 4.260626
129 122 0.004257 0.080875 3.318970 4.148712
130 123 0.004285 0.087103 3.240456 4.050570
131 124 0.004931 0.098654 3.189270 3.986588
132 125 0.004554 0.100897 3.144249 3.930311
133 126 0.004340 0.070564 3.123451 3.904314
134 127 0.005437 0.090217 3.099907 3.874884
135 128 0.006441 0.089250 3.080826 3.851032
136 129 0.006695 0.091726 3.057480 3.821850
137 130 0.006404 0.110764 3.036751 3.795938
138 131 0.006138 0.111896 3.022957 3.778696
139 132 0.007843 0.093983 3.025833 3.782291
140 133 0.006677 0.064616 3.048645 3.810806
141 134 0.005819 0.079119 3.088531 3.860664
142 135 0.005121 0.071148 3.145157 3.931446
143 136 0.004448 0.071353 3.230103 4.037628
144 137 0.005819 0.052848 3.336792 4.170990
145 138 0.005213 0.050406 3.446381 4.307976
146 139 0.003088 0.087253 3.569969 4.462461
147 140 0.003814 0.074895 3.682625 4.603281
148 141 0.004026 0.056885 3.797714 4.747143
149 142 0.003814 0.048613 3.921883 4.902353
150 143 0.003782 0.045275 4.037994 5.047493
151 144 0.003588 0.042212 4.155815 5.194769
152 145 0.003621 0.057857 4.271736 5.339670
153 146 0.003127 0.056206 4.380875 5.476093
154 147 0.002719 0.065529 4.490234 5.612793
155 148 0.002128 0.068900 4.596504 5.745630
156 149 0.001691 0.070207 4.702667 5.878334
157 150 0.002490 0.077323 4.798561 5.998201
158 151 0.002072 0.071201 4.895218 6.119022
159 152 0.002238 0.057025 4.984718 6.230898
160 153 0.002342 0.059467 5.076797 6.345997
161 154 0.002184 0.057369 5.166504 6.458130
162 155 0.002490 0.072471 5.244553 6.555691
163 156 0.001953 0.070239 5.305069 6.631336
164 157 0.001292 0.065036 5.349754 6.687193
165 158 0.002072 0.063745 5.381775 6.727219
166 159 0.001292 0.062558 5.408447 6.760559
167 160 0.001292 0.062021 5.418259 6.772823
168 161 0.001381 0.066507 5.415733 6.769667
169 162 0.002184 0.058476 5.401405 6.751757
170 163 0.001691 0.063796 5.386536 6.733170
171 164 0.002013 0.063045 5.379387 6.724234
172 165 0.001691 0.066352 5.367905 6.709881
173 166 0.001465 0.065404 5.363869 6.704836
174 167 0.001619 0.055089 5.352882 6.691103
175 168 0.001196 0.053306 5.340904 6.676130
176 169 0.001544 0.041935 5.330582 6.663227
177 170 0.001761 0.041948 5.318146 6.647682
178 171 0.002184 0.042831 5.309639 6.637049
179 172 0.001381 0.032410 5.305267 6.631584
180 173 0.001196 0.043201 5.292885 6.616106
181 174 0.001196 0.042713 5.295509 6.619387
182 175 0.001827 0.056858 5.302879 6.628599
183 176 0.001761 0.056426 5.320221 6.650276
184 177 0.000000 0.048377 5.348030 6.685038
185 178 0.001381 0.054059 5.380821 6.726027
186 179 0.001953 0.066856 5.414650 6.768312
187 180 0.001619 0.048245 5.456398 6.820498
188 181 0.001761 0.062050 5.488953 6.861191
189 182 0.001196 0.057993 5.520805 6.901007
190 183 0.001827 0.048884 5.562065 6.952581
191 184 0.001465 0.047470 5.605438 7.006798
192 185 0.000000 0.040404 5.652077 7.065096
193 186 0.001196 0.032676 5.702278 7.127848
194 187 0.000977 0.039199 5.750099 7.187624
195 188 0.001544 0.035336 5.806839 7.258549
196 189 0.000977 0.044521 5.863647 7.329559
197 190 0.000000 0.043751 5.913475 7.391844
198 191 0.001292 0.054330 5.955765 7.444706
199 192 0.001381 0.051338 5.989113 7.486391
200 193 0.000977 0.043111 6.021553 7.526941
201 194 0.001381 0.046795 6.047798 7.559748
202 195 0.001381 0.043821 6.073677 7.592096
203 196 0.000488 0.044626 6.095955 7.619944
204 197 0.002184 0.042040 6.108444 7.635555
205 198 0.001827 0.038581 6.114708 7.643385
206 199 0.002238 0.039189 6.109375 7.636719
207 200 0.001381 0.051983 6.099983 7.624979
208 201 0.001292 0.043246 6.082542 7.603178
209 202 0.001827 0.051006 6.059258 7.574072
210 203 0.002013 0.050492 6.033737 7.542171
211 204 0.000977 0.032520 6.017075 7.521343
212 205 0.002629 0.040623 6.000977 7.501221
213 206 0.001691 0.041887 5.977463 7.471828
214 207 0.001827 0.043902 5.947632 7.434540
215 208 0.001761 0.036565 5.924561 7.405701
216 209 0.001196 0.039889 5.895142 7.368927
217 210 0.002184 0.026669 5.862885 7.328606
218 211 0.001292 0.040634 5.821609 7.277012
219 212 0.004422 0.051204 5.780182 7.225227
220 213 0.002674 0.058444 5.756088 7.195110
221 214 0.000977 0.075891 5.736588 7.170734
222 215 0.002184 0.078522 5.715744 7.144680
223 216 0.001196 0.069946 5.698349 7.122936
224 217 0.000691 0.071035 5.678268 7.097836
225 218 0.000000 0.065545 5.655380 7.069225
226 219 0.000977 0.067167 5.639847 7.049809
227 220 0.000691 0.045806 5.614227 7.017784
228 221 0.000000 0.037564 5.583115 6.978893
229 222 0.001196 0.030735 5.548813 6.936016
230 223 0.000691 0.050509 5.511368 6.889210
231 224 0.000977 0.041763 5.483185 6.853981
232 225 0.000846 0.042160 5.459671 6.824589
233 226 0.001196 0.043529 5.433197 6.791496
234 227 0.000846 0.044265 5.409317 6.761646
235 228 0.001381 0.047960 5.384125 6.730156
236 229 0.001292 0.059041 5.358490 6.698112
237 230 0.000488 0.064150 5.339737 6.674671
238 231 0.001381 0.070968 5.323196 6.653996
239 232 0.000000 0.054699 5.307938 6.634922
240 233 0.001381 0.052829 5.296875 6.621094
241 234 0.001544 0.053575 5.285217 6.606522
242 235 0.000846 0.049364 5.269424 6.586781
243 236 0.000488 0.049821 5.250381 6.562977
244 237 0.001196 0.052031 5.234787 6.543484
245 238 0.002013 0.052709 5.229294 6.536617
246 239 0.001691 0.052507 5.229965 6.537457
247 240 0.001691 0.057362 5.226852 6.533566
248 241 0.000691 0.058153 5.222046 6.527557
249 242 0.001381 0.061267 5.227921 6.534901
250 243 0.002290 0.055650 5.242340 6.552925
251 244 0.001092 0.051395 5.251755 6.564693
252 245 0.001953 0.054019 5.253036 6.566296
253 246 0.000000 0.057085 5.252228 6.565285
254 247 0.000691 0.037860 5.248093 6.560116
255 248 0.002490 0.031506 5.261185 6.576481
256 249 0.001381 0.024782 5.279694 6.599617
257 250 0.002013 0.031232 5.298325 6.622906
258 251 0.001953 0.027724 5.310043 6.637554
259 252 0.000691 0.038675 5.310074 6.637592
260 253 0.000977 0.050065 5.309540 6.636925
261 254 0.001196 0.039850 5.320724 6.650906
262 255 0.000691 0.033126 5.334473 6.668091
263 256 0.002013 0.025373 5.344376 6.680470
264 257 0.002184 0.019009 5.351440 6.689301
265 258 0.001092 0.009915 5.357254 6.696568
266 259 0.000977 0.019997 5.369949 6.712437
267 260 0.000977 0.022139 5.382965 6.728706
268 261 0.001381 0.031009 5.396210 6.745262
269 262 0.001196 0.029156 5.394180 6.742725
270 263 0.000846 0.031100 5.388290 6.735363
271 264 0.000691 0.033083 5.380447 6.725559
272 265 0.001196 0.039526 5.377853 6.722317
273 266 0.001381 0.023895 5.372818 6.716022
274 267 0.001691 0.022777 5.363892 6.704865
275 268 0.001544 0.019512 5.341492 6.676865
276 269 0.001196 0.017664 5.313385 6.641731
277 270 0.000977 0.024650 5.285263 6.606579
278 271 0.000488 0.020764 5.255203 6.569004
279 272 0.000846 0.025647 5.235626 6.544533
280 273 0.000977 0.030113 5.212036 6.515045
281 274 0.000691 0.035993 5.182083 6.477604
282 275 0.001544 0.019519 5.139771 6.424713
283 276 0.001292 0.029123 5.091110 6.363888
284 277 0.001381 0.029923 5.026306 6.282883
285 278 0.001381 0.027391 4.952713 6.190891
286 279 0.001761 0.032606 4.857239 6.071548
287 280 0.001827 0.009638 4.747375 5.934219
288 281 0.001761 0.009749 4.627853 5.784817
289 282 0.000977 0.004075 4.505219 5.631523
290 283 0.001465 0.001325 4.372467 5.465584
291 284 0.001691 0.005515 4.236206 5.295258
292 285 0.001381 0.026752 4.089493 5.111866
293 286 0.002072 0.036308 3.936356 4.920444
294 287 0.001544 0.021893 3.780548 4.725685
295 288 0.001761 0.027858 3.622269 4.527836
296 289 0.001544 0.027002 3.469727 4.337158
297 290 0.000846 0.009129 3.322754 4.153442
298 291 0.001619 0.019876 3.181946 3.977432
299 292 0.001381 0.041682 3.047684 3.809605
300 293 0.001292 0.043853 2.916504 3.645630
301 294 0.001619 0.037769 2.785187 3.481483
302 295 0.000846 0.046051 2.650757 3.313446
303 296 0.000488 0.041100 2.516190 3.145237
304 297 0.000846 0.027605 2.385162 2.981453
305 298 0.001465 0.026865 2.257019 2.821274
306 299 0.000977 0.011235 2.130859 2.663574
307 300 0.001465 0.024223 2.011307 2.514133
308 301 0.003202 0.041524 1.899612 2.374516
309 302 0.003239 0.038804 1.797241 2.246552
310 303 0.003088 0.049576 1.709259 2.136574
311 304 0.003845 0.059402 1.641525 2.051907
312 305 0.003127 0.049673 1.584595 1.980743
313 306 0.000846 0.072352 1.550293 1.937866
314 307 0.001691 0.065117 1.525833 1.907291
315 308 0.002128 0.071589 1.510620 1.888275
316 309 0.002392 0.082906 1.515167 1.893959
317 310 0.002184 0.059361 1.514282 1.892853
318 311 0.001544 0.060718 1.514175 1.892719
319 312 0.001691 0.067967 1.517349 1.896687
320 313 0.004367 0.058035 1.508469 1.885586
321 314 0.003588 0.063095 1.506912 1.883640
322 315 0.001953 0.069694 1.513489 1.891861
323 316 0.001761 0.109921 1.516907 1.896133
324 317 0.002128 0.120230 1.555283 1.944103
325 318 0.002128 0.110531 1.597824 1.997280
326 319 0.002970 0.116403 1.670578 2.088223
327 320 0.003967 0.132982 1.763351 2.204189
328 321 0.004200 0.116795 1.852448 2.315559
329 322 0.004475 0.146037 1.967148 2.458935
330 323 0.004312 0.140991 2.095123 2.618904
331 324 0.005098 0.144593 2.187943 2.734928
332 325 0.004422 0.158616 2.302872 2.878590
333 326 0.003383 0.133928 2.382950 2.978687
334 327 0.003906 0.147819 2.477081 3.096352
335 328 0.003487 0.148251 2.581192 3.226490
336 329 0.003383 0.083563 2.655899 3.319874
337 330 0.003521 0.063529 2.742386 3.427982
338 331 0.002762 0.067615 2.849930 3.562412
339 332 0.002490 0.065172 2.941406 3.676758
340 333 0.003088 0.076328 3.062088 3.827610
341 334 0.002072 0.070367 3.166153 3.957691
342 335 0.001092 0.066942 3.281342 4.101677
343 336 0.000000 0.059888 3.421112 4.276390
344 337 0.001196 0.045765 3.546738 4.433422
345 338 0.001092 0.048903 3.681244 4.601555
346 339 0.003845 0.095350 3.814224 4.767780
347 340 0.003588 0.078987 3.945801 4.932251
348 341 0.003814 0.074466 4.083344 5.104179
349 342 0.004026 0.071189 4.217209 5.271511
350 343 0.003719 0.054235 4.344833 5.431042
351 344 0.002805 0.075554 4.473389 5.591736
352 345 0.002290 0.115650 4.594055 5.742569
353 346 0.001292 0.051833 4.717773 5.897217
354 347 0.000977 0.039433 4.837250 6.046562
355 348 0.000846 0.040291 4.950165 6.187706
356 349 0.000488 0.036137 5.064163 6.330204
357 350 0.000977 0.056977 5.172989 6.466236
358 351 0.000977 0.072554 5.284500 6.605625
359 352 0.001092 0.038709 5.396988 6.746235
360 353 0.001092 0.029500 5.510223 6.887779
361 354 0.001761 0.037144 5.614700 7.018375
362 355 0.001953 0.025654 5.724548 7.155685
363 356 0.002342 0.052667 5.818771 7.273464
364 357 0.002441 0.037857 5.915009 7.393761
365 358 0.003049 0.034308 6.006363 7.507954
366 359 0.003383 0.033325 6.097046 7.621307
367 360 0.003906 0.040718 6.184753 7.730942
368 361 0.002674 0.037154 6.270615 7.838268
369 362 0.002847 0.024318 6.351089 7.938862
370 363 0.001691 0.051273 6.436401 8.045502
371 364 0.001619 0.042204 6.522491 8.153114
372 365 0.001381 0.047106 6.606705 8.258381
373 366 0.001761 0.031818 6.683548 8.354435
374 367 0.001196 0.033246 6.744598 8.430748
375 368 0.000488 0.052058 6.802628 8.503284
376 369 0.001544 0.053776 6.848221 8.560276
377 370 0.000488 0.057313 6.884689 8.605862
378 371 0.000691 0.054884 6.905823 8.632278
379 372 0.001092 0.068750 6.918564 8.648205
380 373 0.000488 0.071188 6.929901 8.662376
381 374 0.000691 0.073651 6.936951 8.671188
382 375 0.001292 0.070705 6.941406 8.676758
383 376 0.001953 0.078388 6.952560 8.690701
384 377 0.001092 0.112317 6.953262 8.691578
385 378 0.001619 0.087827 6.961960 8.702450
386 379 0.001827 0.089668 6.961319 8.701649
387 380 0.001891 0.088885 6.954361 8.692951
388 381 0.001381 0.107996 6.949570 8.686962
389 382 0.000977 0.150452 6.949738 8.687172
390 383 0.001196 0.123293 6.945831 8.682289
391 384 0.001544 0.132775 6.946655 8.683319
392 385 0.001465 0.126016 6.936737 8.670921
393 386 0.000977 0.144684 6.932571 8.665714
394 387 0.000691 0.144847 6.931183 8.663979
395 388 0.000977 0.139996 6.937958 8.672447
396 389 0.000000 0.125022 6.934555 8.668194
397 390 0.000691 0.120533 6.935059 8.668823
398 391 0.000977 0.121073 6.930740 8.663425
399 392 0.000000 0.119746 6.925720 8.657150
400 393 0.000488 0.107503 6.920822 8.651028
401 394 0.000846 0.100221 6.914795 8.643494
402 395 0.000488 0.098450 6.908707 8.635883
403 396 0.000977 0.104232 6.899323 8.624153
404 397 0.000000 0.088201 6.879852 8.599815
405 398 0.000691 0.088929 6.868256 8.585320
406 399 0.000000 0.086046 6.860077 8.575096
407 400 0.000846 0.082260 6.852753 8.565941
408 401 0.000977 0.097571 6.839417 8.549271
409 402 0.000691 0.111755 6.821198 8.526497
410 403 0.000846 0.108095 6.799805 8.499756
411 404 0.000488 0.122957 6.775543 8.469429
412 405 0.000691 0.087630 6.752838 8.441048
413 406 0.000488 0.090719 6.728424 8.410530
414 407 0.000691 0.096148 6.703247 8.379059
415 408 0.000691 0.085133 6.678589 8.348236
416 409 0.000977 0.069375 6.653198 8.316498
417 410 0.000691 0.057715 6.634521 8.293152
418 411 0.001196 0.058531 6.619751 8.274689
419 412 0.001544 0.070580 6.603851 8.254814
420 413 0.000000 0.064919 6.588593 8.235741
421 414 0.000846 0.066036 6.571594 8.214493
422 415 0.000488 0.083714 6.553955 8.192444
423 416 0.000488 0.097027 6.534149 8.167686
424 417 0.000691 0.115571 6.511047 8.138809
425 418 0.000000 0.118389 6.483643 8.104553
426 419 0.000691 0.124692 6.447601 8.059502
427 420 0.000488 0.126317 6.402527 8.003159
428 421 0.001381 0.136935 6.352173 7.940216
429 422 0.000488 0.134260 6.288422 7.860527
430 423 0.000846 0.129982 6.218658 7.773323
431 424 0.001092 0.133496 6.140686 7.675858
432 425 0.000977 0.137006 6.057739 7.572174
433 426 0.000977 0.125642 5.976013 7.470016
434 427 0.000977 0.119595 5.893524 7.366905
435 428 0.000488 0.107154 5.810333 7.262917
436 429 0.000977 0.101928 5.734314 7.167892
437 430 0.000000 0.098361 5.653778 7.067223
438 431 0.000691 0.079672 5.571503 6.964378
439 432 0.000977 0.068488 5.487762 6.859703
440 433 0.000691 0.063529 5.396423 6.745529
441 434 0.000846 0.067514 5.308380 6.635475
442 435 0.001196 0.068037 5.203613 6.504517
443 436 0.001292 0.073866 5.100800 6.375999
444 437 0.001619 0.083435 4.999023 6.248779
445 438 0.001691 0.078284 4.902100 6.127625
446 439 0.001827 0.069203 4.806641 6.008301
447 440 0.001761 0.073865 4.717224 5.896530
448 441 0.001827 0.058853 4.625092 5.781364
449 442 0.002238 0.061071 4.549896 5.687370
450 443 0.001691 0.051899 4.475342 5.594177
451 444 0.001381 0.052304 4.403717 5.504646
452 445 0.001761 0.040346 4.334808 5.418510
453 446 0.000488 0.080403 4.261017 5.326271
454 447 0.000977 0.066031 4.188232 5.235291
455 448 0.001761 0.073119 4.117188 5.146484
456 449 0.001381 0.079907 4.041382 5.051727
457 450 0.001761 0.093837 3.966980 4.958725
458 451 0.001953 0.098137 3.890808 4.863510
459 452 0.001544 0.164833 3.808319 4.760399
460 453 0.002762 0.121479 3.738281 4.672852
461 454 0.001953 0.158307 3.670074 4.587593
462 455 0.001827 0.153322 3.606293 4.507866
463 456 0.003088 0.154199 3.551025 4.438782
464 457 0.003383 0.147978 3.502319 4.377899
465 458 0.004143 0.146007 3.461884 4.327354
466 459 0.005304 0.093675 3.434174 4.292717
467 460 0.005524 0.100634 3.418732 4.273415
468 461 0.003088 0.075041 3.395630 4.244537
469 462 0.003010 0.060520 3.368164 4.210205
470 463 0.002072 0.064341 3.350677 4.188347
471 464 0.002762 0.055663 3.319427 4.149284
472 465 0.003010 0.064681 3.301361 4.126701
473 466 0.003275 0.059922 3.267456 4.084320
474 467 0.002072 0.048695 3.221985 4.027481
475 468 0.001092 0.082525 3.206024 4.007530
476 469 0.001953 0.076932 3.192749 3.990936
477 470 0.002805 0.076011 3.196136 3.995171
478 471 0.002441 0.075062 3.207947 4.009933
479 472 0.002930 0.057933 3.214203 4.017754
480 473 0.000977 0.066601 3.243774 4.054718
481 474 0.001691 0.057308 3.275757 4.094696
482 475 0.001196 0.053695 3.302734 4.128418
483 476 0.001465 0.052207 3.338379 4.172974
484 477 0.002128 0.054291 3.359772 4.199715
485 478 0.002128 0.042595 3.392426 4.240532
486 479 0.001761 0.040203 3.430298 4.287872
487 480 0.001761 0.043489 3.470459 4.338074
488 481 0.001691 0.043845 3.522003 4.402504
489 482 0.001544 0.041800 3.576080 4.470100
490 483 0.002013 0.036990 3.638031 4.547539
491 484 0.001761 0.025115 3.704254 4.630318
492 485 0.001196 0.022229 3.774536 4.718170
493 486 0.000846 0.019401 3.857422 4.821777
494 487 0.000691 0.026167 3.941193 4.926491
495 488 0.000691 0.027637 4.033508 5.041885
496 489 0.000977 0.027439 4.127655 5.159569
497 490 0.000977 0.046764 4.225464 5.281830
498 491 0.001196 0.047777 4.321655 5.402069
499 492 0.000977 0.048727 4.425537 5.531921
500 493 0.000691 0.057776 4.531586 5.664482
501 494 0.000488 0.040792 4.644409 5.805511
502 495 0.000000 0.041118 4.756409 5.945511
503 496 0.001196 0.042992 4.871094 6.088867
504 497 0.001196 0.050655 4.986389 6.232986
505 498 0.000691 0.065470 5.114868 6.393585
506 499 0.000488 0.066704 5.241180 6.551476
507 500 0.000691 0.080346 5.358093 6.697617
508 501 0.000846 0.073454 5.470245 6.837807
509 502 0.000691 0.067976 5.574860 6.968575
510 503 0.000691 0.072575 5.683044 7.103806
511 504 0.000488 0.064744 5.790253 7.237816
512 505 0.000000 0.052244 5.882172 7.352715
513 506 0.001092 0.055135 5.965942 7.457428
514 507 0.001292 0.069709 6.047943 7.559929
515 508 0.000977 0.081841 6.127655 7.659569
516 509 0.001544 0.081989 6.208099 7.760124
517 510 0.000846 0.082071 6.279114 7.848892
518 511 0.000691 0.081072 6.347473 7.934341
519 512 0.000691 0.082713 6.409698 8.012123
520 513 0.001691 0.088165 6.464355 8.080444
521 514 0.001292 0.081210 6.501312 8.126640
522 515 0.001761 0.089933 6.526398 8.157997
523 516 0.002342 0.087902 6.542908 8.178635
524 517 0.002072 0.079645 6.553925 8.192406
525 518 0.002537 0.088204 6.550415 8.188019
526 519 0.002584 0.086613 6.535889 8.169861
527 520 0.002072 0.085921 6.513458 8.141823
528 521 0.002441 0.074294 6.488495 8.110619
529 522 0.002072 0.063632 6.479095 8.098869
530 523 0.001891 0.053060 6.462250 8.077812
531 524 0.002128 0.058992 6.440643 8.050804
532 525 0.001544 0.056206 6.425629 8.032036
533 526 0.001761 0.056223 6.396088 7.995110
534 527 0.001544 0.054807 6.382324 7.977905
535 528 0.001381 0.049397 6.371704 7.964630
536 529 0.001196 0.049238 6.340546 7.925682
537 530 0.000488 0.049381 6.311798 7.889748
538 531 0.000488 0.050990 6.277863 7.847328
539 532 0.000977 0.059767 6.241486 7.801857
540 533 0.000488 0.059777 6.219025 7.773781
541 534 0.001092 0.055054 6.186920 7.733650
542 535 0.002290 0.061899 6.154877 7.693596
543 536 0.001691 0.064249 6.130188 7.662735
544 537 0.001544 0.069537 6.108307 7.635384
545 538 0.002490 0.072507 6.075684 7.594604
546 539 0.002930 0.071099 6.040527 7.550659
547 540 0.002238 0.083750 6.012512 7.515640
548 541 0.001465 0.082231 5.996368 7.495461
549 542 0.001196 0.070190 5.984375 7.480469
550 543 0.000488 0.066177 5.974884 7.468605
551 544 0.001292 0.047450 5.971375 7.464218
552 545 0.003347 0.047125 5.989502 7.486877
553 546 0.002392 0.051066 6.024780 7.530975
554 547 0.002013 0.035955 6.064148 7.580185
555 548 0.001619 0.037557 6.098083 7.622604
556 549 0.002184 0.037493 6.134369 7.667961
557 550 0.001691 0.035322 6.182281 7.727852
558 551 0.001465 0.030834 6.247894 7.809868
559 552 0.002490 0.020042 6.314270 7.892838
560 553 0.000977 0.014089 6.379669 7.974586
561 554 0.000977 0.025314 6.443481 8.054352
562 555 0.001196 0.025491 6.508606 8.135757
563 556 0.001761 0.026542 6.579926 8.224907
564 557 0.002392 0.030743 6.655792 8.319740
565 558 0.002674 0.026890 6.725159 8.406448
566 559 0.001891 0.030146 6.795868 8.494835
567 560 0.002072 0.026500 6.859253 8.574066
568 561 0.001381 0.026073 6.937897 8.672371
569 562 0.001619 0.032333 7.010040 8.762550
570 563 0.001381 0.024133 7.085327 8.856659
571 564 0.001381 0.024934 7.145996 8.932495
572 565 0.001544 0.025141 7.198425 8.998032
573 566 0.002238 0.030479 7.248840 9.061050
574 567 0.001691 0.039200 7.294586 9.118233
575 568 0.001092 0.045726 7.326202 9.157753
576 569 0.000846 0.050650 7.357025 9.196281
577 570 0.000488 0.047369 7.379028 9.223785
578 571 0.000846 0.044338 7.398010 9.247513
579 572 0.000691 0.042898 7.405365 9.256706
580 573 0.000846 0.025758 7.400024 9.250031
581 574 0.001381 0.019430 7.389709 9.237137
582 575 0.000977 0.016005 7.377563 9.221954
583 576 0.000977 0.017474 7.363708 9.204636
584 577 0.000846 0.015740 7.349548 9.186935
585 578 0.000691 0.019141 7.337097 9.171371
586 579 0.000691 0.014132 7.308838 9.136047
587 580 0.000691 0.017928 7.290924 9.113655
588 581 0.001196 0.018957 7.273407 9.091759
589 582 0.000000 0.014084 7.254822 9.068527
590 583 0.000691 0.011987 7.235046 9.043808
591 584 0.000846 0.016980 7.210510 9.013138
592 585 0.001196 0.020903 7.179565 8.974457
593 586 0.000691 0.026437 7.163635 8.954544
594 587 0.000488 0.025682 7.144043 8.930054
595 588 0.000691 0.031980 7.117645 8.897057
596 589 0.000691 0.031178 7.096649 8.870811
597 590 0.000691 0.037071 7.072113 8.840141
598 591 0.000691 0.038463 7.045715 8.807144
599 592 0.000846 0.040505 7.020660 8.775826
600 593 0.000488 0.043835 6.999451 8.749313
601 594 0.000691 0.039809 6.975037 8.718796
602 595 0.000488 0.044941 6.956970 8.696213
603 596 0.000000 0.049029 6.932709 8.665886
604 597 0.000691 0.044008 6.909058 8.636322
605 598 0.001196 0.052828 6.884949 8.606186
606 599 0.000000 0.044535 6.864960 8.581200
607 600 0.000846 0.056690 6.841919 8.552399
608 601 0.001092 0.046686 6.815948 8.519936
609 602 0.000977 0.048495 6.791260 8.489075
610 603 0.000691 0.047398 6.762848 8.453560
611 604 0.000691 0.049197 6.738373 8.422966
612 605 0.000691 0.044464 6.713257 8.391571
613 606 0.000691 0.045393 6.681702 8.352127
614 607 0.000488 0.041140 6.646881 8.308601
615 608 0.001292 0.038947 6.607300 8.259125
616 609 0.000846 0.042380 6.562958 8.203697
617 610 0.000488 0.048564 6.504425 8.130531
618 611 0.000977 0.050230 6.436127 8.045158
619 612 0.001092 0.050385 6.358734 7.948418
620 613 0.000000 0.048443 6.271729 7.839661
621 614 0.000488 0.045043 6.171844 7.714806
622 615 0.000488 0.048331 6.061127 7.576408
623 616 0.000000 0.048422 5.933685 7.417107
624 617 0.000691 0.048007 5.802490 7.253113
625 618 0.000846 0.059208 5.658081 7.072601
626 619 0.000000 0.075769 5.504150 6.880188
627 620 0.000691 0.080695 5.337280 6.671600
628 621 0.000000 0.074138 5.163361 6.454201
629 622 0.000488 0.078943 4.985107 6.231384
630 623 0.000488 0.081562 4.803375 6.004219
631 624 0.000000 0.083602 4.617920 5.772400
632 625 0.000488 0.073999 4.435669 5.544586
633 626 0.000488 0.059156 4.246429 5.308037
634 627 0.001196 0.054061 4.056244 5.070305
635 628 0.000488 0.064039 3.860626 4.825783
636 629 0.000000 0.048224 3.663605 4.579506
637 630 0.000846 0.057182 3.458496 4.323120
638 631 0.001196 0.059804 3.249512 4.061890
639 632 0.000846 0.066330 3.030853 3.788567
640 633 0.001619 0.073535 2.813721 3.517151
641 634 0.002930 0.068192 2.584290 3.230362
642 635 0.002537 0.067393 2.365875 2.957344
643 636 0.003937 0.074499 2.154785 2.693481
644 637 0.003312 0.070618 1.954956 2.443695
645 638 0.002184 0.071872 1.781921 2.227402
646 639 0.001544 0.054068 1.633148 2.041435
647 640 0.001381 0.047095 1.510590 1.888237
648 641 0.002674 0.057623 1.420990 1.776237
649 642 0.002392 0.056996 1.341705 1.677132
650 643 0.003010 0.078898 1.267334 1.584167
651 644 0.002072 0.057761 1.206329 1.507912
652 645 0.001691 0.057903 1.142120 1.427650
653 646 0.000977 0.049125 1.079224 1.349030
654 647 0.001953 0.062634 1.013611 1.267014
655 648 0.002930 0.076066 0.949646 1.187057
656 649 0.000846 0.043544 0.889465 1.111832
657 650 0.000977 0.048124 0.832520 1.040649
658 651 0.000977 0.045865 0.769775 0.962219
659 652 0.001092 0.045843 0.700134 0.875168
660 653 0.001092 0.043520 0.622742 0.778427
661 654 0.001196 0.035873 0.540192 0.675240
662 655 0.002674 0.019221 0.453827 0.567284
663 656 0.000691 0.038035 0.365356 0.456696
664 657 0.001381 0.027815 0.280762 0.350952
665 658 0.000977 0.035961 0.208862 0.261078
666 659 0.001381 0.021981 0.153168 0.191460
667 660 0.002013 0.027294 0.106323 0.132904
668 661 0.001196 0.025393 0.073425 0.091782
669 662 0.000691 0.021424 0.053009 0.066261
670 663 0.001891 0.051598 0.039978 0.049973
671 664 0.000691 0.042762 0.035339 0.044174
672 665 0.001381 0.053389 0.034729 0.043411
673 666 0.000488 0.039479 0.032379 0.040474
674 667 0.001092 0.058489 0.036926 0.046158
675 668 0.000000 0.043631 0.037231 0.046539
676 669 0.000691 0.040697 0.036377 0.045471
677 670 0.001544 0.048480 0.034607 0.043259
678 671 0.001381 0.046758 0.038757 0.048447
679 672 0.001544 0.030205 0.038727 0.048409
680 673 0.000691 0.039780 0.040527 0.050659
681 674 0.000000 0.039733 0.038361 0.047951
682 675 0.000488 0.039421 0.039795 0.049744
683 676 0.000691 0.049859 0.038544 0.048180
684 677 0.000488 0.039267 0.042145 0.052681
685 678 0.000000 0.036387 0.038635 0.048294
686 679 0.000000 0.037357 0.040710 0.050888
687 680 0.000691 0.033961 0.042114 0.052643
688 681 0.000691 0.042314 0.044708 0.055885
689 682 0.000000 0.040081 0.043427 0.054283
690 683 0.000000 0.040246 0.043915 0.054893
691 684 0.000000 0.042395 0.043335 0.054169
692 685 0.000000 0.035506 0.041992 0.052490
693 686 0.000691 0.036598 0.037323 0.046654
694 687 0.000691 0.039643 0.030640 0.038300
695 688 0.001196 0.041381 0.025787 0.032234
696 689 0.001381 0.045601 0.022736 0.028419
697 690 0.000488 0.029163 0.022461 0.028076
698 691 0.000846 0.035903 0.019836 0.024796
699 692 0.000846 0.038756 0.018677 0.023346
700 693 0.000691 0.025838 0.018036 0.022545
701 694 0.000488 0.020412 0.021606 0.027008
702 695 0.000691 0.053259 0.023376 0.029221
703 696 0.001196 0.041278 0.023956 0.029945
704 697 0.000846 0.011951 0.020416 0.025520
705 698 0.001092 0.040474 0.018188 0.022736
706 699 0.001092 0.048401 0.016174 0.020218
707 700 0.000691 0.039579 0.015411 0.019264
708 701 0.000691 0.025470 0.016479 0.020599
709 702 0.001196 0.035412 0.017273 0.021591
710 703 0.000000 0.022843 0.018280 0.022850
711 704 0.000000 0.023259 0.019104 0.023880
712 705 0.000488 0.022452 0.022034 0.027542
713 706 0.001381 0.042072 0.022705 0.028381
714 707 0.000846 0.028173 0.022156 0.027695
715 708 0.001381 0.035361 0.018219 0.022774
716 709 0.000977 0.056890 0.065430 0.081787
717 710 0.001691 0.083030 0.097473 0.121841
718 711 0.001381 0.122520 0.127563 0.159454
719 712 0.001292 0.161240 0.158539 0.198174
720 713 0.001196 0.203242 0.185883 0.232353
721 714 0.000977 0.231418 0.221344 0.276680
722 715 0.001092 0.250683 0.252014 0.315018
723 716 0.001196 0.240540 0.238037 0.297546
724 717 0.001381 0.222299 0.238068 0.297585
725 718 0.000691 0.192388 0.247803 0.309753
726 719 0.000846 0.163815 0.256073 0.320091
727 720 0.001092 0.144234 0.275238 0.344048
728 721 0.000691 0.127625 0.289276 0.361595
729 722 0.001381 0.115982 0.310577 0.388222
730 723 0.001827 0.077030 0.333923 0.417404
731 724 0.001691 0.066087 0.369354 0.461693
732 725 0.001292 0.070239 0.414581 0.518227
733 726 0.001196 0.073095 0.478271 0.597839
734 727 0.001292 0.058462 0.548279 0.685349
735 728 0.001465 0.049377 0.634460 0.793076
736 729 0.001691 0.039053 0.732269 0.915337
737 730 0.001891 0.030023 0.835907 1.044884
738 731 0.002128 0.051910 0.945648 1.182060
739 732 0.001827 0.028846 1.048492 1.310616
740 733 0.000846 0.041745 1.141388 1.426735
741 734 0.000488 0.050701 1.234222 1.542778
742 735 0.000000 0.116475 1.318085 1.647606
743 736 0.000000 0.123025 1.397003 1.746254
744 737 0.000000 0.126851 1.475800 1.844749
745 738 0.000977 0.122732 1.560394 1.950493
746 739 0.001544 0.154700 1.659058 2.073822
747 740 0.003906 0.172904 1.778534 2.223167
748 741 0.005027 0.174495 1.908630 2.385788
749 742 0.005819 0.087191 2.054749 2.568436
750 743 0.006234 0.100856 2.226410 2.783012
751 744 0.007109 0.077297 2.408112 3.010139
752 745 0.003588 0.059054 2.598816 3.248520
753 746 0.004143 0.035446 2.801941 3.502426
754 747 0.003521 0.064310 2.991455 3.739319
755 748 0.003588 0.062598 3.193695 3.992119
756 749 0.002847 0.070470 3.377228 4.221535
757 750 0.000846 0.115331 3.546600 4.433250
758 751 0.000846 0.096055 3.730286 4.662857
759 752 0.001544 0.077924 3.890045 4.862556
760 753 0.002392 0.056314 4.052246 5.065308
761 754 0.002441 0.065331 4.204681 5.255852
762 755 0.000691 0.077283 4.348419 5.435524
763 756 0.000846 0.075149 4.516785 5.645981
764 757 0.000977 0.052901 4.680573 5.850716
765 758 0.001381 0.059711 4.837280 6.046600
766 759 0.000977 0.051656 5.012024 6.265030
767 760 0.001544 0.077561 5.171631 6.464539
768 761 0.002072 0.062972 5.343933 6.679916
769 762 0.002013 0.055578 5.509399 6.886749
770 763 0.001292 0.052282 5.665955 7.082443
771 764 0.001196 0.058999 5.831024 7.288780
772 765 0.001196 0.061916 5.986664 7.483330
773 766 0.001381 0.065748 6.139618 7.674522
774 767 0.002184 0.069246 6.292328 7.865410
775 768 0.001544 0.074940 6.448700 8.060875
776 769 0.001092 0.062648 6.611176 8.263969
777 770 0.001196 0.058867 6.774506 8.468132
778 771 0.001381 0.054489 6.929260 8.661575
779 772 0.001092 0.053306 7.084839 8.856049
780 773 0.000000 0.036877 7.237061 9.046326
781 774 0.000000 0.033368 7.384613 9.230766
782 775 0.000000 0.035516 7.521301 9.401627
783 776 0.000977 0.039196 7.650513 9.563141
784 777 0.002128 0.055574 7.772369 9.715462
785 778 0.002674 0.059536 7.889648 9.862061
786 779 0.002392 0.078174 7.999237 9.999046
787 780 0.002762 0.068142 8.104218 10.130272
788 781 0.002392 0.060166 8.197205 10.246506
789 782 0.002441 0.063967 8.282013 10.352516
790 783 0.001761 0.071593 8.342407 10.428009
791 784 0.002238 0.057228 8.381256 10.476570
792 785 0.000977 0.074313 8.406342 10.507927
793 786 0.002184 0.055109 8.411957 10.514946
794 787 0.001196 0.057378 8.403320 10.504150
795 788 0.001196 0.053301 8.389709 10.487137
796 789 0.000846 0.057020 8.371735 10.464668
797 790 0.002013 0.048021 8.358490 10.448112
798 791 0.000977 0.058043 8.346649 10.433311
799 792 0.001092 0.050210 8.329529 10.411911
800 793 0.000977 0.050513 8.315491 10.394363
801 794 0.000691 0.050758 8.301392 10.376740
802 795 0.000691 0.052579 8.285858 10.357323
803 796 0.001292 0.046868 8.267029 10.333786
804 797 0.001196 0.047943 8.242920 10.303650
805 798 0.000691 0.041739 8.217133 10.271416
806 799 0.000977 0.029582 8.195343 10.244179
807 800 0.000488 0.034750 8.174500 10.218124
808 801 0.001381 0.016090 8.153137 10.191422
809 802 0.001292 0.017615 8.128448 10.160561
810 803 0.000977 0.027955 8.101135 10.126419
811 804 0.001827 0.034208 8.074707 10.093384
812 805 0.000977 0.026365 8.050415 10.063019
813 806 0.000691 0.044444 8.031921 10.039902
814 807 0.000977 0.041467 8.008545 10.010681
815 808 0.001381 0.031759 7.984192 9.980240
816 809 0.000488 0.024129 7.957092 9.946365
817 810 0.001381 0.024672 7.931152 9.913940
818 811 0.002184 0.044656 7.915710 9.894638
819 812 0.000691 0.055008 7.897461 9.871826
820 813 0.001292 0.070561 7.872864 9.841080
821 814 0.001544 0.080315 7.851501 9.814377
822 815 0.001619 0.089654 7.831116 9.788895
823 816 0.001196 0.105879 7.812378 9.765472
824 817 0.000691 0.099054 7.795044 9.743805
825 818 0.001196 0.089133 7.769287 9.711609
826 819 0.000977 0.081622 7.748840 9.686050
827 820 0.000691 0.071506 7.731995 9.664993
828 821 0.000977 0.054391 7.722900 9.653625
829 822 0.001196 0.054543 7.711609 9.639511
830 823 0.001691 0.050153 7.710510 9.638138
831 824 0.000488 0.029465 7.694580 9.618225
832 825 0.000691 0.041386 7.693604 9.617004
833 826 0.000488 0.041041 7.691345 9.614182
834 827 0.000977 0.042057 7.672119 9.590149
835 828 0.001196 0.046501 7.644409 9.555511
836 829 0.001196 0.058783 7.611816 9.514771
837 830 0.001196 0.066275 7.587585 9.484482
838 831 0.000691 0.063843 7.576111 9.470139
839 832 0.000488 0.077967 7.557495 9.446869
840 833 0.000488 0.081725 7.539612 9.424515
841 834 0.000488 0.068577 7.536072 9.420090
842 835 0.000000 0.056701 7.527649 9.409561
843 836 0.000000 0.068656 7.512207 9.390259
844 837 0.000846 0.074588 7.483704 9.354630
845 838 0.001292 0.070405 7.459900 9.324875
846 839 0.001381 0.088663 7.427185 9.283981
847 840 0.000691 0.092715 7.399841 9.249802
848 841 0.001092 0.074615 7.386536 9.233170
849 842 0.000977 0.065176 7.381226 9.226532
850 843 0.002184 0.061214 7.396912 9.246140
851 844 0.000977 0.035065 7.408264 9.260330
852 845 0.000691 0.015304 7.422302 9.277878
853 846 0.000488 0.015274 7.432007 9.290009
854 847 0.001196 0.049310 7.439331 9.299164
855 848 0.000846 0.062313 7.429077 9.286346
856 849 0.000977 0.066694 7.418274 9.272842
857 850 0.002238 0.068757 7.394104 9.242630
858 851 0.001465 0.077158 7.368164 9.210205
859 852 0.000977 0.060521 7.338501 9.173126
860 853 0.001761 0.063483 7.309875 9.137344
861 854 0.000846 0.035913 7.286316 9.107895
862 855 0.000691 0.012242 7.265137 9.081421
863 856 0.000846 0.016241 7.240051 9.050064
864 857 0.000846 0.023502 7.215820 9.019775
865 858 0.001691 0.044985 7.189941 8.987427
866 859 0.001092 0.041769 7.168274 8.960342
867 860 0.001292 0.046130 7.153809 8.942261
868 861 0.000691 0.049759 7.126160 8.907700
869 862 0.000977 0.061167 7.099731 8.874664
870 863 0.001092 0.062860 7.070923 8.838654
871 864 0.000977 0.054527 7.045593 8.806992
872 865 0.000977 0.061497 7.012817 8.766022
873 866 0.001092 0.059485 6.955750 8.694687
874 867 0.000691 0.064017 6.882080 8.602600
875 868 0.001092 0.072942 6.799744 8.499680
876 869 0.000488 0.064387 6.699829 8.374786
877 870 0.000691 0.056782 6.586792 8.233490
878 871 0.000000 0.059838 6.451538 8.064423
879 872 0.000691 0.057308 6.314209 7.892761
880 873 0.000488 0.063021 6.174255 7.717819
881 874 0.000691 0.067122 6.034058 7.542572
882 875 0.001092 0.062448 5.894409 7.368011
883 876 0.001292 0.076451 5.750183 7.187729
884 877 0.000488 0.078883 5.606201 7.007751
885 878 0.000691 0.081609 5.464355 6.830444
886 879 0.000846 0.083770 5.320251 6.650314
887 880 0.001292 0.088136 5.173218 6.466522
888 881 0.001381 0.080064 5.026428 6.283035
889 882 0.000977 0.090259 4.864563 6.080704
890 883 0.000691 0.091097 4.709717 5.887146
891 884 0.001292 0.092855 4.583923 5.729904
892 885 0.001619 0.095080 4.418579 5.523224
893 886 0.001381 0.097133 4.300903 5.376129
894 887 0.000691 0.089872 4.170105 5.212631
895 888 0.001381 0.085166 4.058105 5.072632
896 889 0.001196 0.064523 3.965088 4.956360
897 890 0.001544 0.057927 3.881226 4.851532
898 891 0.001761 0.051952 3.778992 4.723740
899 892 0.001381 0.068382 3.735779 4.669724
900 893 0.003686 0.070405 3.665405 4.581757
901 894 0.002719 0.099329 3.626587 4.533234
902 895 0.002128 0.132697 3.581055 4.476318
903 896 0.002072 0.133488 3.546387 4.432983
904 897 0.003347 0.146316 3.508118 4.385147
905 898 0.004658 0.136920 3.475830 4.344788
906 899 0.005282 0.164860 3.450378 4.312973
907 900 0.004229 0.128364 3.414673 4.268341
908 901 0.003719 0.108401 3.390198 4.237747
909 902 0.005839 0.099082 3.363892 4.204865
910 903 0.006605 0.090711 3.341125 4.176407
911 904 0.006291 0.088650 3.340515 4.175644
912 905 0.003312 0.053592 3.338013 4.172516
913 906 0.003654 0.048990 3.343689 4.179611
914 907 0.004085 0.046705 3.346008 4.182510
915 908 0.003845 0.039880 3.345703 4.182129
916 909 0.002719 0.053799 3.363770 4.204712
917 910 0.002584 0.063661 3.377747 4.222183
918 911 0.002537 0.076834 3.392273 4.240341
919 912 0.002392 0.080656 3.412170 4.265213
920 913 0.002674 0.085194 3.431641 4.289551
921 914 0.002847 0.104251 3.472290 4.340363
922 915 0.002762 0.099932 3.518738 4.398422
923 916 0.002847 0.074692 3.562256 4.452820
924 917 0.002584 0.067386 3.617065 4.521332
925 918 0.002238 0.056792 3.674805 4.593506
926 919 0.002392 0.051914 3.750854 4.688568
927 920 0.002184 0.037858 3.829651 4.787064
928 921 0.002013 0.011269 3.917358 4.896698
929 922 0.001827 0.032463 4.016052 5.020065
930 923 0.001381 0.037027 4.123169 5.153961
931 924 0.001761 0.032944 4.236084 5.295105
932 925 0.001891 0.028749 4.349731 5.437164
933 926 0.002441 0.042456 4.463440 5.579300
934 927 0.002392 0.047751 4.583435 5.729294
935 928 0.002342 0.046883 4.695557 5.869446
936 929 0.002805 0.037610 4.807800 6.009750
937 930 0.001953 0.022410 4.918274 6.147842
938 931 0.001891 0.021122 5.022156 6.277695
939 932 0.002184 0.030449 5.115173 6.393967
940 933 0.001465 0.029194 5.193298 6.491623
941 934 0.000846 0.030181 5.251953 6.564941
942 935 0.000977 0.041548 5.297852 6.622314
943 936 0.000488 0.038185 5.331116 6.663895
944 937 0.000691 0.022300 5.349609 6.687012
945 938 0.001196 0.017994 5.359863 6.699829
946 939 0.001292 0.015512 5.364807 6.706009
947 940 0.001544 0.013064 5.368408 6.710510
948 941 0.001827 0.008668 5.369690 6.712112
949 942 0.001381 0.018882 5.375854 6.719818
950 943 0.001381 0.015851 5.375061 6.718826
951 944 0.001619 0.023645 5.373413 6.716766
952 945 0.000691 0.028253 5.369873 6.712341
953 946 0.000846 0.044757 5.363403 6.704254
954 947 0.000691 0.053208 5.354492 6.693115
955 948 0.000846 0.060295 5.343201 6.679001
956 949 0.000691 0.070968 5.327209 6.659012
957 950 0.000977 0.063755 5.311646 6.639557
958 951 0.001292 0.059894 5.291748 6.614685
959 952 0.000691 0.073846 5.268250 6.585312
960 953 0.001196 0.067556 5.239136 6.548920
961 954 0.000691 0.081586 5.201782 6.502228
962 955 0.000691 0.084266 5.159241 6.449051
963 956 0.000977 0.086964 5.109009 6.386261
964 957 0.001465 0.095566 5.047485 6.309357
965 958 0.000846 0.083937 4.978394 6.222992
966 959 0.001196 0.085209 4.902222 6.127777
967 960 0.000977 0.086023 4.829163 6.036453
968 961 0.001196 0.085921 4.759888 5.949860
969 962 0.000977 0.088652 4.695984 5.869980
970 963 0.000977 0.091461 4.638855 5.798569
971 964 0.001619 0.088028 4.587830 5.734787
972 965 0.001196 0.084500 4.545410 5.681763
973 966 0.001691 0.074498 4.508850 5.636063
974 967 0.000977 0.069241 4.475403 5.594254
975 968 0.000977 0.071324 4.442139 5.552673
976 969 0.000691 0.065413 4.409424 5.511780
977 970 0.000691 0.070941 4.375122 5.468903
978 971 0.000000 0.077339 4.347229 5.434036
979 972 0.000691 0.090486 4.320251 5.400314
980 973 0.001196 0.101578 4.296936 5.371170
981 974 0.000846 0.098524 4.274780 5.343475
982 975 0.000488 0.096723 4.254089 5.317612
983 976 0.000691 0.101227 4.235657 5.294571
984 977 0.000000 0.092076 4.220032 5.275040
985 978 0.000488 0.091309 4.203613 5.254517
986 979 0.000488 0.084156 4.184509 5.230637
987 980 0.000691 0.083260 4.164185 5.205231
988 981 0.001092 0.086553 4.141174 5.176468
989 982 0.001292 0.094360 4.115417 5.144272
990 983 0.000000 0.078023 4.080078 5.100098
991 984 0.000691 0.076451 4.039062 5.048828
992 985 0.000977 0.071989 3.988892 4.986115
993 986 0.000846 0.070527 3.932922 4.916153
994 987 0.000488 0.068208 3.869202 4.836502
995 988 0.000691 0.063484 3.798523 4.748154
996 989 0.000977 0.062141 3.721558 4.651947
997 990 0.000691 0.065636 3.643738 4.554672
998 991 0.000691 0.077077 3.564636 4.455795
999 992 0.000691 0.067285 3.483032 4.353790
1000 993 0.000488 0.062689 3.404419 4.255524
1001 994 0.001196 0.050948 3.321411 4.151764
1002 995 0.000691 0.048735 3.234192 4.042740
1003 996 0.001196 0.038103 3.159668 3.949585
1004 997 0.000846 0.031300 3.045776 3.807220
1005 998 0.001196 0.029056 2.939575 3.674469
1006 999 0.001465 0.022656 2.819885 3.524857
1007 1000 0.000691 0.031538 2.688049 3.360062
1008 1001 0.000691 0.027329 2.554260 3.192825
1009 1002 0.000691 0.034668 2.419006 3.023758
1010 1003 0.000488 0.046620 2.272766 2.840958
1011 1004 0.000977 0.041933 2.170898 2.713623
1012 1005 0.000000 0.041498 2.062073 2.577591
1013 1006 0.000000 0.044718 1.978882 2.473602
1014 1007 0.000691 0.038195 1.915588 2.394485
1015 1008 0.000000 0.049254 1.867310 2.334137
1016 1009 0.000000 0.050436 1.833557 2.291946
1017 1010 0.000000 0.050621 1.810364 2.262955
1018 1011 0.000488 0.052370 1.792358 2.240448
1019 1012 0.000846 0.049784 1.778870 2.223587
1020 1013 0.000000 0.047039 1.768311 2.210388
1021 1014 0.000977 0.048818 1.757324 2.196655
1022 1015 0.000977 0.037957 1.747253 2.184067
1023 1016 0.000691 0.037600 1.739014 2.173767
1024 1017 0.000977 0.038054 1.729736 2.162170
1025 1018 0.000691 0.045910 1.719849 2.149811
1026 1019 0.000000 0.053270 1.714600 2.143250
1027 1020 0.000000 0.058904 1.703003 2.128754
1028 1021 0.000691 0.066959 1.691284 2.114105
1029 1022 0.000000 0.070892 1.682983 2.103729
1030 1023 0.000000 0.063770 1.673340 2.091675
1031 1024 0.000691 0.055689 1.665344 2.081680
1032 1025 0.001196 0.052499 1.656921 2.071152
1033 1026 0.000977 0.038212 1.646057 2.057571
1034 1027 0.000846 0.030635 1.639099 2.048874
1035 1028 0.000691 0.014433 1.632324 2.040405
1036 1029 0.000977 0.013714 1.621948 2.027435
1037 1030 0.000846 0.021322 1.617554 2.021942
1038 1031 0.000691 0.023179 1.609253 2.011566
1039 1032 0.000691 0.020339 1.601929 2.002411
1040 1033 0.000488 0.022019 1.595215 1.994019
1041 1034 0.000000 0.034124 1.589905 1.987381
1042 1035 0.000691 0.045191 1.585144 1.981430
1043 1036 0.000691 0.040684 1.581421 1.976776
1044 1037 0.000691 0.039820 1.578064 1.972580
1045 1038 0.000000 0.027439 1.586609 1.983261
1046 1039 0.000691 0.036268 1.608276 2.010345
1047 1040 0.000846 0.038309 1.643005 2.053757
1048 1041 0.000846 0.046822 1.688782 2.110977
1049 1042 0.001092 0.041674 1.746521 2.183151
1050 1043 0.000000 0.035910 1.815613 2.269516
1051 1044 0.000488 0.032731 1.889648 2.362061
1052 1045 0.000000 0.026827 1.963135 2.453918
1053 1046 0.000000 0.030751 2.032898 2.541122
1054 1047 0.000691 0.032897 2.098389 2.622986
1055 1048 0.000691 0.019210 2.162048 2.702560
1056 1049 0.000977 0.015712 2.221191 2.776489
1057 1050 0.000488 0.036804 2.277588 2.846985
1058 1051 0.000000 0.034875 2.332092 2.915115
1059 1052 0.000691 0.037296 2.388367 2.985458
1060 1053 0.000691 0.041456 2.447754 3.059692
1061 1054 0.000000 0.026567 2.510620 3.138275
1062 1055 0.000488 0.054752 2.577637 3.222046
1063 1056 0.001196 0.107968 2.648071 3.310089
1064 1057 0.000691 0.122292 2.703796 3.379745
1065 1058 0.000846 0.148174 2.748413 3.435516
1066 1059 0.000977 0.169074 2.774536 3.468170
1067 1060 0.001465 0.190180 2.785767 3.482208
1068 1061 0.002128 0.217666 2.780151 3.475189
1069 1062 0.002392 0.230886 2.757629 3.447037
1070 1063 0.002889 0.173926 2.721863 3.402328
1071 1064 0.003010 0.163415 2.690247 3.362808
1072 1065 0.002584 0.151305 2.663086 3.328857
1073 1066 0.001196 0.149311 2.641663 3.302078
1074 1067 0.000977 0.138114 2.616333 3.270416
1075 1068 0.000977 0.135234 2.590454 3.238068
1076 1069 0.001092 0.124719 2.564880 3.206100
1077 1070 0.001196 0.116578 2.541626 3.177032
1078 1071 0.001691 0.112210 2.517883 3.147354
1079 1072 0.001761 0.101979 2.492188 3.115234
1080 1073 0.001953 0.075772 2.465759 3.082199
1081 1074 0.002719 0.063034 2.442078 3.052597
1082 1075 0.002392 0.052202 2.420105 3.025131
1083 1076 0.003239 0.044558 2.376892 2.971115
1084 1077 0.002629 0.040330 2.300293 2.875366
1085 1078 0.002013 0.043834 2.185242 2.731552
1086 1079 0.001465 0.042282 2.035828 2.544785
1087 1080 0.000977 0.041600 1.853455 2.316818
1088 1081 0.001092 0.040367 1.641174 2.051468
1089 1082 0.000977 0.026814 1.400269 1.750336
1090 1083 0.001381 0.016890 1.147400 1.434250
1091 1084 0.000488 0.019664 0.897705 1.122131
1092 1085 0.000977 0.006758 0.664001 0.830002
1093 1086 0.000977 0.011405 0.483643 0.604553
1094 1087 0.000000 0.010918 0.331970 0.414963
1095 1088 0.000846 0.019982 0.209717 0.262146
1096 1089 0.001196 0.018620 0.121399 0.151749
1097 1090 0.001092 0.020582 0.068787 0.085983
1098 1091 0.000691 0.017498 0.044312 0.055389
1099 1092 0.000000 0.020164 0.044312 0.055389
1100 1093 0.000000 0.018073 0.029236 0.036545
