10 3 0.003521 0.040795 2.372653 2.965816
11 4 0.003010 0.046358 2.452187 3.065234
12 5 0.002490 0.046290 2.531147 3.163934
13 6 0.001953 0.058100 2.610337 3.262921
14 7 0.001691 0.051324 2.689827 3.362284
15 8 0.001619 0.037262 2.762989 3.453737
16 9 0.001827 0.029853 2.845547 3.556934
17 10 0.001953 0.030772 2.925419 3.656774
18 11 0.001292 0.019198 3.008538 3.760672
19 12 0.001544 0.025134 3.096035 3.870043
20 13 0.001827 0.028746 3.195992 3.994989
21 14 0.001761 0.025568 3.283387 4.104234
22 15 0.001691 0.025978 3.379960 4.224949
23 16 0.000977 0.026290 3.473202 4.341502
24 17 0.000846 0.031180 3.570038 4.462547
25 18 0.001292 0.040591 3.661776 4.577219
26 19 0.000977 0.051707 3.748502 4.685628
27 20 0.000691 0.060588 3.826735 4.783418
28 21 0.000488 0.073120 3.911489 4.889362
29 22 0.000691 0.094150 3.992967 4.991208
30 23 0.001544 0.107700 4.072988 5.091234
31 24 0.000846 0.099765 4.153268 5.191585
32 25 0.000977 0.098018 4.235381 5.294227
33 26 0.000691 0.090123 4.322865 5.403582
34 27 0.000000 0.099508 4.411115 5.513893
35 28 0.000691 0.098369 4.504884 5.631104
36 29 0.000691 0.070889 4.610657 5.763321
37 30 0.000488 0.069188 4.684783 5.855979
38 31 0.000691 0.073735 4.774591 5.968239
39 32 0.000691 0.057774 4.868708 6.085885
40 33 0.001196 0.055267 4.960051 6.200063
41 34 0.000691 0.039958 5.053122 6.316402
42 35 0.000977 0.017414 5.140722 6.425903
43 36 0.001381 0.026927 5.216274 6.520343
44 37 0.001196 0.033605 5.320436 6.650546
45 38 0.000691 0.057794 5.422520 6.778150
46 39 0.000846 0.053594 5.493792 6.867239
47 40 0.000691 0.071095 5.574575 6.968219
48 41 0.000691 0.073967 5.644581 7.055726
49 42 0.001196 0.075401 5.717077 7.146347
50 43 0.000691 0.080611 5.779814 7.224767
51 44 0.000977 0.080036 5.849739 7.312174
52 45 0.000691 0.058162 5.898899 7.373624
53 46 0.000977 0.074239 5.979145 7.473931
54 47 0.001381 0.066196 6.049568 7.561960
55 48 0.001691 0.071765 6.125856 7.657320
56 49 0.000691 0.063229 6.200821 7.751026
57 50 0.000000 0.053082 6.278606 7.848258
58 51 0.001292 0.055942 6.356392 7.945490
59 52 0.000846 0.056837 6.439953 8.049941
60 53 0.001092 0.065608 6.520903 8.151129
61 54 0.001196 0.048727 6.596548 8.245686
62 55 0.000691 0.055639 6.695427 8.369284
63 56 0.001196 0.072085 6.801571 8.501964
64 57 0.001827 0.088400 6.903294 8.629117
65 58 0.001953 0.105185 7.004566 8.755708
66 59 0.001196 0.113566 7.104317 8.880396
67 60 0.002238 0.121314 7.199104 8.998880
68 61 0.000846 0.114807 7.294247 9.117808
69 62 0.001465 0.109448 7.358349 9.197936
70 63 0.000977 0.091946 7.402821 9.253526
71 64 0.001381 0.081089 7.440166 9.300208
72 65 0.001465 0.078140 7.461796 9.327245
73 66 0.000488 0.071949 7.483437 9.354296
74 67 0.000488 0.067146 7.495529 9.369411
75 68 0.000000 0.041313 7.505070 9.381337
76 69 0.001381 0.059650 7.508518 9.385648
77 70 0.001544 0.063697 7.505527 9.381909
78 71 0.001381 0.065679 7.499443 9.374304
79 72 0.001827 0.086523 7.493317 9.366646
80 73 0.001381 0.116855 7.484615 9.355769
81 74 0.001381 0.092318 7.479553 9.349442
82 75 0.001761 0.097696 7.476925 9.346156
83 76 0.001381 0.087085 7.477829 9.347286
84 77 0.001092 0.069494 7.487511 9.359388
85 78 0.001292 0.055050 7.504627 9.380784
86 79 0.001891 0.040612 7.519337 9.399171
87 80 0.001827 0.017123 7.537075 9.421344
88 81 0.001953 0.018830 7.539463 9.424329
89 82 0.001381 0.018169 7.545025 9.431281
90 83 0.002128 0.025081 7.554066 9.442582
91 84 0.001691 0.032649 7.569115 9.461393
92 85 0.001953 0.050786 7.582745 9.478431
93 86 0.002930 0.063960 7.604591 9.505739
94 87 0.002290 0.063409 7.631752 9.539690
95 88 0.002490 0.052771 7.667053 9.583817
96 89 0.003312 0.085362 7.680573 9.600716
97 90 0.002184 0.081251 7.709496 9.636869
98 91 0.002072 0.083481 7.734894 9.668617
99 92 0.002930 0.117938 7.768517 9.710646
100 93 0.001827 0.118989 7.803238 9.754047
101 94 0.002128 0.137377 7.831612 9.789515
102 95 0.002342 0.153024 7.862518 9.828148
103 96 0.001381 0.148215 7.910271 9.887838
104 97 0.000846 0.142500 7.942856 9.928570
105 98 0.002490 0.147824 7.978287 9.972858
106 99 0.001092 0.125237 8.010841 10.013552
107 100 0.000846 0.133947 8.045158 10.056448
108 101 0.001196 0.133063 8.073685 10.092106
109 102 0.000691 0.139670 8.104271 10.130339
110 103 0.001465 0.132478 8.131218 10.164022
111 104 0.001196 0.130761 8.169334 10.211668
112 105 0.000000 0.113390 8.208015 10.260019
113 106 0.002184 0.110348 8.240746 10.300932
114 107 0.001544 0.090568 8.270340 10.337925
115 108 0.001292 0.089434 8.305298 10.381622
116 109 0.000977 0.091559 8.336853 10.421066
117 110 0.001092 0.089018 8.375298 10.469122
118 111 0.000977 0.083992 8.408005 10.510006
119 112 0.001953 0.082195 8.440269 10.550337
120 113 0.002537 0.100016 8.473755 10.592194
121 114 0.002238 0.099550 8.506264 10.632830
122 115 0.001092 0.083804 8.532181 10.665226
123 116 0.002290 0.081492 8.565399 10.706749
124 117 0.001891 0.085223 8.594124 10.742655
125 118 0.001827 0.087336 8.620689 10.775862
126 119 0.001827 0.103823 8.643661 10.804577
127 120 0.001092 0.118081 8.666862 10.833578
128 121 0.001292 0.102019 8.695953 10.869942
129 122 0.002184 0.112557 8.716133 10.895166
130 123 0.001691 0.096899 8.747055 10.933819
131 124 0.001465 0.099659 8.777824 10.972281
132 125 0.001891 0.106517 8.805992 11.007490
133 126 0.001381 0.093773 8.833389 11.041737
134 127 0.001092 0.080292 8.856453 11.070566
135 128 0.000846 0.066208 8.875824 11.094780
136 129 0.000691 0.062887 8.899559 11.124449
137 130 0.000488 0.063186 8.911057 11.138821
138 131 0.000977 0.052337 8.909325 11.136656
139 132 0.001691 0.054198 8.909981 11.137476
140 133 0.002128 0.056647 8.949127 11.186409
141 134 0.001092 0.069506 8.896271 11.120338
142 135 0.001092 0.070735 8.876083 11.095104
143 136 0.000977 0.073522 8.851952 11.064939
144 137 0.001381 0.077926 8.821991 11.027489
145 138 0.000846 0.081408 8.791664 10.989580
146 139 0.000488 0.068846 8.732895 10.916119
147 140 0.000488 0.126643 8.623764 10.779705
148 141 0.001465 0.101973 8.604767 10.755959
149 142 0.002072 0.117965 8.538452 10.673065
150 143 0.001953 0.113057 8.465378 10.581722
151 144 0.000691 0.110701 8.381180 10.476475
152 145 0.001196 0.107781 8.297394 10.371742
153 146 0.001691 0.122378 8.223495 10.279369
154 147 0.001619 0.111304 8.154297 10.192871
155 148 0.001092 0.112318 8.082413 10.103016
156 149 0.002013 0.100666 8.019836 10.024796
157 150 0.000977 0.100332 7.964050 9.955063
158 151 0.001827 0.093486 7.916840 9.896049
159 152 0.001381 0.057635 7.877365 9.846706
160 153 0.000000 0.039555 7.846451 9.808064
161 154 0.000000 0.034044 7.813858 9.767323
162 155 0.000691 0.021286 7.783401 9.729252
163 156 0.000846 0.014137 7.750900 9.688625
164 157 0.000000 0.018302 7.726715 9.658394
165 158 0.000000 0.030137 7.707169 9.633961
166 159 0.000691 0.045587 7.686783 9.608479
167 160 0.000691 0.063087 7.664505 9.580631
168 161 0.001292 0.103923 7.646088 9.557610
169 162 0.001544 0.121057 7.614105 9.517632
170 163 0.001544 0.126066 7.577484 9.471855
171 164 0.002238 0.148008 7.530853 9.413567
172 165 0.001827 0.136092 7.476807 9.346008
173 166 0.002238 0.135749 7.419647 9.274559
174 167 0.002184 0.118527 7.353973 9.192467
175 168 0.000488 0.087116 7.285172 9.106464
176 169 0.002013 0.081894 7.223801 9.029751
177 170 0.002290 0.064665 7.161667 8.952084
178 171 0.001544 0.053164 7.099762 8.874702
179 172 0.001544 0.055025 7.037186 8.796482
180 173 0.001381 0.055493 6.972458 8.715572
181 174 0.001292 0.066864 6.912979 8.641224
182 175 0.001465 0.078354 6.852142 8.565178
183 176 0.000846 0.072862 6.792435 8.490543
184 177 0.001827 0.105960 6.717331 8.396664
185 178 0.001691 0.101628 6.642487 8.303108
186 179 0.002128 0.111681 6.552826 8.191032
187 180 0.001953 0.108672 6.468277 8.085346
188 181 0.002392 0.119741 6.382462 7.978077
189 182 0.001827 0.110534 6.305389 7.881737
190 183 0.002674 0.123576 6.230682 7.788353
191 184 0.002184 0.113392 6.153763 7.692204
192 185 0.002072 0.114356 6.086868 7.608585
193 186 0.001827 0.110625 6.038681 7.548351
194 187 0.000977 0.104150 5.997467 7.496834
195 188 0.001381 0.098340 5.960434 7.450542
196 189 0.001381 0.101135 5.925140 7.406425
197 190 0.000846 0.109038 5.896927 7.371159
198 191 0.000846 0.095966 5.892380 7.365475
199 192 0.001465 0.085766 5.881393 7.351742
200 193 0.001292 0.074272 5.877670 7.347088
201 194 0.001691 0.061176 5.885712 7.357140
202 195 0.001465 0.085500 5.873108 7.341385
203 196 0.001381 0.093076 5.877350 7.346687
204 197 0.000977 0.087853 5.884201 7.355251
205 198 0.001544 0.075564 5.902573 7.378216
206 199 0.001691 0.074674 5.923386 7.404232
207 200 0.000691 0.067970 5.956848 7.446060
208 201 0.001196 0.088813 5.986954 7.483692
209 202 0.000977 0.052020 6.058441 7.573051
210 203 0.000977 0.057649 6.112213 7.640266
211 204 0.001196 0.061885 6.175598 7.719498
212 205 0.000488 0.072056 6.245575 7.806969
213 206 0.000000 0.066029 6.327744 7.909679
214 207 0.000691 0.072599 6.406036 8.007545
215 208 0.000846 0.086981 6.484619 8.105774
216 209 0.000977 0.095347 6.559296 8.199120
217 210 0.000000 0.085971 6.644257 8.305321
218 211 0.000000 0.093395 6.728226 8.410282
219 212 0.000846 0.083609 6.826935 8.533669
220 213 0.001292 0.107543 6.888336 8.610420
221 214 0.001292 0.120136 6.971863 8.714828
222 215 0.001196 0.108049 7.055481 8.819351
223 216 0.001196 0.097521 7.143356 8.929195
224 217 0.000846 0.129337 7.221298 9.026623
225 218 0.000977 0.123489 7.304565 9.130707
226 219 0.001544 0.148167 7.372406 9.215508
227 220 0.002013 0.130688 7.471161 9.338951
228 221 0.001953 0.119391 7.555054 9.443817
229 222 0.002584 0.133293 7.639984 9.549980
230 223 0.002674 0.143593 7.717987 9.647484
231 224 0.003127 0.124615 7.809052 9.761314
232 225 0.002889 0.128486 7.894180 9.867725
233 226 0.002805 0.116433 7.981735 9.977169
234 227 0.002847 0.116199 8.081772 10.102215
235 228 0.002490 0.120591 8.168182 10.210228
236 229 0.002930 0.103940 8.266937 10.333672
237 230 0.002674 0.096100 8.352280 10.440350
238 231 0.002290 0.110062 8.439987 10.549984
239 232 0.002490 0.118564 8.522934 10.653667
240 233 0.002184 0.135156 8.596619 10.745773
241 234 0.002342 0.147400 8.671509 10.839386
242 235 0.002184 0.151281 8.751572 10.939465
243 236 0.001953 0.173166 8.810379 11.012974
244 237 0.001953 0.189396 8.885559 11.106949
245 238 0.002392 0.181431 8.958069 11.197586
246 239 0.002584 0.173632 9.035172 11.293964
247 240 0.002847 0.163726 9.119781 11.399727
248 241 0.002184 0.168801 9.190186 11.487732
249 242 0.002342 0.173105 9.273590 11.591988
250 243 0.002392 0.163235 9.363708 11.704636
251 244 0.001953 0.162116 9.443237 11.804047
252 245 0.002128 0.170661 9.517700 11.897125
253 246 0.001827 0.201476 9.594208 11.992760
254 247 0.001196 0.206889 9.663574 12.079468
255 248 0.001381 0.210567 9.741241 12.176552
256 249 0.001381 0.211395 9.798981 12.248726
257 250 0.000977 0.220936 9.860062 12.325077
258 251 0.000691 0.221694 9.930939 12.413673
259 252 0.001465 0.238812 9.989716 12.487144
260 253 0.002290 0.210831 10.060669 12.575836
261 254 0.002072 0.183351 10.120514 12.650642
262 255 0.002537 0.177519 10.186249 12.732811
263 256 0.003049 0.181292 10.247986 12.809982
264 257 0.003312 0.181905 10.298691 12.873363
265 258 0.003814 0.176923 10.353424 12.941780
266 259 0.003127 0.151577 10.408569 13.010712
267 260 0.003312 0.147529 10.444580 13.055725
268 261 0.003418 0.163639 10.484894 13.106117
269 262 0.003487 0.155276 10.512085 13.140106
270 263 0.002970 0.157450 10.544708 13.180885
271 264 0.002762 0.152953 10.583282 13.229103
272 265 0.002805 0.169653 10.606689 13.258362
273 266 0.002072 0.201214 10.632599 13.290749
274 267 0.001381 0.212391 10.655853 13.319817
275 268 0.001196 0.225387 10.686432 13.358040
276 269 0.000977 0.250362 10.709106 13.386383
277 270 0.000488 0.257424 10.734680 13.418350
278 271 0.000977 0.270385 10.747192 13.433990
279 272 0.001292 0.246593 10.760132 13.450165
280 273 0.001381 0.233372 10.759979 13.449974
281 274 0.001619 0.227097 10.744263 13.430328
282 275 0.001761 0.221808 10.704224 13.380280
283 276 0.000977 0.221178 10.648438 13.310547
284 277 0.000846 0.217158 10.587250 13.234062
285 278 0.001381 0.233401 10.513885 13.142357
286 279 0.001381 0.264001 10.429535 13.036919
287 280 0.002674 0.265831 10.342804 12.928505
288 281 0.002072 0.284325 10.253265 12.816582
289 282 0.002847 0.266936 10.170593 12.713242
290 283 0.001544 0.270663 10.085052 12.606316
291 284 0.002629 0.282959 9.989899 12.487373
292 285 0.001292 0.251446 9.894592 12.368240
293 286 0.003383 0.255881 9.797485 12.246857
294 287 0.001691 0.245094 9.705963 12.132454
295 288 0.002847 0.256988 9.612885 12.016106
296 289 0.002584 0.279134 9.502808 11.878510
297 290 0.003010 0.266297 9.403229 11.754036
298 291 0.002342 0.261460 9.304047 11.630058
299 292 0.002072 0.266085 9.211273 11.514091
300 293 0.002128 0.264575 9.117340 11.396675
301 294 0.001619 0.286557 9.023895 11.279869
302 295 0.001691 0.267869 8.938995 11.173744
303 296 0.001465 0.287157 8.871368 11.089211
304 297 0.002184 0.274001 8.800964 11.001205
305 298 0.002072 0.291090 8.725159 10.906448
306 299 0.002290 0.290186 8.649017 10.811272
307 300 0.001827 0.294313 8.578705 10.723381
308 301 0.001761 0.280530 8.512177 10.640221
309 302 0.002184 0.272572 8.458252 10.572815
310 303 0.001827 0.262766 8.359314 10.449142
311 304 0.001544 0.293024 8.273865 10.342331
312 305 0.001953 0.264369 8.185303 10.231628
313 306 0.001544 0.285366 8.098663 10.123329
314 307 0.001465 0.305786 8.004791 10.005989
315 308 0.001691 0.286472 7.898682 9.873352
316 309 0.002072 0.303097 7.785034 9.731293
317 310 0.001292 0.296049 7.726196 9.657745
318 311 0.000488 0.250924 7.660858 9.576073
319 312 0.001691 0.249355 7.592682 9.490852
320 313 0.001381 0.231516 7.520264 9.400330
321 314 0.000488 0.204597 7.455017 9.318771
322 315 0.001465 0.220759 7.399231 9.249039
323 316 0.002184 0.202070 7.344604 9.180756
324 317 0.001827 0.197134 7.279663 9.099579
325 318 0.000691 0.195610 7.215607 9.019508
326 319 0.001381 0.203354 7.162659 8.953323
327 320 0.001292 0.170734 7.126740 8.908424
328 321 0.001292 0.138595 7.097107 8.871384
329 322 0.001381 0.121190 7.059296 8.824120
330 323 0.000000 0.125091 7.024506 8.780632
331 324 0.000977 0.099106 6.999695 8.749619
332 325 0.001196 0.080078 6.978210 8.722763
333 326 0.001196 0.081165 6.961670 8.702087
334 327 0.002238 0.069698 6.937775 8.672218
335 328 0.001953 0.064887 6.907928 8.634911
336 329 0.000846 0.073589 6.891846 8.614807
337 330 0.001381 0.047953 6.874207 8.592758
338 331 0.001953 0.040375 6.855042 8.568802
339 332 0.000488 0.053924 6.833221 8.541527
340 333 0.000691 0.047732 6.813904 8.517380
341 334 0.001465 0.060671 6.796051 8.495064
342 335 0.000691 0.062438 6.787506 8.484383
343 336 0.001381 0.064129 6.777130 8.471413
344 337 0.000846 0.073479 6.763611 8.454514
345 338 0.001196 0.077097 6.748962 8.436203
346 339 0.001465 0.070406 6.734619 8.418274
347 340 0.001092 0.060398 6.716553 8.395691
348 341 0.001619 0.062960 6.694946 8.368683
349 342 0.001953 0.076622 6.670227 8.337784
350 343 0.001761 0.049592 6.652222 8.315277
351 344 0.002584 0.051435 6.641937 8.302422
352 345 0.001953 0.052034 6.636536 8.295670
353 346 0.001381 0.053601 6.640930 8.301163
354 347 0.001619 0.054876 6.655304 8.319130
355 348 0.001891 0.042664 6.680267 8.350334
356 349 0.001196 0.030188 6.711700 8.389626
357 350 0.001196 0.033787 6.745667 8.432083
358 351 0.001196 0.042512 6.779175 8.473969
359 352 0.001544 0.047420 6.814819 8.518524
360 353 0.000691 0.045714 6.844025 8.555031
361 354 0.000000 0.053033 6.868683 8.585854
362 355 0.000977 0.066842 6.888794 8.610992
363 356 0.000000 0.063307 6.907257 8.634071
364 357 0.000000 0.066057 6.926178 8.657722
365 358 0.001196 0.067039 6.944672 8.680840
366 359 0.001381 0.085959 6.939423 8.674278
367 360 0.000977 0.069420 6.941772 8.677216
368 361 0.001196 0.057480 6.943359 8.679199
369 362 0.001544 0.070749 6.945770 8.682213
370 363 0.001544 0.056680 6.941406 8.676758
371 364 0.001292 0.048259 6.935181 8.668976
372 365 0.001891 0.047558 6.924316 8.655396
373 366 0.002290 0.051067 6.928162 8.660202
374 367 0.001465 0.033310 6.928253 8.660316
375 368 0.001544 0.051456 6.924530 8.655663
376 369 0.001292 0.045897 6.921387 8.651733
377 370 0.001953 0.058212 6.920715 8.650894
378 371 0.001691 0.055002 6.915161 8.643951
379 372 0.000977 0.063301 6.906708 8.633385
380 373 0.000977 0.060624 6.901306 8.626633
381 374 0.001381 0.067247 6.887909 8.609886
382 375 0.000977 0.058323 6.872742 8.590927
383 376 0.002072 0.058148 6.851776 8.564720
384 377 0.001827 0.050356 6.824890 8.531113
385 378 0.001196 0.079780 6.802643 8.503304
386 379 0.001691 0.064529 6.786957 8.483696
387 380 0.001544 0.062150 6.749695 8.437119
388 381 0.001196 0.051450 6.722382 8.402977
389 382 0.001196 0.053641 6.694641 8.368301
390 383 0.000691 0.054029 6.675232 8.344040
391 384 0.000977 0.043579 6.652832 8.316040
392 385 0.001092 0.039400 6.627991 8.284988
393 386 0.001092 0.037076 6.595398 8.244247
394 387 0.002238 0.034071 6.588440 8.235550
395 388 0.001761 0.043548 6.577423 8.221779
396 389 0.002238 0.041300 6.574524 8.218155
397 390 0.001827 0.037877 6.566162 8.207703
398 391 0.002762 0.032694 6.572601 8.215752
399 392 0.002537 0.078435 6.585846 8.232307
400 393 0.002537 0.111995 6.611816 8.264771
401 394 0.001196 0.145102 6.630127 8.287659
402 395 0.001292 0.162776 6.647003 8.308754
403 396 0.000977 0.183034 6.659058 8.323822
404 397 0.001092 0.205035 6.674744 8.343430
405 398 0.002674 0.228750 6.693298 8.366623
406 399 0.000000 0.205071 6.703033 8.378792
407 400 0.000977 0.169755 6.708313 8.385391
408 401 0.000488 0.155888 6.718414 8.398018
409 402 0.000488 0.138425 6.734161 8.417702
410 403 0.001381 0.121621 6.752869 8.441086
411 404 0.001196 0.100558 6.760681 8.450851
412 405 0.002128 0.098826 6.771637 8.464546
413 406 0.001292 0.090929 6.789246 8.486557
414 407 0.000977 0.078241 6.811005 8.513756
415 408 0.001092 0.080078 6.833405 8.541756
416 409 0.000977 0.067282 6.848846 8.561058
417 410 0.002290 0.065012 6.863098 8.578873
418 411 0.001544 0.063210 6.883301 8.604126
419 412 0.000846 0.066334 6.895050 8.618813
420 413 0.001381 0.071600 6.899658 8.624573
421 414 0.000977 0.056113 6.893219 8.616524
422 415 0.000977 0.064589 6.885498 8.606873
423 416 0.000488 0.065121 6.878052 8.597565
424 417 0.001381 0.061745 6.876740 8.595924
425 418 0.001381 0.053785 6.869995 8.587494
426 419 0.001092 0.054409 6.861389 8.576736
427 420 0.000691 0.065464 6.849335 8.561668
428 421 0.000846 0.077498 6.856110 8.570137
429 422 0.000691 0.063727 6.838226 8.547783
430 423 0.001196 0.072519 6.839081 8.548851
431 424 0.000846 0.069470 6.829468 8.536835
432 425 0.001292 0.070858 6.824799 8.530998
433 426 0.000488 0.086198 6.834564 8.543205
434 427 0.000691 0.079639 6.833008 8.541260
435 428 0.001196 0.073912 6.846985 8.558731
436 429 0.000977 0.073029 6.857849 8.572311
437 430 0.000691 0.067155 6.872559 8.590698
438 431 0.000691 0.080122 6.894409 8.618011
439 432 0.001465 0.087721 6.928223 8.660278
440 433 0.000977 0.074703 6.951630 8.689537
441 434 0.000691 0.068210 7.000366 8.750458
442 435 0.000977 0.048452 7.016357 8.770447
443 436 0.001196 0.076216 7.070557 8.838196
444 437 0.000977 0.067616 7.108948 8.886185
445 438 0.000977 0.054717 7.144104 8.930130
446 439 0.001196 0.061517 7.177948 8.972435
447 440 0.001381 0.058027 7.210571 9.013214
448 441 0.001761 0.076025 7.241272 9.051590
449 442 0.001196 0.069613 7.278473 9.098091
450 443 0.001544 0.065980 7.310944 9.138680
451 444 0.001196 0.067285 7.337616 9.172020
452 445 0.001381 0.064925 7.372406 9.215508
453 446 0.000977 0.047666 7.401520 9.251900
454 447 0.001827 0.053846 7.432678 9.290848
455 448 0.000846 0.041657 7.462158 9.327698
456 449 0.001196 0.050613 7.492004 9.365005
457 450 0.001092 0.046225 7.524841 9.406052
458 451 0.001544 0.034057 7.557587 9.446983
459 452 0.002238 0.045051 7.588440 9.485550
460 453 0.001891 0.033378 7.620300 9.525375
461 454 0.001381 0.041491 7.651764 9.564705
462 455 0.001827 0.039020 7.678741 9.598427
463 456 0.002013 0.040985 7.702698 9.628372
464 457 0.001381 0.038231 7.723938 9.654922
465 458 0.001691 0.036796 7.753387 9.691734
466 459 0.001465 0.036639 7.784119 9.730148
467 460 0.001619 0.056300 7.809631 9.762039
468 461 0.000691 0.024956 7.835724 9.794655
469 462 0.001381 0.035812 7.863312 9.829140
470 463 0.000691 0.031511 7.892761 9.865952
471 464 0.000691 0.032700 7.919342 9.899178
472 465 0.000488 0.035476 7.942078 9.927597
473 466 0.000691 0.032928 7.958466 9.948082
474 467 0.001381 0.036079 7.972900 9.966125
475 468 0.001465 0.046623 7.983063 9.978828
476 469 0.001953 0.048674 7.990234 9.987793
477 470 0.001953 0.066168 7.997711 9.997139
478 471 0.001092 0.065448 7.996429 9.995537
479 472 0.000977 0.074592 7.988556 9.985695
480 473 0.001292 0.078434 7.977722 9.972153
481 474 0.000488 0.068791 7.968781 9.960976
482 475 0.000000 0.057018 7.952576 9.940720
483 476 0.000000 0.054321 7.936249 9.920311
484 477 0.000977 0.064870 7.916901 9.896126
485 478 0.000846 0.066655 7.897034 9.871292
486 479 0.001196 0.067991 7.877625 9.847031
487 480 0.001544 0.073451 7.857666 9.822083
488 481 0.000000 0.071241 7.837891 9.797363
489 482 0.001292 0.072688 7.823090 9.778862
490 483 0.002072 0.066746 7.807892 9.759865
491 484 0.002889 0.066507 7.792297 9.740372
492 485 0.001953 0.063888 7.781738 9.727173
493 486 0.002629 0.061918 7.771362 9.714203
494 487 0.001891 0.034319 7.760742 9.700928
495 488 0.001092 0.089230 7.748474 9.685593
496 489 0.001691 0.089201 7.741394 9.676743
497 490 0.001544 0.096355 7.732178 9.665222
498 491 0.001953 0.085228 7.724548 9.655685
499 492 0.000691 0.085717 7.718933 9.648666
500 493 0.001691 0.082700 7.710815 9.638519
501 494 0.000977 0.100743 7.696899 9.621124
502 495 0.001827 0.076459 7.683838 9.604797
503 496 0.001196 0.072873 7.662415 9.578018
504 497 0.003088 0.069584 7.643921 9.554901
505 498 0.000846 0.060605 7.612793 9.515991
506 499 0.001691 0.067146 7.571350 9.464188
507 500 0.001761 0.077569 7.518860 9.398575
508 501 0.000977 0.066371 7.461243 9.326553
509 502 0.002013 0.077796 7.387695 9.234619
510 503 0.001544 0.061071 7.309509 9.136887
511 504 0.002490 0.081647 7.213257 9.016571
512 505 0.001092 0.076636 7.110779 8.888474
513 506 0.001465 0.067774 7.005005 8.756256
514 507 0.001827 0.088219 6.908081 8.635101
515 508 0.001465 0.078718 6.825378 8.531723
516 509 0.001891 0.066885 6.758362 8.447952
517 510 0.002847 0.064287 6.694458 8.368073
518 511 0.002238 0.029729 6.649780 8.312225
519 512 0.001827 0.027032 6.618530 8.273163
520 513 0.002584 0.014681 6.595215 8.244019
521 514 0.001619 0.042334 6.576965 8.221207
522 515 0.002072 0.040145 6.546631 8.183289
523 516 0.001761 0.058828 6.526001 8.157501
524 517 0.002290 0.070544 6.507385 8.134232
525 518 0.002184 0.035711 6.475037 8.093796
526 519 0.002072 0.046562 6.458679 8.073349
527 520 0.000977 0.053653 6.450928 8.063660
528 521 0.000977 0.025961 6.431152 8.038940
529 522 0.000488 0.040085 6.437317 8.046646
530 523 0.001465 0.033157 6.420715 8.025894
531 524 0.000488 0.053885 6.424561 8.030701
532 525 0.001092 0.069862 6.443787 8.054733
533 526 0.000977 0.066834 6.441345 8.051682
534 527 0.000977 0.060970 6.450073 8.062592
535 528 0.001465 0.076328 6.482361 8.102951
536 529 0.001953 0.062177 6.504395 8.130493
537 530 0.003202 0.048072 6.544434 8.180542
538 531 0.002490 0.030947 6.569092 8.211365
539 532 0.003127 0.032595 6.604126 8.255157
540 533 0.002584 0.040505 6.660095 8.325119
541 534 0.002392 0.040010 6.712524 8.390656
542 535 0.001827 0.047474 6.760742 8.450928
543 536 0.001827 0.053035 6.811279 8.514099
544 537 0.001827 0.059013 6.870239 8.587799
545 538 0.000000 0.042988 6.939636 8.674545
546 539 0.001196 0.050147 7.009155 8.761444
547 540 0.000000 0.050184 7.084839 8.856049
548 541 0.000977 0.063209 7.160217 8.950272
549 542 0.000846 0.032074 7.240417 9.050522
550 543 0.001619 0.032698 7.323608 9.154510
551 544 0.001544 0.015946 7.405396 9.256744
552 545 0.000846 0.035913 7.482117 9.352646
553 546 0.000691 0.026732 7.552246 9.440308
554 547 0.000488 0.033048 7.613892 9.517365
555 548 0.000000 0.031298 7.668640 9.585800
556 549 0.000691 0.054878 7.719727 9.649658
557 550 0.000000 0.060744 7.762939 9.703674
558 551 0.000000 0.062377 7.794067 9.742584
559 552 0.000000 0.057926 7.821045 9.776306
560 553 0.000977 0.061381 7.840271 9.800339
561 554 0.000691 0.044521 7.849487 9.811859
562 555 0.000846 0.041992 7.857239 9.821548
563 556 0.000000 0.051012 7.858643 9.823303
564 557 0.001092 0.042087 7.854736 9.818420
565 558 0.000977 0.043561 7.849731 9.812164
566 559 0.001544 0.053403 7.837585 9.796982
567 560 0.001196 0.046088 7.821655 9.777069
568 561 0.001619 0.056774 7.807556 9.759445
569 562 0.001891 0.058382 7.785767 9.732208
570 563 0.002238 0.050522 7.758545 9.698181
571 564 0.002184 0.060635 7.734985 9.668732
572 565 0.003275 0.068024 7.711182 9.638977
573 566 0.001761 0.073540 7.693848 9.617310
574 567 0.001292 0.069975 7.685852 9.607315
575 568 0.002490 0.057606 7.680725 9.600906
576 569 0.001465 0.052546 7.680969 9.601212
577 570 0.001544 0.046948 7.687134 9.608917
578 571 0.000977 0.042084 7.696289 9.620361
579 572 0.001544 0.042208 7.711914 9.639893
580 573 0.000846 0.019108 7.729370 9.661713
581 574 0.000488 0.030097 7.740051 9.675064
582 575 0.002290 0.030429 7.746826 9.683533
583 576 0.000691 0.039771 7.760315 9.700394
584 577 0.001381 0.043037 7.773682 9.717102
585 578 0.000977 0.012966 7.786011 9.732513
586 579 0.001092 0.019678 7.796265 9.745331
587 580 0.001953 0.022705 7.807434 9.759293
588 581 0.001465 0.025805 7.824158 9.780197
589 582 0.000977 0.030429 7.838379 9.797974
590 583 0.001196 0.026424 7.843933 9.804916
591 584 0.000846 0.037799 7.846252 9.807816
592 585 0.000000 0.057830 7.842041 9.802551
593 586 0.001544 0.054591 7.836914 9.796143
594 587 0.000000 0.064003 7.828857 9.786072
595 588 0.000846 0.064446 7.813599 9.766998
596 589 0.000000 0.071141 7.799133 9.748917
597 590 0.000488 0.076350 7.787537 9.734421
598 591 0.000846 0.071055 7.774048 9.717560
599 592 0.000488 0.078677 7.759155 9.698944
600 593 0.000977 0.089653 7.738098 9.672623
601 594 0.000691 0.092580 7.711426 9.639282
602 595 0.000488 0.088091 7.693542 9.616928
603 596 0.000000 0.086941 7.668640 9.585800
604 597 0.000488 0.091566 7.638733 9.548416
605 598 0.000691 0.092748 7.604614 9.505768
606 599 0.000977 0.088668 7.568359 9.460449
607 600 0.001691 0.082010 7.541870 9.427338
608 601 0.000000 0.098846 7.509583 9.386978
609 602 0.000691 0.095449 7.466003 9.332504
610 603 0.001092 0.091438 7.428101 9.285126
611 604 0.001196 0.079442 7.390564 9.238205
612 605 0.001381 0.085585 7.355835 9.194794
613 606 0.001196 0.080011 7.320068 9.150085
614 607 0.001544 0.088332 7.274231 9.092789
615 608 0.000977 0.073155 7.230225 9.037781
616 609 0.000691 0.086963 7.194458 8.993073
617 610 0.001196 0.084299 7.156372 8.945465
618 611 0.001196 0.107196 7.113586 8.891983
619 612 0.001092 0.079319 7.069336 8.836670
620 613 0.001292 0.070732 7.030518 8.788147
621 614 0.000691 0.065914 6.997253 8.746567
622 615 0.000000 0.052457 6.967773 8.709717
623 616 0.000691 0.035644 6.930481 8.663101
624 617 0.000846 0.026326 6.895081 8.618851
625 618 0.000000 0.014653 6.860352 8.575439
626 619 0.000846 0.029546 6.833374 8.541718
627 620 0.000691 0.033629 6.804626 8.505783
628 621 0.001381 0.031546 6.778564 8.473206
629 622 0.001196 0.035286 6.750427 8.438034
630 623 0.000488 0.017140 6.717712 8.397141
631 624 0.000488 0.007385 6.691345 8.364182
632 625 0.001092 0.006882 6.666016 8.332520
633 626 0.001196 0.010790 6.634521 8.293152
634 627 0.000977 0.021917 6.600708 8.250885
635 628 0.000977 0.031783 6.555298 8.194122
636 629 0.001619 0.044304 6.510132 8.137665
637 630 0.000977 0.038459 6.465210 8.081512
638 631 0.001092 0.032427 6.406250 8.007812
639 632 0.002762 0.044238 6.344849 7.931061
640 633 0.001092 0.036448 6.270813 7.838516
641 634 0.000691 0.029677 6.191284 7.739105
642 635 0.000488 0.036781 6.107178 7.633972
643 636 0.001092 0.030189 6.017883 7.522354
644 637 0.000691 0.025197 5.932068 7.415085
645 638 0.000488 0.021001 5.851990 7.314987
646 639 0.001092 0.017239 5.776123 7.220154
647 640 0.001196 0.057677 5.714722 7.143402
648 641 0.001092 0.066578 5.664490 7.080612
649 642 0.000846 0.043304 5.627197 7.033997
650 643 0.000977 0.053463 5.603821 7.004776
651 644 0.001092 0.048508 5.586060 6.982574
652 645 0.000691 0.079821 5.572266 6.965332
653 646 0.000000 0.080366 5.571838 6.964798
654 647 0.000691 0.053148 5.558350 6.947937
655 648 0.001092 0.071555 5.553589 6.941986
656 649 0.000000 0.090882 5.552917 6.941147
657 650 0.001196 0.102560 5.535828 6.919785
658 651 0.001827 0.119435 5.535034 6.918793
659 652 0.001619 0.109804 5.516968 6.896210
660 653 0.002238 0.102428 5.511719 6.889648
661 654 0.001761 0.103637 5.519653 6.899567
662 655 0.001196 0.081848 5.505005 6.881256
663 656 0.001381 0.091198 5.508423 6.885529
664 657 0.001196 0.079258 5.526489 6.908112
665 658 0.001196 0.092321 5.519226 6.899033
666 659 0.001953 0.052257 5.548889 6.936111
667 660 0.000000 0.079158 5.543945 6.929932
668 661 0.000000 0.082320 5.561340 6.951675
669 662 0.000691 0.073086 5.600464 7.000580
670 663 0.000846 0.072739 5.608582 7.010727
671 664 0.001381 0.072600 5.633972 7.042465
672 665 0.001544 0.050043 5.658997 7.073746
673 666 0.001465 0.063963 5.684814 7.106018
674 667 0.001691 0.047544 5.730530 7.163162
675 668 0.002184 0.031818 5.748535 7.185669
676 669 0.002184 0.041640 5.774902 7.218628
677 670 0.001381 0.043204 5.816650 7.270813
678 671 0.000691 0.046643 5.836548 7.295685
679 672 0.001092 0.047471 5.880981 7.351227
680 673 0.000691 0.055788 5.904663 7.380829
681 674 0.002238 0.077396 5.932434 7.415543
682 675 0.000977 0.086911 5.969238 7.461548
683 676 0.001196 0.092784 5.985229 7.481537
684 677 0.001381 0.072631 6.006958 7.508698
685 678 0.001827 0.058791 6.037781 7.547226
686 679 0.000488 0.070237 6.045776 7.557220
687 680 0.001292 0.094375 6.071655 7.589569
688 681 0.002013 0.074000 6.087585 7.609482
689 682 0.000977 0.077415 6.100525 7.625656
690 683 0.000846 0.080590 6.128906 7.661133
691 684 0.001292 0.103897 6.132385 7.665482
692 685 0.002930 0.113804 6.142090 7.677612
693 686 0.002490 0.098451 6.162231 7.702789
694 687 0.001196 0.089835 6.147583 7.684479
695 688 0.002342 0.096443 6.141846 7.677307
696 689 0.000846 0.085945 6.134827 7.668533
697 690 0.001092 0.089907 6.101074 7.626343
698 691 0.001381 0.057581 6.097473 7.621841
699 692 0.001381 0.070275 6.073242 7.591553
700 693 0.000977 0.079251 6.062134 7.577667
701 694 0.001619 0.063749 6.072571 7.590714
702 695 0.002342 0.071796 6.067139 7.583923
703 696 0.001619 0.063568 6.072876 7.591095
704 697 0.001092 0.056398 6.103088 7.628860
705 698 0.000977 0.062284 6.119324 7.649155
706 699 0.000846 0.054233 6.158142 7.697678
707 700 0.000691 0.071795 6.173096 7.716370
708 701 0.001196 0.067832 6.198425 7.748032
709 702 0.001092 0.053711 6.232300 7.790375
710 703 0.000691 0.066524 6.250854 7.813568
711 704 0.000000 0.055424 6.278076 7.847595
712 705 0.000691 0.047688 6.308289 7.885361
713 706 0.000000 0.076612 6.320740 7.900925
714 707 0.001292 0.040208 6.359070 7.948837
715 708 0.000691 0.052063 6.381165 7.976456
716 709 0.001465 0.076709 6.414490 8.018112
717 710 0.001092 0.075699 6.460266 8.075333
718 711 0.001544 0.094032 6.491394 8.114243
719 712 0.001465 0.104680 6.529968 8.162460
720 713 0.002238 0.080905 6.580872 8.226089
721 714 0.002392 0.098617 6.611755 8.264694
722 715 0.000977 0.089732 6.661011 8.326263
723 716 0.001292 0.093007 6.695862 8.369827
724 717 0.001761 0.081119 6.737915 8.422394
725 718 0.001292 0.106203 6.786133 8.482666
726 719 0.001292 0.111180 6.818542 8.523178
727 720 0.000488 0.110854 6.857422 8.571777
728 721 0.001196 0.101366 6.906128 8.632660
729 722 0.002013 0.132579 6.945618 8.682022
730 723 0.001381 0.116951 6.997314 8.746643
731 724 0.003275 0.115354 7.038330 8.797913
732 725 0.001465 0.083280 7.077332 8.846664
733 726 0.001196 0.132384 7.127991 8.909988
734 727 0.001544 0.136161 7.165833 8.957291
735 728 0.000488 0.138358 7.209045 9.011307
736 729 0.001381 0.136174 7.246277 9.057846
737 730 0.001891 0.144389 7.286133 9.107666
738 731 0.003521 0.146139 7.326050 9.157562
739 732 0.002584 0.152700 7.362976 9.203720
740 733 0.001691 0.082012 7.399109 9.248886
741 734 0.001619 0.135781 7.442566 9.303207
742 735 0.001292 0.128582 7.485107 9.356384
743 736 0.000846 0.122721 7.523987 9.404984
744 737 0.000000 0.115202 7.555786 9.444733
745 738 0.000977 0.124503 7.593506 9.491882
746 739 0.001196 0.123569 7.634827 9.543533
747 740 0.001292 0.129449 7.674622 9.593277
748 741 0.001196 0.099718 7.712036 9.640045
749 742 0.001092 0.086754 7.741699 9.677124
750 743 0.002290 0.082127 7.777588 9.721985
751 744 0.001953 0.085816 7.813538 9.766922
752 745 0.001691 0.074193 7.848572 9.810715
753 746 0.000488 0.075765 7.884094 9.855118
754 747 0.000846 0.079506 7.918823 9.898529
755 748 0.001196 0.060372 7.954590 9.943237
756 749 0.002072 0.069999 7.995178 9.993973
757 750 0.002392 0.059368 8.041931 10.052414
758 751 0.002441 0.049533 8.084534 10.105667
759 752 0.002184 0.040037 8.134888 10.168610
760 753 0.001381 0.040425 8.168823 10.211029
761 754 0.001196 0.038223 8.209412 10.261765
762 755 0.001196 0.088283 8.314697 10.393372
763 756 0.001381 0.047657 8.290161 10.362701
764 757 0.001092 0.052769 8.327271 10.409088
765 758 0.000000 0.061104 8.370911 10.463638
766 759 0.000488 0.059691 8.409363 10.511703
767 760 0.000846 0.062840 8.462830 10.578537
768 761 0.000691 0.060149 8.509033 10.636292
769 762 0.001092 0.072306 8.489502 10.611877
770 763 0.000691 0.058872 8.598938 10.748672
771 764 0.001196 0.057146 8.641541 10.801926
772 765 0.002184 0.055784 8.679138 10.848923
773 766 0.001619 0.057790 8.719421 10.899277
774 767 0.001381 0.055687 8.765930 10.957413
775 768 0.000691 0.055688 8.809021 11.011276
776 769 0.001465 0.056100 8.852783 11.065979
777 770 0.001544 0.076326 8.897156 11.121445
778 771 0.000846 0.072885 8.944397 11.180496
779 772 0.001196 0.080271 9.002075 11.252594
780 773 0.001953 0.080222 9.062805 11.328506
781 774 0.001465 0.087202 9.111877 11.389847
782 775 0.002238 0.063157 9.165894 11.457367
783 776 0.001619 0.070834 9.221680 11.527100
784 777 0.001092 0.074488 9.277893 11.597366
785 778 0.001691 0.064542 9.337646 11.672058
786 779 0.001465 0.067755 9.386902 11.733627
787 780 0.002805 0.083980 9.428528 11.785660
788 781 0.001292 0.079052 9.478394 11.847992
789 782 0.001381 0.068417 9.528320 11.910400
790 783 0.001761 0.074935 9.578064 11.972580
791 784 0.001761 0.078897 9.625549 12.031937
792 785 0.001381 0.085980 9.666199 12.082748
793 786 0.001292 0.093297 9.706970 12.133713
794 787 0.001092 0.060330 9.741577 12.176971
795 788 0.001196 0.055471 9.776978 12.221222
796 789 0.001465 0.061589 9.803955 12.254944
797 790 0.000977 0.049415 9.826843 12.283554
798 791 0.000000 0.058785 9.842163 12.302704
799 792 0.001196 0.048472 9.857056 12.321320
800 793 0.000691 0.044253 9.867615 12.334518
801 794 0.001544 0.050650 9.876648 12.345810
802 795 0.001196 0.041262 9.876709 12.345886
803 796 0.000000 0.044189 9.877441 12.346802
804 797 0.000977 0.064114 9.876709 12.345886
805 798 0.001544 0.079945 9.878662 12.348328
806 799 0.000691 0.088391 9.873596 12.341995
807 800 0.000691 0.082299 9.873535 12.341919
808 801 0.001761 0.069476 9.878296 12.347870
809 802 0.000691 0.065010 9.874207 12.342758
810 803 0.001196 0.068760 9.868103 12.335129
811 804 0.000691 0.049645 9.854736 12.318420
812 805 0.000691 0.059546 9.837158 12.296448
813 806 0.001092 0.058718 9.820435 12.275543
814 807 0.000846 0.052685 9.803223 12.254028
815 808 0.001292 0.067559 9.779785 12.224731
816 809 0.001196 0.064542 9.762329 12.202911
817 810 0.001544 0.066570 9.747192 12.183990
818 811 0.001381 0.057570 9.731445 12.164307
819 812 0.000691 0.044201 9.724060 12.155075
820 813 0.001092 0.032515 9.710022 12.137527
821 814 0.000691 0.035965 9.690430 12.113037
822 815 0.000691 0.040711 9.666626 12.083282
823 816 0.001196 0.028464 9.644165 12.055206
824 817 0.002128 0.027931 9.622803 12.028503
825 818 0.001381 0.038508 9.595886 11.994858
826 819 0.001827 0.027794 9.561035 11.951294
827 820 0.001891 0.023353 9.532715 11.915894
828 821 0.000977 0.025766 9.502319 11.877899
829 822 0.000691 0.029650 9.472412 11.840515
830 823 0.001691 0.030339 9.439148 11.798935
831 824 0.001292 0.032973 9.395020 11.743774
832 825 0.000977 0.061980 9.341187 11.676483
833 826 0.000846 0.040340 9.278198 11.597748
834 827 0.001691 0.049096 9.200195 11.500244
835 828 0.000691 0.049041 9.102112 11.377640
836 829 0.001761 0.054653 8.989136 11.236420
837 830 0.001092 0.058410 8.861816 11.077271
838 831 0.001619 0.054280 8.732056 10.915070
839 832 0.001544 0.059457 8.598206 10.747757
840 833 0.001092 0.081444 8.456665 10.570831
841 834 0.000977 0.097388 8.309387 10.386734
842 835 0.000000 0.084703 8.164978 10.206223
843 836 0.001196 0.089798 8.024048 10.030060
844 837 0.001544 0.100150 7.887207 9.859009
845 838 0.001196 0.100028 7.757446 9.696808
846 839 0.001196 0.055152 7.640076 9.550095
847 840 0.002128 0.055483 7.532166 9.415207
848 841 0.001381 0.044434 7.442566 9.303207
849 842 0.001691 0.041755 7.359253 9.199066
850 843 0.002072 0.050836 7.287476 9.109344
851 844 0.003782 0.054011 7.225037 9.031296
852 845 0.001381 0.043340 7.173462 8.966827
853 846 0.001196 0.051480 7.133057 8.916321
854 847 0.000691 0.044762 7.107727 8.884659
855 848 0.001544 0.061771 7.083862 8.854828
856 849 0.000691 0.078556 7.076782 8.845978
857 850 0.001092 0.065764 7.075806 8.844757
858 851 0.002290 0.077967 7.070984 8.838730
859 852 0.001196 0.067131 7.061218 8.826523
860 853 0.000691 0.073101 7.054932 8.818665
861 854 0.000977 0.077693 7.045410 8.806763
862 855 0.001953 0.063404 7.047546 8.809433
863 856 0.000691 0.078361 7.038025 8.797531
864 857 0.001619 0.079767 7.037170 8.796463
865 858 0.001381 0.044992 7.057800 8.822250
866 859 0.001691 0.073782 7.075317 8.844147
867 860 0.001953 0.092793 7.105774 8.882217
868 861 0.001691 0.087300 7.143738 8.929672
869 862 0.000977 0.055439 7.171021 8.963776
870 863 0.001691 0.065598 7.224243 9.030304
871 864 0.001761 0.062748 7.273071 9.091339
872 865 0.001891 0.052187 7.297668 9.122086
873 866 0.001381 0.030641 7.345398 9.181747
874 867 0.002128 0.030662 7.368286 9.210358
875 868 0.001092 0.031501 7.402893 9.253616
876 869 0.002847 0.043268 7.445984 9.307480
877 870 0.001619 0.042951 7.471863 9.339828
878 871 0.002290 0.040351 7.511108 9.388885
879 872 0.002072 0.061609 7.567627 9.459534
880 873 0.003164 0.064887 7.592224 9.490280
881 874 0.000000 0.088972 7.642456 9.553070
882 875 0.001465 0.069474 7.670410 9.588013
883 876 0.000691 0.074061 7.713013 9.641266
884 877 0.001196 0.078401 7.761841 9.702301
885 878 0.001381 0.073199 7.780701 9.725876
886 879 0.000977 0.066318 7.818481 9.773102
887 880 0.002490 0.086259 7.866455 9.833069
888 881 0.002537 0.092878 7.891846 9.864807
889 882 0.002128 0.075897 7.932434 9.915543
890 883 0.002392 0.053958 7.946289 9.932861
891 884 0.002629 0.045303 7.972900 9.966125
892 885 0.002184 0.058248 8.011963 10.014954
893 886 0.001544 0.029926 8.025146 10.031433
894 887 0.002674 0.034219 8.052551 10.065689
895 888 0.000977 0.055140 8.083801 10.104752
896 889 0.001465 0.011330 8.110046 10.137558
897 890 0.001092 0.006723 8.146545 10.183182
898 891 0.001092 0.013223 8.169556 10.211945
899 892 0.001544 0.021925 8.195984 10.244980
900 893 0.001381 0.066722 8.216492 10.270615
901 894 0.000000 0.076909 8.224854 10.281067
902 895 0.000691 0.090093 8.231018 10.288773
903 896 0.000846 0.090910 8.230713 10.288391
904 897 0.001381 0.066289 8.223816 10.279770
905 898 0.001196 0.064462 8.206543 10.258179
906 899 0.001619 0.054557 8.183655 10.229568
907 900 0.000691 0.073435 8.163269 10.204086
908 901 0.001381 0.080459 8.139343 10.174179
909 902 0.000691 0.093421 8.103760 10.129700
910 903 0.001196 0.093714 8.057251 10.071564
911 904 0.001092 0.076239 8.001160 10.001450
912 905 0.000977 0.086228 7.941528 9.926910
913 906 0.001465 0.092744 7.860168 9.825211
914 907 0.001619 0.078646 7.764893 9.706116
915 908 0.000000 0.068799 7.661194 9.576492
916 909 0.000000 0.068171 7.549927 9.437408
917 910 0.001544 0.086870 7.437622 9.297028
918 911 0.001092 0.067559 7.319763 9.149704
919 912 0.000488 0.069265 7.184021 8.980026
920 913 0.000000 0.059974 7.062805 8.828506
921 914 0.000977 0.054286 6.939331 8.674164
922 915 0.000488 0.067840 6.803589 8.504486
923 916 0.001619 0.056409 6.670166 8.337708
924 917 0.001196 0.059143 6.507935 8.134918
925 918 0.001544 0.079446 6.357971 7.947464
926 919 0.001544 0.085068 6.206360 7.757950
927 920 0.001196 0.071986 6.064331 7.580414
928 921 0.001544 0.057876 5.939148 7.423935
929 922 0.001196 0.092054 5.803955 7.254944
930 923 0.002930 0.088951 5.700928 7.126160
931 924 0.002392 0.096173 5.596924 6.996155
932 925 0.002290 0.088129 5.507446 6.884308
933 926 0.002290 0.053086 5.449768 6.812210
934 927 0.002184 0.099559 5.350220 6.687775
935 928 0.001465 0.090779 5.293823 6.617279
936 929 0.002490 0.092088 5.233765 6.542206
937 930 0.002238 0.082807 5.206360 6.507950
938 931 0.004172 0.053221 5.220398 6.525497
939 932 0.003719 0.084835 5.192627 6.490784
940 933 0.002889 0.100218 5.179871 6.474838
941 934 0.001544 0.102779 5.175781 6.469727
942 935 0.002290 0.111719 5.153809 6.442261
943 936 0.001891 0.087413 5.165283 6.456604
944 937 0.001953 0.160783 5.119446 6.399307
945 938 0.001891 0.163556 5.091858 6.364822
946 939 0.002128 0.148100 5.084656 6.355820
947 940 0.001092 0.172647 5.069275 6.336594
948 941 0.002490 0.148071 5.089172 6.361465
949 942 0.001465 0.180998 5.085571 6.356964
950 943 0.002290 0.182586 5.092041 6.365051
951 944 0.003202 0.142527 5.115845 6.394806
952 945 0.003010 0.170139 5.122620 6.403275
953 946 0.001544 0.167747 5.146667 6.433334
954 947 0.002184 0.153661 5.165588 6.456985
955 948 0.001465 0.203094 5.182129 6.477661
956 949 0.001953 0.174976 5.204895 6.506119
957 950 0.002674 0.193732 5.222168 6.527710
958 951 0.002392 0.180484 5.238037 6.547546
959 952 0.002537 0.166020 5.245117 6.556396
960 953 0.002128 0.152991 5.251221 6.564026
961 954 0.002490 0.146304 5.254211 6.567764
962 955 0.001092 0.119945 5.261597 6.576996
963 956 0.001827 0.103031 5.264709 6.580887
964 957 0.001092 0.111254 5.269775 6.587219
965 958 0.001953 0.106720 5.261169 6.576462
966 959 0.002674 0.085605 5.250244 6.562805
967 960 0.002128 0.132682 5.245789 6.557236
968 961 0.003010 0.135068 5.216370 6.520462
969 962 0.003347 0.147343 5.190369 6.487961
970 963 0.005121 0.168243 5.136414 6.420517
971 964 0.002889 0.136138 5.070740 6.338425
972 965 0.002290 0.183678 5.023438 6.279297
973 966 0.002889 0.162335 4.971497 6.214371
974 967 0.002238 0.120659 4.912537 6.140671
975 968 0.001827 0.141446 4.887207 6.109009
976 969 0.000977 0.129812 4.846802 6.058502
977 970 0.000846 0.115981 4.848145 6.060181
978 971 0.001953 0.142451 4.851440 6.064301
979 972 0.001619 0.149461 4.845093 6.056366
980 973 0.002392 0.152548 4.871216 6.089020
981 974 0.002013 0.156166 4.880676 6.100845
982 975 0.001953 0.158119 4.875305 6.094131
983 976 0.002584 0.143110 4.898621 6.123276
984 977 0.002184 0.145818 4.887512 6.109390
985 978 0.002719 0.112417 4.922913 6.153641
986 979 0.002629 0.110184 4.939331 6.174164
987 980 0.002342 0.101691 4.934509 6.168137
988 981 0.002930 0.097067 4.971008 6.213760
989 982 0.002072 0.078193 4.989868 6.237335
990 983 0.001619 0.084983 4.999023 6.248779
991 984 0.001827 0.069839 5.062439 6.328049
992 985 0.001381 0.080402 5.070312 6.337891
993 986 0.001465 0.067405 5.125183 6.406479
994 987 0.001196 0.076573 5.172363 6.465454
995 988 0.001381 0.091346 5.202332 6.502914
996 989 0.001381 0.102808 5.271484 6.589355
997 990 0.001619 0.090808 5.331787 6.664734
998 991 0.002290 0.117654 5.371826 6.714783
999 992 0.002184 0.107204 5.441528 6.801910
1000 993 0.001292 0.139490 5.491943 6.864929
1001 994 0.001196 0.123815 5.567139 6.958923
1002 995 0.001619 0.108367 5.642700 7.053375
1003 996 0.002490 0.097807 5.708862 7.136078
1004 997 0.001544 0.107633 5.783447 7.229309
1005 998 0.001196 0.100309 5.854004 7.317505
1006 999 0.000977 0.094293 5.917236 7.396545
1007 1000 0.001092 0.073855 5.995361 7.494202
1008 1001 0.001619 0.077099 6.066528 7.583160
1009 1002 0.000977 0.073000 6.135742 7.669678
1010 1003 0.001619 0.064142 6.203857 7.754822
1011 1004 0.000691 0.047879 6.268555 7.835693
1012 1005 0.000977 0.057935 6.338745 7.923431
1013 1006 0.000000 0.055852 6.413574 8.016968
1014 1007 0.000691 0.056679 6.480103 8.100128
1015 1008 0.000977 0.056524 6.539551 8.174438
1016 1009 0.001092 0.057734 6.604004 8.255005
1017 1010 0.001381 0.056263 6.669312 8.336639
1018 1011 0.000691 0.051777 6.732544 8.415680
1019 1012 0.001092 0.061870 6.791992 8.489990
1020 1013 0.000846 0.057237 6.849609 8.562012
1021 1014 0.001092 0.056785 6.895264 8.619080
1022 1015 0.000488 0.056004 6.943359 8.679199
1023 1016 0.000846 0.056830 6.980469 8.725586
1024 1017 0.001827 0.045140 7.013916 8.767395
1025 1018 0.002762 0.050844 7.041138 8.801422
1026 1019 0.002342 0.058191 7.061035 8.826294
1027 1020 0.000691 0.045282 7.080811 8.851013
1028 1021 0.001292 0.051515 7.100952 8.876190
1029 1022 0.001381 0.044340 7.111938 8.889923
1030 1023 0.001381 0.030208 7.120972 8.901215
1031 1024 0.001691 0.038601 7.127319 8.909149
1032 1025 0.004056 0.054266 7.134521 8.918152
1033 1026 0.002072 0.038764 7.140503 8.925629
1034 1027 0.001381 0.041017 7.138062 8.922577
1035 1028 0.001544 0.033350 7.131104 8.913879
1036 1029 0.000846 0.055797 7.132690 8.915863
1037 1030 0.001619 0.067699 7.130493 8.913116
1038 1031 0.001092 0.046957 7.131714 8.914642
1039 1032 0.000691 0.056902 7.128296 8.910370
1040 1033 0.000691 0.071038 7.123291 8.904114
1041 1034 0.000000 0.078015 7.124756 8.905945
1042 1035 0.000691 0.096397 7.119263 8.899078
1043 1036 0.000488 0.105449 7.107300 8.884125
1044 1037 0.002184 0.106003 7.100464 8.875580
1045 1038 0.000488 0.103580 7.086792 8.858490
1046 1039 0.001619 0.081548 7.076294 8.845367
1047 1040 0.000977 0.084554 7.071411 8.839264
1048 1041 0.001292 0.083831 7.057861 8.822327
1049 1042 0.002128 0.087875 7.049561 8.811951
1050 1043 0.001691 0.082674 7.051636 8.814545
1051 1044 0.001196 0.070599 7.045654 8.807068
1052 1045 0.000846 0.074115 7.047485 8.809357
1053 1046 0.000977 0.077519 7.045044 8.806305
1054 1047 0.001196 0.061946 7.034668 8.793335
1055 1048 0.001544 0.056553 7.032837 8.791046
1056 1049 0.002392 0.053041 7.031250 8.789062
1057 1050 0.000977 0.063379 7.028809 8.786011
1058 1051 0.000000 0.037791 7.031860 8.789825
1059 1052 0.000977 0.025517 7.036011 8.795013
1060 1053 0.000488 0.019578 7.028076 8.785095
1061 1054 0.000977 0.023747 7.028076 8.785095
1062 1055 0.001292 0.021947 7.022583 8.778229
1063 1056 0.000488 0.039035 7.025024 8.781281
1064 1057 0.001196 0.045691 7.020142 8.775177
1065 1058 0.000977 0.052493 7.020874 8.776093
1066 1059 0.000000 0.042962 7.015137 8.768921
1067 1060 0.000977 0.053605 7.023071 8.778839
1068 1061 0.000488 0.051673 7.024902 8.781128
1069 1062 0.000691 0.041677 7.026489 8.783112
1070 1063 0.000691 0.037661 7.025391 8.781738
1071 1064 0.000691 0.027235 7.021851 8.777313
1072 1065 0.000488 0.040394 7.009766 8.762207
1073 1066 0.001691 0.043121 6.995117 8.743896
1074 1067 0.001292 0.045285 6.980957 8.726196
1075 1068 0.000846 0.057475 6.965332 8.706665
1076 1069 0.001196 0.065200 6.948242 8.685303
1077 1070 0.001381 0.069891 6.928345 8.660431
1078 1071 0.000977 0.065238 6.905396 8.631744
1079 1072 0.001544 0.061691 6.889526 8.611908
1080 1073 0.000977 0.055308 6.871216 8.589020
1081 1074 0.001092 0.069388 6.849854 8.562317
1082 1075 0.001196 0.045606 6.841797 8.552246
1083 1076 0.000691 0.040057 6.788452 8.485565
1084 1077 0.000691 0.059346 6.749878 8.437347
1085 1078 0.000977 0.081055 6.705078 8.381348
1086 1079 0.001092 0.086262 6.646973 8.308716
1087 1080 0.001761 0.091906 6.576538 8.220673
1088 1081 0.001691 0.095223 6.491943 8.114929
1089 1082 0.001292 0.096990 6.377808 7.972260
1090 1083 0.001891 0.081808 6.280151 7.850189
1091 1084 0.001827 0.071068 6.144165 7.680206
1092 1085 0.002072 0.062589 6.005493 7.506866
1093 1086 0.001292 0.069533 5.848145 7.310181
1094 1087 0.001761 0.071689 5.683228 7.104034
1095 1088 0.000977 0.057396 5.517212 6.896515
1096 1089 0.000691 0.066365 5.353027 6.691284
1097 1090 0.001092 0.085595 5.214111 6.517639
1098 1091 0.002342 0.090598 5.103638 6.379547
1099 1092 0.002184 0.119429 5.006104 6.257629
1100 1093 0.001381 0.115649 4.926636 6.158295
1101 1094 0.001092 0.141958 4.860718 6.075897
1102 1095 0.001292 0.166558 4.813232 6.016541
1103 1096 0.001292 0.190693 4.775635 5.969543
1104 1097 0.003010 0.195729 4.736572 5.920715
1105 1098 0.003164 0.197715 4.705200 5.881500
1106 1099 0.003719 0.167638 4.650757 5.813446
1107 1100 0.003906 0.183505 4.622070 5.777588
1108 1101 0.003719 0.154903 4.574829 5.718536
1109 1102 0.003782 0.167569 4.562378 5.702972
1110 1103 0.003347 0.138056 4.523071 5.653839
1111 1104 0.003588 0.107497 4.484009 5.605011
1112 1105 0.004422 0.156503 4.475830 5.594788
1113 1106 0.004784 0.161163 4.453979 5.567474
1114 1107 0.003127 0.163286 4.465088 5.581360
1115 1108 0.003876 0.166322 4.471924 5.589905
1116 1109 0.003814 0.161689 4.454468 5.568085
1117 1110 0.004422 0.192091 4.515503 5.644379
1118 1111 0.002930 0.207148 4.544800 5.681000
1119 1112 0.002184 0.179540 4.580444 5.725555
1120 1113 0.002128 0.212724 4.621704 5.777130
1121 1114 0.002584 0.188201 4.612915 5.766144
1122 1115 0.001381 0.191321 4.681885 5.852356
1123 1116 0.001691 0.160972 4.712891 5.891113
1124 1117 0.001465 0.150510 4.735352 5.919189
1125 1118 0.002584 0.150654 4.784546 5.980682
1126 1119 0.001619 0.130493 4.799316 5.999146
1127 1120 0.002184 0.102206 4.878784 6.098480
1128 1121 0.002629 0.112791 4.957886 6.197357
1129 1122 0.002238 0.110657 5.010986 6.263733
1130 1123 0.002238 0.107070 5.108887 6.386108
1131 1124 0.002128 0.088369 5.179565 6.474457
1132 1125 0.001691 0.088231 5.290405 6.613007
1133 1126 0.001953 0.083890 5.389526 6.736908
1134 1127 0.001953 0.082386 5.480225 6.850281
1135 1128 0.002184 0.074750 5.586792 6.983490
1136 1129 0.001827 0.077311 5.693115 7.116394
1137 1130 0.002072 0.079356 5.800415 7.250519
1138 1131 0.001827 0.084254 5.915894 7.394867
1139 1132 0.002392 0.081475 6.019775 7.524719
1140 1133 0.001465 0.089304 6.134521 7.668152
1141 1134 0.001381 0.093851 6.241455 7.801819
1142 1135 0.001544 0.098097 6.339722 7.924652
1143 1136 0.001691 0.108329 6.437012 8.046265
1144 1137 0.000846 0.121680 6.530518 8.163147
1145 1138 0.001092 0.119078 6.614014 8.267517
1146 1139 0.000977 0.125606 6.696655 8.370819
1147 1140 0.001196 0.108896 6.773071 8.466339
1148 1141 0.000846 0.103799 6.843140 8.553925
1149 1142 0.000488 0.088249 6.920532 8.650665
1150 1143 0.000488 0.089791 6.990601 8.738251
1151 1144 0.001196 0.074096 7.052979 8.816223
1152 1145 0.000977 0.077490 7.118286 8.897858
1153 1146 0.001196 0.059632 7.165771 8.957214
1154 1147 0.000846 0.052284 7.219238 9.024048
1155 1148 0.001381 0.040326 7.261230 9.076538
1156 1149 0.000977 0.035772 7.296021 9.120026
1157 1150 0.001691 0.041974 7.322754 9.153442
1158 1151 0.001196 0.045944 7.351807 9.189758
1159 1152 0.000691 0.058849 7.369995 9.212494
1160 1153 0.000000 0.052459 7.389893 9.237366
1161 1154 0.000691 0.058504 7.405273 9.256592
1162 1155 0.000488 0.062829 7.426636 9.283295
1163 1156 0.001827 0.066458 7.441895 9.302368
1164 1157 0.000977 0.041443 7.450195 9.312744
1165 1158 0.001196 0.034586 7.461426 9.326782
1166 1159 0.000977 0.027152 7.460571 9.325714
1167 1160 0.000977 0.025582 7.468750 9.335938
1168 1161 0.001196 0.022844 7.474609 9.343262
1169 1162 0.000000 0.046186 7.472900 9.341125
1170 1163 0.001196 0.058326 7.475952 9.344940
1171 1164 0.000977 0.057933 7.480225 9.350281
1172 1165 0.001827 0.075230 7.471313 9.339142
1173 1166 0.002290 0.071258 7.487305 9.359131
1174 1167 0.001761 0.089737 7.493652 9.367065
1175 1168 0.002072 0.102203 7.499512 9.374390
1176 1169 0.001827 0.094596 7.518311 9.397888
1177 1170 0.002184 0.104507 7.532471 9.415588
1178 1171 0.002013 0.090243 7.560059 9.450073
1179 1172 0.001953 0.070036 7.593994 9.492493
1180 1173 0.000846 0.078554 7.627563 9.534454
1181 1174 0.001381 0.048752 7.664429 9.580536
1182 1175 0.001196 0.037432 7.700928 9.626160
1183 1176 0.001381 0.039727 7.732788 9.665985
1184 1177 0.000691 0.029584 7.768066 9.710083
1185 1178 0.002290 0.035713 7.796997 9.746246
1186 1179 0.001381 0.034922 7.830811 9.788513
1187 1180 0.000691 0.035243 7.858643 9.823303
1188 1181 0.000846 0.041914 7.889038 9.861298
1189 1182 0.001544 0.044969 7.920166 9.900208
1190 1183 0.001465 0.040789 7.961182 9.951477
1191 1184 0.001381 0.053652 7.996826 9.996033
1192 1185 0.001544 0.057015 8.036011 10.045013
1193 1186 0.001292 0.064088 8.072754 10.090942
1194 1187 0.000691 0.063259 8.115112 10.143890
1195 1188 0.001092 0.066508 8.159790 10.199738
1196 1189 0.000000 0.078507 8.207642 10.259552
1197 1190 0.000691 0.079823 8.249512 10.311890
1198 1191 0.000691 0.089081 8.292969 10.366211
1199 1192 0.000691 0.091919 8.340698 10.425873
1200 1193 0.000977 0.106145 8.389282 10.486603
1201 1194 0.001292 0.108812 8.437134 10.546417
1202 1195 0.000977 0.120083 8.478516 10.598145
1203 1196 0.001196 0.108157 8.519409 10.649261
1204 1197 0.000691 0.115669 8.563599 10.704498
1205 1198 0.001691 0.109584 8.619141 10.773926
1206 1199 0.001827 0.109752 8.663940 10.829926
1207 1200 0.001092 0.096067 8.705078 10.881348
1208 1201 0.000000 0.095389 8.740112 10.925140
1209 1202 0.002184 0.079934 8.781738 10.977173
1210 1203 0.001092 0.086901 8.819946 11.024933
1211 1204 0.002128 0.077247 8.854858 11.068573
1212 1205 0.001953 0.080110 8.885498 11.106873
1213 1206 0.001381 0.071645 8.912354 11.140442
1214 1207 0.001381 0.074543 8.943115 11.178894
1215 1208 0.001691 0.063452 8.980225 11.225281
1216 1209 0.001381 0.064396 9.016357 11.270447
1217 1210 0.001292 0.073027 9.046753 11.308441
1218 1211 0.001544 0.083869 9.071289 11.339111
1219 1212 0.001544 0.048268 9.079712 11.349640
1220 1213 0.001092 0.030258 9.096680 11.370850
1221 1214 0.000977 0.041590 9.111328 11.389160
1222 1215 0.001691 0.042989 9.122925 11.403656
1223 1216 0.002762 0.048765 9.137573 11.421967
1224 1217 0.002441 0.043638 9.156250 11.445312
1225 1218 0.003347 0.037946 9.179688 11.474609
1226 1219 0.000846 0.038064 9.215942 11.519928
1227 1220 0.001196 0.049193 9.244507 11.555634
1228 1221 0.000691 0.040603 9.273560 11.591949
1229 1222 0.000846 0.047750 9.308960 11.636200
1230 1223 0.001292 0.053779 9.338135 11.672668
1231 1224 0.001292 0.056321 9.372437 11.715546
1232 1225 0.000691 0.089038 9.405273 11.756592
1233 1226 0.002719 0.097492 9.439697 11.799622
1234 1227 0.001196 0.136618 9.474487 11.843109
1235 1228 0.001092 0.150130 9.508789 11.885986
1236 1229 0.000977 0.142074 9.531860 11.914825
1237 1230 0.000977 0.136740 9.548828 11.936035
1238 1231 0.001465 0.113954 9.567261 11.959076
1239 1232 0.001953 0.076404 9.580444 11.975555
1240 1233 0.002674 0.063284 9.595337 11.994171
1241 1234 0.001381 0.060668 9.611816 12.014771
1242 1235 0.001544 0.056240 9.626709 12.033386
1243 1236 0.000977 0.054433 9.655273 12.069092
1244 1237 0.000691 0.064707 9.685059 12.106323
1245 1238 0.001691 0.108538 9.712402 12.140503
1246 1239 0.001092 0.124601 9.745483 12.181854
1247 1240 0.001092 0.109314 9.783691 12.229614
1248 1241 0.000691 0.126675 9.828247 12.285309
1249 1242 0.001196 0.139003 9.882080 12.352600
1250 1243 0.000691 0.170394 9.918823 12.398529
1251 1244 0.000977 0.146289 9.961670 12.452087
1252 1245 0.001381 0.157323 10.004395 12.505493
1253 1246 0.001761 0.175970 10.042603 12.553253
1254 1247 0.000000 0.194651 10.068481 12.585602
1255 1248 0.001761 0.191905 10.098389 12.622986
1256 1249 0.002072 0.221667 10.120728 12.650909
1257 1250 0.001827 0.225670 10.149170 12.686462
1258 1251 0.000846 0.280249 10.183960 12.729950
1259 1252 0.000691 0.271385 10.208862 12.761078
1260 1253 0.002013 0.288938 10.242920 12.803650
1261 1254 0.001953 0.306040 10.263428 12.829285
1262 1255 0.002762 0.301305 10.285278 12.856598
1263 1256 0.002290 0.280271 10.301147 12.876434
1264 1257 0.000691 0.253840 10.316650 12.895813
1265 1258 0.001381 0.218853 10.321533 12.901917
1266 1259 0.001465 0.216068 10.322388 12.902985
1267 1260 0.000488 0.197434 10.320801 12.901001
1268 1261 0.000977 0.177872 10.328735 12.910919
1269 1262 0.001381 0.167920 10.331909 12.914886
1270 1263 0.002072 0.159865 10.335938 12.919922
1271 1264 0.000000 0.156783 10.331055 12.913818
1272 1265 0.000488 0.163821 10.335571 12.919464
1273 1266 0.000846 0.165188 10.338135 12.922668
1274 1267 0.001092 0.141222 10.326660 12.908325
1275 1268 0.000691 0.140393 10.323608 12.904510
1276 1269 0.000488 0.150449 10.311279 12.889099
1277 1270 0.001544 0.132860 10.304932 12.881165
1278 1271 0.001381 0.137208 10.301514 12.876892
1279 1272 0.001092 0.110263 10.280151 12.850189
1280 1273 0.001544 0.098296 10.270630 12.838287
1281 1274 0.001381 0.102072 10.269409 12.836761
1282 1275 0.002184 0.107708 10.267334 12.834167
1283 1276 0.001292 0.094934 10.269897 12.837372
1284 1277 0.000846 0.113733 10.264893 12.831116
1285 1278 0.001092 0.103710 10.262939 12.828674
1286 1279 0.000846 0.117109 10.265869 12.832336
1287 1280 0.001544 0.097056 10.262817 12.828522
1288 1281 0.001465 0.093967 10.253174 12.816467
1289 1282 0.001619 0.081090 10.246582 12.808228
1290 1283 0.000488 0.064904 10.233521 12.791901
1291 1284 0.001196 0.066323 10.222412 12.778015
1292 1285 0.001196 0.026820 10.210327 12.762909
1293 1286 0.001953 0.044834 10.203857 12.754822
1294 1287 0.000977 0.065729 10.200928 12.751160
1295 1288 0.001544 0.079716 10.200928 12.751160
1296 1289 0.001953 0.087295 10.201660 12.752075
1297 1290 0.001544 0.084693 10.192871 12.741089
1298 1291 0.002674 0.098256 10.186768 12.733459
1299 1292 0.001827 0.110750 10.187622 12.734528
1300 1293 0.001827 0.112556 10.186768 12.733459
1301 1294 0.001381 0.106666 10.185547 12.731934
1302 1295 0.000691 0.112208 10.170044 12.712555
1303 1296 0.000846 0.114433 10.150024 12.687531
1304 1297 0.002238 0.109815 10.144287 12.680359
1305 1298 0.001544 0.105420 10.141724 12.677155
1306 1299 0.000977 0.103155 10.128418 12.660522
1307 1300 0.000977 0.094376 10.117676 12.647095
1308 1301 0.001196 0.101999 10.102417 12.628021
1309 1302 0.000977 0.093573 10.105957 12.632446
1310 1303 0.001544 0.105263 10.100586 12.625732
1311 1304 0.000691 0.105866 10.102417 12.628021
1312 1305 0.000691 0.113850 10.102783 12.628479
1313 1306 0.001092 0.091963 10.109131 12.636414
1314 1307 0.000488 0.081802 10.110962 12.638702
1315 1308 0.002392 0.071283 10.118042 12.647552
1316 1309 0.000691 0.059522 10.129395 12.661743
1317 1310 0.000000 0.054174 10.145264 12.681580
1318 1311 0.000691 0.039513 10.155884 12.694855
1319 1312 0.000691 0.041937 10.162720 12.703400
1320 1313 0.000691 0.046757 10.168823 12.711029
1321 1314 0.000488 0.044742 10.173462 12.716827
1322 1315 0.001465 0.027991 10.176147 12.720184
1323 1316 0.000846 0.040465 10.175049 12.718811
1324 1317 0.000488 0.036487 10.171387 12.714233
1325 1318 0.000846 0.042920 10.176147 12.720184
1326 1319 0.000488 0.046337 10.171753 12.714691
1327 1320 0.000691 0.049603 10.163940 12.704926
1328 1321 0.000488 0.036729 10.154297 12.692871
1329 1322 0.000846 0.041746 10.152222 12.690277
1330 1323 0.000977 0.040794 10.144775 12.680969
1331 1324 0.001196 0.036732 10.145264 12.681580
1332 1325 0.000691 0.040403 10.145264 12.681580
1333 1326 0.000977 0.040019 10.151367 12.689209
1334 1327 0.001292 0.050857 10.164185 12.705231
1335 1328 0.000691 0.057986 10.168579 12.710724
1336 1329 0.001381 0.087344 10.161377 12.701721
1337 1330 0.001465 0.078721 10.154663 12.693329
1338 1331 0.000977 0.093761 10.148804 12.686005
1339 1332 0.000977 0.124828 10.129883 12.662354
1340 1333 0.001292 0.146516 10.110596 12.638245
1341 1334 0.000691 0.160659 10.080566 12.600708
1342 1335 0.000691 0.163107 10.065796 12.582245
1343 1336 0.001292 0.173577 10.050659 12.563324
1344 1337 0.001465 0.149806 10.045166 12.556458
1345 1338 0.001465 0.133088 10.031006 12.538757
1346 1339 0.000691 0.120899 10.016479 12.520599
1347 1340 0.001196 0.092308 10.008789 12.510986
1348 1341 0.001196 0.048947 10.007812 12.509766
1349 1342 0.000488 0.030968 10.004028 12.505035
1350 1343 0.000846 0.043759 10.001343 12.501678
1351 1344 0.000691 0.060299 9.995850 12.494812
1352 1345 0.001381 0.077991 10.001831 12.502289
1353 1346 0.000977 0.098871 10.006226 12.507782
1354 1347 0.001092 0.104337 10.010620 12.513275
1355 1348 0.002392 0.103083 10.009277 12.511597
1356 1349 0.003164 0.103217 10.004639 12.505798
1357 1350 0.002238 0.104814 10.000122 12.500153
1358 1351 0.001196 0.087943 9.988892 12.486115
1359 1352 0.002930 0.074919 9.970581 12.463226
1360 1353 0.002128 0.055318 9.963745 12.454681
1361 1354 0.002342 0.036107 9.950073 12.437592
1362 1355 0.001381 0.023459 9.940063 12.425079
1363 1356 0.002128 0.035347 9.940430 12.425537
1364 1357 0.000000 0.022096 9.948608 12.435760
1365 1358 0.001827 0.035682 9.963257 12.454071
1366 1359 0.000977 0.021876 9.979614 12.474518
1367 1360 0.002072 0.040872 9.987793 12.484741
1368 1361 0.001953 0.066821 9.997192 12.496490
1369 1362 0.001544 0.085183 10.012451 12.515564
1370 1363 0.001292 0.098717 10.026123 12.532654
1371 1364 0.000977 0.079919 10.032104 12.540131
1372 1365 0.001619 0.089019 10.032471 12.540588
1373 1366 0.000691 0.106158 10.036133 12.545166
1374 1367 0.000846 0.103109 10.032959 12.541199
1375 1368 0.001381 0.102965 10.041260 12.551575
1376 1369 0.001761 0.095262 10.045532 12.556915
1377 1370 0.001381 0.105463 10.045776 12.557220
1378 1371 0.002072 0.096161 10.058472 12.573090
1379 1372 0.001953 0.090281 10.070923 12.588654
1380 1373 0.002013 0.070242 10.078857 12.598572
1381 1374 0.001196 0.059331 10.101685 12.627106
1382 1375 0.000488 0.051831 10.121338 12.651672
1383 1376 0.001544 0.037568 10.144043 12.680054
1384 1377 0.000691 0.040724 10.161987 12.702484
1385 1378 0.000977 0.066489 10.177124 12.721405
1386 1379 0.001196 0.114221 10.189331 12.736664
1387 1380 0.001544 0.098116 10.210205 12.762756
1388 1381 0.001196 0.122566 10.225952 12.782440
1389 1382 0.000977 0.117451 10.231934 12.789917
1390 1383 0.001381 0.109139 10.230469 12.788086
1391 1384 0.001196 0.094969 10.235229 12.794037
1392 1385 0.000846 0.076651 10.242310 12.802887
1393 1386 0.001544 0.065869 10.252930 12.816162
1394 1387 0.001465 0.069635 10.260010 12.825012
1395 1388 0.000691 0.068149 10.265259 12.831573
1396 1389 0.000488 0.059630 10.270752 12.838440
1397 1390 0.000000 0.056937 10.286255 12.857819
1398 1391 0.000691 0.053868 10.298584 12.873230
1399 1392 0.000000 0.044631 10.307373 12.884216
1400 1393 0.000488 0.054965 10.317871 12.897339
1401 1394 0.001292 0.025990 10.321533 12.901917
1402 1395 0.000977 0.038236 10.331543 12.914429
1403 1396 0.000846 0.033872 10.353882 12.942352
1404 1397 0.000977 0.041106 10.372192 12.965240
1405 1398 0.000977 0.067071 10.395874 12.994843
1406 1399 0.000000 0.064086 10.424927 13.031158
1407 1400 0.000691 0.063902 10.444702 13.055878
1408 1401 0.000977 0.088332 10.462158 13.077698
1409 1402 0.000691 0.077860 10.475586 13.094482
1410 1403 0.001691 0.085771 10.489624 13.112030
1411 1404 0.000977 0.095262 10.512085 13.140106
1412 1405 0.001544 0.070839 10.521240 13.151550
1413 1406 0.002072 0.074839 10.504395 13.130493
1414 1407 0.001691 0.069680 10.488770 13.110962
1415 1408 0.001891 0.072100 10.487915 13.109894
1416 1409 0.001092 0.066697 10.493652 13.117065
1417 1410 0.000691 0.045979 10.484009 13.105011
1418 1411 0.001381 0.019636 10.462891 13.078613
1419 1412 0.001092 0.024973 10.446533 13.058167
1420 1413 0.001196 0.027949 10.457886 13.072357
1421 1414 0.000846 0.029271 10.483032 13.103790
1422 1415 0.001196 0.051135 10.498779 13.123474
1423 1416 0.000488 0.062497 10.498047 13.122559
1424 1417 0.000691 0.073803 10.501587 13.126984
1425 1418 0.000000 0.084515 10.496582 13.120728
1426 1419 0.000691 0.087775 10.496460 13.120575
1427 1420 0.001619 0.105161 10.486816 13.108521
1428 1421 0.000977 0.098530 10.473145 13.091431
1429 1422 0.000691 0.076059 10.457275 13.071594
1430 1423 0.001381 0.088295 10.443237 13.054047
1431 1424 0.000977 0.103095 10.438599 13.048248
1432 1425 0.001827 0.108616 10.435791 13.044739
1433 1426 0.000691 0.121177 10.432129 13.040161
1434 1427 0.000691 0.118805 10.428101 13.035126
1435 1428 0.000846 0.114169 10.420166 13.025208
1436 1429 0.000488 0.106221 10.413574 13.016968
1437 1430 0.000488 0.103874 10.414429 13.018036
1438 1431 0.000846 0.072689 10.405396 13.006744
1439 1432 0.001691 0.065722 10.398682 12.998352
1440 1433 0.000846 0.066371 10.395264 12.994080
1441 1434 0.000691 0.054363 10.396484 12.995605
1442 1435 0.001381 0.051669 10.394897 12.993622
1443 1436 0.000488 0.041184 10.389526 12.986908
1444 1437 0.001381 0.054487 10.399170 12.998962
1445 1438 0.000691 0.048398 10.407471 13.009338
1446 1439 0.000488 0.082536 10.427490 13.034363
1447 1440 0.000691 0.089491 10.434448 13.043060
1448 1441 0.000977 0.122296 10.454102 13.067627
1449 1442 0.001092 0.142111 10.464111 13.080139
1450 1443 0.000691 0.208026 10.490234 13.112793
1451 1444 0.001953 0.208973 10.488281 13.110352
1452 1445 0.001092 0.258631 10.490967 13.113708
1453 1446 0.001092 0.253948 10.481323 13.101654
1454 1447 0.001196 0.246066 10.477539 13.096924
1455 1448 0.001691 0.213690 10.455933 13.069916
1456 1449 0.001465 0.209851 10.456787 13.070984
1457 1450 0.001619 0.182007 10.448608 13.060760
1458 1451 0.001092 0.146428 10.444336 13.055420
1459 1452 0.000691 0.148140 10.439453 13.049316
1460 1453 0.000691 0.134003 10.432983 13.041229
1461 1454 0.000488 0.138839 10.425781 13.032227
1462 1455 0.000691 0.132473 10.415771 13.019714
1463 1456 0.001381 0.133987 10.398315 12.997894
1464 1457 0.001381 0.145363 10.365479 12.956848
1465 1458 0.001092 0.153733 10.340088 12.925110
1466 1459 0.000000 0.138767 10.313721 12.892151
1467 1460 0.000691 0.149068 10.300171 12.875214
1468 1461 0.000977 0.179766 10.305542 12.881927
1469 1462 0.001381 0.216382 10.297974 12.872467
1470 1463 0.000691 0.229192 10.279297 12.849121
1471 1464 0.001761 0.225050 10.247681 12.809601
1472 1465 0.000977 0.235051 10.205566 12.756958
1473 1466 0.001691 0.227781 10.156128 12.695160
1474 1467 0.001761 0.213351 10.089478 12.611847
1475 1468 0.000846 0.180748 9.987915 12.484894
1476 1469 0.000488 0.132139 9.880737 12.350922
1477 1470 0.000846 0.081060 9.769775 12.212219
1478 1471 0.001092 0.057744 9.667847 12.084808
1479 1472 0.001196 0.032990 9.560913 11.951141
1480 1473 0.002184 0.032808 9.436646 11.795807
1481 1474 0.001465 0.032646 9.309692 11.637115
1482 1475 0.000977 0.022744 9.196655 11.495819
1483 1476 0.000691 0.037787 9.065186 11.331482
1484 1477 0.001381 0.041351 8.929443 11.161804
1485 1478 0.000691 0.055351 8.801514 11.001892
1486 1479 0.000488 0.037233 8.666626 10.833282
1487 1480 0.001196 0.037152 8.522461 10.653076
1488 1481 0.001465 0.032011 8.350220 10.437775
1489 1482 0.000000 0.060349 8.158447 10.198059
1490 1483 0.000691 0.052162 7.980103 9.975128
1491 1484 0.000977 0.063188 7.791016 9.738770
1492 1485 0.001092 0.079776 7.568726 9.460907
1493 1486 0.000977 0.121656 7.334229 9.167786
1494 1487 0.000691 0.140094 7.096313 8.870392
1495 1488 0.000846 0.127176 6.875854 8.594818
1496 1489 0.001891 0.107229 6.644287 8.305359
1497 1490 0.001092 0.091532 6.408691 8.010864
1498 1491 0.001465 0.074692 6.174316 7.717896
1499 1492 0.001292 0.059110 5.952637 7.440796
1500 1493 0.001196 0.037443 5.740234 7.175293
1501 1494 0.001953 0.049297 5.539307 6.924133
1502 1495 0.002674 0.059239 5.331909 6.664886
1503 1496 0.003010 0.053078 5.133667 6.417084
1504 1497 0.002584 0.057823 4.938110 6.172638
1505 1498 0.001691 0.064366 4.750977 5.938721
1506 1499 0.001691 0.072908 4.589111 5.736389
1507 1500 0.003049 0.092189 4.442627 5.553284
1508 1501 0.003312 0.086850 4.317139 5.396423
1509 1502 0.004606 0.095317 4.211060 5.263824
1510 1503 0.004658 0.103748 4.128052 5.160065
1511 1504 0.004475 0.095386 4.054810 5.068512
1512 1505 0.005524 0.118527 3.994873 4.993591
1513 1506 0.004502 0.098710 3.930664 4.913330
1514 1507 0.004683 0.099817 3.868530 4.835663
1515 1508 0.007797 0.166024 3.793213 4.741516
1516 1509 0.007658 0.177656 3.730835 4.663544
1517 1510 0.008112 0.188601 3.674194 4.592743
1518 1511 0.008200 0.183544 3.630615 4.538269
1519 1512 0.009790 0.210306 3.596680 4.495850
1520 1513 0.009814 0.204624 3.567505 4.459381
1521 1514 0.009668 0.195390 3.548828 4.436035
1522 1515 0.006551 0.168958 3.562012 4.452515
1523 1516 0.006748 0.179421 3.574219 4.467773
1524 1517 0.006496 0.173678 3.596313 4.495392
1525 1518 0.006659 0.172831 3.629761 4.537201
1526 1519 0.006385 0.165520 3.666016 4.582520
1527 1520 0.007751 0.173008 3.713989 4.642487
1528 1521 0.009030 0.176841 3.765869 4.707336
1529 1522 0.005524 0.199765 3.810547 4.763184
1530 1523 0.003588 0.189410 3.868286 4.835358
1531 1524 0.002805 0.192423 3.921021 4.901276
1532 1525 0.002490 0.201653 3.976807 4.971008
1533 1526 0.002013 0.225654 4.040771 5.050964
1534 1527 0.002762 0.207650 4.100952 5.126190
1535 1528 0.006310 0.211974 4.170044 5.212555
1536 1529 0.001761 0.161321 4.239258 5.299072
1537 1530 0.002342 0.163085 4.315796 5.394745
1538 1531 0.003049 0.164991 4.392578 5.490723
1539 1532 0.003088 0.133441 4.472168 5.590210
1540 1533 0.004448 0.101597 4.544312 5.680389
1541 1534 0.003453 0.109546 4.625610 5.782013
1542 1535 0.003312 0.109551 4.703857 5.879822
1543 1536 0.003937 0.119173 4.787476 5.984344
1544 1537 0.003814 0.135667 4.862183 6.077728
1545 1538 0.002970 0.142196 4.936890 6.171112
1546 1539 0.003088 0.148684 5.012817 6.266022
1547 1540 0.002719 0.151469 5.089233 6.361542
1548 1541 0.002392 0.152306 5.162842 6.453552
1549 1542 0.001544 0.150171 5.227905 6.534882
1550 1543 0.001196 0.155809 5.293823 6.617279
1551 1544 0.000691 0.148300 5.358521 6.698151
1552 1545 0.001381 0.172547 5.428101 6.785126
1553 1546 0.000977 0.184588 5.493774 6.867218
1554 1547 0.000846 0.202054 5.559326 6.949158
1555 1548 0.001953 0.184965 5.622192 7.027740
1556 1549 0.001619 0.205743 5.695801 7.119751
1557 1550 0.001827 0.209777 5.766235 7.207794
1558 1551 0.002128 0.202039 5.831299 7.289124
1559 1552 0.003202 0.167214 5.891357 7.364197
1560 1553 0.001953 0.184053 5.935059 7.418823
1561 1554 0.002490 0.188959 5.964111 7.455139
1562 1555 0.001381 0.203715 5.974854 7.468567
1563 1556 0.001953 0.219345 5.968384 7.460480
1564 1557 0.002013 0.208983 5.943481 7.429352
1565 1558 0.001827 0.213266 5.906250 7.382812
1566 1559 0.001691 0.211694 5.852417 7.315521
1567 1560 0.001544 0.187622 5.794189 7.242737
1568 1561 0.001292 0.167393 5.732788 7.165985
1569 1562 0.001544 0.141465 5.669434 7.086792
1570 1563 0.001691 0.100005 5.600464 7.000580
1571 1564 0.000000 0.083783 5.537109 6.921387
1572 1565 0.001381 0.111614 5.478271 6.847839
1573 1566 0.001292 0.108740 5.420044 6.775055
1574 1567 0.001953 0.111329 5.358276 6.697845
1575 1568 0.001761 0.104568 5.295410 6.619263
1576 1569 0.001761 0.121945 5.242065 6.552582
1577 1570 0.001953 0.108597 5.194824 6.493530
1578 1571 0.001953 0.104064 5.143311 6.429138
1579 1572 0.001953 0.093455 5.090332 6.362915
1580 1573 0.002392 0.057199 5.037842 6.297302
1581 1574 0.001691 0.099199 4.999512 6.249390
1582 1575 0.001544 0.110351 4.978149 6.222687
1583 1576 0.001827 0.098702 4.965698 6.207123
1584 1577 0.002290 0.103928 4.961304 6.201630
1585 1578 0.002805 0.110442 4.969238 6.211548
1586 1579 0.003453 0.124980 4.979370 6.224213
1587 1580 0.001691 0.152765 5.000610 6.250763
1588 1581 0.001619 0.125644 5.020630 6.275787
1589 1582 0.002184 0.101856 5.037598 6.296997
1590 1583 0.001953 0.103288 5.056519 6.320648
