10 3 0.002290 0.021531 1.548253 1.935317
11 4 0.002629 0.022551 1.639920 2.049900
12 5 0.003049 0.012425 1.725606 2.157007
13 6 0.002290 0.037985 1.811948 2.264935
14 7 0.002930 0.044510 1.897738 2.372173
15 8 0.002238 0.054101 1.981474 2.476842
16 9 0.003719 0.051808 2.065588 2.581985
17 10 0.003621 0.056485 2.146951 2.683688
18 11 0.003782 0.050999 2.242983 2.803729
19 12 0.003555 0.062919 2.347428 2.934285
20 13 0.003906 0.046543 2.458054 3.072567
21 14 0.002970 0.044833 2.579075 3.223843
22 15 0.003751 0.046190 2.710148 3.387685
23 16 0.003347 0.041963 2.850518 3.563148
24 17 0.003239 0.054976 2.998485 3.748106
25 18 0.002342 0.047074 3.149255 3.936568
26 19 0.002290 0.051198 3.308471 4.135589
27 20 0.002490 0.053036 3.472578 4.340723
28 21 0.002847 0.049312 3.639834 4.549793
29 22 0.002889 0.065703 3.813340 4.766675
30 23 0.002805 0.067507 3.986672 4.983340
31 24 0.003312 0.081592 4.163443 5.204303
32 25 0.002970 0.073290 4.342909 5.428637
33 26 0.002584 0.078784 4.516579 5.645723
34 27 0.001827 0.071587 4.685989 5.857487
35 28 0.002013 0.091910 4.848934 6.061168
36 29 0.001544 0.075927 5.000283 6.250354
37 30 0.001196 0.081832 5.145660 6.432076
38 31 0.000488 0.084043 5.273781 6.592226
39 32 0.001092 0.088034 5.382530 6.728163
40 33 0.001544 0.079561 5.476014 6.845017
41 34 0.001761 0.098994 5.547502 6.934377
42 35 0.001544 0.085063 5.606688 7.008361
43 36 0.001381 0.085711 5.652958 7.066197
44 37 0.001953 0.080898 5.683739 7.104673
45 38 0.002719 0.062201 5.712156 7.140195
46 39 0.002490 0.061137 5.735865 7.169831
47 40 0.002072 0.065724 5.761721 7.202151
48 41 0.002128 0.057380 5.788754 7.235942
49 42 0.001953 0.062226 5.811291 7.264113
50 43 0.002490 0.066876 5.832258 7.290323
51 44 0.001761 0.068007 5.851141 7.313926
52 45 0.000691 0.068839 5.865850 7.332313
53 46 0.000977 0.067770 5.880978 7.351222
54 47 0.000000 0.067461 5.886847 7.358558
55 48 0.001381 0.049642 5.894175 7.367718
56 49 0.000000 0.039424 5.906992 7.383740
57 50 0.001827 0.017685 5.910521 7.388151
58 51 0.001953 0.012581 5.904552 7.380691
59 52 0.001544 0.004119 5.892004 7.365005
60 53 0.000977 0.008394 5.873869 7.342336
61 54 0.002072 0.025285 5.865419 7.331774
62 55 0.001544 0.026598 5.854570 7.318213
63 56 0.001465 0.021920 5.837368 7.296710
64 57 0.002184 0.020178 5.827240 7.284050
65 58 0.000977 0.020291 5.820820 7.276025
66 59 0.002072 0.027661 5.813263 7.266579
67 60 0.001953 0.029266 5.799248 7.249060
68 61 0.002847 0.023868 5.770473 7.213092
69 62 0.002847 0.022957 5.737381 7.171726
70 63 0.002537 0.028415 5.706497 7.133121
71 64 0.002847 0.029689 5.676579 7.095723
72 65 0.004632 0.035053 5.657722 7.072153
73 66 0.001619 0.039553 5.658020 7.072525
74 67 0.002441 0.047364 5.684719 7.105899
75 68 0.001891 0.053550 5.738674 7.173343
76 69 0.002238 0.042930 5.814377 7.267971
77 70 0.002072 0.035120 5.902775 7.378469
78 71 0.001827 0.033279 6.006821 7.508526
79 72 0.001544 0.037057 6.121414 7.651768
80 73 0.001196 0.042890 6.241268 7.801585
81 74 0.001381 0.056421 6.363682 7.954602
82 75 0.000000 0.068432 6.482197 8.102746
83 76 0.000977 0.064472 6.596371 8.245463
84 77 0.001196 0.066398 6.705704 8.382130
85 78 0.001292 0.059217 6.814411 8.518014
86 79 0.001827 0.063883 6.918472 8.648090
87 80 0.001619 0.060335 7.010590 8.763237
88 81 0.000846 0.059288 7.090649 8.863311
89 82 0.001092 0.058170 7.152710 8.940887
90 83 0.000691 0.064501 7.199177 8.998971
91 84 0.000000 0.061360 7.232807 9.041009
92 85 0.000691 0.068755 7.249935 9.062419
93 86 0.000846 0.071510 7.252842 9.066052
94 87 0.000977 0.065339 7.245148 9.056435
95 88 0.000846 0.064745 7.229439 9.036798
96 89 0.000488 0.064842 7.214188 9.017735
97 90 0.000000 0.057351 7.192623 8.990779
98 91 0.000488 0.058197 7.169323 8.961654
99 92 0.000691 0.056068 7.140945 8.926182
100 93 0.000000 0.063913 7.116653 8.895817
101 94 0.000691 0.058750 7.092567 8.865709
102 95 0.001544 0.057534 7.062729 8.828411
103 96 0.001196 0.086516 7.027580 8.784475
104 97 0.001381 0.084802 6.994606 8.743258
105 98 0.001381 0.075063 6.964645 8.705807
106 99 0.000691 0.075143 6.934990 8.668737
107 100 0.001381 0.061656 6.901634 8.627043
108 101 0.000488 0.069545 6.877556 8.596945
109 102 0.000977 0.083673 6.857887 8.572359
110 103 0.002184 0.054713 6.838516 8.548145
111 104 0.000846 0.034760 6.809006 8.511257
112 105 0.001619 0.046826 6.776054 8.470068
113 106 0.001092 0.055419 6.750984 8.438730
114 107 0.001196 0.062424 6.728851 8.411064
115 108 0.001891 0.057394 6.700676 8.375845
116 109 0.001465 0.061679 6.673920 8.342400
117 110 0.004143 0.057072 6.654305 8.317881
118 111 0.002674 0.069300 6.642662 8.303328
119 112 0.001953 0.074123 6.634705 8.293381
120 113 0.002072 0.056112 6.621292 8.276615
121 114 0.001292 0.049825 6.603394 8.254242
122 115 0.000000 0.057522 6.583313 8.229141
123 116 0.001761 0.050375 6.565689 8.207111
124 117 0.003347 0.062579 6.550781 8.188477
125 118 0.000846 0.035540 6.537849 8.172312
126 119 0.000846 0.038151 6.527916 8.159895
127 120 0.000488 0.029797 6.519577 8.149471
128 121 0.000691 0.037143 6.508293 8.135366
129 122 0.001092 0.011397 6.504532 8.130665
130 123 0.002392 0.018164 6.493317 8.116646
131 124 0.002674 0.032542 6.475418 8.094273
132 125 0.001619 0.037706 6.455406 8.069258
133 126 0.001891 0.032505 6.435333 8.044167
134 127 0.003751 0.054702 6.422737 8.028421
135 128 0.003719 0.043309 6.416534 8.020668
136 129 0.002847 0.048203 6.397919 7.997398
137 130 0.003312 0.044235 6.379280 7.974100
138 131 0.004312 0.036161 6.365120 7.956400
139 132 0.002847 0.028539 6.362152 7.952690
140 133 0.001196 0.028204 6.357811 7.947264
141 134 0.001953 0.048553 6.343727 7.929659
142 135 0.001196 0.034364 6.333618 7.917023
143 136 0.001465 0.036777 6.334625 7.918282
144 137 0.001953 0.059088 6.335907 7.919884
145 138 0.000977 0.031762 6.333275 7.916594
146 139 0.000977 0.039071 6.324707 7.905884
147 140 0.000977 0.039606 6.311089 7.888861
148 141 0.000488 0.044972 6.303162 7.878952
149 142 0.001196 0.042106 6.294861 7.868576
150 143 0.000977 0.045748 6.287415 7.859268
151 144 0.001092 0.043535 6.287140 7.858925
152 145 0.001381 0.050288 6.281120 7.851400
153 146 0.001465 0.043853 6.279518 7.849398
154 147 0.002392 0.050126 6.282234 7.852793
155 148 0.000691 0.051281 6.286552 7.858191
156 149 0.001092 0.056290 6.285851 7.857313
157 150 0.000691 0.054856 6.280418 7.850523
158 151 0.000846 0.058273 6.273438 7.841797
159 152 0.000488 0.059505 6.275383 7.844229
160 153 0.001465 0.060017 6.276787 7.845984
161 154 0.001292 0.046537 6.277687 7.847109
162 155 0.001196 0.048592 6.273880 7.842350
163 156 0.001196 0.046355 6.268898 7.836123
164 157 0.000691 0.051609 6.271225 7.839031
165 158 0.000488 0.048715 6.271637 7.839546
166 159 0.000977 0.047780 6.268761 7.835951
167 160 0.000846 0.042457 6.264282 7.830353
168 161 0.000488 0.037590 6.255630 7.819538
169 162 0.000691 0.043629 6.250610 7.813263
170 163 0.001465 0.037130 6.247726 7.809658
171 164 0.002128 0.040312 6.237640 7.797050
172 165 0.002392 0.034877 6.235046 7.793808
173 166 0.001196 0.040955 6.226624 7.783279
174 167 0.001381 0.031254 6.208389 7.760487
175 168 0.000977 0.039471 6.192490 7.740612
176 169 0.001196 0.037369 6.175323 7.719154
177 170 0.002392 0.040515 6.158783 7.698479
178 171 0.002013 0.041736 6.139801 7.674751
179 172 0.001196 0.037400 6.108566 7.635708
180 173 0.001619 0.041541 6.082581 7.603226
181 174 0.001691 0.041258 6.061371 7.576714
182 175 0.002392 0.057359 6.039566 7.549458
183 176 0.002847 0.046682 6.011673 7.514591
184 177 0.003010 0.042051 5.975479 7.469349
185 178 0.003010 0.042007 5.947739 7.434673
186 179 0.005144 0.042649 5.918335 7.397919
187 180 0.002970 0.039711 5.897629 7.372036
188 181 0.003383 0.039924 5.868866 7.336082
189 182 0.001544 0.034431 5.834290 7.292862
190 183 0.001619 0.036646 5.799744 7.249680
191 184 0.001544 0.032218 5.771271 7.214088
192 185 0.000000 0.039432 5.740143 7.175179
193 186 0.001292 0.042625 5.712433 7.140541
194 187 0.000488 0.048476 5.671066 7.088833
195 188 0.002013 0.046803 5.641251 7.051563
196 189 0.002072 0.046649 5.619080 7.023849
197 190 0.002490 0.045848 5.590179 6.987724
198 191 0.002238 0.032843 5.556488 6.945610
199 192 0.002392 0.033130 5.510239 6.887798
200 193 0.002392 0.033629 5.466400 6.833000
201 194 0.002290 0.030585 5.438492 6.798115
202 195 0.001691 0.033733 5.415909 6.769886
203 196 0.000691 0.036299 5.385803 6.732254
204 197 0.001381 0.036464 5.353760 6.692200
205 198 0.001381 0.048938 5.323654 6.654568
206 199 0.001827 0.055416 5.308563 6.635704
207 200 0.002184 0.057870 5.306641 6.633301
208 201 0.001196 0.060540 5.295685 6.619606
209 202 0.001691 0.064455 5.280441 6.600552
210 203 0.002013 0.072503 5.267136 6.583920
211 204 0.002184 0.064755 5.264313 6.580391
212 205 0.001196 0.074563 5.273422 6.591778
213 206 0.001196 0.070805 5.272614 6.590767
214 207 0.001827 0.068785 5.261246 6.576557
215 208 0.001465 0.081009 5.250488 6.563110
216 209 0.000977 0.080673 5.230026 6.537533
217 210 0.001092 0.075331 5.212860 6.516075
218 211 0.002072 0.075703 5.194183 6.492729
219 212 0.000000 0.071791 5.162582 6.453228
220 213 0.001953 0.069258 5.130142 6.412678
221 214 0.000977 0.069511 5.102966 6.378708
222 215 0.001691 0.065695 5.074768 6.343460
223 216 0.001691 0.062963 5.049423 6.311779
224 217 0.002184 0.062251 5.018143 6.272678
225 218 0.001196 0.059185 4.987152 6.233940
226 219 0.001465 0.060257 4.958252 6.197815
227 220 0.000000 0.054539 4.929886 6.162357
228 221 0.000846 0.055992 4.894958 6.118698
229 222 0.001092 0.052260 4.857513 6.071892
230 223 0.000488 0.049676 4.822098 6.027622
231 224 0.000691 0.050119 4.788620 5.985775
232 225 0.000488 0.046450 4.748184 5.935230
233 226 0.001292 0.046518 4.710617 5.888271
234 227 0.001381 0.048715 4.661652 5.827065
235 228 0.002290 0.039650 4.617142 5.771427
236 229 0.000977 0.034530 4.571960 5.714951
237 230 0.001465 0.026371 4.533218 5.666523
238 231 0.001196 0.024195 4.496170 5.620213
239 232 0.001381 0.022713 4.460999 5.576248
240 233 0.001465 0.013164 4.419662 5.524578
241 234 0.000691 0.019248 4.388123 5.485153
242 235 0.000691 0.027525 4.356888 5.446110
243 236 0.002342 0.013874 4.336563 5.420704
244 237 0.002128 0.021154 4.328979 5.411224
245 238 0.002238 0.008970 4.329590 5.411987
246 239 0.001196 0.014700 4.339783 5.424728
247 240 0.001544 0.013419 4.347595 5.434494
248 241 0.001196 0.025414 4.359634 5.449543
249 242 0.000691 0.027853 4.369705 5.462132
250 243 0.000846 0.030124 4.378845 5.473557
251 244 0.000846 0.039146 4.378311 5.472889
252 245 0.001196 0.017682 4.386475 5.483093
253 246 0.001465 0.028572 4.397125 5.496407
254 247 0.000691 0.032389 4.421112 5.526390
255 248 0.001827 0.024024 4.449982 5.562477
256 249 0.000691 0.034365 4.476181 5.595226
257 250 0.001619 0.034076 4.498398 5.622997
258 251 0.000691 0.039469 4.519058 5.648823
259 252 0.000691 0.047947 4.535217 5.669022
260 253 0.001196 0.048285 4.559631 5.699539
261 254 0.000691 0.057867 4.589798 5.737247
262 255 0.000977 0.066235 4.615784 5.769730
263 256 0.000846 0.064588 4.643555 5.804443
264 257 0.000691 0.065803 4.683914 5.854893
265 258 0.000977 0.065688 4.724640 5.905800
266 259 0.001092 0.062348 4.773773 5.967216
267 260 0.002072 0.050725 4.821381 6.026726
268 261 0.001544 0.041013 4.854599 6.068249
269 262 0.001544 0.032716 4.900131 6.125164
270 263 0.001619 0.033209 4.956558 6.195698
271 264 0.001292 0.047788 5.015106 6.268883
272 265 0.001196 0.045654 5.073303 6.341629
273 266 0.001292 0.045787 5.119431 6.399288
274 267 0.001092 0.041654 5.155685 6.444607
275 268 0.001544 0.048878 5.199219 6.499023
276 269 0.001544 0.053412 5.231201 6.539001
277 270 0.000977 0.050122 5.247818 6.559772
278 271 0.002013 0.042001 5.249741 6.562176
279 272 0.001691 0.034251 5.246231 6.557789
280 273 0.001953 0.027060 5.240631 6.550789
281 274 0.001544 0.014595 5.239929 6.549911
282 275 0.001381 0.016491 5.234726 6.543407
283 276 0.000691 0.023791 5.230896 6.538620
284 277 0.000691 0.030295 5.231537 6.539421
285 278 0.001381 0.032711 5.227585 6.534481
286 279 0.001292 0.037834 5.228561 6.535702
287 280 0.003127 0.042281 5.221542 6.526928
288 281 0.000691 0.030877 5.214493 6.518116
289 282 0.000691 0.020956 5.210022 6.512527
290 283 0.001619 0.028470 5.210022 6.512527
291 284 0.001381 0.031993 5.209473 6.511841
292 285 0.001292 0.026068 5.208023 6.510029
293 286 0.002013 0.034647 5.207031 6.508789
294 287 0.001891 0.032665 5.212448 6.515560
295 288 0.001381 0.037401 5.221664 6.527081
296 289 0.001953 0.034935 5.227295 6.534119
297 290 0.003088 0.033917 5.234238 6.542797
298 291 0.002128 0.028754 5.246216 6.557770
299 292 0.001761 0.045297 5.265015 6.581268
300 293 0.001953 0.042620 5.284088 6.605110
301 294 0.001891 0.058684 5.306778 6.633472
302 295 0.001544 0.064580 5.329285 6.661606
303 296 0.002290 0.069408 5.356415 6.695518
304 297 0.001953 0.065205 5.385605 6.732006
305 298 0.000846 0.057513 5.408356 6.760445
306 299 0.002392 0.045482 5.433685 6.792107
307 300 0.001465 0.075511 5.458237 6.822796
308 301 0.001953 0.071255 5.480835 6.851044
309 302 0.001465 0.070518 5.497849 6.872311
310 303 0.000846 0.071910 5.518784 6.898479
311 304 0.001465 0.082320 5.529068 6.911335
312 305 0.001196 0.098402 5.547089 6.933861
313 306 0.001381 0.103890 5.562256 6.952820
314 307 0.001544 0.082785 5.574142 6.967678
315 308 0.002629 0.074450 5.579437 6.974297
316 309 0.002184 0.051229 5.576584 6.970730
317 310 0.000691 0.043595 5.570084 6.962605
318 311 0.000691 0.022788 5.571182 6.963978
319 312 0.000977 0.031451 5.561981 6.952477
320 313 0.001953 0.054087 5.540359 6.925449
321 314 0.001092 0.071550 5.520584 6.900730
322 315 0.000691 0.083985 5.510712 6.888390
323 316 0.000488 0.082124 5.516251 6.895313
324 317 0.001691 0.087335 5.526062 6.907578
325 318 0.001953 0.076338 5.534393 6.917992
326 319 0.000691 0.056995 5.547897 6.934872
327 320 0.000846 0.037271 5.568634 6.960793
328 321 0.000977 0.030981 5.578934 6.973667
329 322 0.000846 0.024528 5.585449 6.981812
330 323 0.001381 0.019493 5.583588 6.979485
331 324 0.001381 0.017483 5.576385 6.970482
332 325 0.001196 0.019262 5.564560 6.955700
333 326 0.000691 0.025963 5.558212 6.947765
334 327 0.001292 0.020607 5.562683 6.953354
335 328 0.000846 0.022757 5.579285 6.974106
336 329 0.000977 0.020954 5.599136 6.998920
337 330 0.001092 0.025010 5.618469 7.023087
338 331 0.001092 0.030535 5.642761 7.053452
339 332 0.001196 0.038227 5.662933 7.078667
340 333 0.002013 0.028693 5.663513 7.079391
341 334 0.002762 0.025069 5.656464 7.070580
342 335 0.001465 0.027540 5.645599 7.056999
343 336 0.001292 0.019810 5.646179 7.057724
344 337 0.000691 0.023061 5.650787 7.063484
345 338 0.001761 0.030632 5.645081 7.056351
346 339 0.001092 0.030754 5.644287 7.055359
347 340 0.002238 0.022252 5.663208 7.079010
348 341 0.002238 0.027560 5.686432 7.108040
349 342 0.001544 0.031749 5.707703 7.134628
350 343 0.000977 0.041316 5.712677 7.140846
351 344 0.000977 0.041139 5.710144 7.137680
352 345 0.001544 0.037787 5.711945 7.139931
353 346 0.001196 0.030378 5.717377 7.146721
354 347 0.001196 0.053349 5.717468 7.146835
355 348 0.000691 0.053022 5.715668 7.144585
356 349 0.000488 0.055609 5.715729 7.144661
357 350 0.001381 0.067365 5.714111 7.142639
358 351 0.001827 0.083389 5.714142 7.142677
359 352 0.002128 0.091740 5.711639 7.139549
360 353 0.002128 0.092579 5.711792 7.139740
361 354 0.001465 0.082567 5.712097 7.140121
362 355 0.001381 0.087374 5.712067 7.140083
363 356 0.000977 0.083688 5.709595 7.136993
364 357 0.000977 0.088522 5.716583 7.145729
365 358 0.001465 0.074026 5.727692 7.159615
366 359 0.001891 0.064380 5.740112 7.175140
367 360 0.001691 0.068194 5.744476 7.180595
368 361 0.001381 0.070140 5.742554 7.178192
369 362 0.001092 0.061852 5.738647 7.173309
370 363 0.001619 0.063230 5.743896 7.179871
371 364 0.002290 0.060595 5.740509 7.175636
372 365 0.002584 0.060405 5.730103 7.162628
373 366 0.002184 0.051736 5.718536 7.148170
374 367 0.003164 0.051656 5.709747 7.137184
375 368 0.002441 0.058349 5.713715 7.142143
376 369 0.001465 0.067108 5.714386 7.142982
377 370 0.001544 0.071858 5.710571 7.138214
378 371 0.001092 0.080825 5.704559 7.130699
379 372 0.001465 0.076028 5.701141 7.126427
380 373 0.000691 0.076163 5.708038 7.135048
381 374 0.001381 0.071984 5.713898 7.142372
382 375 0.001381 0.078147 5.718475 7.148094
383 376 0.001196 0.072660 5.728699 7.160873
384 377 0.001381 0.068270 5.741577 7.176971
385 378 0.001761 0.065480 5.752686 7.190857
386 379 0.002072 0.074806 5.761230 7.201538
387 380 0.001953 0.083393 5.758057 7.197571
388 381 0.001544 0.090943 5.763489 7.204361
389 382 0.001196 0.094463 5.772156 7.215195
390 383 0.001092 0.098606 5.788574 7.235718
391 384 0.001092 0.090371 5.800873 7.251091
392 385 0.001381 0.083489 5.826477 7.283096
393 386 0.001381 0.094643 5.861115 7.326393
394 387 0.001196 0.076336 5.903534 7.379417
395 388 0.000846 0.062911 5.940704 7.425880
396 389 0.002013 0.058050 5.972382 7.465477
397 390 0.001544 0.034111 5.998779 7.498474
398 391 0.002392 0.032183 6.021820 7.527275
399 392 0.001761 0.024198 6.043579 7.554474
400 393 0.002584 0.018942 6.059540 7.574425
401 394 0.000977 0.033698 6.080170 7.600212
402 395 0.001619 0.033745 6.105896 7.632370
403 396 0.001381 0.052317 6.133026 7.666283
404 397 0.000977 0.047074 6.165375 7.706718
405 398 0.001381 0.058339 6.210236 7.762794
406 399 0.001619 0.059613 6.245850 7.807312
407 400 0.001381 0.049279 6.277863 7.847328
408 401 0.001953 0.029940 6.295227 7.869034
409 402 0.001465 0.017822 6.298431 7.873039
410 403 0.001381 0.024638 6.298920 7.873650
411 404 0.001092 0.045098 6.293121 7.866402
412 405 0.001292 0.046967 6.289429 7.861786
413 406 0.002072 0.068076 6.301514 7.876892
414 407 0.001761 0.078072 6.323578 7.904472
415 408 0.000846 0.108763 6.353455 7.941818
416 409 0.001619 0.106193 6.389038 7.986298
417 410 0.003275 0.157167 6.480988 8.101234
418 411 0.001953 0.261133 6.593445 8.241806
419 412 0.001827 0.384278 6.698090 8.372612
420 413 0.000488 0.432286 6.766144 8.457680
421 414 0.001827 0.501539 6.822144 8.527679
422 415 0.001381 0.559729 6.877899 8.597374
423 416 0.001381 0.618187 6.932037 8.665047
424 417 0.000846 0.587906 6.933136 8.666420
425 418 0.001092 0.514086 6.909454 8.636818
426 419 0.001196 0.425126 6.881165 8.601456
427 420 0.001092 0.377620 6.858521 8.573151
428 421 0.000846 0.337578 6.853882 8.567352
429 422 0.000977 0.284357 6.841003 8.551254
430 423 0.002072 0.265977 6.835114 8.543892
431 424 0.001891 0.219573 6.814301 8.517876
432 425 0.000977 0.201509 6.798767 8.498459
433 426 0.001381 0.168703 6.779602 8.474503
434 427 0.001292 0.154796 6.777649 8.472061
435 428 0.000977 0.148154 6.762451 8.453064
436 429 0.001953 0.127137 6.744781 8.430977
437 430 0.002072 0.122613 6.728607 8.410759
438 431 0.001544 0.104385 6.715118 8.393898
439 432 0.000846 0.109798 6.697815 8.372269
440 433 0.000846 0.101266 6.680206 8.350258
441 434 0.000977 0.097887 6.666229 8.332787
442 435 0.001827 0.107745 6.656189 8.320236
443 436 0.002013 0.099347 6.654846 8.318558
444 437 0.002490 0.082940 6.645386 8.306732
445 438 0.002441 0.102291 6.642517 8.303146
446 439 0.001827 0.079006 6.631866 8.289833
447 440 0.001891 0.094662 6.627594 8.284492
448 441 0.002072 0.078275 6.613739 8.267174
449 442 0.002889 0.070402 6.602936 8.253670
450 443 0.000691 0.066512 6.598724 8.248405
451 444 0.001292 0.070375 6.600952 8.251190
452 445 0.001196 0.059006 6.606812 8.258514
453 446 0.001196 0.072221 6.617310 8.271637
454 447 0.001196 0.056315 6.627350 8.284187
455 448 0.000691 0.056836 6.645538 8.306923
456 449 0.002013 0.055010 6.663910 8.329887
457 450 0.000691 0.053029 6.681519 8.351898
458 451 0.001292 0.037580 6.696808 8.371010
459 452 0.001465 0.069388 6.711884 8.389854
460 453 0.000977 0.070381 6.738770 8.423462
461 454 0.001953 0.071971 6.767944 8.459930
462 455 0.002072 0.061262 6.786102 8.482628
463 456 0.001196 0.077058 6.797089 8.496361
464 457 0.000977 0.063826 6.807495 8.509369
465 458 0.000691 0.057425 6.823792 8.529739
466 459 0.000977 0.050011 6.842804 8.553505
467 460 0.001619 0.043438 6.853699 8.567123
468 461 0.001619 0.054682 6.866821 8.583527
469 462 0.001761 0.060577 6.891632 8.614540
470 463 0.001196 0.043389 6.922577 8.653221
471 464 0.001196 0.050262 6.947998 8.684998
472 465 0.001691 0.046987 6.969696 8.712120
473 466 0.001196 0.050229 6.986938 8.733673
474 467 0.000846 0.058947 7.007050 8.758812
475 468 0.000691 0.043516 7.022369 8.777962
476 469 0.001196 0.034490 7.043854 8.804817
477 470 0.001827 0.047458 7.056976 8.821220
478 471 0.000000 0.043372 7.071777 8.839722
479 472 0.000691 0.040191 7.083588 8.854485
480 473 0.000488 0.045336 7.087616 8.859520
481 474 0.000000 0.041588 7.087830 8.859787
482 475 0.000488 0.044244 7.090576 8.863220
483 476 0.001196 0.039395 7.090759 8.863449
484 477 0.000488 0.037930 7.096802 8.871002
485 478 0.000977 0.036309 7.103394 8.879242
486 479 0.001196 0.041443 7.100220 8.875275
487 480 0.000691 0.043592 7.096802 8.871002
488 481 0.000846 0.039370 7.094025 8.867531
489 482 0.000846 0.049374 7.091522 8.864403
490 483 0.001092 0.064346 7.092499 8.865623
491 484 0.000691 0.072663 7.089172 8.861465
492 485 0.001092 0.082528 7.085083 8.856354
493 486 0.001544 0.087404 7.090240 8.862801
494 487 0.001381 0.091030 7.095612 8.869514
495 488 0.000977 0.090707 7.102356 8.877945
496 489 0.001691 0.088840 7.102722 8.878403
497 490 0.001092 0.088422 7.100525 8.875656
498 491 0.000691 0.082679 7.101257 8.876572
499 492 0.001381 0.085219 7.097351 8.871689
500 493 0.001465 0.088511 7.093933 8.867416
501 494 0.002128 0.093485 7.093903 8.867378
502 495 0.002184 0.098313 7.094177 8.867722
503 496 0.001619 0.095360 7.099243 8.874054
504 497 0.001544 0.096308 7.095490 8.869362
505 498 0.001691 0.087928 7.088379 8.860474
506 499 0.000488 0.080787 7.082947 8.853683
507 500 0.000000 0.069256 7.071014 8.838768
508 501 0.000691 0.059641 7.058929 8.823662
509 502 0.000691 0.048617 7.040527 8.800659
510 503 0.001196 0.049632 7.018280 8.772850
511 504 0.001092 0.043101 6.988739 8.735924
512 505 0.001691 0.041564 6.951508 8.689384
513 506 0.002072 0.039012 6.906311 8.632889
514 507 0.002847 0.033011 6.854584 8.568230
515 508 0.003845 0.036833 6.792328 8.490410
516 509 0.002342 0.038560 6.721527 8.401909
517 510 0.001292 0.041860 6.642181 8.302727
518 511 0.002072 0.038326 6.554199 8.192749
519 512 0.001196 0.038863 6.459717 8.074646
520 513 0.000000 0.037589 6.356781 7.945976
521 514 0.000691 0.044905 6.247955 7.809944
522 515 0.001761 0.044402 6.134369 7.667961
523 516 0.001953 0.042994 6.016083 7.520103
524 517 0.002072 0.047920 5.897858 7.372322
525 518 0.002629 0.055348 5.787109 7.233887
526 519 0.000977 0.061979 5.680481 7.100601
527 520 0.000977 0.072928 5.580719 6.975899
528 521 0.001544 0.070472 5.485321 6.856651
529 522 0.001196 0.077329 5.398712 6.748390
530 523 0.000691 0.081027 5.315979 6.644974
531 524 0.000846 0.084434 5.229980 6.537476
532 525 0.000977 0.079630 5.147308 6.434135
533 526 0.000691 0.084007 5.075623 6.344528
534 527 0.001196 0.083271 5.018951 6.273689
535 528 0.001619 0.090359 4.987335 6.234169
536 529 0.001196 0.089706 4.970001 6.212502
537 530 0.000691 0.109886 4.971069 6.213837
538 531 0.000488 0.110758 4.993164 6.241455
539 532 0.000000 0.110364 5.020538 6.275673
540 533 0.001691 0.105686 5.053589 6.316986
541 534 0.003312 0.100202 5.083527 6.354408
542 535 0.003751 0.087953 5.106659 6.383324
543 536 0.003383 0.076955 5.134094 6.417618
544 537 0.002930 0.053416 5.165375 6.456718
545 538 0.002441 0.055540 5.211121 6.513901
546 539 0.002238 0.059536 5.270203 6.587753
547 540 0.001381 0.047666 5.326447 6.658058
548 541 0.001092 0.043965 5.381531 6.726913
549 542 0.002584 0.047199 5.434113 6.792641
550 543 0.001381 0.041140 5.480377 6.850471
551 544 0.001691 0.030829 5.529633 6.912041
552 545 0.002584 0.033197 5.559296 6.949120
553 546 0.003088 0.035483 5.580566 6.975708
554 547 0.001691 0.037794 5.591156 6.988945
555 548 0.000488 0.037561 5.595703 6.994629
556 549 0.000000 0.020085 5.594818 6.993523
557 550 0.002072 0.023124 5.586273 6.982841
558 551 0.002290 0.017782 5.557861 6.947327
559 552 0.002072 0.022194 5.522827 6.903534
560 553 0.001196 0.019771 5.473877 6.842346
561 554 0.002847 0.034071 5.429382 6.786728
562 555 0.002490 0.044991 5.381073 6.726341
563 556 0.002930 0.031268 5.321320 6.651649
564 557 0.002762 0.034880 5.256714 6.570892
565 558 0.002072 0.044257 5.194336 6.492920
566 559 0.001619 0.047482 5.132111 6.415138
567 560 0.003418 0.058465 5.090576 6.363220
568 561 0.000691 0.052229 5.038849 6.298561
569 562 0.001381 0.050465 5.006409 6.258011
570 563 0.001092 0.062472 4.991943 6.239929
571 564 0.000846 0.038092 4.979980 6.224976
572 565 0.001196 0.036039 4.996368 6.245461
573 566 0.001544 0.027855 5.016022 6.270027
574 567 0.002392 0.040467 5.046600 6.308250
575 568 0.001891 0.052774 5.098999 6.373749
576 569 0.001761 0.051300 5.141388 6.426735
577 570 0.001196 0.052742 5.187378 6.484222
578 571 0.002719 0.039845 5.242737 6.553421
579 572 0.002072 0.048023 5.279877 6.599846
580 573 0.001827 0.046278 5.325745 6.657181
581 574 0.002392 0.049169 5.344818 6.681023
582 575 0.003521 0.047766 5.346863 6.683578
583 576 0.002537 0.060632 5.346924 6.683655
584 577 0.002674 0.058878 5.341736 6.677170
585 578 0.003127 0.061088 5.357178 6.696472
586 579 0.001619 0.053133 5.382751 6.728439
587 580 0.002762 0.054603 5.396606 6.745758
588 581 0.002847 0.054056 5.394928 6.743660
589 582 0.001196 0.066326 5.379089 6.723862
590 583 0.003845 0.069794 5.377869 6.722336
591 584 0.001953 0.055785 5.387573 6.734467
592 585 0.002238 0.061744 5.378296 6.722870
593 586 0.001827 0.073542 5.338623 6.673279
594 587 0.001465 0.064797 5.282318 6.602898
595 588 0.001691 0.071538 5.232483 6.540604
596 589 0.000977 0.064566 5.204193 6.505241
597 590 0.002674 0.063873 5.161957 6.452446
598 591 0.004858 0.047807 5.096252 6.370316
599 592 0.001953 0.053513 5.012909 6.266136
600 593 0.001691 0.050592 4.935669 6.169586
601 594 0.001544 0.062605 4.870544 6.088181
602 595 0.001092 0.075484 4.816498 6.020622
603 596 0.001619 0.079650 4.756714 5.945892
604 597 0.001953 0.084595 4.696106 5.870132
605 598 0.001381 0.079103 4.630280 5.787849
606 599 0.000977 0.078585 4.571503 5.714378
607 600 0.000977 0.074888 4.493805 5.617256
608 601 0.000691 0.082370 4.402222 5.502777
609 602 0.000977 0.083240 4.298126 5.372658
610 603 0.001619 0.078269 4.177856 5.222321
611 604 0.001196 0.083235 4.046051 5.057564
612 605 0.001544 0.074389 3.903564 4.879456
613 606 0.001465 0.077175 3.731750 4.664688
614 607 0.001196 0.084130 3.563202 4.454002
615 608 0.000977 0.082662 3.393982 4.242477
616 609 0.000977 0.085551 3.213989 4.017487
617 610 0.000691 0.068609 3.047668 3.809586
618 611 0.000977 0.061656 2.881531 3.601913
619 612 0.001196 0.061280 2.726898 3.408623
620 613 0.000977 0.057426 2.592987 3.241234
621 614 0.001953 0.048885 2.467194 3.083992
622 615 0.001761 0.031057 2.347992 2.934990
623 616 0.002629 0.038244 2.235046 2.793808
624 617 0.000977 0.040582 2.114990 2.643738
625 618 0.000846 0.046678 1.988892 2.486115
626 619 0.001891 0.031249 1.853851 2.317314
627 620 0.001953 0.037191 1.709045 2.136307
628 621 0.001381 0.035400 1.563843 1.954803
629 622 0.000691 0.045731 1.428558 1.785698
630 623 0.000977 0.056245 1.313660 1.642075
631 624 0.001544 0.066624 1.219086 1.523857
632 625 0.001544 0.071597 1.150787 1.438484
633 626 0.001619 0.076085 1.102020 1.377525
634 627 0.001691 0.082613 1.072571 1.340714
635 628 0.002184 0.097573 1.059937 1.324921
636 629 0.001381 0.084585 1.055725 1.319656
637 630 0.001381 0.077218 1.055084 1.318855
638 631 0.000691 0.086866 1.064972 1.331215
639 632 0.000488 0.084690 1.085022 1.356277
640 633 0.001465 0.081731 1.127747 1.409683
641 634 0.001691 0.093402 1.194824 1.493530
642 635 0.000691 0.081539 1.274200 1.592751
643 636 0.001381 0.091282 1.361603 1.702003
644 637 0.001691 0.097385 1.459656 1.824570
645 638 0.001196 0.084906 1.548859 1.936073
646 639 0.001381 0.084471 1.635895 2.044868
647 640 0.001827 0.100249 1.711121 2.138901
648 641 0.000977 0.088766 1.768341 2.210426
649 642 0.002805 0.099799 1.832214 2.290268
650 643 0.002290 0.103249 1.899261 2.374077
651 644 0.002930 0.116134 1.953247 2.441559
652 645 0.001953 0.107077 2.028595 2.535744
653 646 0.001891 0.104408 2.102966 2.628708
654 647 0.001196 0.093505 2.168640 2.710800
655 648 0.001196 0.108384 2.262817 2.828522
656 649 0.000488 0.101777 2.335510 2.919388
657 650 0.000488 0.102783 2.427887 3.034859
658 651 0.001381 0.107014 2.535065 3.168831
659 652 0.001544 0.088024 2.617676 3.272095
660 653 0.002184 0.115996 2.719940 3.399925
661 654 0.000691 0.166626 2.842529 3.553162
662 655 0.000691 0.192867 2.945251 3.681564
663 656 0.001092 0.219585 3.078979 3.848724
664 657 0.001381 0.239348 3.191620 3.989525
665 658 0.001827 0.267167 3.315521 4.144402
666 659 0.001292 0.290036 3.457764 4.322205
667 660 0.000846 0.292079 3.574493 4.468117
668 661 0.001544 0.231289 3.690521 4.613152
669 662 0.001381 0.190805 3.815887 4.769859
670 663 0.000977 0.148431 3.922852 4.903564
671 664 0.001544 0.122101 4.043884 5.054855
672 665 0.001196 0.124919 4.149780 5.187225
673 666 0.000977 0.120943 4.268372 5.335464
674 667 0.002013 0.100399 4.397705 5.497131
675 668 0.001827 0.119332 4.526489 5.658112
676 669 0.001196 0.127267 4.650024 5.812531
677 670 0.000691 0.150189 4.777893 5.972366
678 671 0.000000 0.147841 4.896179 6.120224
679 672 0.000691 0.166403 5.018616 6.273270
680 673 0.001092 0.124175 5.122925 6.403656
681 674 0.000977 0.109638 5.226318 6.532898
682 675 0.001196 0.093012 5.326538 6.658173
683 676 0.000977 0.080213 5.428894 6.786118
684 677 0.000977 0.073890 5.530212 6.912766
685 678 0.000846 0.071232 5.629517 7.036896
686 679 0.000691 0.057798 5.723022 7.153778
687 680 0.000977 0.077471 5.810547 7.263184
688 681 0.000846 0.070004 5.898865 7.373581
689 682 0.001092 0.066767 5.979553 7.474442
690 683 0.000691 0.079918 6.057678 7.572098
691 684 0.001544 0.079347 6.134705 7.668381
692 685 0.001544 0.081524 6.214478 7.768097
693 686 0.001196 0.073491 6.298462 7.873077
694 687 0.000846 0.064176 6.384338 7.980423
695 688 0.000977 0.082719 6.464233 8.080292
696 689 0.000000 0.086392 6.546875 8.183594
697 690 0.000488 0.086489 6.630310 8.287888
698 691 0.000691 0.079285 6.713013 8.391266
699 692 0.001196 0.083828 6.793701 8.492126
700 693 0.001381 0.089286 6.870239 8.587799
701 694 0.001544 0.099348 6.947083 8.683853
702 695 0.000691 0.079453 7.027954 8.784943
703 696 0.000846 0.084772 7.109314 8.886642
704 697 0.000488 0.066655 7.179749 8.974686
705 698 0.000691 0.065558 7.234985 9.043732
706 699 0.000488 0.074317 7.287292 9.109116
707 700 0.001465 0.081160 7.334778 9.168472
708 701 0.000977 0.096677 7.385132 9.231415
709 702 0.000977 0.091851 7.421387 9.276733
710 703 0.001381 0.118957 7.453735 9.317169
711 704 0.000977 0.122694 7.482910 9.353638
712 705 0.001619 0.134357 7.515442 9.394302
713 706 0.001381 0.123257 7.551086 9.438858
714 707 0.002674 0.131165 7.580261 9.475327
715 708 0.001691 0.135523 7.591919 9.489899
716 709 0.000977 0.152138 7.609253 9.511566
717 710 0.000846 0.149541 7.619873 9.524841
718 711 0.001092 0.159360 7.649170 9.561462
719 712 0.001381 0.138188 7.679993 9.599991
720 713 0.001761 0.165017 7.678101 9.597626
721 714 0.001465 0.167098 7.693481 9.616852
722 715 0.002290 0.187222 7.696716 9.620895
723 716 0.001381 0.195095 7.712036 9.640045
724 717 0.000691 0.159343 7.729553 9.661942
725 718 0.000846 0.148589 7.705200 9.631500
726 719 0.000846 0.140773 7.707092 9.633865
727 720 0.001465 0.118882 7.707703 9.634628
728 721 0.001619 0.116183 7.713440 9.641800
729 722 0.003010 0.095076 7.738708 9.673386
730 723 0.002342 0.069029 7.740784 9.675980
731 724 0.002441 0.090629 7.760986 9.701233
732 725 0.002490 0.078998 7.801453 9.751816
733 726 0.002441 0.101013 7.808289 9.760361
734 727 0.002072 0.088549 7.851868 9.814835
735 728 0.002584 0.075757 7.871704 9.839630
736 729 0.002537 0.077947 7.897522 9.871902
737 730 0.002629 0.097172 7.928772 9.910965
738 731 0.001544 0.094209 7.945374 9.931717
739 732 0.001196 0.113152 7.965332 9.956665
740 733 0.001544 0.093841 7.997131 9.996414
741 734 0.001381 0.111147 8.018921 10.023651
742 735 0.001196 0.106421 8.055542 10.069427
743 736 0.001953 0.108739 8.094727 10.118408
744 737 0.001196 0.097585 8.146362 10.182953
745 738 0.001292 0.094581 8.200073 10.250092
746 739 0.000977 0.101726 8.258545 10.323181
747 740 0.000977 0.104768 8.313599 10.391998
748 741 0.001691 0.095894 8.376953 10.471191
749 742 0.001381 0.096399 8.435974 10.544968
750 743 0.001544 0.098143 8.496033 10.620041
751 744 0.000000 0.099483 8.549866 10.687332
752 745 0.001619 0.113135 8.600830 10.751038
753 746 0.001761 0.093502 8.657715 10.822144
754 747 0.001092 0.110050 8.724060 10.905075
755 748 0.001465 0.123853 8.776489 10.970612
756 749 0.000691 0.131184 8.833374 11.041718
757 750 0.001381 0.108193 8.884888 11.106110
758 751 0.000977 0.119694 8.938843 11.173553
759 752 0.001092 0.113307 8.996277 11.245346
760 753 0.000691 0.120636 9.069641 11.337051
761 754 0.001381 0.082709 9.140076 11.425095
762 755 0.001761 0.088986 9.217529 11.521912
763 756 0.001092 0.068714 9.285339 11.606674
764 757 0.002441 0.076281 9.356934 11.696167
765 758 0.002184 0.092715 9.425415 11.781769
766 759 0.001761 0.114306 9.493469 11.866837
767 760 0.002392 0.119729 9.539856 11.924820
768 761 0.000691 0.101800 9.586609 11.983261
769 762 0.001196 0.094589 9.631836 12.039795
770 763 0.001092 0.059948 9.682983 12.103729
771 764 0.000488 0.051123 9.731384 12.164230
772 765 0.001196 0.058369 9.777832 12.222290
773 766 0.000691 0.044538 9.830627 12.288284
774 767 0.000846 0.046118 9.880127 12.350159
775 768 0.001196 0.030753 9.934265 12.417831
776 769 0.001196 0.060899 9.986816 12.483521
777 770 0.001196 0.055754 10.039917 12.549896
778 771 0.001292 0.036566 10.089966 12.612457
779 772 0.001196 0.068875 10.148804 12.686005
780 773 0.000977 0.072646 10.195740 12.744675
781 774 0.000977 0.071480 10.250244 12.812805
782 775 0.000846 0.072847 10.297668 12.872086
783 776 0.000691 0.030559 10.355408 12.944260
784 777 0.000000 0.040262 10.399414 12.999268
785 778 0.000691 0.048120 10.435120 13.043900
786 779 0.000846 0.048378 10.463562 13.079453
787 780 0.000488 0.055001 10.492371 13.115463
788 781 0.000846 0.058714 10.517883 13.147354
789 782 0.000691 0.075748 10.542969 13.178711
790 783 0.000846 0.091317 10.552429 13.190536
791 784 0.001465 0.111048 10.568909 13.211136
792 785 0.000846 0.126377 10.590576 13.238220
793 786 0.001381 0.145519 10.605347 13.256683
794 787 0.001381 0.158353 10.625854 13.282318
795 788 0.000977 0.160342 10.634094 13.292618
796 789 0.001196 0.160528 10.635681 13.294601
797 790 0.000977 0.148695 10.635925 13.294907
798 791 0.001092 0.134171 10.635986 13.294983
799 792 0.000846 0.127810 10.632263 13.290329
800 793 0.001465 0.131916 10.625854 13.282318
801 794 0.000691 0.104220 10.606934 13.258667
802 795 0.000977 0.083415 10.595764 13.244705
803 796 0.000977 0.063673 10.585632 13.232040
804 797 0.001196 0.055867 10.575989 13.219986
805 798 0.001092 0.038593 10.560425 13.200531
806 799 0.001691 0.036446 10.543152 13.178940
807 800 0.000977 0.038283 10.537781 13.172226
808 801 0.001196 0.040532 10.536011 13.170013
809 802 0.001381 0.039260 10.530518 13.163147
810 803 0.001381 0.035807 10.525391 13.156738
811 804 0.000691 0.054299 10.522156 13.152695
812 805 0.000977 0.038905 10.520508 13.150635
813 806 0.001196 0.046957 10.525391 13.156738
814 807 0.000977 0.042700 10.516479 13.145599
815 808 0.001292 0.035300 10.509094 13.136368
816 809 0.001381 0.039080 10.500977 13.126221
817 810 0.000691 0.040436 10.494080 13.117599
818 811 0.000488 0.068692 10.476746 13.095932
819 812 0.001196 0.062231 10.451233 13.064041
820 813 0.001465 0.052914 10.421753 13.027191
821 814 0.000000 0.056145 10.387939 12.984924
822 815 0.001381 0.057632 10.344910 12.931137
823 816 0.000000 0.058156 10.292847 12.866058
824 817 0.001196 0.065215 10.233765 12.792206
825 818 0.000977 0.074794 10.176392 12.720490
826 819 0.000691 0.068954 10.119019 12.648773
827 820 0.000488 0.076533 10.055847 12.569809
828 821 0.000488 0.078076 9.988525 12.485657
829 822 0.000691 0.083234 9.914490 12.393112
830 823 0.001544 0.092102 9.826843 12.283554
831 824 0.001827 0.094333 9.725525 12.156906
832 825 0.000000 0.079418 9.605591 12.006989
833 826 0.000691 0.085687 9.468628 11.835785
834 827 0.000000 0.102175 9.304871 11.631088
835 828 0.000977 0.086110 9.133789 11.417236
836 829 0.000691 0.083015 8.956299 11.195374
837 830 0.001196 0.075525 8.766296 10.957870
838 831 0.000691 0.077517 8.562317 10.702896
839 832 0.000977 0.092898 8.351135 10.438919
840 833 0.000691 0.099512 8.133850 10.167313
841 834 0.000977 0.087543 7.910522 9.888153
842 835 0.000977 0.087823 7.674561 9.593201
843 836 0.000691 0.080289 7.413696 9.267120
844 837 0.001619 0.075966 7.149841 8.937302
845 838 0.000977 0.072639 6.880554 8.600693
846 839 0.001292 0.072240 6.599670 8.249588
847 840 0.000691 0.067405 6.313293 7.891617
848 841 0.000000 0.070766 6.027832 7.534790
849 842 0.001465 0.084100 5.732910 7.166138
850 843 0.001691 0.079289 5.459290 6.824112
851 844 0.001827 0.080565 5.202454 6.503067
852 845 0.002847 0.080529 4.932556 6.165695
853 846 0.003312 0.070431 4.742310 5.927887
854 847 0.003719 0.104771 4.523376 5.654221
855 848 0.003049 0.065229 4.400208 5.500259
856 849 0.002490 0.017935 4.322388 5.402985
857 850 0.002128 0.050439 4.179810 5.224762
858 851 0.002441 0.013386 4.131287 5.164108
859 852 0.003383 0.035453 4.030701 5.038376
860 853 0.002805 0.027964 3.976746 4.970932
861 854 0.001953 0.015652 3.898132 4.872665
862 855 0.001761 0.024499 3.821655 4.777069
863 856 0.002013 0.047842 3.743042 4.678802
864 857 0.002970 0.022333 3.696472 4.620590
865 858 0.003312 0.047634 3.628662 4.535828
866 859 0.002584 0.050216 3.629883 4.537354
867 860 0.003127 0.051785 3.584229 4.480286
868 861 0.002719 0.068591 3.631470 4.539337
869 862 0.004395 0.068075 3.609924 4.512405
870 863 0.005144 0.104802 3.600464 4.500580
871 864 0.005777 0.111645 3.664490 4.580612
872 865 0.005459 0.128907 3.682861 4.603577
873 866 0.005259 0.050277 3.743408 4.679260
874 867 0.006138 0.097310 3.805969 4.757462
875 868 0.006079 0.081405 3.837708 4.797134
876 869 0.005610 0.066964 3.937744 4.922180
877 870 0.004734 0.042871 3.978943 4.973679
878 871 0.002584 0.112137 4.024109 5.030136
879 872 0.003275 0.064363 4.143921 5.179901
880 873 0.005349 0.087141 4.207336 5.259171
881 874 0.004422 0.048143 4.256165 5.320206
882 875 0.005282 0.110888 4.398987 5.498734
883 876 0.003906 0.027420 4.449646 5.562057
884 877 0.004632 0.086666 4.567993 5.709991
885 878 0.005304 0.112405 4.710327 5.887909
886 879 0.004980 0.064724 4.768066 5.960083
887 880 0.004085 0.085385 4.893066 6.116333
888 881 0.005213 0.082552 5.013123 6.266403
889 882 0.005167 0.080411 5.067810 6.334763
890 883 0.004632 0.090313 5.190002 6.487503
891 884 0.003876 0.139691 5.290649 6.613312
892 885 0.001953 0.151137 5.349426 6.686783
893 886 0.002184 0.091993 5.436890 6.796112
894 887 0.002392 0.107605 5.502930 6.878662
895 888 0.001544 0.098564 5.559509 6.949387
896 889 0.002392 0.102683 5.634460 7.043076
897 890 0.002584 0.095257 5.659607 7.074509
898 891 0.003845 0.055523 5.708618 7.135773
899 892 0.004172 0.054604 5.741821 7.177277
900 893 0.004143 0.062324 5.770935 7.213669
901 894 0.005027 0.072910 5.816956 7.271194
902 895 0.004143 0.075497 5.848938 7.311172
903 896 0.002889 0.071374 5.872681 7.340851
904 897 0.002719 0.091706 5.933838 7.417297
905 898 0.001953 0.090077 5.980591 7.475739
906 899 0.002847 0.094034 6.049622 7.562027
907 900 0.004085 0.087514 6.105896 7.632370
908 901 0.003845 0.070951 6.147827 7.684784
909 902 0.002342 0.068646 6.212280 7.765350
910 903 0.001761 0.067495 6.272156 7.840195
911 904 0.001619 0.061799 6.329285 7.911606
912 905 0.000977 0.050663 6.386658 7.983322
913 906 0.001381 0.047042 6.443298 8.054123
914 907 0.001691 0.053921 6.498962 8.123703
915 908 0.002490 0.067020 6.562012 8.202515
916 909 0.001827 0.077334 6.628113 8.285141
917 910 0.002238 0.091376 6.700195 8.375244
918 911 0.001691 0.098648 6.766174 8.457718
919 912 0.001691 0.101220 6.835449 8.544312
920 913 0.003312 0.094877 6.904236 8.630295
921 914 0.002441 0.074214 6.969543 8.711929
922 915 0.002342 0.063776 7.024109 8.780136
923 916 0.002584 0.052001 7.061218 8.826523
924 917 0.001092 0.031252 7.087036 8.858795
925 918 0.000977 0.043089 7.103760 8.879700
926 919 0.000977 0.051173 7.104431 8.880539
927 920 0.000691 0.056614 7.090698 8.863373
928 921 0.000488 0.065271 7.077576 8.846970
929 922 0.001544 0.079549 7.062622 8.828278
930 923 0.002013 0.078672 7.034485 8.793106
931 924 0.000691 0.088407 7.001648 8.752060
932 925 0.002238 0.085999 6.953552 8.691940
933 926 0.001544 0.083125 6.912598 8.640747
934 927 0.001691 0.076814 6.874023 8.592529
935 928 0.001196 0.074913 6.825989 8.532486
936 929 0.001619 0.082822 6.776184 8.470230
937 930 0.000000 0.094269 6.725891 8.407364
938 931 0.000977 0.082117 6.673157 8.341446
939 932 0.001827 0.088494 6.620789 8.275986
940 933 0.001381 0.092775 6.562866 8.203583
941 934 0.001381 0.097181 6.495300 8.119125
942 935 0.001691 0.079714 6.424255 8.030319
943 936 0.001381 0.092743 6.341736 7.927170
944 937 0.000846 0.100492 6.255615 7.819519
945 938 0.000846 0.121252 6.163879 7.704849
946 939 0.002072 0.126736 6.061768 7.577209
947 940 0.002184 0.145567 5.938232 7.422791
948 941 0.001761 0.146737 5.808228 7.260284
949 942 0.001619 0.147082 5.666138 7.082672
950 943 0.000691 0.142854 5.518188 6.897736
951 944 0.001761 0.146827 5.361938 6.702423
952 945 0.001196 0.129281 5.189697 6.487122
953 946 0.000977 0.128470 5.010803 6.263504
954 947 0.000846 0.116927 4.825378 6.031723
955 948 0.000977 0.110269 4.630188 5.787735
956 949 0.000977 0.097164 4.419556 5.524445
957 950 0.002184 0.085517 4.202271 5.252838
958 951 0.000488 0.100339 3.978455 4.973068
959 952 0.000977 0.093216 3.751282 4.689102
960 953 0.000691 0.086176 3.526794 4.408493
961 954 0.000977 0.078240 3.296753 4.120941
962 955 0.001196 0.059130 3.070801 3.838501
963 956 0.001465 0.066152 2.853943 3.567429
964 957 0.001953 0.059967 2.640808 3.301010
965 958 0.002184 0.062776 2.434387 3.042984
966 959 0.001891 0.064658 2.243530 2.804413
967 960 0.001953 0.059872 2.056763 2.570953
968 961 0.002184 0.056453 1.899719 2.374649
969 962 0.002184 0.062074 1.764526 2.205658
970 963 0.001827 0.073177 1.655701 2.069626
971 964 0.001827 0.075904 1.575073 1.968842
972 965 0.000846 0.071310 1.520386 1.900482
973 966 0.001196 0.061275 1.478760 1.848450
974 967 0.001381 0.064561 1.457581 1.821976
975 968 0.000691 0.065836 1.444336 1.805420
976 969 0.000691 0.069488 1.435242 1.794052
977 970 0.000846 0.073823 1.434021 1.792526
978 971 0.001092 0.062485 1.423828 1.779785
979 972 0.001691 0.059855 1.409302 1.761627
980 973 0.001381 0.055928 1.390381 1.737976
981 974 0.001381 0.052761 1.370361 1.712952
982 975 0.001381 0.045186 1.348999 1.686249
983 976 0.000977 0.050306 1.324463 1.655579
984 977 0.002013 0.054048 1.290527 1.613159
985 978 0.001827 0.049847 1.257385 1.571732
986 979 0.000846 0.035571 1.217773 1.522217
987 980 0.000846 0.024406 1.180237 1.475296
988 981 0.000846 0.019323 1.141907 1.427383
989 982 0.000691 0.025776 1.100708 1.375885
990 983 0.000000 0.011744 1.065430 1.331787
991 984 0.000846 0.021231 1.032715 1.290894
992 985 0.000977 0.022484 1.015503 1.269379
993 986 0.000488 0.021773 1.005493 1.256866
994 987 0.000488 0.018502 0.993408 1.241760
995 988 0.001381 0.024664 0.979248 1.224060
996 989 0.001092 0.018646 0.968079 1.210098
997 990 0.000846 0.030237 0.956970 1.196213
998 991 0.000846 0.028540 0.951965 1.189957
999 992 0.000977 0.020913 0.945068 1.181335
1000 993 0.001292 0.021824 0.950806 1.188507
1001 994 0.000691 0.025559 0.974976 1.218719
1002 995 0.000846 0.026909 1.022888 1.278610
1003 996 0.000691 0.022819 1.096985 1.371231
1004 997 0.000691 0.037889 1.198242 1.497803
1005 998 0.000846 0.037289 1.324524 1.655655
1006 999 0.001092 0.034731 1.474854 1.843567
1007 1000 0.001544 0.036262 1.644226 2.055283
1008 1001 0.001381 0.042001 1.831543 2.289429
1009 1002 0.001691 0.050680 2.030945 2.538681
1010 1003 0.002128 0.069383 2.222778 2.778473
1011 1004 0.002584 0.078059 2.419189 3.023987
1012 1005 0.001292 0.096417 2.607788 3.259735
1013 1006 0.001196 0.108703 2.790466 3.488083
1014 1007 0.001465 0.111909 2.959839 3.699799
1015 1008 0.000488 0.115593 3.128296 3.910370
1016 1009 0.000977 0.121826 3.294373 4.117966
1017 1010 0.000977 0.134491 3.462952 4.328690
1018 1011 0.001619 0.130615 3.611633 4.514542
1019 1012 0.000977 0.133283 3.761536 4.701920
1020 1013 0.001196 0.130852 3.910522 4.888153
1021 1014 0.001196 0.125345 4.053223 5.066528
1022 1015 0.001292 0.122071 4.194580 5.243225
1023 1016 0.000977 0.119062 4.324707 5.405884
1024 1017 0.001196 0.103240 4.452698 5.565872
1025 1018 0.001619 0.102531 4.586670 5.733337
1026 1019 0.001381 0.087282 4.716797 5.895996
1027 1020 0.000977 0.072186 4.835388 6.044235
1028 1021 0.001465 0.073903 4.963745 6.204681
1029 1022 0.001953 0.070148 5.083008 6.353760
1030 1023 0.001381 0.057882 5.210205 6.512756
1031 1024 0.000846 0.040633 5.337646 6.672058
1032 1025 0.000977 0.042102 5.457886 6.822357
1033 1026 0.001196 0.044852 5.576843 6.971054
1034 1027 0.002072 0.044713 5.694214 7.117767
1035 1028 0.000977 0.069859 5.820129 7.275162
1036 1029 0.002013 0.075081 5.939270 7.424088
1037 1030 0.000977 0.073840 6.044495 7.555618
1038 1031 0.000000 0.086603 6.140503 7.675629
1039 1032 0.001465 0.094196 6.231628 7.789536
1040 1033 0.000977 0.093868 6.304749 7.880936
1041 1034 0.001619 0.089792 6.366943 7.958679
1042 1035 0.001619 0.070748 6.399353 7.999191
1043 1036 0.001196 0.069269 6.419250 8.024063
1044 1037 0.001381 0.058964 6.432861 8.041077
1045 1038 0.001544 0.062392 6.434875 8.043594
1046 1039 0.001092 0.038447 6.430664 8.038330
1047 1040 0.000488 0.042548 6.428528 8.035660
1048 1041 0.001092 0.053849 6.435852 8.044815
1049 1042 0.001827 0.054007 6.451233 8.064041
1050 1043 0.000691 0.058011 6.470825 8.088531
1051 1044 0.002847 0.069776 6.486267 8.107834
1052 1045 0.003010 0.063672 6.508301 8.135376
1053 1046 0.001381 0.061471 6.531555 8.164444
1054 1047 0.001292 0.060558 6.559143 8.198929
1055 1048 0.000488 0.054490 6.581360 8.226700
1056 1049 0.000977 0.047993 6.594971 8.243713
1057 1050 0.001544 0.047150 6.612549 8.265686
1058 1051 0.000977 0.021220 6.635132 8.293915
1059 1052 0.000977 0.019288 6.652710 8.315887
1060 1053 0.000691 0.014798 6.677246 8.346558
1061 1054 0.000488 0.023101 6.697388 8.371735
1062 1055 0.000846 0.008192 6.716309 8.395386
1063 1056 0.000488 0.009712 6.740906 8.426132
1064 1057 0.000000 0.011770 6.767639 8.459549
1065 1058 0.000977 0.024486 6.791565 8.489456
1066 1059 0.000488 0.022790 6.810120 8.512650
1067 1060 0.001196 0.020346 6.819336 8.524170
1068 1061 0.000977 0.026627 6.824585 8.530731
1069 1062 0.001891 0.039290 6.832642 8.540802
1070 1063 0.001196 0.049533 6.833008 8.541260
1071 1064 0.002490 0.053597 6.827820 8.534775
1072 1065 0.002072 0.064592 6.811584 8.514481
1073 1066 0.002072 0.041466 6.799805 8.499756
1074 1067 0.001196 0.044721 6.783875 8.479843
1075 1068 0.003239 0.017814 6.766541 8.458176
1076 1069 0.001691 0.011396 6.737183 8.421478
1077 1070 0.001953 0.033944 6.707520 8.384399
1078 1071 0.001953 0.029048 6.676514 8.345642
1079 1072 0.001953 0.037997 6.652588 8.315735
1080 1073 0.000691 0.016897 6.627441 8.284302
1081 1074 0.001381 0.019564 6.597534 8.246918
1082 1075 0.002072 0.011668 6.559509 8.199387
1083 1076 0.000846 0.007073 6.530518 8.163147
1084 1077 0.001691 0.032341 6.502197 8.127747
1085 1078 0.001381 0.016129 6.470459 8.088074
1086 1079 0.002847 0.014837 6.430542 8.038177
1087 1080 0.001691 0.022876 6.379517 7.974396
1088 1081 0.002392 0.032359 6.332214 7.915268
1089 1082 0.001381 0.020044 6.282043 7.852554
1090 1083 0.001827 0.017267 6.218811 7.773514
1091 1084 0.002128 0.027836 6.131042 7.663803
1092 1085 0.002762 0.023572 6.027283 7.534103
1093 1086 0.000977 0.023787 5.917480 7.396851
1094 1087 0.001544 0.014684 5.803711 7.254639
1095 1088 0.001196 0.014362 5.674500 7.093124
1096 1089 0.001092 0.022949 5.524658 6.905823
1097 1090 0.000488 0.016849 5.357544 6.696930
1098 1091 0.001761 0.025860 5.185974 6.482468
1099 1092 0.000691 0.023710 5.005615 6.257019
1100 1093 0.000000 0.031795 4.820251 6.025314
1101 1094 0.000846 0.018924 4.627441 5.784302
1102 1095 0.001381 0.016850 4.432434 5.540543
1103 1096 0.000691 0.027343 4.251526 5.314407
1104 1097 0.002128 0.035123 4.080933 5.101166
1105 1098 0.001691 0.048900 3.933533 4.916916
1106 1099 0.000488 0.049353 3.804138 4.755173
1107 1100 0.000691 0.057451 3.685303 4.606628
1108 1101 0.000977 0.055227 3.581909 4.477386
1109 1102 0.000846 0.050140 3.487793 4.359741
1110 1103 0.000691 0.037638 3.404480 4.255600
1111 1104 0.000846 0.028501 3.330505 4.163132
1112 1105 0.000691 0.015259 3.257263 4.071579
1113 1106 0.000846 0.019980 3.184814 3.981018
1114 1107 0.000846 0.017099 3.113647 3.892059
1115 1108 0.000846 0.023702 3.037659 3.797073
1116 1109 0.002072 0.021392 2.960938 3.701172
1117 1110 0.000691 0.025486 2.882446 3.603058
1118 1111 0.000488 0.029629 2.798279 3.497849
1119 1112 0.000977 0.036276 2.713318 3.391647
1120 1113 0.001827 0.053899 2.623230 3.279037
1121 1114 0.001691 0.063367 2.530823 3.163528
1122 1115 0.001381 0.083186 2.441467 3.051834
1123 1116 0.001292 0.078625 2.359802 2.949753
1124 1117 0.000691 0.080042 2.279541 2.849426
1125 1118 0.000846 0.073890 2.199219 2.749023
1126 1119 0.001544 0.060650 2.114319 2.642899
1127 1120 0.001196 0.045311 2.030151 2.537689
1128 1121 0.000846 0.038762 1.937622 2.422028
1129 1122 0.001381 0.027881 1.843811 2.304764
1130 1123 0.001827 0.025766 1.744141 2.180176
1131 1124 0.001465 0.022343 1.646667 2.058334
1132 1125 0.001691 0.030408 1.548401 1.935501
1133 1126 0.001827 0.030376 1.454529 1.818161
1134 1127 0.001827 0.028924 1.363281 1.704102
1135 1128 0.001196 0.018753 1.281738 1.602173
1136 1129 0.000691 0.026402 1.204834 1.506042
1137 1130 0.000846 0.028720 1.130371 1.412964
1138 1131 0.001196 0.031987 1.058533 1.323166
1139 1132 0.000846 0.036746 0.994263 1.242828
1140 1133 0.001544 0.032981 0.929626 1.162033
1141 1134 0.000846 0.031751 0.870728 1.088409
1142 1135 0.000691 0.035487 0.816345 1.020432
1143 1136 0.000488 0.032732 0.765564 0.956955
1144 1137 0.000488 0.025918 0.719238 0.899048
1145 1138 0.000488 0.024600 0.671570 0.839462
1146 1139 0.000488 0.019888 0.627319 0.784149
1147 1140 0.000691 0.018159 0.590393 0.737991
1148 1141 0.000691 0.011161 0.552551 0.690689
1149 1142 0.000691 0.009972 0.516113 0.645142
1150 1143 0.000977 0.013491 0.480530 0.600662
1151 1144 0.000691 0.017082 0.447693 0.559616
1152 1145 0.000691 0.014450 0.418396 0.522995
1153 1146 0.000691 0.014001 0.389832 0.487289
1154 1147 0.000691 0.018636 0.359131 0.448914
1155 1148 0.000488 0.029536 0.332642 0.415802
1156 1149 0.000691 0.027653 0.304810 0.381012
1157 1150 0.000000 0.026133 0.275635 0.344543
1158 1151 0.000000 0.023656 0.244263 0.305328
1159 1152 0.000000 0.028389 0.213745 0.267181
1160 1153 0.000000 0.027866 0.184448 0.230560
1161 1154 0.000488 0.014817 0.158508 0.198135
1162 1155 0.000691 0.010933 0.134949 0.168686
1163 1156 0.000488 0.014892 0.116211 0.145264
1164 1157 0.000691 0.016789 0.111633 0.139542
1165 1158 0.000977 0.025121 0.112122 0.140152
1166 1159 0.000000 0.040535 0.127258 0.159073
1167 1160 0.000000 0.054339 0.145508 0.181885
1168 1161 0.000488 0.058203 0.167847 0.209808
1169 1162 0.000000 0.065329 0.188599 0.235748
1170 1163 0.000000 0.067808 0.210754 0.263443
1171 1164 0.000691 0.057950 0.227905 0.284882
1172 1165 0.000000 0.055027 0.249695 0.312119
1173 1166 0.000000 0.046128 0.265320 0.331650
1174 1167 0.000488 0.035129 0.283875 0.354843
1175 1168 0.000000 0.024599 0.307129 0.383911
1176 1169 0.000977 0.016690 0.335083 0.418854
1177 1170 0.000691 0.018078 0.369873 0.462341
1178 1171 0.000691 0.023630 0.402588 0.503235
1179 1172 0.000846 0.021163 0.436951 0.546188
1180 1173 0.000691 0.027885 0.471130 0.588913
1181 1174 0.000488 0.038150 0.507812 0.634766
1182 1175 0.000488 0.038882 0.541138 0.676422
1183 1176 0.000488 0.040161 0.575500 0.719376
1184 1177 0.000691 0.048559 0.608398 0.760498
1185 1178 0.000000 0.048900 0.640198 0.800247
1186 1179 0.000000 0.051779 0.668335 0.835419
1187 1180 0.000691 0.048885 0.693726 0.867157
1188 1181 0.000000 0.045004 0.719360 0.899200
1189 1182 0.000000 0.047204 0.743042 0.928802
1190 1183 0.000691 0.048383 0.764465 0.955582
1191 1184 0.000000 0.045429 0.779785 0.974731
1192 1185 0.000488 0.045818 0.792603 0.990753
1193 1186 0.000691 0.047214 0.798706 0.998383
1194 1187 0.000488 0.052789 0.797424 0.996780
1195 1188 0.000488 0.052100 0.785706 0.982132
1196 1189 0.000691 0.053257 0.767822 0.959778
1197 1190 0.000691 0.054276 0.743591 0.929489
1198 1191 0.000488 0.046480 0.711914 0.889893
1199 1192 0.000000 0.058499 0.675598 0.844498
1200 1193 0.000000 0.050553 0.634888 0.793610
