0.000000 -0.000000 -0.000000 0.000000
-0.140643 2.574964 -0.025806 2.072026
-0.281220 5.148987 -0.088147 4.296789
-0.421837 7.724036 -0.187472 6.663575
-0.562431 10.298960 -0.319630 9.128758
-0.701879 12.869650 -0.443365 11.667644
-0.854664 15.479570 -0.616894 14.253134
-1.011589 18.173180 -0.783703 16.943401
-1.171840 20.913680 -0.960961 19.668238
-1.334841 23.709530 -1.146926 22.436327
-1.487044 26.544710 -1.320768 25.251999
-1.633363 29.422930 -1.484010 28.106525
-1.768976 32.357140 -1.649648 31.016459
-1.929780 35.330970 -1.840941 33.953838
-2.126953 38.471510 -2.037831 36.904842
-2.329940 41.561110 -2.251305 39.861980
-2.535885 44.597900 -2.470454 42.843243
-2.728914 47.592750 -2.680336 45.802967
-2.937935 50.537730 -2.894432 48.698765
-3.130185 53.464980 -3.104198 51.597221
-3.310922 56.350390 -3.313264 54.465721
-3.511313 59.225400 -3.534246 57.306747
-3.703384 62.006320 -3.773902 60.070614
-3.912602 64.697860 -4.014097 62.751286
-4.114442 67.264550 -4.253314 65.313469
-4.313021 69.714240 -4.478708 67.735970
-4.514875 72.037350 -4.719340 70.045746
-4.709494 74.175390 -4.937362 72.170746
-4.891889 76.138280 -5.154880 74.126320
-5.039038 77.925340 -5.311245 75.917732
-5.159772 79.592300 -5.468227 77.587524
-5.235209 81.135380 -5.553440 79.140785
-5.207469 82.555940 -5.526314 80.567162
-5.029560 83.885300 -5.350643 81.913475
-4.680938 85.118200 -5.015461 83.136909
-4.130089 86.200010 -4.495358 84.211075
-3.393066 87.095580 -3.772202 85.131943
-2.508137 87.820100 -2.904556 85.840744
-1.511055 88.343490 -1.912231 86.397919
-0.450022 88.747950 -0.888311 86.825569
0.676345 89.023150 0.216227 87.098549
1.832910 89.277150 1.366709 87.363350
3.089762 89.418990 2.611250 87.511917
4.475771 89.556060 3.981923 87.663361
5.974572 89.621010 5.481088 87.746567
7.614093 89.671530 7.116866 87.811371
9.420230 89.707860 8.928129 87.868446
11.388370 89.721450 10.899594 87.912445
13.505010 89.738680 13.026269 87.975899
15.773680 89.805260 15.289968 88.082939
18.156510 89.929480 17.673979 88.243462
20.581930 90.082780 20.083359 88.414200
23.034320 90.227690 22.538288 88.582962
25.478370 90.365000 24.987425 88.772919
27.909920 90.499220 27.422525 88.947052
30.340320 90.588890 29.860268 89.063217
32.740690 90.598330 32.255123 89.105385
35.110390 90.529620 34.621555 89.071205
37.430830 90.386730 36.937969 88.964149
39.683630 90.176290 39.207428 88.797333
41.863240 89.910310 41.412758 88.553726
43.959460 89.634420 43.514904 88.311264
45.922800 89.378560 45.460243 88.091866
47.726310 89.193250 47.262417 87.940094
49.366470 89.121130 48.892105 87.898529
50.939410 89.191540 50.440319 87.993958
52.464070 89.450930 51.935661 88.246849
53.889450 89.945260 53.335411 88.748131
55.133190 90.660970 54.580254 89.496933
56.158450 91.620300 55.585182 90.465889
56.967930 92.764920 56.381542 91.610992
57.539920 94.061200 56.943237 92.894302
57.927200 95.446880 57.280922 94.195976
58.277310 96.884370 57.604668 95.614075
58.589460 98.403450 57.889214 97.099304
58.940360 100.002400 58.201237 98.692528
59.343230 101.692600 58.582005 100.373703
59.798800 103.499800 59.013947 102.178619
60.309140 105.392300 59.487267 104.082153
60.819120 107.363700 59.971981 106.043205
61.355080 109.477800 60.468849 108.172394
61.874140 111.669200 60.953842 110.368881
62.417580 113.964900 61.460190 112.673599
62.973720 116.373200 61.969894 115.055069
63.512460 118.836400 62.468987 117.494606
64.057360 121.342700 62.970909 119.994873
64.655860 123.876700 63.532753 122.501190
65.262090 126.422600 64.115028 125.001198
65.864770 128.941000 64.670029 127.496071
66.510510 131.382800 65.257034 129.947937
67.135460 133.867500 65.810570 132.420654
67.748220 136.262500 66.336372 134.810349
68.311480 138.668800 66.854668 137.237686
68.830800 141.066900 67.322678 139.646637
69.359830 143.451000 67.793732 142.024277
69.844620 145.829800 68.243332 144.396179
70.257380 148.240700 68.630569 146.783142
70.634070 150.615300 68.982529 149.144714
70.952630 153.048800 69.268661 151.580948
71.236680 155.482600 69.508362 154.035385
71.430750 157.958600 69.674858 156.508408
71.592060 160.420500 69.806374 158.949448
71.705560 162.889100 69.910736 161.413071
71.811250 165.386800 69.990211 163.890717
71.901490 167.846500 70.048500 166.337830
71.944200 170.358200 70.069359 168.839951
71.944230 172.867000 70.044029 171.306122
71.880770 175.411200 69.941010 173.811996
71.759300 177.947700 69.799454 176.331131
71.629380 180.489300 69.642731 178.872925
71.495820 183.069400 69.477783 181.454285
71.389860 185.611000 69.352592 183.997192
71.229200 188.181800 69.150635 186.564865
71.075770 190.694700 68.959236 189.065430
70.908190 193.208300 68.758224 191.568787
70.732240 195.676300 68.568703 194.016113
70.587330 197.902600 68.374649 196.414978
70.462020 200.022200 68.192139 198.686432
70.336670 202.141700 68.034012 200.770615
70.211280 204.261000 67.895668 202.806671
70.085900 206.379000 67.803329 204.762329
69.986060 208.445300 67.758377 206.693268
70.007780 210.375700 67.762688 208.630310
70.026080 212.295900 67.773346 210.558060
70.017620 214.252400 67.756355 212.520477
70.013230 216.217200 67.732590 214.461823
69.972110 218.270700 67.699890 216.491272
69.934360 220.317400 67.643669 218.521530
69.972850 222.305500 67.598923 220.603745
69.981630 224.353700 67.544518 222.726868
69.981870 226.399100 67.502083 224.804672
69.949190 228.454500 67.412750 226.880203
69.907170 230.454300 67.333923 228.899460
69.859830 232.418200 67.253860 230.879562
69.810200 234.247600 67.173759 232.706299
69.754960 235.896800 67.072952 234.380142
69.602960 237.437200 66.887321 235.903687
69.315000 238.920100 66.587234 237.321121
68.846420 240.276600 66.087906 238.625366
68.166090 241.479400 65.436928 239.756119
67.318270 242.492800 64.609322 240.731918
66.332240 243.344200 63.627518 241.572021
65.260110 243.991900 62.541473 242.183746
64.140300 244.474300 61.400261 242.627335
62.867510 244.772700 60.163986 242.893219
61.458940 244.926000 58.740761 243.021606
59.947420 244.952000 57.257004 243.003494
58.335370 244.902100 55.658932 242.911453
56.595980 244.824000 53.911007 242.798950
54.694040 244.743800 51.993828 242.670929
52.650420 244.604800 49.897614 242.540009
50.451970 244.390700 47.612297 242.398224
48.058070 244.235000 45.137310 242.273727
45.515050 244.100900 42.515182 242.138687
42.921790 243.969200 39.854584 242.010910
40.316590 243.840300 37.200085 241.876602
37.706940 243.722400 34.557617 241.718292
35.094890 243.629800 31.939531 241.525436
32.472950 243.489000 29.338181 241.306641
29.851950 243.348200 26.772791 241.099350
27.264200 243.258500 24.228565 240.922546
24.724050 243.174900 21.716663 240.776855
22.210390 243.091000 19.235071 240.637833
19.736330 242.979500 16.771671 240.468079
17.311070 242.850400 14.364307 240.279709
14.901790 242.682800 11.976238 240.056564
12.542000 242.455300 9.625374 239.800873
10.258080 242.218100 7.346313 239.535248
8.077281 241.997300 5.176363 239.276413
6.032146 241.805400 3.117924 239.056000
4.114420 241.647100 1.206383 238.863739
2.325909 241.523700 -0.588499 238.717773
0.684853 241.422100 -2.243859 238.600067
-0.804697 241.361800 -3.725779 238.517090
-2.147061 241.322400 -5.074983 238.459961
-3.335045 241.321100 -6.266901 238.439133
-4.362696 241.347700 -7.279949 238.441345
-5.195608 241.375100 -8.115076 238.457306
-5.787975 241.411000 -8.694712 238.474304
-6.148943 241.435700 -9.055634 238.484055
-6.347609 241.453500 -9.234491 238.488953
-6.441034 241.457400 -9.320744 238.491516
-6.441440 241.456100 -9.327103 238.493164
-6.439927 241.462600 -9.325985 238.489929
-6.440440 241.482800 -9.332718 238.496323
-6.480607 241.498100 -9.373237 238.494583
-6.560264 241.507700 -9.451551 238.502563
-6.742488 241.516100 -9.632549 238.508652
-7.099251 241.541700 -9.989881 238.527527
-7.627305 241.597900 -10.522526 238.579575
-8.293171 241.705000 -11.186428 238.690521
-9.050632 241.890800 -11.927475 238.869202
-9.863606 242.207700 -12.724121 239.169632
-10.727660 242.661600 -13.566971 239.601776
-11.566170 243.294100 -14.410675 240.223755
-12.317670 244.121800 -15.154343 241.065063
-12.969870 245.164100 -15.833138 242.115875
-13.469580 246.441200 -16.369186 243.434906
-13.828110 247.877300 -16.740337 244.923096
-14.057520 249.558000 -16.986713 246.598160
-14.176210 251.405900 -17.134548 248.438797
-14.264690 253.405000 -17.243738 250.426819
-14.328890 255.544200 -17.324324 252.560272
-14.399650 257.837600 -17.417791 254.822311
-14.471380 260.263200 -17.511473 257.222351
-14.561590 262.807800 -17.634951 259.745056
-14.652820 265.491700 -17.746141 262.406952
-14.739760 268.254400 -17.867222 265.133301
-14.858340 271.134800 -18.012812 267.988403
-14.973530 274.134700 -18.171513 270.942535
-15.069550 277.175700 -18.301605 273.977051
-15.175210 280.293600 -18.453300 277.089813
-15.297230 283.446400 -18.622635 280.222443
-15.436590 286.619600 -18.819014 283.352814
-15.585790 289.810900 -19.023134 286.484741
-15.736240 292.959600 -19.247135 289.606812
-15.885310 296.071900 -19.465767 292.698944
-16.046970 299.165600 -19.678797 295.778168
-16.219660 302.246300 -19.897684 298.842285
-16.389710 305.314100 -20.119375 301.870850
-16.559690 308.378300 -20.330242 304.883362
-16.709350 311.458900 -20.531303 307.933441
-16.839300 314.563300 -20.724295 311.022491
-16.972270 317.709200 -20.931122 314.125153
-17.118400 320.893100 -21.130945 317.324005
-17.281700 324.127200 -21.333029 320.516968
-17.454380 327.375400 -21.537848 323.743164
-17.614190 330.593900 -21.736546 326.938538
-17.775860 333.802500 -21.928490 330.114899
-17.959610 336.995200 -22.103737 333.266785
-18.128440 340.134300 -22.299744 336.353241
-18.295640 343.191900 -22.481073 339.384552
-18.453080 346.169000 -22.680277 342.338654
-18.632610 349.056200 -22.891314 345.200256
-18.817710 351.841100 -23.105228 347.967133
-18.986450 354.488400 -23.304844 350.603729
-19.124870 356.982400 -23.477222 353.091431
-19.220930 359.289500 -23.612885 355.404053
-19.310450 361.377700 -23.733959 357.501740
-19.390050 363.254000 -23.840378 359.397430
-19.458340 364.945900 -23.939651 361.099854
-19.552440 366.417400 -24.066206 362.577240
-19.716910 367.755600 -24.227716 363.925140
-19.992010 369.044200 -24.526268 365.186829
-20.413100 370.267200 -24.967636 366.361633
-20.994480 371.390500 -25.500961 367.389465
-21.767920 372.412000 -26.212784 368.319275
-22.740410 373.381300 -27.191483 369.258789
-23.931400 374.199500 -28.336807 370.028717
-25.311900 374.775400 -29.732498 370.559021
-26.849130 375.102700 -31.342175 370.885803
-28.541320 375.088500 -33.018391 370.845459
-30.331610 374.930400 -34.807446 370.660370
-32.178580 374.714400 -36.602753 370.390625
-34.124600 374.519300 -38.526878 370.168488
-36.192510 374.312000 -40.585251 369.930878
-38.360350 374.089000 -42.739880 369.684601
-40.674090 373.890900 -45.035610 369.458038
-43.125350 373.717400 -47.494469 369.243408
-45.733890 373.570600 -50.091675 369.048004
-48.422050 373.450300 -52.776535 368.872864
-51.153580 373.336900 -55.496582 368.703705
-53.919190 373.217300 -58.262398 368.538025
-56.668140 373.082400 -61.025185 368.342316
-59.399580 372.949600 -63.747009 368.137421
-62.128270 372.797100 -66.472458 367.921295
-64.827270 372.599800 -69.183090 367.656067
-67.509200 372.402100 -71.868675 367.397675
-70.186170 372.208700 -74.534790 367.126923
-72.845340 372.028400 -77.198051 366.882416
-75.495320 371.886100 -79.860596 366.682129
-78.116050 371.787300 -82.503242 366.539246
-80.717850 371.718500 -85.132004 366.417450
-83.311780 371.694800 -87.747269 366.344055
-85.842710 371.709900 -90.314819 366.310486
-88.215690 371.734100 -92.655708 366.273193
-90.402660 371.755300 -94.839142 366.253479
-92.376860 371.747200 -96.816658 366.202301
-94.181170 371.700000 -98.616577 366.115417
-95.954170 371.610100 -100.398079 365.982544
-97.692900 371.484000 -102.138550 365.813629
-99.428840 371.332400 -103.876541 365.613831
-101.212400 371.150100 -105.659538 365.395599
-103.049100 370.929900 -107.499718 365.130493
-104.963700 370.712900 -109.415649 364.865265
-106.999900 370.469800 -111.455307 364.572693
-109.147400 370.218500 -113.596939 364.297913
-111.413900 369.990500 -115.846924 364.033752
-113.850400 369.787500 -118.264328 363.788849
-116.381500 369.587900 -120.787628 363.541412
-119.079000 369.402000 -123.468765 363.317322
-121.870500 369.312400 -126.272301 363.182983
-124.798000 369.251000 -129.188461 363.098999
-127.749200 369.222000 -132.136978 363.023407
-130.738100 369.191300 -135.110443 362.950134
-133.724900 369.151000 -138.095078 362.854797
-136.693200 369.116700 -141.057007 362.757172
-139.640200 369.026200 -143.997559 362.592316
-142.545400 368.909400 -146.914154 362.420807
-145.452900 368.800400 -149.826019 362.243835
-148.326000 368.653700 -152.698273 362.011749
-151.184500 368.483700 -155.564575 361.778595
-154.029500 368.306700 -158.408875 361.538208
-156.834000 368.110800 -161.197205 361.285767
-159.601600 367.929800 -163.945587 361.054108
-162.352900 367.769700 -166.681534 360.839142
-165.025300 367.622800 -169.345795 360.650055
-167.587100 367.473600 -171.902512 360.457611
-169.989700 367.347100 -174.292191 360.307648
-172.229800 367.237400 -176.509094 360.150513
-174.255000 367.118500 -178.554718 359.995056
-176.113500 366.976300 -180.401306 359.816681
-177.851600 366.825100 -182.140564 359.628326
-179.482200 366.619100 -183.774185 359.371979
-181.041000 366.257200 -185.298096 358.975647
-182.506900 365.700900 -186.689774 358.407440
-183.830900 364.922700 -187.945908 357.661774
-184.967900 363.901900 -189.039139 356.644226
-185.900600 362.645300 -189.957550 355.349457
-186.575700 361.163300 -190.565369 353.895020
-186.999600 359.497900 -190.966690 352.224945
-187.152300 357.675600 -191.086456 350.457489
-187.206000 355.773500 -191.095932 348.580231
-187.197400 353.800900 -191.049561 346.620544
-187.078300 351.712900 -190.901367 344.514923
-186.904300 349.515700 -190.685486 342.299896
-186.700200 347.199500 -190.459320 339.974579
-186.441500 344.761700 -190.150330 337.532135
-186.138100 342.245600 -189.815659 334.987427
-185.836200 339.600700 -189.477814 332.333252
-185.558800 336.870000 -189.143341 329.601501
-185.300200 334.088400 -188.827393 326.817627
-185.053400 331.295700 -188.529510 324.021851
-184.825700 328.513100 -188.246872 321.226166
-184.626700 325.706700 -187.999847 318.421143
-184.418100 322.895600 -187.738678 315.631866
-184.219300 320.049800 -187.488678 312.786682
-184.077900 317.187100 -187.283417 309.914246
-183.933200 314.300800 -187.103516 306.982727
-183.761600 311.460200 -186.887314 304.153198
-183.601800 308.616200 -186.665558 301.311401
-183.458100 305.794900 -186.454224 298.510162
-183.343100 303.000200 -186.269241 295.737976
-183.261300 300.211900 -186.107651 292.949005
-183.178800 297.450000 -185.944916 290.168823
-183.090500 294.684900 -185.789246 287.407623
-182.927300 291.908300 -185.550903 284.610016
-182.766600 289.099200 -185.320175 281.763275
-182.613800 286.267300 -185.084122 278.942108
-182.441900 283.385600 -184.847687 276.044708
-182.300400 280.490600 -184.635132 273.162872
-182.149900 277.557000 -184.440414 270.240601
-182.001400 274.627800 -184.235291 267.276703
-181.823500 271.689000 -183.992584 264.312897
-181.638500 268.767800 -183.750824 261.367004
-181.424600 265.787800 -183.483353 258.380127
-181.219800 262.838200 -183.204041 255.399521
-181.009300 259.844900 -182.923981 252.405212
-180.770400 256.828000 -182.626373 249.390152
-180.561000 253.860400 -182.352997 246.437195
-180.372700 250.908200 -182.092209 243.435013
-180.191000 247.979500 -181.842453 240.520203
-180.025600 245.104800 -181.617889 237.666443
-179.890000 242.301100 -181.414352 234.846573
-179.765100 239.629200 -181.220520 232.167679
-179.603400 237.077700 -181.003403 229.616089
-179.486600 234.610600 -180.834930 227.158508
-179.426200 232.293500 -180.722260 224.836960
-179.384800 230.153000 -180.629410 222.658295
-179.372900 228.203000 -180.558441 220.697632
-179.353200 226.445600 -180.497864 218.935165
-179.284500 224.889700 -180.384811 217.361633
-179.159500 223.520400 -180.234222 215.993927
-178.892900 222.222300 -179.921249 214.702072
-178.440800 221.019500 -179.431946 213.530594
-177.799300 219.912400 -178.798935 212.522034
-176.993100 218.868700 -177.970261 211.478119
-175.953700 217.908600 -176.890274 210.506638
-174.646400 217.098800 -175.577240 209.669830
-173.037500 216.423500 -174.020660 209.029449
-171.242400 215.987700 -172.245468 208.615112
-169.251700 215.748100 -170.328522 208.439438
-167.160900 215.651300 -168.334122 208.407059
-164.983800 215.579200 -166.186295 208.432968
-162.753200 215.542200 -163.986923 208.458496
-160.419600 215.517400 -161.694107 208.510849
-157.986900 215.494400 -159.288223 208.588562
-155.493900 215.476600 -156.824097 208.684219
-152.924600 215.528800 -154.295837 208.803085
-150.250300 215.556200 -151.632172 208.928162
-147.567100 215.656900 -148.947433 209.070328
-144.855900 215.751900 -146.251694 209.276627
-142.145800 215.896800 -143.556061 209.495010
-139.455100 216.087400 -140.866379 209.800903
-136.768400 216.330800 -138.188934 210.124390
-134.103700 216.562300 -135.515762 210.440598
-131.505400 216.803000 -132.922775 210.755600
-128.992800 217.018200 -130.401978 211.029633
-126.584900 217.191000 -128.009567 211.274094
-124.357100 217.330100 -125.776413 211.469421
-122.326100 217.418900 -123.732895 211.597809
-120.463500 217.466200 -121.843475 211.682541
-118.653600 217.497200 -120.018990 211.744583
-116.849600 217.495900 -118.208450 211.778244
-115.067800 217.514000 -116.418449 211.817627
-113.324000 217.535300 -114.661781 211.860901
-111.616000 217.623100 -112.956558 211.984406
-109.927700 217.875300 -111.258537 212.224609
-108.290900 218.301300 -109.630875 212.618942
-106.749500 218.945400 -108.129150 213.265030
-105.349200 219.793800 -106.719254 214.102356
-104.115500 220.834900 -105.525475 215.127960
-103.036000 222.051200 -104.507339 216.308929
-102.179100 223.400100 -103.689308 217.669083
-101.543200 224.848700 -103.109810 219.089874
-101.115700 226.383800 -102.703064 220.556854
-100.830600 227.968600 -102.447220 222.063354
-100.531100 229.501100 -102.152756 223.621613
-100.252100 231.017900 -101.882210 225.110657
-99.883990 232.463500 -101.496582 226.555389
-99.425550 233.824100 -101.010376 227.864929
-98.775880 234.872900 -100.382256 228.906403
-98.086100 235.806300 -99.681900 229.839111
-97.174270 236.468700 -98.757126 230.529068
-96.254150 236.931100 -97.783417 231.045654
-95.283150 237.358800 -96.766792 231.473099
-94.185080 237.674800 -95.596458 231.785141
-92.955310 237.898800 -94.310944 232.008789
-91.596850 238.102700 -92.910873 232.220886
-90.074690 238.248300 -91.351868 232.368225
-88.387450 238.391700 -89.630707 232.531006
-86.486290 238.540100 -87.761337 232.707291
-84.443490 238.650800 -85.753967 232.889847
-82.253860 238.746800 -83.595222 233.073395
-79.940140 238.872300 -81.326630 233.242355
-77.539590 239.011100 -78.966476 233.402435
-75.087440 239.150700 -76.543495 233.549454
-72.574930 239.313900 -74.040192 233.691925
-69.991910 239.446400 -71.433693 233.834610
-67.351620 239.548800 -68.799126 233.972214
-64.666360 239.657700 -66.176353 234.140366
-61.998030 239.808800 -63.547676 234.334503
-59.311750 239.952600 -60.923820 234.544647
-56.701950 240.109100 -58.352890 234.763748
-54.151130 240.267600 -55.811092 234.973831
-51.625940 240.427100 -53.293373 235.185623
-49.127390 240.564300 -50.822170 235.394043
-46.665870 240.712700 -48.402386 235.612579
-44.240570 240.886300 -46.006584 235.836914
-41.878960 241.088900 -43.634148 236.072281
-39.649020 241.312800 -41.399815 236.308884
-37.552430 241.539400 -39.299946 236.544403
-35.488740 241.743100 -37.221848 236.768723
-33.456700 241.939000 -35.190704 236.974350
-31.533090 242.124800 -33.256546 237.151474
-29.764560 242.287900 -31.476345 237.300491
-28.172420 242.408100 -29.882324 237.410767
-26.747170 242.468900 -28.446274 237.476761
-25.460260 242.473300 -27.152803 237.484253
-24.318710 242.437400 -26.004395 237.454468
-23.324200 242.322300 -25.023489 237.378250
-22.483780 242.186900 -24.210812 237.278198
-21.843230 242.069500 -23.572372 237.171143
-21.357270 241.937100 -23.088512 237.052795
-20.874950 241.791000 -22.639294 236.915817
-20.410090 241.641000 -22.167992 236.763885
-19.938580 241.453200 -21.685905 236.580643
-19.330890 241.150500 -21.101288 236.303696
-18.603550 240.674100 -20.392433 235.871490
-17.817550 240.000300 -19.598633 235.236053
-17.047940 239.130000 -18.792946 234.378677
-16.371440 238.041100 -18.092560 233.273666
-15.819140 236.731500 -17.549576 231.924362
-15.431720 235.164300 -17.153561 230.358582
-15.160930 233.366900 -16.875334 228.580124
-14.985430 231.359800 -16.688469 226.574402
-14.879450 229.166100 -16.569841 224.368408
-14.834570 226.783800 -16.500902 221.983765
-14.805910 224.227300 -16.440884 219.442139
-14.776150 221.503700 -16.354286 216.733871
-14.726190 218.625200 -16.257629 213.869034
-14.646810 215.602400 -16.139179 210.864410
-14.509690 212.459600 -15.970062 207.751526
-14.353480 209.201300 -15.773420 204.532669
-14.179740 205.869600 -15.535566 201.222565
-13.962380 202.478800 -15.285345 197.877518
-13.739120 199.045100 -15.021459 194.480545
-13.514930 195.572200 -14.751231 191.030548
-13.275440 192.054900 -14.476851 187.539963
-13.052000 188.499600 -14.226716 184.005188
-12.854570 184.884700 -13.986301 180.401871
-12.675140 181.220200 -13.762571 176.756409
-12.508030 177.502000 -13.560556 173.037735
-12.341190 173.718700 -13.339867 169.249252
-12.175010 169.898000 -13.136843 165.434067
-12.018250 166.028100 -12.935884 161.564423
-11.841350 162.134100 -12.726753 157.695251
-11.655180 158.220500 -12.503802 153.772385
-11.466580 154.287300 -12.268692 149.867813
-11.281310 150.320000 -12.033143 145.991653
-11.057620 146.379100 -11.793300 142.124710
-10.815240 142.443600 -11.524306 138.274704
-10.570550 138.517900 -11.261908 134.436035
-10.333980 134.639100 -10.999034 130.631470
-10.123240 130.785800 -10.728143 126.864357
-9.914350 127.027500 -10.455686 123.156158
-9.696148 123.395700 -10.188519 119.565201
-9.493383 119.914400 -9.949640 116.122772
-9.310280 116.607700 -9.735724 112.841431
-9.151332 113.442300 -9.535585 109.747932
-9.017561 110.482000 -9.368885 106.819176
-8.888960 107.744800 -9.215443 104.131294
-8.774269 105.222900 -9.087074 101.666336
-8.679794 102.918000 -8.963465 99.418732
-8.504861 100.812800 -8.766396 97.376999
-8.163715 98.919720 -8.430340 95.565674
-7.618518 97.243660 -7.879295 93.955986
-6.858427 95.725240 -7.143805 92.511963
-5.899838 94.392380 -6.203232 91.250206
-4.759829 93.253900 -5.099239 90.175034
-3.450087 92.348760 -3.799362 89.350159
-1.973871 91.691730 -2.365620 88.740250
-0.436803 91.261860 -0.950541 88.387222
1.138073 91.026340 0.559117 88.236458
2.751248 90.881970 2.131998 88.158699
4.431705 90.766140 3.761746 88.106606
6.211745 90.683570 5.497849 88.086243
8.081090 90.578530 7.381731 88.065987
10.076580 90.469280 9.371143 88.030479
12.205890 90.365360 11.528374 88.013000
14.489810 90.290310 13.788797 87.991791
16.910510 90.321490 16.195761 88.085365
19.453620 90.459650 18.738457 88.267334
22.045730 90.671110 21.325409 88.528496
24.644280 90.895340 23.942142 88.795860
27.207850 91.064010 26.512144 88.997810
29.764780 91.130150 29.077637 89.094872
32.287690 91.085550 31.621433 89.090752
34.803420 90.937800 34.148762 88.999008
37.325120 90.728940 36.669865 88.844788
39.896170 90.508470 39.247688 88.695366
42.547960 90.289960 41.940727 88.537392
45.244630 90.097810 44.643082 88.402115
47.943020 89.903610 47.330204 88.274292
50.617990 89.629730 50.012291 88.073685
53.252150 89.185630 52.658844 87.695992
55.814150 88.557720 55.207748 87.140182
58.313300 87.791630 57.726273 86.429901
60.805470 86.920740 60.207191 85.624405
63.322020 85.994100 62.726116 84.759918
65.833720 85.055040 65.209068 83.883087
68.406220 84.080780 67.756996 82.968140
70.998610 83.045350 70.339310 81.987968
73.578520 81.879280 72.924988 80.880524
76.170160 80.586970 75.528137 79.635101
78.819830 79.219290 78.167595 78.323746
81.480420 77.842690 80.828239 77.009918
84.108690 76.469870 83.462242 75.694122
86.695220 75.055290 86.047485 74.348946
89.188920 73.556030 88.537392 72.902802
91.573040 71.968490 90.917068 71.372131
93.850380 70.285940 93.230782 69.749435
96.020560 68.521450 95.418724 68.048668
98.103890 66.740880 97.523499 66.325768
100.107700 65.034010 99.553673 64.664383
101.996900 63.459780 101.459702 63.151329
103.764900 62.070330 103.245804 61.800278
105.408600 60.801050 104.901939 60.573914
107.003200 59.530310 106.512787 59.352180
108.589500 58.247390 108.099670 58.108505
110.134700 56.970520 109.660980 56.857506
111.717500 55.637520 111.254433 55.574230
113.353400 54.247110 112.906914 54.219021
115.077800 52.831180 114.650223 52.852615
116.904200 51.439420 116.487633 51.489597
118.836800 50.054850 118.409233 50.162586
120.853600 48.602090 120.413666 48.746662
122.938000 47.083700 122.527542 47.269302
125.092700 45.485300 124.703751 45.709106
127.330000 43.820780 126.959244 44.087341
129.637600 42.087830 129.284668 42.406265
131.967100 40.344760 131.631500 40.692154
134.297900 38.609850 133.969025 39.011032
136.621900 36.849050 136.306396 37.307480
138.949900 35.131110 138.662048 35.631207
141.293500 33.464730 141.008881 33.989548
143.603900 31.795640 143.365509 32.351589
145.871800 30.121580 145.657440 30.707081
148.133300 28.418200 147.934738 29.049763
150.347600 26.750990 150.158752 27.433449
152.506100 25.137140 152.323914 25.865696
154.521200 23.603510 154.357544 24.385277
156.409800 22.104300 156.281830 22.922752
158.102600 20.729550 157.981537 21.590576
159.605700 19.470090 159.519409 20.370590
161.034400 18.328640 160.955353 19.295799
162.527500 17.369930 162.421265 18.379326
164.102000 16.690040 163.972717 17.744946
165.725700 16.231240 165.579437 17.302505
167.465400 15.980230 167.297958 17.101801
169.275300 15.912810 169.093964 17.041407
171.157200 15.957740 170.961075 17.072882
173.098700 15.972680 172.891586 17.083986
175.120500 15.945180 174.871094 17.053493
177.167200 15.872150 176.939590 17.000578
179.305300 15.756280 179.071014 16.910357
181.477000 15.604010 181.239304 16.761595
183.703700 15.412020 183.450455 16.587601
185.980700 15.238130 185.707275 16.427536
188.280500 15.072990 188.019806 16.289749
190.577500 14.896800 190.333969 16.133736
192.894300 14.714610 192.669418 15.998353
195.244200 14.510220 195.016037 15.836191
197.633500 14.283820 197.404373 15.658148
200.090000 14.030130 199.865433 15.443413
202.592100 13.785300 202.356384 15.228437
205.104900 13.534110 204.877060 15.009138
207.640700 13.310070 207.404449 14.827091
210.148900 13.111090 209.908676 14.673272
212.697300 12.915740 212.472382 14.515571
215.224700 12.737830 214.996262 14.358219
217.808000 12.513180 217.579987 14.165424
220.389500 12.282700 220.157593 13.969175
223.037500 12.068550 222.801193 13.778162
225.699900 11.872960 225.462326 13.607864
228.380800 11.657570 228.139008 13.421349
231.063800 11.400770 230.839035 13.201807
233.768800 11.157120 233.530457 12.993816
236.452700 10.908570 236.208832 12.786953
239.115400 10.628320 238.869095 12.549305
241.756200 10.390980 241.503036 12.332973
244.376200 10.177670 244.104126 12.142132
246.942400 9.977031 246.691833 11.969809
249.503100 9.796410 249.249069 11.817425
251.962400 9.616742 251.723999 11.674357
254.329800 9.452561 254.099182 11.557902
256.557200 9.297183 256.336456 11.453552
258.681500 9.140396 258.464325 11.334124
260.487900 8.870715 260.480560 11.178759
262.171000 8.558198 262.383240 10.960903
263.852900 8.246051 264.181946 10.674587
265.533700 7.934305 265.807922 10.350410
267.212200 7.623220 267.249878 10.020081
268.719700 7.309828 268.507507 9.711658
269.768600 7.040605 269.561981 9.462605
270.654800 6.869143 270.434479 9.313091
271.433400 6.780906 271.227386 9.243877
272.188300 6.798910 271.994659 9.298491
272.939800 6.915555 272.732880 9.419133
273.674100 7.139266 273.428925 9.648220
274.435500 7.486302 274.139008 10.026703
275.206100 8.021776 274.859558 10.524452
275.841400 9.123003 275.545471 11.312622
276.399700 10.403880 276.202972 12.316811
276.938800 11.672800 276.680969 13.463448
277.461700 12.927990 277.097382 14.836021
277.969300 14.165350 277.504456 16.432053
278.402000 15.600760 277.838806 18.252937
278.675500 17.540870 278.069275 20.241928
278.887100 19.689590 278.231506 22.408125
279.050300 22.004090 278.341125 24.767054
279.153100 24.513040 278.427429 27.274483
279.310000 27.147550 278.548981 29.933725
279.492000 29.910160 278.706573 32.717480
279.682000 32.722430 278.880371 35.552567
279.891600 35.618700 279.092529 38.436516
280.117300 38.587970 279.301971 41.413948
280.340800 41.563150 279.511292 44.402866
280.553900 44.602790 279.703918 47.430473
280.757500 47.669170 279.887543 50.483566
280.966700 50.717990 280.068787 53.511784
281.189800 53.763250 280.257233 56.528984
281.387500 56.840290 280.457550 59.557213
281.609200 59.915920 280.655487 62.587585
281.892800 62.993940 280.908051 65.620865
282.168100 66.061440 281.159485 68.660980
282.386200 69.137860 281.351685 71.710999
282.581400 72.205720 281.528625 74.725014
282.741100 75.260420 281.693848 77.770081
282.945600 78.300480 281.878113 80.789917
283.185400 81.322840 282.078430 83.789139
283.441700 84.363870 282.300323 86.810791
283.683800 87.353300 282.512482 89.793015
283.940100 90.352150 282.742310 92.809341
284.231300 93.355260 283.019379 95.830505
284.541900 96.345100 283.314209 98.831795
284.938000 99.320580 283.699036 101.832245
285.395000 102.259500 284.125275 104.777618
285.844100 105.163200 284.552673 107.687073
286.321900 108.053700 284.993927 110.561584
286.793800 110.912200 285.441956 113.415192
287.216900 113.736500 285.846344 116.229958
287.630900 116.518500 286.229004 119.013779
288.058700 119.219300 286.633240 121.712624
288.448800 121.780900 286.976074 124.313858
288.846400 124.280600 287.329651 126.833023
289.285300 126.630100 287.729095 129.200134
289.743500 128.835400 288.140228 131.421906
290.213000 130.821100 288.597839 133.409027
290.683600 132.626000 289.039673 135.231598
291.166200 134.262000 289.491791 136.877655
291.580800 135.832500 289.880524 138.459732
291.961700 137.426400 290.244720 140.049774
292.194000 139.020100 290.458771 141.649109
292.237900 140.604400 290.477661 143.222168
291.762300 142.158200 290.252625 144.796799
290.662500 143.578100 289.774811 146.302277
289.562400 144.964600 288.998840 147.800201
288.468100 146.318100 287.901733 149.152252
287.386000 147.641500 286.536865 150.348938
286.399400 148.976200 284.950165 151.364960
284.571900 149.919400 283.128265 152.270035
282.598600 150.835500 281.154297 153.186417
280.553400 151.805400 279.111389 154.149033
278.418500 152.847000 276.962128 155.170624
276.187000 153.972900 274.736328 156.269348
273.848800 155.201700 272.396881 157.467667
271.423500 156.516000 269.951294 158.747375
268.909500 157.880900 267.416901 160.064514
266.393100 159.278800 264.893341 161.419373
263.831700 160.712200 262.342926 162.829834
261.343100 162.229400 259.836273 164.319870
258.927700 163.839100 257.422729 165.879883
256.567900 165.515700 255.044983 167.512573
254.220600 167.219800 252.681046 169.180450
251.812400 168.915300 250.257690 170.839142
249.342900 170.564800 247.764435 172.422760
246.829700 172.171100 245.226959 173.975357
244.268800 173.728400 242.644592 175.486176
241.687800 175.211100 240.044189 176.922043
239.066600 176.646400 237.414810 178.299973
236.435100 178.027700 234.751541 179.633255
233.828600 179.391700 232.128510 180.938782
231.251200 180.752600 229.524368 182.253998
228.707700 182.113100 226.989548 183.565674
226.214900 183.484500 224.475616 184.897110
223.769900 184.811700 222.013977 186.173340
221.367300 186.107100 219.599213 187.418671
219.059200 187.344000 217.280731 188.608459
216.843700 188.521200 215.052307 189.742477
214.730300 189.612200 212.930542 190.801605
212.761600 190.600600 210.959595 191.755280
210.934100 191.518800 209.111984 192.640915
209.293500 192.364900 207.457626 193.448563
207.831400 193.113300 205.983856 194.167770
206.576700 193.798300 204.698212 194.826523
205.539900 194.395600 203.644974 195.413589
204.729700 194.901600 202.816101 195.897995
204.122300 195.321500 202.194016 196.312714
203.546300 195.745200 201.620178 196.723541
203.042900 196.282400 201.047150 197.153732
202.515700 196.788100 200.470795 197.580505
201.945400 197.325500 199.891937 198.058167
201.195300 198.000000 199.118286 198.695251
200.227400 198.808500 198.119324 199.480576
199.076800 199.760000 196.953003 200.403168
197.730700 200.791700 195.588806 201.404083
196.253000 201.872000 194.116592 202.446899
194.623700 202.967100 192.472610 203.504059
192.619800 204.117900 190.690964 204.601654
190.615300 205.269000 188.760651 205.695007
188.611600 206.419500 186.743713 206.811386
186.608000 207.569800 184.655579 207.928909
184.604500 208.720100 182.479584 209.075027
182.452000 209.923800 180.227402 210.263809
180.162600 211.202300 177.926804 211.512802
177.855000 212.473600 175.606873 212.761215
175.554100 213.761200 173.292557 214.023087
173.260900 215.031900 170.976624 215.268555
171.006800 216.296100 168.702148 216.497223
168.770100 217.549300 166.439758 217.706390
166.635700 218.725900 164.272568 218.854614
164.640400 219.823800 162.249130 219.918594
162.800000 220.792300 160.391541 220.844543
161.109900 221.618400 158.693268 221.632599
159.510500 222.334400 157.083694 222.310226
157.845500 222.860900 155.412140 222.830765
156.181300 223.202900 153.759003 223.134995
154.511100 223.364000 152.108459 223.248810
152.786900 223.350100 150.400345 223.188065
150.969000 223.245000 148.572266 223.053024
149.048400 223.060600 146.645538 222.848831
146.999200 222.886700 144.559784 222.651535
144.811400 222.709100 142.358429 222.444580
142.452400 222.507300 139.980362 222.214554
139.985700 222.307100 137.505219 221.984985
137.342300 222.162600 134.850555 221.801056
134.568800 222.029900 132.102783 221.633774
131.695500 221.932100 129.200333 221.484772
128.711000 221.803000 126.202652 221.323730
125.647300 221.650100 123.119118 221.137421
122.615400 221.500000 120.074844 220.952057
119.543800 221.309500 117.001831 220.726166
116.511500 221.102100 113.966537 220.484146
113.516800 220.903600 110.958618 220.240234
110.545200 220.708000 107.980515 220.010300
107.636200 220.532300 105.070663 219.800674
104.717200 220.373700 102.148827 219.616119
101.840600 220.218600 99.270920 219.423218
98.994700 220.067300 96.418518 219.241913
96.181550 219.895100 93.619110 219.032837
93.438620 219.686500 90.889671 218.797272
90.855460 219.500600 88.274010 218.545181
88.388610 219.326300 85.802589 218.305374
86.123680 219.157800 83.507736 218.095444
84.049970 219.045300 81.410889 217.950439
82.152880 219.016300 79.487617 217.880844
80.388010 219.115100 77.729279 217.943283
78.664760 219.366200 75.981224 218.148773
77.016290 219.796000 74.275063 218.500519
75.461480 220.446100 72.780945 219.155075
74.069090 221.411200 71.321854 220.080750
72.862850 222.604000 70.104874 221.244934
71.841850 224.015300 69.080818 222.618011
71.023420 225.699900 68.239624 224.240753
70.421670 227.540000 67.590515 226.070236
70.034550 229.518400 67.176323 228.034012
69.813760 231.610700 66.956360 230.094131
69.670080 233.800300 66.800362 232.291946
69.603690 236.022800 66.714134 234.559662
69.545910 238.342600 66.621323 236.901505
69.499400 240.719700 66.522903 239.311340
69.469400 243.192800 66.447166 241.772156
69.384530 245.776400 66.314751 244.332840
69.232580 248.432800 66.121483 246.982864
69.094640 251.146000 65.949364 249.683960
68.950990 253.982700 65.759651 252.491608
68.811860 256.917100 65.583969 255.394775
68.650580 259.920100 65.416687 258.382965
68.462200 263.082100 65.225426 261.499878
68.288560 266.252800 65.030464 264.623322
68.096650 269.464100 64.812790 267.804413
67.903830 272.683000 64.590828 270.996155
67.721470 275.872400 64.378082 274.171692
67.525460 279.043300 64.148781 277.318024
67.317450 282.219100 63.907051 280.455078
67.111650 285.343500 63.667648 283.561768
66.901350 288.508400 63.448078 286.671844
66.688140 291.652400 63.224014 289.736298
66.478800 294.782200 62.991348 292.828217
66.289190 297.878200 62.807037 295.843750
66.078070 300.944500 62.568161 298.883911
65.826270 304.008500 62.315056 301.893494
65.573590 307.018200 62.052322 304.846558
65.274710 310.032300 61.747257 307.807343
64.924470 313.030600 61.397881 310.740753
64.540610 315.995300 60.980984 313.691589
64.089990 318.947600 60.517693 316.576080
63.671720 321.903700 60.082203 319.491882
63.304260 324.895900 59.701843 322.437622
62.967580 327.898100 59.351166 325.400604
62.699080 330.909200 59.069023 328.377472
62.553590 333.929000 58.851490 331.389343
62.402330 336.963400 58.629196 334.415924
62.266570 340.021300 58.424126 337.461945
62.116500 343.035800 58.231010 340.481049
61.993500 346.032900 58.066414 343.481689
61.866370 348.989100 57.893509 346.442535
61.760870 351.857800 57.749012 349.305420
61.679290 354.611700 57.607990 352.052216
61.586300 357.261400 57.471901 354.673553
61.550600 359.776900 57.402622 357.198517
61.577240 362.145700 57.390339 359.578522
61.603020 364.290800 57.389530 361.731049
61.628690 366.323100 57.389523 363.768829
61.649880 368.352400 57.376732 365.797424
61.624730 370.355800 57.315914 367.786896
61.511180 372.339500 57.159737 369.742767
61.271590 374.388200 56.878540 371.763824
60.966710 376.528400 56.532043 373.869843
60.637150 378.796200 56.158409 376.105377
60.324540 381.208000 55.820229 378.484619
60.065570 383.741300 55.540890 380.966797
59.884830 386.413700 55.311882 383.639099
59.789830 389.195600 55.175541 386.394440
59.765420 392.106700 55.090973 389.332367
59.766400 395.121300 55.030327 392.338898
59.728620 398.268800 54.918499 395.485596
59.673270 401.492900 54.800194 398.690308
59.575390 404.694600 54.643162 401.875702
59.425140 407.916600 54.441971 405.076385
59.267000 411.104300 54.220791 408.253815
59.084670 414.257800 54.000435 411.391693
58.913680 417.417100 53.782646 414.530029
58.748810 420.528100 53.582954 417.618958
58.574140 423.604200 53.368801 420.678497
58.437200 426.635400 53.198166 423.701691
58.286850 429.523300 53.005993 426.586029
58.117570 432.280500 52.792259 429.344421
57.924100 434.902000 52.559555 431.955872
57.663190 437.382700 52.267273 434.420990
57.368250 439.710400 51.948891 436.744751
57.036690 441.889000 51.592178 438.929565
56.656850 443.874800 51.181366 440.910248
56.323860 445.645400 50.837425 442.679291
56.148660 447.270100 50.637035 444.286316
56.616130 448.530800 50.715645 445.769348
57.333540 449.649800 51.035416 447.135406
58.025620 450.723300 51.628410 448.258667
58.683230 451.752100 52.467682 449.243591
59.300760 452.745900 53.472229 450.034851
60.051910 453.493100 54.567963 450.576721
61.232100 453.863600 55.787857 450.944366
62.575150 454.072200 57.111404 451.147583
64.075560 454.193600 58.599266 451.264374
65.729870 454.237800 60.244446 451.317505
67.536180 454.320400 62.033348 451.416779
69.481920 454.413600 63.969208 451.530884
71.568440 454.517900 66.030365 451.682556
73.783230 454.637300 68.233749 451.855560
76.158670 454.789800 70.579025 452.063019
78.646770 454.943100 73.054070 452.284088
81.225870 455.115600 75.612816 452.514069
83.916780 455.302300 78.281082 452.756805
86.702020 455.456700 81.057373 452.980499
89.526350 455.578300 83.870041 453.173706
92.412350 455.733700 86.709106 453.389130
95.328570 455.895400 89.595589 453.613403
98.249890 456.054300 92.503189 453.845734
101.184100 456.224200 95.397095 454.063141
104.093100 456.393100 98.305069 454.284637
106.998900 456.525600 101.186958 454.482971
109.897200 456.654500 104.066505 454.669159
112.749700 456.816600 106.903214 454.879517
115.610200 456.965500 109.758987 455.095245
118.400100 457.099300 112.533134 455.292755
121.145900 457.258900 115.276466 455.507202
123.876500 457.448100 118.008499 455.748169
126.583800 457.666500 120.706703 456.017090
129.241600 457.972700 123.359604 456.371613
131.877300 458.360200 125.973770 456.820099
134.472300 458.810900 128.545303 457.325592
137.047800 459.328100 131.088501 457.875671
139.578900 459.909300 133.610977 458.512604
142.082300 460.548100 136.065170 459.169434
144.536100 461.240400 138.510239 459.914062
146.935100 462.035700 140.889008 460.752380
149.323900 462.890800 143.258987 461.632507
151.645200 463.789700 145.563309 462.562805
153.953700 464.746000 147.838882 463.549988
156.216300 465.719100 150.082962 464.576813
158.442000 466.755000 152.282547 465.659149
160.610800 467.844100 154.427765 466.799225
162.721500 468.976400 156.500076 467.972656
164.765200 470.136200 158.513931 469.186157
166.772400 471.335900 160.467758 470.426758
168.632200 472.526000 162.297043 471.673340
170.346500 473.697400 163.977722 472.891174
171.909300 474.797000 165.511673 474.016479
173.302800 475.783300 166.887512 475.044067
174.556500 476.625400 168.158325 475.887146
175.656700 477.273900 169.277603 476.542938
176.667400 477.791400 170.304489 477.065033
177.693700 478.199200 171.330490 477.501495
178.769200 478.445200 172.415131 477.764008
179.820200 478.560500 173.457306 477.901703
180.911200 478.531600 174.572800 477.889709
182.068600 478.323700 175.723343 477.700409
183.262200 477.935100 176.945862 477.317383
184.488300 477.285200 178.202362 476.664612
185.759400 476.306800 179.531799 475.676147
187.077400 475.006900 180.878082 474.388306
188.478700 473.464500 182.293747 472.868713
189.953700 471.703500 183.806763 471.121155
191.518900 469.725200 185.401031 469.195679
193.208300 467.608400 187.123184 467.104858
195.017400 465.320900 188.948944 464.843018
196.863700 462.933100 190.812515 462.492310
198.729100 460.522700 192.718369 460.153809
200.614200 458.121400 194.638016 457.770691
202.510500 455.730200 196.558334 455.437683
204.411000 453.358300 198.492310 453.125549
206.321800 451.001000 200.428650 450.802490
208.222000 448.665100 202.360733 448.541687
210.114400 446.337900 204.279892 446.249939
211.976500 444.014500 206.171722 443.974854
213.836200 441.706600 208.052704 441.717468
215.683700 439.420500 209.938232 439.489502
217.555600 437.143300 211.839691 437.260986
219.471300 434.824100 213.787720 434.997498
221.450500 432.447100 215.813538 432.680573
223.466700 430.017100 217.882599 430.305115
225.486700 427.604100 219.944595 427.889648
227.506500 425.191500 222.030151 425.472534
229.526100 422.779100 224.090973 423.101074
231.545400 420.367100 226.129547 420.779480
233.564400 417.955300 228.169983 418.483276
235.559300 415.588300 230.181915 416.228912
237.436800 413.389000 232.093964 414.061462
238.780200 411.507400 233.861618 412.025757
239.937800 409.690800 235.415756 410.134766
241.095100 407.877000 236.749146 408.374207
242.251200 406.068000 237.801636 406.710388
243.408000 404.262500 238.535461 405.060608
244.011000 402.484000 238.915375 403.388977
244.001400 400.839200 238.938675 401.690033
243.616800 399.284000 238.584717 400.112030
242.890100 397.828700 237.873764 398.595886
241.873600 396.462000 236.889038 397.225830
240.631500 395.201500 235.712067 395.943054
239.221600 394.033800 234.287811 394.718842
237.618600 392.957600 232.690521 393.591614
235.793400 391.994800 230.870483 392.610657
233.764600 391.138800 228.823242 391.751099
231.526900 390.407500 226.589600 390.983246
229.101900 389.773400 224.123962 390.284454
226.502900 389.204300 221.493530 389.657257
223.725900 388.759000 218.695969 389.175385
220.797800 388.372500 215.746048 388.731110
217.710700 387.983400 212.639191 388.294647
214.530600 387.607200 209.483215 387.887024
211.281800 387.245500 206.238861 387.488647
207.989900 386.906600 202.964294 387.104279
204.658000 386.595500 199.615753 386.749603
201.286800 386.304300 196.257812 386.409058
197.918900 386.031200 192.880478 386.104431
194.555800 385.786300 189.532837 385.832245
191.207200 385.554600 186.189072 385.569946
187.886200 385.358400 182.866638 385.321716
184.599200 385.187900 179.586533 385.097992
181.348200 385.028900 176.327408 384.892181
178.125300 384.880300 173.097717 384.689758
174.940200 384.732200 169.928497 384.478516
171.787000 384.605200 166.786148 384.274414
168.667500 384.479200 163.692215 384.083862
165.610000 384.375800 160.659134 383.909729
162.651900 384.300900 157.712936 383.777435
159.841600 384.253100 154.913910 383.674347
157.212800 384.244100 152.289230 383.614197
154.757500 384.238100 149.852676 383.545837
152.465500 384.177300 147.562057 383.431763
150.349500 384.033300 145.483475 383.228363
148.462800 383.774700 143.649872 382.951782
146.861800 383.342900 142.061752 382.456360
145.493000 382.652100 140.788910 381.771851
144.342900 381.710300 139.676270 380.833557
143.476000 380.548800 138.837006 379.642456
142.885900 379.215000 138.304260 378.319336
142.512900 377.743300 137.943176 376.851135
142.317800 376.136600 137.782990 375.265991
142.188100 374.395800 137.681915 373.579437
142.147200 372.567400 137.661697 371.764984
142.122900 370.607400 137.665680 369.834290
142.117600 368.494900 137.697037 367.732819
142.130800 366.233800 137.738739 365.477478
142.204400 363.814600 137.851562 363.075500
142.299400 361.231000 137.983871 360.508850
142.415300 358.474700 138.147079 357.758362
142.582500 355.558100 138.386063 354.855957
142.739700 352.539000 138.611435 351.846191
142.891900 349.439100 138.810791 348.770203
143.064500 346.281300 139.050400 345.641296
143.227100 343.091000 139.251343 342.466095
143.425200 339.887400 139.506027 339.299377
143.616200 336.700500 139.754440 336.147247
143.795900 333.502200 139.977142 332.942963
144.005700 330.337500 140.213684 329.805084
144.230000 327.130600 140.443878 326.625122
144.419100 323.896200 140.654251 323.425049
144.587400 320.591100 140.857132 320.152863
144.754600 317.239000 141.060516 316.831421
144.941900 313.833000 141.278992 313.473541
145.157300 310.363000 141.528473 310.044647
145.368500 306.861100 141.754852 306.571533
145.569800 303.322100 141.972382 303.065308
145.779600 299.781500 142.195938 299.549866
145.995800 296.224300 142.442413 296.010773
146.232800 292.723700 142.699997 292.514069
146.466500 289.221500 142.957947 289.025269
146.685200 285.746000 143.240356 285.555969
146.893800 282.281200 143.494476 282.132629
147.103700 278.834100 143.762360 278.705627
147.309200 275.380000 144.006592 275.277832
147.469000 272.014900 144.210602 271.914764
147.644100 268.640500 144.421204 268.554932
147.828000 265.287400 144.661224 265.232727
148.018700 262.011300 144.895020 261.972290
148.191600 258.776500 145.094818 258.742584
148.362500 255.568000 145.289566 255.521378
148.542700 252.484800 145.500488 252.438477
148.699400 249.530100 145.681015 249.488251
148.855100 246.697000 145.868927 246.666504
149.012000 244.059600 146.066666 244.032028
149.177500 241.565300 146.277832 241.546295
149.354100 239.240800 146.491806 239.200760
149.518500 237.141100 146.684036 237.100647
149.688400 235.241100 146.881088 235.217148
149.831600 233.536700 147.048904 233.505249
149.906300 232.004900 147.148987 231.943954
149.838700 230.619900 147.106003 230.555161
149.635100 229.344100 146.927582 229.247559
149.241300 228.150200 146.559204 228.062637
148.716100 227.039600 146.048676 226.919708
148.000700 226.008200 145.341766 225.838440
147.075700 225.048900 144.435150 224.853058
145.937600 224.217300 143.325348 223.960144
144.564400 223.496400 141.988403 223.192474
143.010800 222.963900 140.460266 222.612152
141.316600 222.568700 138.766724 222.170822
139.454500 222.334500 136.930984 221.872787
137.425000 222.166300 134.962753 221.641388
135.205500 222.050100 132.787277 221.465210
132.804000 221.961500 130.407623 221.307007
130.267400 221.919300 127.863945 221.185760
127.508700 221.882500 125.078903 221.050980
124.622700 221.854300 122.197845 220.898270
121.664000 221.830100 119.235550 220.765640
118.657200 221.763300 116.227966 220.598465
115.641600 221.685500 113.236969 220.396790
112.627300 221.570300 110.232773 220.167130
109.673500 221.356100 107.274101 219.934799
106.754900 221.166500 104.357338 219.699432
103.815900 220.977200 101.425812 219.488586
100.933900 220.822800 98.539307 219.283798
98.075460 220.656000 95.704613 219.081589
95.253020 220.487500 92.890198 218.863968
92.486910 220.344500 90.157806 218.634781
89.875370 220.223200 87.555939 218.424362
87.458400 220.103100 85.144669 218.233826
85.308900 219.940400 82.967621 218.066589
83.404740 219.814900 81.052345 217.955795
81.811460 219.719400 79.442039 217.921463
80.386560 219.682400 77.988503 217.894592
79.003730 219.767200 76.601151 217.943253
77.660700 220.007600 75.263794 218.142014
76.371580 220.406400 73.979698 218.466675
75.155860 220.960300 72.783295 218.960739
74.011040 221.726500 71.614388 219.679184
72.923470 222.715600 70.500412 220.610321
71.978870 223.872400 69.527954 221.717224
71.184520 225.266700 68.736389 222.996262
70.559680 226.755300 68.117088 224.386871
70.106430 228.212400 67.659363 225.858612
69.780350 229.717400 67.334129 227.359955
69.611080 231.273600 67.158653 228.912750
69.507330 232.885000 67.043915 230.506805
69.413710 234.508900 66.936783 232.115448
69.343880 236.144900 66.852158 233.718307
69.165330 237.775100 66.669319 235.286850
68.850580 239.377200 66.350922 236.836365
68.411010 240.827300 65.850945 238.257996
67.727420 242.111200 65.130371 239.520172
66.803100 243.182900 64.180191 240.628540
65.701790 244.107800 63.055336 241.562485
64.448250 244.782200 61.821350 242.209595
63.080800 245.260000 60.429321 242.689453
61.580750 245.474700 58.912495 242.889328
60.021940 245.545100 57.364758 242.916000
58.373630 245.501300 55.732372 242.849106
56.557790 245.387700 53.945766 242.752380
54.575700 245.267600 51.976143 242.638046
52.422320 245.171900 49.824219 242.537247
50.087930 245.081900 47.482651 242.425308
47.581640 245.008900 44.977654 242.311768
44.918970 244.937600 42.310524 242.168030
42.122820 244.817200 39.500160 242.001495
39.164720 244.672400 36.533817 241.808548
36.057060 244.510700 33.417370 241.591461
32.840100 244.318200 30.193945 241.346863
29.595440 244.119000 26.944788 241.085907
26.356030 243.938500 23.701408 240.864853
23.136280 243.778100 20.463600 240.656433
19.923890 243.574600 17.241949 240.401520
16.771670 243.333700 14.089720 240.120712
13.661940 243.082500 11.005388 239.823547
10.666390 242.818300 8.018591 239.524353
7.814747 242.555200 5.182320 239.230972
5.139292 242.325200 2.523764 238.971054
2.679849 242.118700 0.069889 238.745026
0.450309 241.930700 -2.149233 238.534607
-1.528966 241.776000 -4.126823 238.356827
-3.228819 241.670700 -5.812947 238.232864
-4.618300 241.633500 -7.185337 238.180099
-5.727634 241.635600 -8.292415 238.173752
-6.594910 241.676300 -9.150045 238.211227
-7.316062 241.736500 -9.871596 238.267059
-7.999830 241.824600 -10.540995 238.358231
-8.668434 241.971800 -11.194042 238.504074
-9.310473 242.159800 -11.826382 238.689545
-10.040280 242.489600 -12.553040 239.006439
-10.900630 242.986700 -13.404228 239.463104
-11.788840 243.696900 -14.307487 240.140854
-12.605680 244.629900 -15.144440 241.049866
-13.325190 245.805400 -15.924774 242.239151
-13.876090 247.212100 -16.494637 243.704575
-14.262280 248.903900 -16.885426 245.409698
-14.456720 250.843200 -17.078915 247.342850
-14.534350 252.994100 -17.170506 249.512192
-14.597030 255.350200 -17.251534 251.878662
-14.667090 257.910700 -17.347824 254.431808
-14.735990 260.649600 -17.459831 257.167847
-14.849520 263.575900 -17.601273 260.096039
-14.957480 266.729800 -17.774395 263.236481
-15.059630 270.015600 -17.945686 266.520782
-15.182710 273.477200 -18.150129 269.954224
-15.303150 277.021400 -18.350651 273.473145
-15.440230 280.658500 -18.563622 277.094055
-15.590580 284.351600 -18.785866 280.757935
-15.764490 288.068200 -19.020157 284.391357
-15.946800 291.811700 -19.280817 288.091492
-16.099940 295.543400 -19.510996 291.811310
-16.260060 299.308400 -19.742849 295.568939
-16.425310 303.105800 -19.974640 299.338318
-16.590140 306.893300 -20.198847 303.100433
-16.756680 310.705900 -20.440306 306.864014
-16.910250 314.536100 -20.664454 310.674347
-17.062160 318.371600 -20.898201 314.477509
-17.211700 322.183300 -21.152060 318.298340
-17.359600 325.995800 -21.408590 322.078003
-17.503240 329.777900 -21.643936 325.860504
-17.652950 333.537700 -21.873659 329.604218
-17.803470 337.274400 -22.090418 333.311218
-17.965510 340.928300 -22.315350 336.927368
-18.139020 344.467400 -22.562773 340.460022
-18.309560 347.827300 -22.789932 343.813110
-18.498430 351.069300 -23.027594 347.027985
-18.657830 354.177800 -23.234770 350.124207
-18.779270 357.113600 -23.406078 353.070709
-18.870160 359.864000 -23.535982 355.824036
-18.946200 362.402300 -23.644894 358.346161
-18.990920 364.711200 -23.739433 360.646790
-19.050610 366.784400 -23.825672 362.697327
-19.150770 368.599600 -23.969366 364.470764
-19.288630 370.232600 -24.154007 366.052673
-19.600770 371.746300 -24.487320 367.506653
-20.181060 373.134000 -25.118423 368.832245
-21.046240 374.352900 -25.878464 369.927979
-22.127780 375.353800 -26.910675 370.858795
-23.457040 376.098400 -28.217422 371.558868
-24.934490 376.556700 -29.695656 371.964935
-26.555040 376.670400 -31.316113 372.031494
-28.276760 376.521700 -32.988007 371.806335
-30.056280 376.231600 -34.743988 371.455322
-31.975970 375.881500 -36.630737 371.086731
-34.041570 375.538800 -38.668297 370.721863
-36.312400 375.174700 -40.912239 370.316071
-38.740670 374.815500 -43.314323 369.911682
-41.349510 374.513500 -45.897255 369.560669
-44.097790 374.260800 -48.645481 369.295105
-47.011360 374.040700 -51.561661 369.053162
-50.040150 373.823900 -54.576561 368.796661
-53.185680 373.618900 -57.695168 368.554626
-56.406270 373.421900 -60.913956 368.313446
-59.653410 373.251300 -64.148254 368.083435
-62.943060 373.083600 -67.411667 367.850006
-66.219570 372.909300 -70.699425 367.614319
-69.486870 372.732000 -73.942673 367.358002
-72.726120 372.532900 -77.181366 367.091370
-75.949990 372.348800 -80.400612 366.836823
-79.132360 372.198800 -83.602425 366.618164
-82.276670 372.085900 -86.752007 366.436676
-85.318380 372.021300 -89.802094 366.298645
-88.202870 371.999200 -92.683708 366.203003
-90.927450 371.989600 -95.400452 366.122589
-93.555550 371.974900 -98.032639 366.049438
-96.169310 371.894100 -100.654160 365.909912
-98.735200 371.699400 -103.208908 365.648743
-101.335900 371.405700 -105.801971 365.301300
-104.006100 371.090100 -108.466553 364.918915
-106.771100 370.792200 -111.227692 364.558289
-109.682200 370.477800 -114.115402 364.197113
-112.739100 370.228500 -117.153526 363.895752
-115.931600 370.036400 -120.324989 363.630188
-119.286600 369.828600 -123.654449 363.369781
-122.729500 369.724600 -127.098282 363.188965
-126.288700 369.671200 -130.627136 363.054810
-129.839700 369.662300 -134.164413 362.975464
-133.385600 369.650900 -137.698257 362.881653
-136.894400 369.634000 -141.198700 362.804047
-140.398100 369.514400 -144.683319 362.618652
-143.862100 369.340500 -148.124924 362.364777
-147.327600 369.166400 -151.595932 362.135773
-150.737000 368.971100 -154.998871 361.872437
-154.158600 368.781900 -158.417053 361.617371
-157.533900 368.539100 -161.765289 361.307190
-160.863100 368.281900 -165.058121 360.981384
-164.185700 368.025000 -168.383347 360.673737
-167.432800 367.748600 -171.629196 360.352936
-170.642400 367.488400 -174.835953 360.035919
-173.841400 367.227100 -178.031799 359.721436
-177.023700 366.951400 -181.221939 359.390381
-180.244500 366.730400 -184.417236 359.119812
-183.473900 366.580900 -187.624191 358.905396
-186.744800 366.472000 -190.873978 358.726074
-190.033500 366.367300 -194.139969 358.551239
-193.355400 366.250500 -197.422897 358.358307
-196.716900 366.188600 -200.766113 358.230347
-200.121200 366.182600 -204.163757 358.161377
-203.540500 366.199800 -207.569397 358.106842
-206.952700 366.227500 -210.930405 358.070160
-210.347900 366.285500 -214.311966 358.049835
-213.706200 366.365900 -217.677704 358.051758
-217.009500 366.481900 -220.951721 358.109985
-220.179700 366.654500 -224.115311 358.211823
-223.191200 366.879000 -227.113388 358.385773
-226.097000 367.114900 -230.018982 358.553406
-228.814800 367.345400 -232.759644 358.733337
-231.386300 367.584000 -235.339600 358.921417
-233.712600 367.887700 -237.673462 359.184753
-235.782000 368.275800 -239.751251 359.527985
-237.675400 368.737900 -241.642380 359.960449
-239.369400 369.206200 -243.351501 360.395966
-240.923900 369.617600 -244.920425 360.775909
-242.343700 369.946600 -246.350037 361.080566
-243.617800 370.200700 -247.627609 361.304199
-244.859400 370.340600 -248.864456 361.413025
-246.077300 370.391700 -250.066940 361.442444
-247.267700 370.379800 -251.250336 361.401245
-248.493500 370.333700 -252.469955 361.334656
-249.783700 370.306600 -253.755676 361.287781
-251.078800 370.299200 -255.046814 361.258850
-252.358200 370.349900 -256.332581 361.285522
-253.632100 370.436500 -257.603760 361.352936
-254.850600 370.581800 -258.832764 361.476746
-255.940600 370.729900 -259.916290 361.594635
-256.915700 370.895600 -260.898438 361.760193
-257.880300 371.026600 -261.850464 361.862976
-258.825300 371.074700 -262.786713 361.906677
-259.790200 371.036700 -263.748444 361.860138
-260.853800 370.865000 -264.793640 361.674866
-261.981300 370.525600 -265.910645 361.318970
-263.149900 369.955400 -267.015808 360.681305
-264.334300 369.128800 -268.190704 359.855957
-265.453200 367.983800 -269.257385 358.703918
-266.451000 366.525200 -270.257965 357.234161
-267.251800 364.723800 -271.032410 355.480713
-267.949500 362.709300 -271.673492 353.484833
-268.506500 360.485200 -272.179962 351.292542
-268.941500 358.026800 -272.567902 348.836578
-269.220400 355.348600 -272.788452 346.176025
-269.448800 352.477300 -272.962128 343.310394
-269.718000 349.407100 -273.158417 340.253876
-269.985700 346.177700 -273.353546 337.017883
-270.257600 342.841000 -273.537903 333.690674
-270.518100 339.408900 -273.704773 330.264832
-270.754500 335.850800 -273.849548 326.705200
-270.955500 332.279200 -273.937866 323.154755
-271.100700 328.699800 -274.001343 319.586456
-271.205200 325.126400 -274.023071 316.027405
-271.267700 321.587300 -273.985474 312.507629
-271.275200 318.070500 -273.902954 308.997131
-271.222900 314.582000 -273.763977 305.502014
-271.120000 311.120600 -273.565826 302.066132
-270.978000 307.683800 -273.326416 298.647797
-270.782700 304.265600 -273.036957 295.266998
-270.528600 300.853100 -272.692047 291.888428
-270.242000 297.429400 -272.332092 288.475250
-269.919600 293.989900 -271.920654 285.059631
-269.545200 290.528500 -271.468231 281.651978
-269.141700 287.042100 -270.985657 278.208679
-268.688300 283.528200 -270.450165 274.751740
-268.188900 279.998100 -269.883545 271.252716
-267.644900 276.438400 -269.257874 267.741211
-267.060700 272.864800 -268.596924 264.189819
-266.415600 269.267600 -267.857452 260.646667
-265.703700 265.659900 -267.082306 257.117004
-264.933700 262.028500 -266.241821 253.548111
-264.083600 258.356100 -265.316833 249.971542
-263.198600 254.694500 -264.352753 246.384857
-262.249500 251.044300 -263.331024 242.824936
-261.237300 247.429800 -262.241150 239.276596
-260.189300 243.839800 -261.124329 235.786072
-259.094000 240.246100 -259.964417 232.258301
-257.955600 236.666200 -258.766571 228.766724
-256.772700 233.104800 -257.516205 225.296814
-255.531300 229.548500 -256.212402 221.820419
-254.248400 226.028100 -254.869705 218.362808
-252.919100 222.544000 -253.479355 214.936401
-251.574800 219.079600 -252.081909 211.562729
-250.208800 215.633800 -250.648392 208.189362
-248.823500 212.212300 -249.195541 204.843903
-247.396200 208.816100 -247.708679 201.506866
-245.924600 205.438400 -246.190521 198.184189
-244.407500 202.096000 -244.622772 194.900864
-242.864900 198.761700 -243.033783 191.650818
-241.279000 195.474400 -241.390427 188.410751
-239.649300 192.235800 -239.712494 185.222046
-237.983200 189.035400 -238.010223 182.106308
-236.298900 185.858800 -236.277100 179.004150
-234.588400 182.702700 -234.506714 175.913208
-232.835600 179.589900 -232.698242 172.870102
-231.009300 176.491000 -230.834534 169.840805
-229.111700 173.245900 -228.911545 166.784775
-227.176300 170.021800 -226.976715 163.720596
-225.177100 166.838100 -224.952316 160.667114
-223.121100 163.678300 -222.854752 157.611954
-221.021800 160.583500 -220.737061 154.626801
-218.906700 157.528200 -218.601257 151.647842
-216.758300 154.516100 -216.408722 148.698059
-214.598900 151.542200 -214.216553 145.783630
-212.419400 148.613400 -212.005768 142.936554
-210.228200 145.723000 -209.791260 140.117477
-207.984500 142.875200 -207.522385 137.341583
-205.709300 140.044600 -205.229721 134.577637
-203.367700 137.252600 -202.864914 131.843369
-200.986900 134.476000 -200.471375 129.134338
-198.545200 131.709700 -198.006287 126.403915
-196.059300 128.939500 -195.486237 123.693405
-193.510200 126.196800 -192.899658 120.994896
-190.897300 123.468900 -190.277771 118.357071
-188.227400 120.762000 -187.607910 115.709419
-185.497000 118.076800 -184.885696 113.084251
-182.724000 115.414700 -182.114975 110.477150
-179.874900 112.756200 -179.271973 107.883484
-176.963500 110.129700 -176.372330 105.325401
-174.022700 107.478800 -173.439743 102.757111
-171.062700 104.830200 -170.476379 100.200294
-168.072200 102.205400 -167.476898 97.644234
-165.063500 99.572080 -164.455750 95.086746
-162.094200 96.925240 -161.478149 92.528275
-159.158100 94.245620 -158.518616 89.905701
-156.222000 91.591220 -155.564789 87.329544
-153.302600 88.949020 -152.617004 84.751862
-150.415700 86.290970 -149.713654 82.164352
-147.525700 83.616700 -146.806747 79.576797
-144.616800 80.967880 -143.876053 76.984985
-141.680000 78.334030 -140.931396 74.423378
-138.744900 75.701910 -138.005569 71.865059
-135.803000 73.066790 -135.080139 69.294205
-132.863800 70.434610 -132.153992 66.738861
-129.933000 67.796650 -129.225067 64.173775
-127.009300 65.165490 -126.312614 61.615631
-124.094300 62.565200 -123.384453 59.071438
-121.185800 59.961850 -120.457626 56.514626
-118.275800 57.358150 -117.547447 53.958027
-115.383500 54.746480 -114.656647 51.407471
-112.487100 52.132910 -111.752739 48.866623
-109.563100 49.507800 -108.816605 46.304714
-106.649400 46.882310 -105.894104 43.741737
-103.717200 44.240620 -102.941795 41.174122
-100.776700 41.607720 -99.989914 38.616997
-97.815960 38.955960 -97.027206 36.044800
-94.863170 36.299440 -94.073425 33.463989
-91.884440 33.643060 -91.058151 30.862881
-88.909720 30.989760 -88.095917 28.274118
-85.917480 28.322680 -85.106003 25.693373
-82.929050 25.668410 -82.113556 23.115759
-79.941980 23.038030 -79.118759 20.544842
-76.962720 20.421650 -76.146622 17.999586
-74.007520 17.823510 -73.195122 15.474590
-71.092400 15.226900 -70.291031 12.937418
-68.209240 12.634500 -67.397705 10.392998
-65.354250 10.051970 -64.540947 7.869343
-62.542350 7.481356 -61.715401 5.350933
-59.754040 4.927046 -58.902893 2.829515
-57.009180 2.422195 -56.152809 0.397675
-54.340090 0.009828 -53.472584 -1.983660
-51.766990 -2.296378 -50.899475 -4.243389
-49.260900 -4.526641 -48.367847 -6.448538
-46.853800 -6.677798 -45.938980 -8.577894
-44.569730 -8.685225 -43.623299 -10.562395
-42.404320 -10.528340 -41.447311 -12.371380
-40.364200 -12.198710 -39.403206 -13.993638
-38.389800 -13.695430 -37.404163 -15.482907
-36.423220 -15.003710 -35.430069 -16.752707
-34.423200 -16.097900 -33.432846 -17.801014
-32.364650 -16.913830 -31.367664 -18.615173
-30.265120 -17.411740 -29.310677 -19.090967
-28.163420 -17.604910 -27.222641 -19.249586
-26.110560 -17.459960 -25.241959 -19.059912
-24.143360 -16.987220 -23.325140 -18.588268
-22.296980 -16.217800 -21.525337 -17.803267
-20.604650 -15.231400 -19.871046 -16.809441
-19.008910 -14.153640 -18.270567 -15.709674
-17.427180 -13.090130 -16.693180 -14.614021
-15.874640 -12.069320 -15.149353 -13.566490
-14.363580 -11.106930 -13.650221 -12.573749
-12.922670 -10.242620 -12.202220 -11.670282
-11.574780 -9.466819 -10.841989 -10.853201
-10.317910 -8.788752 -9.585094 -10.135138
-9.188230 -8.193104 -8.461671 -9.508060
-8.211014 -7.716742 -7.483526 -8.987566
-7.426664 -7.335419 -6.702214 -8.573301
-6.732949 -7.004384 -6.014174 -8.218452
-6.081177 -6.624412 -5.356156 -7.835478
-5.489078 -6.233971 -4.759788 -7.447546
-4.934984 -5.802268 -4.229319 -7.027696
-4.339961 -5.285216 -3.630391 -6.501029
-3.697865 -4.592905 -2.978936 -5.803216
-3.037676 -3.769289 -2.351475 -4.994823
-2.408137 -2.790908 -1.734768 -4.013453
-1.801721 -1.625169 -1.178650 -2.884536
-1.269630 -0.215074 -0.668734 -1.490249
-0.812186 1.417145 -0.225309 0.119305
-0.577413 3.304554 0.023251 1.938240
-0.470925 5.426109 0.143909 3.975225
-0.476637 7.694492 0.121483 6.186522
-0.570738 10.119870 -0.021258 8.575868
-0.648451 12.686750 -0.130276 11.115375
-0.748385 15.378500 -0.282870 13.777054
-0.860824 18.191740 -0.423580 16.605305
-0.998219 21.084400 -0.590067 19.508125
-1.176238 24.100490 -0.804522 22.514332
-1.395968 27.224660 -1.059881 25.628006
-1.640741 30.420880 -1.334611 28.816891
-1.879320 33.664680 -1.618755 32.038887
-2.150183 36.923590 -1.924834 35.278912
-2.397389 40.249040 -2.222548 38.554626
-2.638864 43.594280 -2.531165 41.866894
-2.848280 46.962570 -2.796883 45.243805
-3.041372 50.356970 -3.039168 48.580147
-3.212653 53.820380 -3.274582 51.997009
-3.380992 57.307360 -3.508934 55.466373
-3.567609 60.834770 -3.747735 58.965584
-3.786600 64.385720 -4.015118 62.493069
-3.981904 67.973540 -4.280809 66.072845
-4.173959 71.565920 -4.527697 69.637390
-4.396788 75.106490 -4.782722 73.165329
-4.593996 78.623730 -5.016070 76.701080
-4.800834 82.136440 -5.261676 80.211914
-5.016400 85.597270 -5.526784 83.668068
-5.214554 89.008160 -5.783585 87.047760
-5.369648 92.435540 -5.986070 90.449188
-5.524006 95.827610 -6.169031 93.815430
