0.000000 -0.000000 0.000000 0.000000
0.287920 2.986691 0.271399 3.058746
0.971569 5.887651 0.962108 6.096751
2.050498 8.646240 2.071158 8.971084
3.483068 11.215600 3.562327 11.666288
5.252124 13.530580 5.428617 14.126756
7.315983 15.554830 7.599472 16.271605
9.617499 17.248350 10.052383 18.120268
12.138440 18.605410 12.699278 19.566317
14.845670 19.655580 15.545333 20.696665
17.710960 20.442900 18.533232 21.539566
20.708720 20.958900 21.662363 22.113846
23.853650 21.214680 24.954403 22.401419
27.127230 21.215640 28.409986 22.431547
30.502910 21.029600 32.017311 22.271395
33.942320 20.718590 35.664867 22.000227
37.526800 20.278900 39.449188 21.604290
41.305500 19.746480 43.419250 21.116018
45.281370 19.137530 47.612289 20.565912
49.442010 18.473180 51.929737 19.924469
53.784140 17.768220 56.389786 19.269207
58.319700 17.046980 61.044476 18.590233
63.045640 16.314830 65.837074 17.944181
67.933580 15.564290 70.905334 17.251045
72.949570 14.807080 76.019684 16.558346
78.112070 14.037650 81.266068 15.898396
83.403150 13.249300 86.630295 15.226383
88.827470 12.428430 92.096718 14.557971
94.384170 11.569350 97.660034 13.823592
100.052700 10.639880 103.337746 13.010257
105.791000 9.611618 109.087746 12.100878
111.620600 8.486629 114.930702 11.091848
117.518200 7.246929 120.809853 9.996210
123.481700 5.883248 126.737328 8.799633
129.500400 4.402279 132.714676 7.487576
135.583700 2.806947 138.745972 6.052704
141.730400 1.132152 144.855576 4.562073
147.930500 -0.644931 150.975067 2.972469
154.181200 -2.533182 157.141968 1.291313
160.473700 -4.525316 163.366623 -0.529648
166.825700 -6.614701 169.652466 -2.433865
173.224500 -8.806086 175.965607 -4.444119
179.671400 -11.085600 182.264496 -6.529339
186.169900 -13.447970 188.627090 -8.685501
192.708700 -15.908790 195.116196 -10.962509
199.295800 -18.474840 201.604553 -13.332439
205.877000 -21.127230 208.093445 -15.770348
212.474400 -23.878960 214.609161 -18.309464
219.085400 -26.695130 221.158981 -20.908360
225.674300 -29.566300 227.690842 -23.571541
232.258400 -32.511370 234.165436 -26.283249
238.826600 -35.515520 240.678268 -29.082634
245.357100 -38.591140 247.164948 -31.959442
251.842400 -41.746310 253.586914 -34.909714
258.295100 -44.977770 260.021210 -37.959892
264.734000 -48.300070 266.414978 -41.122849
271.174400 -51.720410 272.823395 -44.374130
277.658000 -55.253110 279.305786 -47.713181
284.188500 -58.892510 285.764862 -51.160606
290.770400 -62.649290 292.309540 -54.740623
297.421200 -66.505210 298.913483 -58.416733
304.114100 -70.451700 305.529449 -62.163582
310.871400 -74.512450 312.163361 -66.002068
317.638300 -78.729880 318.929596 -70.089058
324.412000 -83.100090 325.623840 -74.321190
331.147700 -87.570510 332.246979 -78.596123
337.838900 -92.151540 338.886353 -83.004509
344.489200 -96.836160 345.526550 -87.537262
351.109400 -101.590900 352.035461 -92.038132
357.680900 -106.441100 358.575378 -96.671654
364.205100 -111.363100 365.127594 -101.410744
370.654300 -116.349400 371.602173 -106.214142
377.044400 -121.373300 378.095764 -111.069664
383.353100 -126.497900 384.478271 -116.052887
389.648900 -131.627300 390.832520 -121.053482
395.838500 -136.824400 397.053772 -126.106941
401.977500 -142.068800 403.286194 -131.259613
408.063900 -147.386100 409.484161 -136.429825
414.119900 -152.725600 415.645172 -141.671082
420.140100 -158.070100 421.721985 -146.852570
426.135700 -163.442300 427.726654 -152.109406
432.096100 -168.831000 433.715027 -157.362289
438.042000 -174.202900 439.719910 -162.609955
444.039200 -179.520000 445.762573 -167.780853
450.064000 -184.791600 451.790222 -172.916534
456.158000 -189.992400 457.898193 -177.968506
462.246200 -195.183000 464.016541 -183.012329
468.350900 -200.337600 470.124847 -188.013519
474.468300 -205.478700 476.229736 -193.001678
480.606000 -210.588600 482.346924 -197.959930
486.757700 -215.677000 488.446747 -202.872345
492.916600 -220.757600 494.645538 -207.869034
499.072200 -225.827000 500.833435 -212.806519
505.239000 -230.914300 506.976074 -217.739288
511.393900 -235.996900 513.060120 -222.653076
517.549300 -241.076200 519.166748 -227.563828
523.710600 -246.155700 525.309753 -232.455841
529.865100 -251.222800 531.405273 -237.259857
536.037700 -256.292500 537.579102 -242.143036
542.213600 -261.366100 543.717468 -247.105179
548.376000 -266.436600 549.839600 -252.032944
554.549300 -271.525400 556.026978 -256.989807
560.720400 -276.614600 562.186707 -261.997681
566.895900 -281.702100 568.356201 -267.003357
573.077300 -286.787100 574.558899 -271.976044
579.254000 -291.852900 580.683594 -276.911591
585.438300 -296.913900 586.884155 -281.878571
591.610800 -301.938300 593.029175 -286.749329
597.802700 -306.948800 599.196838 -291.610626
604.002400 -311.952300 605.360657 -296.497498
610.204100 -316.963500 611.506287 -301.400726
616.401400 -321.978100 617.691040 -306.355438
622.606700 -326.989100 623.906494 -311.292725
628.813800 -331.994200 630.114868 -316.150604
635.032400 -336.999800 636.291809 -321.055084
641.237400 -341.988600 642.484436 -325.946472
647.445400 -346.968600 648.703430 -330.834412
653.662300 -351.935500 654.899841 -335.706451
659.877900 -356.880600 661.129883 -340.601959
666.112000 -361.828900 667.325500 -345.469086
672.350500 -366.769500 673.547668 -350.331177
678.587600 -371.720300 679.747742 -355.179504
684.819800 -376.684200 685.925659 -360.032196
691.040800 -381.648800 692.121399 -364.919281
697.271000 -386.614300 698.281250 -369.756805
703.506500 -391.568600 704.420532 -374.555847
709.744100 -396.517700 710.614441 -379.383057
715.983900 -401.433800 716.834290 -384.217499
722.229600 -406.329600 723.070679 -389.063904
728.498300 -411.207700 729.283386 -393.863922
734.766400 -416.073400 735.555725 -398.709595
741.047900 -420.934000 741.790527 -403.507690
747.328900 -425.791700 748.038696 -408.343445
753.611600 -430.654100 754.257751 -413.187866
759.909100 -435.497600 760.476379 -417.965973
766.234600 -440.329500 766.759644 -422.779358
772.573000 -445.140400 773.081238 -427.585510
778.917600 -449.932200 779.388428 -432.335785
785.270600 -454.711000 785.706604 -437.096558
791.604400 -459.487600 792.016174 -441.831848
797.914000 -464.271400 798.232239 -446.546692
804.202800 -469.044800 804.487671 -451.276001
810.490200 -473.819600 810.736877 -456.016724
816.791500 -478.590500 816.975708 -460.738068
823.116400 -483.340400 823.237183 -465.454346
829.464500 -488.061400 829.556885 -470.152802
835.854100 -492.776100 835.903259 -474.859772
842.262300 -497.485400 842.230469 -479.536194
848.682700 -502.196400 848.625732 -484.239319
855.114700 -506.913500 855.002808 -488.932373
861.557000 -511.637000 861.350708 -493.616730
868.011600 -516.355400 867.832458 -498.405945
874.441900 -521.049300 874.212830 -503.105347
880.882200 -525.706500 880.584473 -507.775848
887.323800 -530.307900 886.989380 -512.440674
893.755000 -534.861900 893.454346 -517.105774
900.174200 -539.374300 899.821960 -521.668213
906.591000 -543.848100 906.214661 -526.212708
912.989900 -548.291900 912.546875 -530.679321
919.400600 -552.731200 918.893005 -535.138184
925.806600 -557.125700 925.204529 -539.565674
932.226300 -561.535200 931.516968 -543.977905
938.632500 -565.932700 937.859009 -548.372314
945.057500 -570.322000 944.224548 -552.773376
951.507700 -574.710200 950.611938 -557.167053
957.980400 -579.074900 957.018494 -561.550171
964.464000 -583.424600 963.421936 -565.893494
970.963300 -587.758200 969.747864 -570.221436
977.455300 -592.093300 976.119507 -574.543213
983.961700 -596.421100 982.578796 -578.895630
990.461700 -600.766400 989.007874 -583.278870
996.966300 -605.096100 995.467468 -587.653564
1003.471000 -609.407800 1001.777710 -591.912598
1009.973000 -613.695400 1008.030945 -596.110657
1016.458000 -617.959200 1014.346863 -600.322632
1022.925000 -622.217200 1020.735840 -604.562988
1029.367000 -626.452700 1027.087036 -608.778748
1035.804000 -630.641600 1033.441406 -612.967896
1042.231000 -634.798800 1039.737915 -617.100464
1048.656000 -638.946200 1046.000854 -621.196411
1055.084000 -643.051500 1052.279419 -625.237366
1061.525000 -647.144100 1058.575806 -629.248291
1067.966000 -651.185500 1064.870972 -633.263062
1074.401000 -655.235300 1071.142700 -637.306335
1080.840000 -659.293400 1077.437988 -641.347107
1087.270000 -663.328400 1083.801636 -645.380676
1093.718000 -667.347400 1090.119995 -649.373779
1100.195000 -671.340900 1096.463135 -653.331482
1106.668000 -675.317100 1102.733154 -657.222595
1113.157000 -679.272000 1109.105347 -661.185059
1119.659000 -683.201000 1115.456177 -665.093750
1126.198000 -687.131900 1121.880005 -669.026733
1132.753000 -691.046400 1128.320923 -672.941589
1139.341000 -694.955400 1134.718994 -676.824341
1145.954000 -698.852200 1141.159546 -680.704529
1152.585000 -702.740800 1147.677490 -684.644714
1159.229000 -706.637800 1154.247681 -688.600464
1165.886000 -710.538400 1160.809326 -692.525757
1172.562000 -714.459000 1167.351318 -696.423340
1179.271000 -718.394000 1173.959717 -700.368591
1186.021000 -722.344800 1180.594971 -704.312317
1192.784000 -726.294800 1187.258057 -708.259094
1199.585000 -730.258400 1193.974243 -712.206360
1206.417000 -734.212600 1200.735962 -716.158142
1213.283000 -738.159200 1207.484985 -720.051453
1220.173000 -742.105200 1214.258301 -723.944397
1227.101000 -746.027900 1221.071899 -727.808716
1234.074000 -749.929400 1227.881836 -731.643677
1241.082000 -753.823500 1234.788452 -735.523438
1248.123000 -757.717500 1241.690308 -739.375122
1255.209000 -761.611600 1248.630249 -743.225891
1262.318000 -765.501500 1255.606445 -747.042542
1269.473000 -769.393200 1262.682129 -750.915405
1276.670000 -773.287000 1269.734863 -754.728943
1283.885000 -777.170800 1276.855347 -758.516541
1291.103000 -781.040700 1283.995605 -762.360596
1298.329000 -784.899000 1291.156738 -766.211426
1305.561000 -788.742100 1298.355957 -770.015137
1312.794000 -792.571300 1305.526489 -773.800354
1320.032000 -796.384600 1312.700439 -777.596252
1327.287000 -800.172300 1319.966553 -781.377686
1334.542000 -803.950000 1327.184937 -785.130676
1341.797000 -807.723100 1334.370605 -788.862305
1349.058000 -811.481900 1341.473877 -792.558594
1356.319000 -815.232700 1348.597290 -796.270203
1363.568000 -818.960500 1355.818848 -799.958984
1370.797000 -822.663500 1363.029175 -803.670044
1378.014000 -826.342400 1370.195679 -807.337891
1385.241000 -830.002800 1377.357056 -810.965576
1392.473000 -833.639800 1384.549805 -814.608704
1399.712000 -837.258600 1391.675903 -818.173767
1406.940000 -840.856000 1398.804932 -821.716125
1414.145000 -844.419900 1405.897949 -825.215332
1421.338000 -847.958700 1412.961670 -828.681763
1428.540000 -851.473700 1420.024048 -832.149841
1435.735000 -854.974700 1427.118408 -835.546143
1442.936000 -858.462100 1434.167725 -838.916565
1450.116000 -861.922600 1441.173462 -842.301636
1457.288000 -865.353900 1448.253784 -845.717285
1464.432000 -868.758100 1455.324707 -849.074646
1471.550000 -872.135000 1462.334839 -852.421875
1478.642000 -875.485100 1469.342163 -855.725220
1485.696000 -878.796500 1476.266113 -858.989990
1492.712000 -882.085000 1483.254517 -862.242676
1499.686000 -885.346400 1490.185059 -865.454224
1506.608000 -888.579300 1496.949707 -868.653992
1513.510000 -891.787400 1503.810791 -871.823120
1520.388000 -894.966500 1510.600708 -875.000427
1527.242000 -898.117000 1517.321411 -878.136230
1534.067000 -901.240100 1524.048218 -881.226868
1540.873000 -904.334900 1530.758057 -884.309509
1547.641000 -907.393900 1537.443970 -887.373901
1554.374000 -910.425200 1544.054565 -890.410217
1561.071000 -913.426300 1550.646240 -893.457275
1567.716000 -916.424100 1557.213867 -896.511414
1574.331000 -919.426300 1563.719727 -899.530640
1580.910000 -922.431500 1570.236572 -902.579529
1587.477000 -925.449400 1576.720215 -905.647766
1593.998000 -928.484000 1583.117310 -908.751526
1600.456000 -931.552300 1589.396484 -911.790894
1606.851000 -934.653500 1595.656006 -914.915100
1613.177000 -937.795300 1601.860596 -918.132935
1619.446000 -940.960600 1608.063599 -921.386902
1625.639000 -944.138700 1614.111206 -924.626770
1631.780000 -947.302000 1620.156006 -927.909546
1637.876000 -950.461600 1626.144043 -931.142700
1643.920000 -953.598100 1632.144043 -934.392212
1649.931000 -956.702500 1638.039673 -937.575439
1655.907000 -959.742900 1643.904053 -940.650879
1661.857000 -962.732200 1649.723755 -943.689331
1667.828000 -965.652000 1655.590332 -946.682434
1673.786000 -968.517000 1661.388672 -949.611511
1679.740000 -971.331200 1667.256958 -952.515625
1685.682000 -974.128800 1673.114014 -955.404358
1691.585000 -976.910500 1678.921387 -958.292297
1697.460000 -979.678900 1684.699707 -961.173462
1703.321000 -982.431100 1690.452271 -964.020325
1709.144000 -985.145100 1696.173706 -966.836914
1714.950000 -987.831400 1701.883545 -969.622375
1720.748000 -990.466700 1707.540161 -972.297546
1726.528000 -993.063100 1713.237549 -974.991638
1732.261000 -995.615600 1718.870483 -977.638550
1737.915000 -998.126400 1724.434082 -980.267639
1743.475000 -1000.590000 1729.856323 -982.821106
1748.971000 -1002.990000 1735.164917 -985.324707
1754.388000 -1005.375000 1740.482910 -987.811584
1759.751000 -1007.751000 1745.758301 -990.293884
1764.998000 -1010.123000 1750.965332 -992.779602
1770.113000 -1012.467000 1756.035278 -995.236023
1775.097000 -1014.785000 1760.949463 -997.664185
1779.954000 -1017.080000 1765.766235 -1000.056396
1784.649000 -1019.347000 1770.393188 -1002.423218
1789.178000 -1021.604000 1774.882568 -1004.773254
1793.508000 -1023.881000 1779.152344 -1007.140869
1797.645000 -1026.269000 1783.242920 -1009.613159
1801.573000 -1028.814000 1787.130249 -1012.229370
1805.302000 -1031.525000 1790.830566 -1015.001343
1808.823000 -1034.439000 1794.305054 -1017.967041
1812.120000 -1037.563000 1797.557129 -1021.145569
1815.169000 -1040.921000 1800.568359 -1024.558960
1817.931000 -1044.484000 1803.284546 -1028.183350
1820.326000 -1048.207000 1805.685791 -1031.994141
1822.465000 -1052.152000 1807.723877 -1035.950684
1824.255000 -1056.260000 1809.416992 -1040.077881
1825.688000 -1060.491000 1810.754395 -1044.315430
1826.758000 -1064.825000 1811.731323 -1048.683105
1827.464000 -1069.230000 1812.354126 -1053.108765
1827.812000 -1073.687000 1812.614380 -1057.594849
1827.812000 -1078.165000 1812.532471 -1062.096069
1827.468000 -1082.643000 1812.094849 -1066.588135
1826.704000 -1087.072000 1811.302856 -1071.075317
1825.633000 -1091.489000 1810.124268 -1075.476562
1824.183000 -1095.811000 1808.570068 -1079.775879
1822.357000 -1099.995000 1806.644897 -1083.957642
1820.139000 -1103.994000 1804.361328 -1087.956177
1817.589000 -1107.799000 1801.710449 -1091.743774
1814.723000 -1111.351000 1798.745239 -1095.280273
1811.551000 -1114.626000 1795.449341 -1098.570312
1808.088000 -1117.606000 1791.859009 -1101.560303
1804.284000 -1120.246000 1788.007446 -1104.208008
1800.315000 -1122.623000 1783.919434 -1106.519043
1796.124000 -1124.692000 1779.574463 -1108.579590
1791.742000 -1126.471000 1775.030273 -1110.337280
1787.194000 -1127.955000 1770.337280 -1111.774414
1782.506000 -1129.180000 1765.474365 -1112.944702
1777.702000 -1130.193000 1760.544312 -1113.884521
1772.797000 -1131.038000 1755.545166 -1114.638184
1767.796000 -1131.740000 1750.402954 -1115.286133
1762.736000 -1132.348000 1745.237549 -1115.825806
1757.655000 -1132.885000 1740.086548 -1116.280396
1752.565000 -1133.366000 1734.959473 -1116.672607
1747.458000 -1133.818000 1729.798950 -1117.037842
1742.342000 -1134.251000 1724.632446 -1117.399780
1737.220000 -1134.667000 1719.450317 -1117.734009
1732.115000 -1135.064000 1714.299194 -1118.062500
1727.075000 -1135.441000 1709.217529 -1118.356567
1722.082000 -1135.788000 1704.185059 -1118.615845
1717.161000 -1136.086000 1699.234741 -1118.820557
1712.341000 -1136.271000 1694.382568 -1118.927246
1707.613000 -1136.285000 1689.623657 -1118.884155
1703.031000 -1136.085000 1684.986938 -1118.594116
1698.586000 -1135.613000 1680.487061 -1118.041016
1694.241000 -1134.791000 1676.131348 -1117.180664
1689.991000 -1133.671000 1671.845337 -1115.939697
1685.870000 -1132.171000 1667.743408 -1114.318115
1681.961000 -1130.284000 1663.870117 -1112.326172
1678.306000 -1127.996000 1660.215698 -1109.948608
1674.826000 -1125.267000 1656.856323 -1107.190796
1671.787000 -1122.274000 1653.773926 -1104.078979
1669.099000 -1118.972000 1651.105957 -1100.673096
1666.783000 -1115.408000 1648.748291 -1096.956055
1664.817000 -1111.609000 1646.825439 -1093.058105
1663.209000 -1107.637000 1645.265869 -1088.983765
1661.958000 -1103.507000 1644.025635 -1084.717163
1661.115000 -1099.284000 1643.208740 -1080.385132
1660.724000 -1094.939000 1642.881958 -1075.903076
1660.665000 -1090.516000 1642.997314 -1071.455322
1661.140000 -1086.159000 1643.564453 -1066.954346
1662.049000 -1081.841000 1644.555664 -1062.478516
1663.374000 -1077.556000 1645.987549 -1058.055664
1665.055000 -1073.325000 1647.805542 -1053.682251
1667.040000 -1069.131000 1649.915405 -1049.400391
1669.233000 -1064.989000 1652.255005 -1045.154297
1671.640000 -1060.840000 1654.791992 -1040.929932
1674.135000 -1056.683000 1657.447021 -1036.668823
1676.716000 -1052.451000 1660.192993 -1032.344727
1679.381000 -1048.145000 1662.969238 -1027.994507
