0.000000 -0.000000 0.000001 0.000000
0.003267 4.566315 -0.029981 4.560841
-0.031716 9.099118 -0.081156 9.071636
-0.081952 13.587370 -0.146212 13.547889
-0.172757 18.042800 -0.226966 17.998343
-0.267875 22.451640 -0.309186 22.391970
-0.358400 26.802010 -0.389138 26.745031
-0.442803 31.082040 -0.486849 31.011566
-0.523018 35.271990 -0.575588 35.191868
-0.611006 39.330190 -0.656065 39.242661
-0.673187 43.239550 -0.709804 43.153625
-0.695957 46.977480 -0.738408 46.896702
-0.690361 50.605530 -0.711264 50.535259
-0.609462 54.132960 -0.604637 54.101837
-0.411112 57.531050 -0.390231 57.477219
-0.030280 60.807340 0.005486 60.764782
0.568852 63.940690 0.599585 63.886566
1.400581 66.903860 1.423130 66.861984
2.445156 69.702430 2.445707 69.677551
3.697183 72.300100 3.694038 72.285416
5.171922 74.740420 5.175112 74.756233
6.852965 76.941870 6.871395 77.001671
8.750799 78.905900 8.793533 79.017960
10.823450 80.634320 10.878792 80.771515
13.066210 82.178440 13.138012 82.312370
15.504950 83.526400 15.628641 83.636658
18.101340 84.588810 18.277912 84.690254
20.853170 85.339470 21.069300 85.442406
23.704110 85.757740 23.969067 85.851822
26.596700 85.903500 26.938040 86.009018
29.539120 85.860020 29.978514 85.952271
32.495530 85.669740 32.975941 85.761169
35.473920 85.419290 35.985401 85.513313
38.479390 85.150930 39.020420 85.234993
41.523140 84.840110 42.069977 84.946480
44.591610 84.512730 45.143120 84.639107
47.698590 84.159740 48.256866 84.317223
50.851300 83.780360 51.420918 83.957283
54.021280 83.370120 54.606819 83.573936
57.236480 82.963200 57.828018 83.194550
60.484150 82.564450 61.050743 82.818169
63.801630 82.126570 64.347054 82.427261
67.115350 81.671290 67.634705 81.997620
70.485000 81.248710 70.940292 81.628471
73.889090 80.831410 74.349266 81.230125
77.339480 80.402860 77.810867 80.806732
80.814430 79.981940 81.277115 80.422241
84.311560 79.560560 84.827385 80.016411
87.843140 79.132970 88.417480 79.607925
91.452740 78.712050 92.028610 79.200386
95.109110 78.302620 95.695251 78.815285
98.802080 77.939830 99.403946 78.451035
102.537600 77.577720 103.133202 78.080627
106.283100 77.182590 106.903633 77.689705
110.001900 76.763780 110.663429 77.272095
113.690700 76.253080 114.362778 76.762878
117.341000 75.581300 118.018974 76.128212
120.903700 74.751300 121.562431 75.336449
124.437500 73.785660 125.089729 74.408249
127.882800 72.651860 128.525223 73.305634
131.253600 71.361680 131.911362 72.041763
134.528800 69.931300 135.212936 70.645599
137.742000 68.328450 138.441757 69.065109
140.926800 66.546730 141.670502 67.306808
144.031200 64.574810 144.792099 65.343994
147.051200 62.406270 147.859344 63.174473
149.969500 60.049300 150.794922 60.835121
152.781800 57.504160 153.634232 58.316257
155.436800 54.746640 156.327850 55.554527
157.947400 51.752940 158.805237 52.578747
160.279800 48.634580 161.069061 49.455822
162.349000 45.353340 163.085541 46.139500
164.179800 41.946720 164.888611 42.741745
165.830900 38.447790 166.523773 39.235649
167.335400 34.861970 168.031937 35.629436
168.691200 31.242820 169.387344 32.036041
169.969500 27.582240 170.742584 28.364161
171.127300 23.900190 172.034027 24.720762
172.263200 20.221330 173.277161 21.060818
173.377000 16.599090 174.538086 17.445023
174.627000 13.004350 175.835159 13.880604
175.942500 9.442182 177.172974 10.358704
177.356800 5.917093 178.609894 6.921783
178.928800 2.434985 180.200775 3.464531
180.675800 -0.971876 181.925705 0.149445
182.554400 -4.252484 183.789429 -3.032951
184.560700 -7.384682 185.750732 -6.075531
186.750900 -10.368790 187.929886 -8.968498
189.116500 -13.135630 190.278671 -11.704605
191.665700 -15.656880 192.806046 -14.203224
194.385900 -17.931220 195.512299 -16.442131
197.226100 -19.980800 198.371140 -18.453712
200.271800 -21.743030 201.395233 -20.167046
203.448300 -23.203180 204.593765 -21.619461
206.758900 -24.325190 207.934570 -22.728157
210.184300 -25.068170 211.372955 -23.473476
213.630700 -25.424490 214.831314 -23.838594
217.117000 -25.407460 218.285217 -23.816944
220.571900 -25.039820 221.776535 -23.479807
224.021200 -24.363710 225.200562 -22.810802
227.429900 -23.372920 228.590393 -21.817406
230.747500 -22.058700 231.874893 -20.510162
233.928400 -20.443850 235.029587 -18.895714
237.019600 -18.526770 238.056793 -16.978813
239.961000 -16.355940 240.942139 -14.805161
242.779800 -13.984550 243.707489 -12.421684
245.458500 -11.414060 246.333405 -9.861099
247.997000 -8.674394 248.829010 -7.101112
250.390600 -5.759310 251.149597 -4.181175
252.655600 -2.686673 253.412109 -1.073357
254.806500 0.534019 255.560303 2.180641
256.864000 3.862410 257.601929 5.535339
258.884400 7.263272 259.601196 8.954994
260.877600 10.718320 261.570618 12.423256
262.828700 14.222610 263.488647 15.942017
264.741600 17.745920 265.378113 19.473763
266.637600 21.266150 267.243622 22.999062
268.527700 24.786100 269.098969 26.515083
270.375000 28.334210 270.975250 30.044075
272.219500 31.917810 272.872467 33.618179
274.124700 35.502240 274.768982 37.206398
276.050500 39.060050 276.685059 40.831985
277.989700 42.665330 278.614899 44.493874
279.912600 46.301830 280.529327 48.131439
281.775800 49.949900 282.422699 51.772293
283.563100 53.532720 284.269104 55.384186
285.356500 57.056770 286.059570 58.951431
287.075600 60.536460 287.783478 62.455124
288.712000 63.954910 289.443756 65.903671
290.293900 67.289100 291.058044 69.272316
291.871100 70.559820 292.670227 72.587746
293.538100 73.753600 294.369385 75.812256
295.351100 76.864560 296.184875 78.958427
297.261700 79.892800 298.142120 82.031395
299.367900 82.771990 300.290375 84.932281
301.654700 85.444430 302.607819 87.614136
304.129900 87.873730 305.113373 90.086266
306.795800 90.009740 307.803284 92.245499
309.610300 91.815310 310.652954 94.089279
312.540600 93.287990 313.652435 95.606384
315.589700 94.424870 316.733124 96.793182
318.731100 95.231100 319.938385 97.611969
321.947000 95.719040 323.183044 98.110413
325.202000 95.875140 326.446930 98.252808
328.404100 95.672520 329.694366 98.047112
331.635400 95.086030 332.850891 97.489182
334.756200 94.171900 335.940186 96.573441
337.636900 92.963350 338.901794 95.324524
340.363200 91.461070 341.743713 93.738945
342.964100 89.692180 344.492554 91.812057
345.403300 87.579170 346.997253 89.555191
347.592200 85.092570 349.252533 86.992027
349.463400 82.321490 351.165710 84.189026
351.002500 79.397790 352.748230 81.220230
352.204000 76.402830 353.971008 78.142822
353.107800 73.306490 354.901642 74.976440
353.811200 70.096650 355.639648 71.785126
354.464700 66.889050 356.281891 68.591194
355.047400 63.664610 356.843201 65.382233
355.500500 60.449100 357.324554 62.151428
355.866900 57.296080 357.731018 58.975594
356.198500 54.208160 358.102051 55.859989
356.525800 51.221050 358.493622 52.855625
356.961300 48.369400 358.956757 49.995655
357.538900 45.752540 359.540070 47.398670
358.275300 43.388830 360.273804 45.035057
359.266800 41.238890 361.279510 42.912529
360.571800 39.373830 362.550934 41.093719
362.156300 37.835540 364.084473 39.574799
363.974400 36.638300 365.866364 38.386658
366.080400 35.761110 367.905487 37.536285
368.547300 35.234490 370.285522 37.017944
371.148400 35.045060 372.802216 36.864925
373.899500 35.175270 375.488708 36.997627
376.698100 35.611110 378.258942 37.436913
379.470900 36.322790 381.055847 38.151917
382.212100 37.294470 383.800201 39.119446
384.867700 38.517990 386.438751 40.352165
387.364100 39.991850 388.923340 41.838882
389.701500 41.780710 391.263611 43.650192
391.802700 43.839190 393.367554 45.710419
393.689400 46.099010 395.268188 47.972641
395.383900 48.474340 396.970520 50.359634
396.942200 50.928340 398.537109 52.827362
398.325500 53.450140 399.924652 55.357254
399.544900 56.052550 401.158081 57.980438
400.579700 58.728940 402.214539 60.664238
401.390700 61.486590 403.061218 63.433624
401.978000 64.333130 403.664673 66.273140
402.335300 67.250270 404.036957 69.212471
402.474600 70.259740 404.170898 72.240082
402.447300 73.356030 404.108246 75.341789
402.341800 76.540880 403.966492 78.548187
402.228800 79.805450 403.777374 81.828362
402.075400 83.156280 403.550323 85.186996
401.927800 86.597120 403.287964 88.634720
401.721900 90.113350 402.994965 92.136780
401.455800 93.737450 402.668732 95.725159
401.169200 97.438860 402.325714 99.429718
400.835400 101.196700 401.937317 103.181625
400.479100 104.981000 401.542664 106.943596
400.086700 108.745200 401.107880 110.722031
399.638200 112.493800 400.623627 114.452606
399.138700 116.226700 400.104950 118.179062
398.603300 119.924700 399.528046 121.871643
398.025400 123.612000 398.928864 125.537964
397.409200 127.314800 398.306274 129.242630
396.829000 131.013100 397.733093 132.900406
396.222300 134.687900 397.120575 136.542374
395.601900 138.281700 396.515747 140.192352
395.033400 141.881600 395.961487 143.860580
394.483600 145.487500 395.403931 147.480911
393.961300 149.091800 394.873444 151.118729
393.456700 152.724500 394.353363 154.759720
392.964400 156.362200 393.842804 158.438950
392.473900 160.012200 393.317719 162.118896
391.988000 163.681600 392.803955 165.823334
391.511200 167.360500 392.280731 169.532349
391.037700 171.040400 391.779266 173.246246
390.574400 174.743200 391.284027 176.950378
390.110100 178.440800 390.770447 180.700592
389.662900 182.147700 390.289154 184.411896
389.244100 185.891700 389.863586 188.173538
388.894800 189.677500 389.513550 191.945389
388.606000 193.461200 389.215393 195.724976
388.392800 197.250000 388.986511 199.487503
388.242200 201.058600 388.797119 203.285080
388.167200 204.843700 388.695374 207.072800
388.164900 208.656700 388.658630 210.861603
388.225800 212.467100 388.682251 214.692261
388.337900 216.277100 388.743195 218.518219
388.518500 220.100100 388.883453 222.369583
388.781300 223.924000 389.093201 226.224167
389.110400 227.762200 389.382965 230.088501
389.519500 231.600300 389.739044 233.983093
390.000700 235.455300 390.177765 237.866455
390.533100 239.323100 390.666901 241.747498
391.126500 243.191800 391.234924 245.655991
391.817200 247.082900 391.882355 249.591705
392.446500 250.991000 392.604614 253.508209
393.192700 254.933200 393.434540 257.435669
394.129800 258.841200 394.393433 261.347382
395.212400 262.725700 395.440186 265.238220
396.381300 266.559900 396.559265 269.128967
397.591700 270.309200 397.747162 272.918152
398.915600 273.988100 398.964783 276.650024
400.261600 277.620100 400.254761 280.329559
401.674900 281.230100 401.584778 283.987610
403.099300 284.836200 402.940918 287.657349
404.552600 288.368900 404.305603 291.258392
405.981400 291.858600 405.654633 294.826965
407.396700 295.286300 407.019348 298.306885
408.787500 298.654400 408.353546 301.731476
410.160300 301.970700 409.656494 305.095215
411.532700 305.248600 410.983704 308.415894
412.910200 308.514300 412.304077 311.673523
414.286500 311.815200 413.636505 315.046753
415.632400 315.158100 414.956177 318.399902
416.955300 318.554600 416.337708 321.805145
418.356500 321.950200 417.824951 325.185425
419.919100 325.360500 419.437866 328.614380
421.619500 328.772700 421.132385 332.052704
423.465300 332.205100 422.977234 335.523590
425.389400 335.648500 424.896179 338.999329
427.393700 339.062100 426.893433 342.448273
429.441400 342.427400 428.925507 345.870056
431.502800 345.736000 430.972961 349.223938
433.555500 349.037600 433.017853 352.571289
435.647400 352.345100 435.082764 355.915497
437.737700 355.673900 437.144348 359.261139
439.858900 359.019800 439.240112 362.637024
441.938400 362.354800 441.304626 366.009338
444.011500 365.707600 443.353394 369.359100
446.074200 369.043000 445.408325 372.751770
448.108100 372.393000 447.430115 376.087982
450.106200 375.748500 449.444702 379.441101
452.077600 379.076100 451.490479 382.794006
454.072700 382.382200 453.562805 386.136841
456.149900 385.671800 455.649414 389.472321
458.224600 388.968400 457.746826 392.795532
460.351800 392.205600 459.864929 396.054840
462.503100 395.388100 461.995667 399.268921
464.568500 398.419600 464.075745 402.323975
466.632000 401.347200 466.131592 405.264954
468.654400 404.221700 468.125305 408.163696
470.657600 407.038900 470.128967 411.001587
472.677800 409.783700 472.103699 413.795349
474.657200 412.487100 474.064178 416.534912
476.592600 415.139500 475.969849 419.212219
478.496300 417.710700 477.824707 421.789246
480.372100 420.213300 479.661438 424.273956
482.195400 422.602900 481.463074 426.695709
483.955500 424.843700 483.177643 428.944458
485.628500 426.923600 484.843811 431.037964
487.190800 428.865800 486.378418 433.004333
488.699400 430.731200 487.871460 434.874817
490.108000 432.491800 489.256866 436.638947
491.375400 434.138900 490.499939 438.284088
492.521700 435.661300 491.633087 439.805542
493.585300 437.088500 492.693024 441.234680
494.601900 438.498800 493.692993 442.635773
495.493900 439.942600 494.563812 444.058777
496.198400 441.455900 495.231384 445.497192
496.643000 443.038900 495.702026 447.059113
496.894900 444.688300 495.950897 448.670624
496.838300 446.434300 495.970947 450.403168
496.587000 448.236400 495.688171 452.210724
496.020500 450.035800 495.149170 454.043396
495.316800 451.880800 494.401550 455.833069
494.382600 453.714700 493.434509 457.639771
493.357500 455.591800 492.381592 459.493835
492.259600 457.525200 491.283264 461.395081
491.138900 459.531700 490.124573 463.390808
489.968800 461.583000 488.922150 465.438232
488.778600 463.722100 487.678619 467.577209
487.527700 465.987400 486.369263 469.817932
486.241900 468.332900 485.036377 472.147339
484.929200 470.750300 483.652954 474.519348
483.595100 473.196800 482.237701 476.953491
482.240900 475.680400 480.813568 479.409302
480.881200 478.179700 479.383789 481.884277
479.506700 480.715200 477.936401 484.402985
478.139700 483.249600 476.482056 486.885620
476.741800 485.776600 474.995789 489.427307
475.327000 488.358200 473.516998 491.995239
473.905700 490.923000 472.031982 494.541779
472.463600 493.499100 470.531250 497.085571
471.030900 496.048700 469.042511 499.604492
469.654400 498.493900 467.620911 502.003326
468.311000 500.883700 466.222229 504.384705
467.003300 503.201000 464.865906 506.638855
465.767600 505.385700 463.583405 508.823669
464.618000 507.421200 462.397705 510.840271
463.563200 509.303500 461.303436 512.665710
462.581700 511.077100 460.283142 514.418091
461.620900 512.827500 459.282776 516.148865
460.698800 514.516100 458.324158 517.809692
459.825600 516.111800 457.415649 519.387634
459.035800 517.582500 456.583191 520.842957
458.312900 518.912300 455.816742 522.137512
457.589200 520.176600 455.053131 523.384949
456.756600 521.359000 454.213593 524.534790
455.798000 522.446500 453.242920 525.571228
454.695200 523.354600 452.198608 526.435059
453.456700 523.963300 451.016418 527.094116
452.010000 524.448000 449.575562 527.585876
450.370300 524.664900 447.981934 527.806458
448.645800 524.629300 446.245178 527.781128
446.853700 524.242200 444.499054 527.313293
445.001300 523.578900 442.671143 526.635010
443.053700 522.715000 440.786469 525.721008
441.070200 521.621600 438.860748 524.577637
439.068600 520.385000 436.877991 523.312439
437.067600 519.079900 434.920380 521.970459
435.131900 517.711100 432.990295 520.558716
433.248700 516.276400 431.155731 519.076111
431.409100 514.772600 429.362061 517.547913
429.653800 513.188400 427.631042 515.946289
427.979000 511.552500 425.954590 514.270264
426.376200 509.872800 424.375641 512.561157
424.896200 508.159600 422.886139 510.822418
423.477300 506.386900 421.465302 509.023407
422.151700 504.603800 420.129364 507.206329
420.895300 502.757100 418.874359 505.333618
419.698800 500.847600 417.655579 503.397675
418.553100 498.879100 416.503540 501.391541
417.436100 496.852200 415.380157 499.338715
416.341100 494.769800 414.285034 497.222351
415.299400 492.613200 413.238098 495.051178
414.283100 490.400400 412.201477 492.812775
413.291100 488.174100 411.202026 490.547089
412.307400 485.928500 410.219727 488.284607
411.321100 483.659600 409.261597 486.010986
410.385800 481.369500 408.317322 483.697754
409.484300 479.070200 407.420837 481.386475
408.605900 476.771200 406.561096 479.054626
407.747600 474.482200 405.733337 476.731812
406.916200 472.194500 404.928650 474.416718
406.106200 469.923800 404.141113 472.135498
405.321800 467.714100 403.381958 469.915466
404.581200 465.613200 402.682373 467.810364
403.881000 463.647100 402.002808 465.833130
403.196100 461.842900 401.362549 463.999451
402.563700 460.074300 400.718506 462.220642
401.946900 458.305600 400.088562 460.444855
401.296600 456.548600 399.440369 458.666840
400.651300 454.770400 398.791931 456.886383
399.996700 452.984700 398.126648 455.105133
399.329600 451.125900 397.441162 453.216766
398.618400 449.218000 396.728088 451.303070
397.822000 447.249700 395.963379 449.322632
396.969800 445.208000 395.136475 447.273163
396.116100 443.116600 394.286499 445.198334
395.211200 440.967800 393.392181 443.070435
394.287700 438.749400 392.464783 440.882080
393.341900 436.497700 391.522308 438.658630
392.358600 434.221800 390.584381 436.400177
391.343800 431.907700 389.599304 434.098999
390.285600 429.531900 388.569122 431.731140
389.177900 427.104300 387.490326 429.308350
388.002000 424.633000 386.332733 426.852234
386.786000 422.153600 385.144104 424.387756
385.529200 419.645500 383.934265 421.913818
384.252800 417.122900 382.680481 419.390747
382.927300 414.575600 381.384216 416.857483
381.591500 412.030100 380.074493 414.339233
380.224100 409.463100 378.719482 411.787140
378.830100 406.889400 377.344055 409.199890
377.404400 404.303400 375.957336 406.611633
375.940700 401.722300 374.513428 404.022675
374.431300 399.137000 373.035278 401.432678
372.878200 396.550200 371.499512 398.829773
371.286300 393.960100 369.925781 396.233459
369.662600 391.367800 368.334229 393.624359
368.012000 388.798400 366.693756 391.028503
366.357200 386.258300 365.024048 388.425629
364.686300 383.683500 363.336121 385.797852
362.990500 381.103100 361.626099 383.170868
361.274100 378.545400 359.906250 380.572296
359.479500 376.079600 358.194641 378.079529
357.743100 373.713700 356.516602 375.691071
356.046500 371.424400 354.852600 373.381317
354.349500 369.168400 353.166107 371.080627
352.662900 366.944000 351.520538 368.823029
351.018900 364.780500 349.871399 366.609955
349.445300 362.679200 348.314575 364.469360
347.970100 360.669800 346.844635 362.431793
346.587900 358.760700 345.448639 360.497192
345.269200 357.004900 344.121765 358.719971
343.987600 355.420000 342.837463 357.095428
342.722300 353.942300 341.568939 355.612610
341.428400 352.599100 340.282043 354.276550
340.132200 351.423100 338.978912 353.111237
338.769300 350.441200 337.610840 352.117706
337.341700 349.681300 336.176025 351.338623
335.777200 349.128400 334.640381 350.823242
334.132400 348.908200 332.998962 350.569214
332.452400 349.031300 331.309326 350.648560
330.797800 349.428100 329.652130 351.013306
329.211100 350.167300 328.061279 351.720581
327.641800 351.098300 326.506653 352.648621
326.094800 352.236000 324.964355 353.785797
324.512700 353.489700 323.378693 355.032745
322.875800 354.863500 321.711487 356.401886
321.135500 356.302000 319.939178 357.806732
319.250000 357.710100 318.017151 359.183197
317.242300 359.002400 315.986694 360.448853
315.093800 360.160000 313.834503 361.568756
312.852600 361.167400 311.589783 362.517975
310.509200 362.008200 309.259277 363.296326
308.069100 362.662200 306.810974 363.904236
305.560600 363.146700 304.310822 364.328918
302.953900 363.438100 301.720337 364.588593
300.313300 363.558500 299.053375 364.684662
297.631800 363.522600 296.366180 364.591705
294.885100 363.381000 293.627258 364.435272
292.104200 363.172300 290.825989 364.208710
289.300900 362.939000 287.999359 363.941742
286.491000 362.678500 285.177246 363.626587
283.693500 362.370200 282.365601 363.267761
280.920600 362.098000 279.610931 362.945282
278.169000 361.857400 276.829956 362.645752
275.446800 361.657400 274.119995 362.388641
272.737000 361.519800 271.400177 362.210968
270.035600 361.455000 268.682587 362.101074
267.327700 361.497700 265.949738 362.100708
264.630400 361.676000 263.223785 362.233246
261.940300 361.979900 260.539368 362.485199
259.250900 362.413000 257.839996 362.865326
256.573600 362.959900 255.141968 363.370697
253.917300 363.655300 252.479080 364.005859
251.288400 364.497000 249.836304 364.787781
248.680300 365.504900 247.183533 365.747711
246.094700 366.666900 244.583923 366.875824
243.562600 367.994000 242.016785 368.180023
241.083300 369.508300 239.532562 369.656342
238.697300 371.174900 237.131912 371.279419
236.432200 372.983900 234.858002 373.070343
234.282400 374.915600 232.695801 374.964417
232.221400 376.965100 230.631927 376.976624
230.283900 379.136000 228.690704 379.114532
228.445400 381.408600 226.861618 381.352325
226.762700 383.789500 225.184204 383.692017
225.240300 386.284200 223.643661 386.159607
223.870500 388.875300 222.242279 388.749268
222.651800 391.576800 220.990448 391.446289
221.610300 394.407600 219.926422 394.237305
220.731600 397.346700 218.999054 397.168701
220.036100 400.374900 218.266266 400.176117
219.492700 403.546000 217.707977 403.333008
219.131100 406.829700 217.312225 406.621368
218.954900 410.176200 217.104919 409.969299
218.961000 413.566100 217.090836 413.355530
219.145900 416.967900 217.258240 416.781372
219.451900 420.389700 217.533066 420.194977
219.829800 423.806600 217.883606 423.605316
220.310500 427.237200 218.330139 427.042389
220.868900 430.684800 218.842819 430.473541
221.441400 434.161900 219.355286 433.956421
222.038500 437.663400 219.912369 437.416016
222.674200 441.192400 220.473999 440.942108
223.324700 444.766400 221.034805 444.504913
223.976800 448.390400 221.613983 448.093323
224.645100 452.052600 222.203339 451.733673
225.326300 455.738000 222.804260 455.391327
226.013500 459.438200 223.416077 459.082306
226.742700 463.131400 224.073761 462.735779
227.489100 466.830800 224.746109 466.417358
228.247700 470.527000 225.439423 470.091034
229.012100 474.215100 226.140198 473.796295
229.762000 477.897100 226.834549 477.455566
230.499300 481.567900 227.501190 481.105194
231.252900 485.238400 228.184570 484.779480
232.010300 488.886300 228.875488 488.452637
232.763300 492.531800 229.561157 492.107758
233.545900 496.169700 230.260834 495.747864
234.328200 499.811600 230.951950 499.380371
235.108100 503.420000 231.664581 502.982025
235.907500 507.019800 232.392761 506.595886
236.703700 510.603300 233.120468 510.203796
237.481000 514.162500 233.827026 513.763062
238.249000 517.704200 234.532898 517.322876
239.014400 521.230500 235.217896 520.836060
239.746800 524.741600 235.871643 524.322754
240.436600 528.231300 236.502625 527.808044
241.102000 531.689500 237.107162 531.268921
241.740900 535.133300 237.711823 534.689941
242.359400 538.550300 238.291504 538.090515
242.993900 541.935900 238.881363 541.468140
243.655500 545.295800 239.504059 544.838440
244.307800 548.630700 240.147034 548.169128
244.986700 551.924500 240.810730 551.466919
245.686600 555.189800 241.502243 554.722290
246.402300 558.403000 242.199020 557.931885
247.160300 561.604000 242.937851 561.118530
247.954300 564.747800 243.713196 564.235596
248.799800 567.843200 244.539276 567.328918
249.719700 570.881500 245.432770 570.359802
250.691800 573.875500 246.380600 573.354736
251.722500 576.816900 247.379074 576.304382
252.792400 579.719200 248.417145 579.218079
253.899200 582.619100 249.486069 582.114624
254.999400 585.538800 250.530609 585.010498
256.084000 588.464600 251.567581 587.948364
257.132200 591.413100 252.548019 590.885986
258.142200 594.337700 253.519028 593.784424
259.143500 597.295100 254.464264 596.738586
260.132300 600.227900 255.402908 599.687073
261.124300 603.146400 256.352295 602.602051
262.175000 606.016800 257.377350 605.464417
263.321800 608.844200 258.473938 608.288696
264.592700 611.600700 259.728912 611.042419
266.012800 614.279900 261.109680 613.734253
267.588100 616.881700 262.650330 616.345337
269.323800 619.428300 264.363647 618.895569
271.210100 621.881800 266.212708 621.364563
273.238300 624.254900 268.201416 623.747681
275.373300 626.509900 270.310913 626.025024
277.623300 628.637000 272.517029 628.179504
279.976600 630.608900 274.837219 630.189758
282.453700 632.438800 277.273285 632.049500
285.065600 634.108700 279.880676 633.767761
287.781800 635.684200 282.567871 635.377502
290.614800 637.170400 285.376099 636.910034
293.572000 638.551300 288.296997 638.321533
296.640000 639.897800 291.318787 639.697327
299.815900 641.203200 294.472565 641.074951
303.076400 642.494500 297.681030 642.418274
306.357100 643.765800 300.887054 643.733521
309.674900 645.021300 304.165375 645.039917
312.999700 646.243800 307.439514 646.309326
316.341000 647.457400 310.727203 647.573792
319.656500 648.689200 313.974243 648.854370
322.948500 649.961000 317.221771 650.191650
326.166800 651.311700 320.415283 651.586548
329.336100 652.739100 323.532776 653.048584
332.444200 654.205600 326.594421 654.552490
335.400500 655.659200 329.533630 656.040710
338.177900 657.091100 332.347900 657.507507
340.853600 658.520100 335.044128 658.956177
343.392000 659.901300 337.607697 660.368591
345.797500 661.222900 340.017639 661.715759
348.061700 662.470200 342.289703 662.968750
350.227800 663.663600 344.463867 664.170166
352.269800 664.764500 346.536377 665.280762
354.171500 665.743600 348.431152 666.290833
355.867200 666.596600 350.128235 667.157104
357.385800 667.323400 351.635071 667.922241
358.688300 667.945100 352.915039 668.575745
359.785500 668.454700 354.010559 669.094543
360.684700 668.879300 354.909668 669.537842
361.448900 669.240500 355.683960 669.904602
362.202200 669.609800 356.411072 670.279053
362.884200 670.041700 357.036987 670.753235
363.544500 670.582800 357.698303 671.283020
364.209800 671.330500 358.382080 672.005737
364.845000 672.309500 358.934143 673.034424
365.349200 673.552400 359.364197 674.254333
365.693100 675.079000 359.657349 675.729797
365.765200 676.782400 359.591095 677.325317
365.523700 678.539500 359.308777 679.156189
365.089100 680.489300 358.766052 681.045898
364.466100 682.514600 358.026245 683.009460
363.616300 684.610800 357.105682 685.017517
362.501500 686.760700 355.967651 687.146362
361.240200 688.988000 354.684326 689.301636
359.916600 691.336700 353.304352 691.611084
358.517400 693.800300 351.845337 694.042969
357.035700 696.407500 350.276367 696.579468
355.508800 699.115600 348.676514 699.220459
353.904300 701.929300 346.981689 701.988281
352.257400 704.823800 345.243286 704.818237
350.567500 707.796400 343.442474 707.729858
348.841400 710.853200 341.607178 710.701477
347.061700 713.947900 339.716064 713.715881
345.240600 717.126500 337.773865 716.835938
343.396200 720.384700 335.820129 720.011353
341.517100 723.688800 333.832581 723.221375
339.619000 727.060600 331.816315 726.506348
337.697800 730.488300 329.791260 729.802368
335.746300 733.965100 327.687592 733.254272
333.767200 737.500800 325.555420 736.740356
331.787300 741.093200 323.457520 740.220032
329.802100 744.697600 321.355560 743.722778
327.822700 748.252900 319.265381 747.138794
325.882900 751.750500 317.204956 750.529358
323.953700 755.221900 315.155273 753.893982
322.019400 758.698600 313.108643 757.267090
320.037700 762.177600 310.994812 760.662231
318.097700 765.622300 308.919556 764.017334
316.183200 769.057500 306.858582 767.382996
314.250000 772.494900 304.785370 770.738770
312.275800 775.931500 302.665253 774.090637
310.254000 779.359500 300.504608 777.398438
308.122800 782.782800 298.233765 780.765747
305.862800 786.166800 295.861816 784.046997
303.500700 789.503100 293.369720 787.287476
300.970800 792.776600 290.743378 790.464355
298.346100 795.948700 288.011871 793.517883
295.632400 799.046800 285.172485 796.512939
292.854400 802.131000 282.298615 799.444946
290.021900 805.167500 279.340698 802.383362
287.126600 808.146600 276.331482 805.236450
284.119000 811.063300 273.224792 808.019958
281.041800 813.860300 270.041382 810.664856
277.869300 816.545900 266.797913 813.215637
274.646800 819.105600 263.507812 815.629639
271.386100 821.531200 260.158691 817.940674
268.116800 823.813700 256.799500 820.097961
264.867100 825.970500 253.447098 822.137146
261.611600 828.060300 250.095520 824.101135
258.412200 830.064600 246.788651 825.975281
255.270800 831.964500 243.530075 827.764099
252.165400 833.785500 240.343231 829.453247
249.035500 835.465400 237.230057 831.049438
245.676600 836.941500 234.204880 832.548523
242.526400 838.395100 231.274918 833.981812
239.649200 839.782300 228.484100 835.341370
236.954200 841.095200 225.863129 836.592712
234.477400 842.339200 223.417542 837.771179
232.193600 843.528700 221.125732 838.911743
230.093400 844.639300 219.010391 839.978271
228.164600 845.633300 217.064285 840.924011
226.339700 846.487500 215.234909 841.716187
224.559800 847.148600 213.455292 842.300049
222.862900 847.611100 211.755569 842.695618
221.160000 847.853200 210.077560 842.833069
219.343600 847.650900 208.368774 842.715210
217.613700 847.228800 206.673676 842.259949
215.983200 846.459000 205.070129 841.498169
214.496600 845.376700 203.547394 840.392273
213.166300 844.015600 202.248993 839.009094
211.989600 842.443000 201.126831 837.408386
210.942500 840.673500 200.157013 835.616943
210.015200 838.668700 199.289383 833.624512
209.177100 836.492300 198.599640 831.438904
208.420100 834.203400 197.896866 829.109619
207.685300 831.756600 197.269363 826.624939
206.966400 829.169500 196.672394 824.042480
206.234900 826.499600 196.081161 821.351746
205.491300 823.727800 195.442657 818.528137
204.726900 820.872900 194.790207 815.641296
203.960100 817.947300 194.112030 812.666382
203.188700 814.944500 193.448029 809.620239
202.387700 811.853000 192.743759 806.485291
201.557100 808.685000 192.033081 803.282654
200.707000 805.446700 191.309921 800.017456
199.837600 802.169300 190.562729 796.688110
198.959100 798.853000 189.807648 793.339111
198.078300 795.512000 189.054260 789.947266
197.208100 792.134200 188.293793 786.518799
196.331500 788.727300 187.526154 783.069946
195.393800 785.296400 186.719482 779.587952
194.407000 781.832200 185.864868 776.086609
193.372100 778.361600 184.964630 772.556458
192.268500 774.862700 183.996368 769.005005
191.104500 771.351900 182.974792 765.445862
189.900200 767.803200 181.913666 761.831299
188.697400 764.215300 180.831329 758.168335
187.525500 760.573100 179.794952 754.452454
186.417200 756.874800 178.835693 750.703613
185.391100 753.140200 177.936493 746.905090
184.425300 749.376100 177.116455 743.091187
183.505800 745.586000 176.349609 739.243042
182.630800 741.760500 175.627594 735.367310
181.799600 737.920600 174.943665 731.483459
180.995700 734.046000 174.297714 727.603333
180.235100 730.165100 173.664200 723.702087
179.509000 726.267300 173.048981 719.766357
178.782600 722.358000 172.440704 715.810181
178.060700 718.433400 171.865540 711.889954
177.362100 714.485400 171.333115 707.930176
176.683600 710.485300 170.787277 703.930237
176.012100 706.523900 170.283310 699.919434
175.366700 702.573200 169.777435 695.912537
174.771600 698.664000 169.323364 691.974792
174.208700 694.786000 168.902222 688.033813
173.664500 690.971400 168.493378 684.182007
173.120400 687.194400 168.067841 680.352966
172.609800 683.452500 167.665009 676.583618
172.111300 679.757200 167.276550 672.854431
171.620100 676.075400 166.901550 669.163818
171.116500 672.425100 166.514618 665.497192
170.597300 668.791300 166.123581 661.842407
170.061700 665.158300 165.721283 658.182800
169.508500 661.515700 165.318207 654.505920
168.924400 657.855800 164.908691 650.826660
168.353600 654.164700 164.485931 647.096741
167.787000 650.469600 164.087799 643.398132
167.241700 646.760000 163.718369 639.687317
166.711700 643.033600 163.349518 635.933350
166.161900 639.298500 162.954453 632.193115
165.603300 635.547200 162.570892 628.445740
165.019900 631.781100 162.148468 624.643372
164.407900 627.989800 161.717224 620.841919
163.795100 624.165700 161.272797 616.996277
163.188600 620.333500 160.827866 613.151733
162.585900 616.485800 160.391357 609.265686
162.003800 612.637200 159.958908 605.377136
161.404000 608.796100 159.541626 601.498901
160.758000 604.972100 159.102509 597.612793
160.133600 601.135300 158.674500 593.702454
159.495800 597.273400 158.226837 589.798889
158.840300 593.366000 157.792938 585.831970
158.208600 589.447000 157.368134 581.846436
157.580800 585.515400 156.932678 577.854919
156.942900 581.558400 156.493744 573.880432
156.315100 577.584700 156.064240 569.903687
155.693100 573.602200 155.639191 565.916199
155.097900 569.612100 155.220932 561.926025
154.494600 565.631700 154.798462 557.913025
153.882900 561.635800 154.376160 553.917542
153.275400 557.661700 153.928619 549.895386
152.657100 553.699500 153.487686 545.894226
152.007000 549.736100 153.047287 541.903320
151.335500 545.780700 152.582825 537.908081
150.702300 541.830000 152.131607 533.878601
150.111100 537.863200 151.709274 529.909424
149.565800 533.878000 151.261627 525.885681
149.070700 529.886400 150.850937 521.875549
148.583300 525.892200 150.454590 517.876648
148.098100 521.899600 150.055161 513.866577
147.615200 517.906000 149.669403 509.867920
147.078600 513.924800 149.259491 505.875732
146.557400 509.928000 148.832809 501.864471
145.990800 505.947400 148.404114 497.944305
145.414200 501.983900 147.983734 493.934692
144.839400 498.023200 147.540359 489.944733
144.237000 494.066600 147.065277 485.969574
143.642200 490.086700 146.598175 482.006409
143.093600 486.100600 146.132065 478.018524
142.520000 482.109500 145.670792 474.015198
141.953600 478.120000 145.235321 470.025818
141.409200 474.120700 144.813324 466.040039
140.866200 470.116800 144.388855 462.026703
140.329900 466.129000 143.981689 458.045227
139.802900 462.170200 143.580551 454.111725
139.285200 458.259400 143.191177 450.220001
138.767400 454.380800 142.802063 446.343811
138.265200 450.537100 142.431824 442.540375
137.781900 446.703500 142.068390 438.707733
137.326700 442.890000 141.737976 434.902161
136.905100 439.064700 141.441696 431.061646
136.518100 435.237300 141.163696 427.223175
136.143200 431.414200 140.907654 423.404541
135.825400 427.592200 140.688904 419.598969
135.543200 423.737300 140.537445 415.758423
135.270100 419.908100 140.401581 411.934906
135.035900 416.031200 140.335526 408.065247
134.860400 412.167200 140.298080 404.198853
134.729600 408.319200 140.310455 400.357086
134.657500 404.515600 140.381393 396.587769
134.622800 400.768700 140.482300 392.877197
134.596400 397.079600 140.580658 389.193481
134.623000 393.460300 140.722000 385.558533
134.664700 389.903700 140.892593 381.999207
134.742900 386.395400 141.086060 378.499542
134.849100 382.945500 141.303665 375.070190
134.972000 379.565400 141.526855 371.701385
135.131800 376.244700 141.781448 368.391388
135.333900 373.018200 142.073944 365.185059
135.556500 369.861200 142.402496 362.058075
135.838900 366.777100 142.773346 359.000336
136.225700 363.791900 143.252319 356.047638
136.738700 360.891300 143.837677 353.182434
137.359000 358.081000 144.552032 350.384613
138.112400 355.303200 145.404053 347.627075
138.966200 352.534800 146.350357 344.885010
139.893600 349.805900 147.348877 342.183594
140.896000 347.157200 148.424438 339.562500
141.971400 344.579000 149.545441 337.031616
143.130500 342.084500 150.765106 334.580566
144.392300 339.674500 152.087921 332.219910
145.777400 337.332100 153.515442 329.929565
147.331500 335.073900 155.099304 327.723938
149.057400 332.893100 156.857010 325.623566
150.967000 330.772000 158.794556 323.614685
153.050000 328.762800 160.909531 321.726349
155.286900 326.913400 163.181992 319.964203
157.696000 325.210700 165.594513 318.365479
160.258100 323.696400 168.154251 316.967407
162.973100 322.395300 170.834503 315.792572
165.832800 321.314600 173.659241 314.862183
168.823000 320.455500 176.631805 314.122620
171.915000 319.751800 179.704742 313.539276
175.093600 319.154400 182.877731 313.063721
178.356600 318.621500 186.125671 312.650482
181.670600 318.107800 189.489960 312.265442
184.954100 317.552100 192.910980 311.908203
188.360600 317.014600 196.443069 311.542603
191.810500 316.498600 199.972397 311.163696
195.303300 315.956300 203.557877 310.732056
198.810200 315.370500 207.126434 310.254364
202.319700 314.727700 210.698853 309.706451
205.854900 314.018600 214.258408 309.110046
209.382100 313.210000 217.834290 308.404816
212.873900 312.313500 221.371246 307.619598
216.282400 311.315800 224.818512 306.730835
219.602300 310.211800 228.141693 305.732147
222.828600 308.969500 231.371170 304.605835
225.892800 307.618500 234.495361 303.351776
228.857400 306.132600 237.486893 301.973022
231.705300 304.510000 240.404694 300.416748
234.404500 302.795000 243.153168 298.806305
236.964200 301.022400 245.759964 297.131439
239.357400 299.191600 248.207748 295.368988
241.573300 297.348000 250.463989 293.611023
243.583200 295.531300 252.547913 291.842560
245.364000 293.745300 254.391602 290.108704
246.928300 292.003400 256.009003 288.404388
248.255900 290.313300 257.388031 286.751984
249.318200 288.712300 258.506958 285.169006
250.170400 287.137600 259.410461 283.604004
250.789300 285.600000 260.086914 282.055115
251.165900 284.019700 260.511200 280.472870
251.314100 282.347000 260.741669 278.851715
251.208600 280.685900 260.708618 277.180145
250.772400 279.031200 260.327301 275.436035
249.999900 277.363100 259.604919 273.704681
248.862600 275.742500 258.518372 272.050171
247.391400 274.199800 257.084564 270.463043
245.604100 272.717600 255.361694 268.915771
243.606700 271.249000 253.401443 267.361389
241.483200 269.657000 251.303680 265.673279
239.255900 267.931300 249.142654 263.886932
236.942400 266.062700 246.885666 261.934906
234.573400 264.060900 244.574646 259.847076
232.194200 261.911300 242.281204 257.626495
229.828600 259.643500 239.977066 255.271622
227.459400 257.285700 237.668427 252.831268
225.117700 254.818300 235.427094 250.315643
222.794900 252.268100 233.146011 247.679443
220.539900 249.684100 230.958740 245.021194
218.379000 247.150200 228.865845 242.412460
216.331900 244.688600 226.902344 239.877899
214.447100 242.296600 225.083313 237.416351
212.738900 239.986300 223.423401 235.048401
211.155100 237.800000 221.884232 232.808334
209.645500 235.806000 220.406326 230.731491
208.153800 234.063200 218.933990 228.926743
206.642600 232.599300 217.448380 227.403839
205.050700 231.388700 215.907028 226.150375
203.386000 230.453900 214.225403 225.151413
201.568800 229.804200 212.409576 224.419067
199.652600 229.469400 210.441223 224.018951
197.649300 229.448700 208.388779 223.975739
195.695200 229.808500 206.352814 224.282379
193.757500 230.545900 204.376465 224.964218
191.873400 231.575500 202.400421 225.947571
190.008500 232.786900 200.417114 227.130463
188.027800 234.075600 198.319870 228.366867
185.893500 235.390300 196.074142 229.660309
183.609800 236.705800 193.679947 230.922226
181.165200 238.005100 191.177795 232.100662
178.517300 239.254000 188.479218 233.244431
175.726900 240.407000 185.653641 234.278702
172.707400 241.421200 182.637146 235.214096
169.603600 242.357600 179.564209 236.074844
166.445500 243.209000 176.431839 236.835922
163.269700 243.975200 173.216644 237.484863
160.018600 244.710100 169.961517 238.143570
156.736700 245.397400 166.725983 238.739059
153.408400 246.036100 163.428131 239.296707
150.090200 246.634600 160.122253 239.794693
146.806300 247.228400 156.822083 240.274307
143.505000 247.801600 153.523102 240.735275
140.209300 248.367500 150.261444 241.197998
136.935100 248.926700 147.003647 241.641632
133.701200 249.482000 143.779739 242.111786
130.512300 250.041400 140.596222 242.594513
127.368600 250.623000 137.412781 243.119766
124.279500 251.271600 134.306686 243.711105
121.226800 251.988400 131.227097 244.378448
118.235900 252.796200 128.201019 245.120193
115.296000 253.710500 125.216438 245.978043
112.410900 254.793600 122.287453 246.960831
109.550100 256.073600 119.376732 248.127731
106.765300 257.559400 116.555229 249.477005
104.058300 259.195200 113.801918 251.015900
101.451300 260.983800 111.134254 252.703552
98.958900 262.930000 108.563278 254.549850
96.560750 265.038400 106.074219 256.559265
94.233290 267.302400 103.669907 258.706909
91.992660 269.682500 101.368332 261.014038
89.872160 272.215300 99.167389 263.479980
87.867480 274.902800 97.091156 266.102234
85.990600 277.735000 95.125443 268.853577
84.244040 280.710100 93.276871 271.765076
82.619100 283.777000 91.566566 274.750793
81.079690 286.968600 89.927139 277.898956
79.784310 290.233300 88.523552 281.088623
78.568560 293.653400 87.188095 284.437683
77.471470 297.091000 85.971184 287.783081
76.507590 300.590600 84.883766 291.211334
75.684350 304.118500 83.941841 294.684235
74.993740 307.691900 83.118927 298.211975
74.448540 311.297700 82.454765 301.789764
74.042020 314.935900 81.927132 305.403870
73.771590 318.594800 81.538918 309.017181
73.715910 322.261900 81.233154 312.665771
73.769420 325.907700 80.999756 316.298431
73.817040 329.552100 80.828888 319.938385
74.000290 333.173500 80.697037 323.559082
74.172500 336.809200 80.600021 327.153107
74.344680 340.442200 80.546112 330.784332
74.514430 344.091300 80.548912 334.405273
74.662940 347.746700 80.527817 338.018311
74.736070 351.400000 80.422768 341.608307
74.769320 355.000700 80.327675 345.185730
74.814470 358.586500 80.228302 348.738892
74.746920 362.178000 80.097733 352.310669
74.686830 365.745600 79.946533 355.854218
74.555740 369.317000 79.768463 359.400482
74.360040 372.935200 79.522324 362.958710
74.109450 376.533900 79.206589 366.493164
73.828330 380.133100 78.836868 370.048645
73.476450 383.716600 78.396202 373.552612
73.062260 387.295400 77.909363 377.075928
72.635640 390.839200 77.385254 380.572845
72.123690 394.365700 76.758049 384.058990
71.585570 397.910500 76.096008 387.571320
70.976400 401.435000 75.376663 391.068085
70.311850 404.959700 74.596817 394.563568
69.602670 408.449900 73.774574 398.044281
68.879140 411.948200 72.971550 401.520874
68.139490 415.452800 72.138817 404.947632
67.432580 418.981100 71.294548 408.395966
66.735590 422.501800 70.461586 411.844116
66.031790 425.991100 69.647919 415.307251
65.337700 429.457600 68.855881 418.755615
64.678150 432.971500 68.078194 422.258606
64.092350 436.564700 67.385170 425.824951
63.538820 440.165700 66.722298 429.382629
63.089490 443.780200 66.156578 432.974304
62.687700 447.405600 65.656555 436.551361
62.395430 451.016900 65.262299 440.135803
62.179910 454.600300 64.936073 443.706299
62.016060 458.184800 64.653091 447.278748
61.878910 461.762700 64.397415 450.834686
61.782260 465.339800 64.173752 454.394653
61.711200 468.924000 63.965530 457.966492
61.669710 472.506000 63.791241 461.530975
61.695530 476.094800 63.676048 465.090515
61.729390 479.666900 63.577759 468.654907
61.822870 483.270300 63.533600 472.241669
61.924810 486.878100 63.495209 475.837677
62.056550 490.478600 63.489048 479.431610
62.176020 494.117900 63.470181 483.079834
62.266690 497.773900 63.430580 486.690125
62.330910 501.484400 63.375481 490.330872
62.383600 505.245100 63.345833 494.003662
62.456820 509.016300 63.365631 497.728210
62.639660 512.800600 63.480587 501.465607
62.868350 516.638100 63.633121 505.250763
63.106400 520.456700 63.776237 508.992584
63.367240 524.259400 63.966240 512.759705
63.593570 528.081800 64.092857 516.504395
63.801530 531.888200 64.205833 520.261414
64.024540 535.667900 64.323288 524.000244
64.206830 539.467500 64.381882 527.729553
64.344710 543.234900 64.405235 531.425110
64.496310 546.996900 64.429718 535.138306
64.631930 550.743000 64.440422 538.840332
64.749170 554.462700 64.440117 542.537354
64.914610 558.167300 64.484116 546.231995
65.103700 561.867200 64.549973 549.928406
65.335960 565.517200 64.651489 553.554382
65.569200 569.190200 64.762848 557.183777
65.794250 572.863800 64.865700 560.838562
65.979210 576.521900 64.947159 564.422302
66.180050 580.172300 65.037659 568.054382
66.362280 583.853000 65.109360 571.710205
66.538350 587.515200 65.180161 575.332520
66.682270 591.168900 65.209435 578.946167
66.777600 594.811400 65.191360 582.544006
66.890400 598.420300 65.190903 586.110718
67.026690 602.042900 65.200798 589.719482
67.177460 605.622900 65.238937 593.288391
67.323020 609.198300 65.271133 596.851562
67.450500 612.758000 65.294106 600.401001
67.653570 616.289300 65.398239 603.924316
67.878290 619.813700 65.524536 607.448486
68.154010 623.308500 65.699402 610.923828
68.437020 626.799600 65.883690 614.400879
68.771410 630.257700 66.124519 617.867676
69.202550 633.695200 66.451851 621.284058
69.600670 637.103300 66.760056 624.644043
70.036830 640.488700 67.105095 628.026184
70.506270 643.807100 67.477058 631.349060
70.892770 647.161500 67.762604 634.709839
71.232770 650.443300 68.009903 638.020386
71.580170 653.720500 68.245911 641.231995
71.988160 656.939000 68.492264 644.505615
72.305150 660.204100 68.684723 647.728821
72.604120 663.408400 68.822449 650.955994
72.917010 666.635000 68.953079 654.189575
73.242550 669.852400 69.094498 657.435181
73.637330 673.050100 69.264061 660.672791
74.027710 676.284300 69.473953 663.938416
74.459600 679.526800 69.764046 667.173523
74.950660 682.820100 70.117500 670.453186
75.485380 686.101000 70.471230 673.758850
75.997000 689.438300 70.854652 677.085449
76.620780 692.817900 71.290558 680.456482
77.255750 696.266300 71.765602 683.883728
77.860920 699.720200 72.249344 687.324219
78.456960 703.252300 72.703888 690.878235
79.046650 706.838300 73.157745 694.476624
79.748960 710.431700 73.617981 698.087830
80.377820 714.087800 74.065163 701.782471
80.984990 717.795000 74.555069 705.504150
81.568530 721.524100 75.047104 709.205017
82.226950 725.230100 75.562752 712.933594
82.971570 728.932500 76.140060 716.672119
83.716810 732.637800 76.728180 720.361267
84.461420 736.340000 77.366653 724.111816
85.205890 740.041500 78.080734 727.810974
85.988280 743.734800 78.808144 731.506653
86.881120 747.371500 79.571739 735.152710
87.770200 751.019300 80.333633 738.828003
88.659140 754.657900 81.123390 742.467957
89.568830 758.256300 81.928154 746.100891
90.529500 761.919200 82.792641 749.790222
91.504420 765.495400 83.674271 753.428589
92.518360 769.126400 84.562546 757.042419
93.541990 772.703400 85.474686 760.648499
94.615270 776.302000 86.458313 764.269226
95.687250 779.833200 87.429146 767.821350
96.764590 783.369100 88.422333 771.376709
97.857970 786.887700 89.431725 774.906433
98.977700 790.363900 90.448456 778.393494
100.102700 793.842400 91.500259 781.888733
101.281700 797.278800 92.586151 785.344177
102.480100 800.701200 93.693848 788.803650
103.706800 804.080200 94.801025 792.194885
104.948300 807.449200 95.959198 795.640381
106.192400 810.798000 97.084015 799.008789
107.467000 814.117100 98.259735 802.377014
108.775000 817.411500 99.436188 805.712280
110.077600 820.689800 100.625809 809.034241
111.337000 823.916800 101.780228 812.327698
112.595900 827.082700 102.936401 815.544312
113.862500 830.153000 104.118378 818.640503
115.118400 833.166500 105.271652 821.691040
116.423500 836.128900 106.480988 824.703491
117.895400 839.037200 107.823547 827.679565
119.447600 841.885100 109.269821 830.603027
121.088600 844.701900 110.820587 833.507019
122.872100 847.290700 112.419464 836.294678
124.724400 849.810800 114.166870 839.086304
126.575500 852.329600 115.937042 841.732239
128.426600 854.848600 117.771088 844.330383
130.276800 857.367000 119.590210 846.798279
132.127400 859.883600 121.412628 849.154846
133.992200 862.014800 123.206696 851.389771
135.814600 864.035300 124.939545 853.506287
137.604800 865.988300 126.660706 855.553467
139.298200 867.835900 128.303070 857.489868
140.919200 869.609300 129.882843 859.302368
142.486000 871.338400 131.366638 861.105713
143.940800 872.954000 132.777954 862.789978
145.300100 874.412900 134.076202 864.316589
146.559000 875.661600 135.291473 865.609131
147.650800 876.418400 136.388885 866.659058
148.685500 877.020600 137.366302 867.466675
149.713200 877.623900 138.300598 868.152832
150.732500 878.227900 139.325165 868.728149
151.742600 878.831700 140.375427 869.194946
152.808100 879.342000 141.497345 869.513489
154.068700 879.516900 142.769119 869.693237
155.413300 879.479400 144.143387 869.801636
156.888700 879.272300 145.646271 869.653687
158.478100 878.881900 147.252289 869.304199
160.134900 878.287500 148.928772 868.760254
161.860100 877.489100 150.680542 868.012573
163.672500 876.562600 152.546158 867.133423
165.594100 875.530000 154.515335 866.158813
167.624000 874.437100 156.587997 865.122437
169.770000 873.289900 158.768921 864.040955
172.035600 872.094100 161.054443 862.941223
174.385300 870.862300 163.412628 861.768799
176.854600 869.589200 165.916290 860.566711
179.401000 868.288100 168.489120 859.345154
181.975500 866.969700 171.080139 858.097778
184.536700 865.639500 173.677872 856.841370
187.062400 864.284700 176.236298 855.548706
189.538900 862.924800 178.737045 854.259827
191.918900 861.611300 181.171692 853.003662
194.206900 860.315700 183.463013 851.797974
196.343300 858.956400 185.684525 850.649719
198.368400 857.888200 187.803452 849.600708
200.275000 856.919100 189.857239 848.681213
202.193600 856.085800 191.828247 847.918884
204.073500 855.496400 193.692215 847.415283
205.960400 855.183900 195.513458 847.189758
207.864300 855.202100 197.331635 847.230164
209.713700 855.529100 199.111008 847.563477
211.499200 856.220700 200.849548 848.287292
213.188100 857.107700 202.468079 849.371948
214.784400 858.522000 203.954132 850.780518
216.227100 860.190500 205.298187 852.462952
217.589200 862.100400 206.571793 854.417053
218.870200 864.194100 207.748871 856.555115
220.036500 866.491500 208.821594 858.874268
221.092500 868.955100 209.790619 861.392761
222.159200 871.551200 210.765686 864.024414
223.261300 874.233400 211.795441 866.752319
224.402100 877.003500 212.836426 869.574646
225.538100 879.835200 213.847595 872.462708
226.647400 882.714200 214.851212 875.377441
227.713000 885.605500 215.825348 878.315857
228.729800 888.498800 216.754272 881.266296
229.740400 891.364700 217.663361 884.174622
230.756400 894.190300 218.588074 887.050964
231.798000 896.975600 219.533234 889.900452
232.862200 899.689300 220.514557 892.669434
234.006400 902.314400 221.576614 895.356506
235.284000 904.779800 222.807175 897.922302
236.717300 907.106500 224.167160 900.321899
238.297800 909.282700 225.683746 902.559448
240.026200 911.279800 227.336884 904.603333
241.899800 913.107900 229.151611 906.515625
243.969200 914.753500 231.108673 908.219849
246.167200 916.200700 233.194153 909.745728
248.519300 917.425900 235.420197 911.050415
250.970500 918.372900 237.823944 912.135498
253.540200 919.159700 240.370331 913.034180
256.240400 919.688000 243.058762 913.679749
259.064500 919.965800 245.934753 914.111328
262.004800 920.092700 248.883789 914.349792
265.032800 920.081200 251.933853 914.440491
268.210100 920.078400 255.087769 914.383667
271.495300 919.927300 258.344940 914.248352
274.820000 919.698100 261.646729 914.074646
278.229300 919.336300 264.976196 913.817566
281.674700 918.885400 268.352692 913.478760
285.133600 918.345800 271.788544 913.060791
288.622600 917.728600 275.279480 912.579407
292.132800 917.013700 278.830627 912.010742
295.617300 916.238200 282.344940 911.355347
299.090900 915.358200 285.860199 910.636047
302.533100 914.353500 289.342255 909.831726
305.943200 913.309900 292.801483 908.962341
309.311700 912.191400 296.163391 908.011658
312.679900 911.045400 299.530670 907.013916
316.061700 909.902400 302.917328 906.003052
319.450400 908.753400 306.343414 904.994324
322.840000 907.560400 309.745667 903.937988
326.249400 906.356000 313.165985 902.868958
329.691100 905.139800 316.622925 901.794556
333.195400 903.900600 320.160889 900.684570
336.754600 902.625300 323.734955 899.536865
340.384100 901.328400 327.397217 898.358948
344.064600 899.969000 331.092377 897.137512
347.769700 898.590900 334.822296 895.884827
351.401700 897.220500 338.484436 894.636719
354.975200 895.841100 342.098816 893.382812
358.485000 894.463600 345.658478 892.118652
361.949500 893.084300 349.153290 890.875793
365.336200 891.732700 352.566986 889.642639
368.619200 890.389400 355.900055 888.416809
371.749500 889.112100 359.078613 887.253113
374.681800 887.918900 362.067627 886.169067
377.389200 886.824500 364.815796 885.170044
379.874900 885.837000 367.324341 884.260132
382.177900 884.931600 369.636017 883.429871
384.328100 884.100300 371.796356 882.650391
386.400700 883.311200 373.885925 881.905334
388.376900 882.536800 375.892487 881.191772
390.309000 881.774800 377.874481 880.489685
392.306100 880.993700 379.878937 879.771423
394.377700 880.162100 381.991272 879.011902
396.550200 879.262200 384.203949 878.203918
398.842300 878.314900 386.557922 877.358582
401.259600 877.339000 389.016541 876.467346
403.789800 876.325100 391.583344 875.544250
406.435900 875.291100 394.257568 874.609802
409.217000 874.214500 397.043274 873.643982
412.118100 873.111300 399.939148 872.635803
415.118700 871.959800 402.937164 871.589966
418.218100 870.771000 406.017578 870.509583
421.393100 869.520300 409.188049 869.386047
424.627300 868.193200 412.463470 868.178162
427.914800 866.771900 415.784668 866.886353
431.247800 865.254500 419.189575 865.490479
434.552400 863.690400 422.544769 864.058044
437.807500 862.081600 425.889954 862.575134
440.966600 860.444200 429.104523 861.061829
444.049200 858.816700 432.258026 859.532898
447.069000 857.193700 435.341400 858.017151
450.037100 855.607100 438.362549 856.548950
452.944600 854.081100 441.316315 855.131897
455.777600 852.654400 444.180847 853.815918
458.467600 851.383400 446.871918 852.636780
460.990700 850.198200 449.428894 851.547913
463.426800 849.070300 451.901672 850.512817
465.787600 847.990900 454.291595 849.521484
468.094900 846.950600 456.617523 848.565552
470.366800 845.937300 458.940094 847.633118
472.708100 844.897600 461.331573 846.681885
475.121700 843.800400 463.806763 845.662048
477.587500 842.683800 466.296448 844.655212
480.152400 841.532300 468.906433 843.591492
482.766300 840.339500 471.568085 842.482422
485.445100 839.143200 474.263733 841.374817
488.188300 837.891400 477.019287 840.233032
490.987500 836.623000 479.815125 839.096558
493.803100 835.351100 482.639099 837.935669
496.624700 834.094400 485.508423 836.773193
499.474300 832.809600 488.421143 835.594360
502.358500 831.502600 491.351685 834.387329
505.286800 830.236700 494.323792 833.173889
508.248000 828.948300 497.313416 831.966980
511.244100 827.658100 500.316711 830.759583
514.267100 826.347100 503.346252 829.552795
517.327800 825.031500 506.410583 828.344238
520.388500 823.719100 509.476135 827.133606
523.389100 822.420300 512.480713 825.952637
526.283400 821.190400 515.390137 824.819702
529.057000 820.023600 518.170349 823.752869
531.704800 818.934000 520.843384 822.752319
534.226500 817.916400 523.396179 821.823181
536.656700 816.946600 525.854736 820.940308
539.023500 815.952900 528.246155 820.029724
541.317300 814.866300 530.594299 819.028381
543.532000 813.688600 532.866638 817.921143
545.686900 812.396800 535.062195 816.700073
547.734700 810.971800 537.167847 815.337280
549.629400 809.339400 539.106750 813.742554
551.297600 807.502100 540.862671 811.928772
552.779900 805.465100 542.441895 809.879517
554.025400 803.122900 543.821228 807.592041
555.053800 800.603800 544.937378 805.060547
555.833800 797.890700 545.813354 802.343872
556.486200 795.031700 546.577148 799.481506
557.103100 792.043700 547.297302 796.515015
557.706900 788.950900 548.000610 793.435913
558.314100 785.757400 548.717529 790.252625
558.963000 782.480200 549.471497 787.021667
559.664300 779.132300 550.269958 783.716187
560.383500 775.702500 551.082336 780.319092
561.143700 772.190100 551.940979 776.892212
561.955700 768.606200 552.831299 773.369751
562.794300 764.921400 553.735474 769.759766
563.665600 761.194600 554.674377 766.089111
564.512000 757.439400 555.617004 762.392151
565.360500 753.691900 556.561646 758.704102
566.202300 749.955700 557.493103 755.019714
567.038700 746.210000 558.436340 751.338257
567.914000 742.455400 559.398438 747.633667
568.809800 738.700200 560.393494 743.932617
569.651600 734.948800 561.344299 740.215942
570.504400 731.165000 562.311646 736.466858
571.381700 727.390900 563.289368 732.726807
572.231200 723.645800 564.233582 729.039917
573.054100 719.904800 565.165771 725.314392
573.889700 716.163100 566.111328 721.619019
574.718600 712.404800 567.050537 717.889465
575.527100 708.639600 567.962646 714.158875
576.261300 704.869800 568.802917 710.408936
576.930700 701.064300 569.573181 706.632263
577.575900 697.234700 570.307678 702.819458
578.192400 693.375300 571.008362 699.003784
578.778500 689.496000 571.682800 695.168884
579.345900 685.591800 572.337646 691.296692
579.857300 681.665400 572.950134 687.400269
580.310600 677.720500 573.539185 683.440796
580.758800 673.746400 574.108337 679.478882
581.155000 669.796200 574.622803 675.542236
581.510700 665.865700 575.101318 671.633789
581.822900 661.969700 575.520813 667.744934
582.077900 658.112900 575.899658 663.901489
582.273900 654.274900 576.203003 660.075012
582.437900 650.427100 576.479797 656.230591
582.599800 646.577200 576.746155 652.412292
582.753900 642.693800 576.996033 648.551880
582.851400 638.813400 577.179260 644.702087
582.898800 634.890000 577.347046 640.779236
582.982400 630.949500 577.545349 636.857910
583.073100 627.003400 577.750366 632.907471
583.192100 623.061600 577.973450 628.928894
583.328900 619.143000 578.220459 624.994080
583.475300 615.223700 578.480957 621.052368
583.625900 611.282200 578.735962 617.119629
583.720700 607.341100 579.022705 613.180908
583.834500 603.396300 579.306580 609.217529
583.934300 599.462000 579.565796 605.259949
584.036500 595.562800 579.837341 601.377930
584.162200 591.689200 580.113831 597.509766
584.227300 587.867900 580.383301 593.630493
584.317600 584.024500 580.656128 589.766602
584.499000 580.192700 581.009277 585.954407
584.808000 576.397200 581.469421 582.157593
585.238500 572.636300 582.025574 578.402832
585.796800 568.901300 582.721924 574.666809
586.480500 565.193700 583.522888 570.964539
587.248500 561.507600 584.391785 567.287903
588.029900 557.836500 585.270874 563.610474
588.838600 554.171600 586.159668 560.001343
589.673700 550.509400 587.071350 556.384949
590.516100 546.866500 587.989014 552.767822
591.343500 543.261900 588.897766 549.189026
592.132200 539.698600 589.769409 545.651489
592.828000 536.162600 590.542175 542.157715
593.460000 532.659000 591.260254 538.671021
594.031700 529.277200 591.916260 535.306152
594.554500 526.081000 592.527405 532.148804
595.075800 523.072600 593.119751 529.197632
595.617300 520.255100 593.725952 526.401001
596.166400 517.626800 594.332336 523.798157
596.704800 515.143200 594.929626 521.323364
597.194900 512.833500 595.478455 519.026733
597.576200 510.694300 595.915283 516.880310
597.786600 508.667900 596.186096 514.831299
597.747500 506.649500 596.251526 512.810242
597.514600 504.697700 596.088257 510.821899
597.070500 502.800000 595.698975 508.903870
596.402400 500.998300 595.072876 507.073914
595.438900 499.228700 594.139648 505.229858
594.162500 497.526700 592.896240 503.475037
592.513700 495.900800 591.356750 501.882202
590.635600 494.532500 589.526550 500.485443
588.500500 493.343000 587.437073 499.248352
586.178900 492.278900 585.135803 498.135559
583.738500 491.279000 582.710022 497.069550
581.166800 490.215600 580.160950 495.943787
578.490800 489.083700 577.477661 494.744873
575.723500 487.861500 574.698730 493.450348
572.904600 486.554700 571.886475 492.079590
570.042200 485.190900 569.034302 490.646637
567.169200 483.760200 566.164062 489.145844
564.280500 482.280300 563.294312 487.609619
561.350400 480.769600 560.408752 486.037842
558.405800 479.261600 557.451111 484.467163
555.376800 477.743300 554.457275 482.847382
552.348800 476.229900 551.482178 481.250366
549.309400 474.657200 548.496338 479.614868
546.268100 473.067100 545.522705 477.955933
543.205700 471.460400 542.505981 476.277313
540.123400 469.844900 539.448364 474.593964
537.055800 468.227900 536.421082 472.917999
534.039300 466.620500 533.426941 471.248047
531.070100 465.041900 530.486206 469.601257
528.189800 463.496400 527.614014 467.985260
525.392500 461.985300 524.845093 466.405884
522.696400 460.482700 522.167542 464.833008
520.138600 459.018200 519.635925 463.297729
517.756100 457.609300 517.267578 461.840179
515.544600 456.272300 515.044678 460.444550
513.468500 454.993400 512.960449 459.108826
511.515000 453.792000 510.972290 457.850830
509.647000 452.752700 509.119965 456.755615
507.816400 451.952700 507.279144 455.887482
506.024700 451.375100 505.465759 455.272034
504.164400 451.057300 503.587646 454.899658
502.213400 450.955500 501.653107 454.776306
500.360000 451.174600 499.776550 454.945496
498.532400 451.717400 497.892517 455.418518
496.762400 452.594900 496.078064 456.253357
495.085200 453.803100 494.361206 457.431458
493.512800 455.370800 492.767365 458.958832
492.140200 457.192000 491.325592 460.815674
490.899800 459.329000 489.973389 463.012482
489.697100 461.689000 488.646790 465.410950
488.436200 464.216900 487.238251 468.017334
487.065300 466.910000 485.773529 470.692505
485.589500 469.753000 484.170898 473.578430
484.009700 472.740300 482.496399 476.573029
482.314200 475.837000 480.721802 479.631042
480.567300 479.018100 478.901062 482.807526
478.766800 482.282500 477.021790 486.053528
476.977200 485.484200 475.104370 489.292023
475.149800 488.770200 473.147095 492.642212
473.326600 492.020400 471.191010 495.916718
471.475600 495.302800 469.220764 499.220398
469.568200 498.617300 467.230774 502.551697
467.651300 501.958900 465.218872 505.866089
465.708000 505.334400 463.170868 509.258209
463.769100 508.731500 461.152954 512.617920
461.845200 512.161900 459.136658 516.025208
459.919600 515.621400 457.124908 519.447693
457.939000 519.112900 455.113647 522.887634
455.953400 522.620500 453.110321 526.308533
453.935100 526.117100 451.071472 529.753662
451.928900 529.614300 449.030914 533.198730
449.964500 533.134600 446.983765 536.667053
448.010500 536.687300 444.961731 540.149048
446.054100 540.236000 442.947174 543.643372
444.056100 543.807900 440.926697 547.150024
442.049300 547.417800 438.890259 550.688782
440.037800 551.028500 436.846619 554.224365
438.025200 554.634600 434.797791 557.739136
435.977800 558.237500 432.722107 561.281616
433.919500 561.855000 430.602661 564.839478
431.843000 565.470100 428.487061 568.415100
429.767800 569.108300 426.365540 571.988464
427.667800 572.747600 424.244354 575.531189
425.537800 576.435200 422.124207 579.094604
423.436400 580.100900 419.996033 582.660645
421.318500 583.767700 417.811279 586.248901
419.219900 587.449100 415.670288 589.846619
417.120400 591.134600 413.521057 593.463745
415.005200 594.832500 411.352722 597.070129
412.888500 598.541400 409.221619 600.663330
410.755500 602.261600 407.033630 604.279114
408.648800 605.999000 404.871643 607.939575
406.499300 609.720300 402.660339 611.548096
404.349900 613.457900 400.447998 615.224854
402.219500 617.158900 398.268188 618.834473
400.144400 620.804100 396.132141 622.424683
398.088300 624.376000 394.005493 625.906738
396.094000 627.872100 391.953339 629.356934
394.096100 631.363900 389.888306 632.790039
392.096200 634.841100 387.818268 636.227844
390.122200 638.266000 385.772217 639.604736
388.138200 641.719200 383.725067 642.985779
386.190000 645.182000 381.689453 646.322815
384.289400 648.626900 379.680359 649.701050
382.388400 652.005600 377.682007 653.000977
380.473700 655.356700 375.677185 656.272278
378.503900 658.701400 373.641724 659.540039
376.494800 662.062000 371.600647 662.815796
374.499000 665.373200 369.551361 666.124329
372.495100 668.759000 367.469482 669.460999
370.503500 672.182700 365.407196 672.824646
368.470500 675.625200 363.300232 676.200745
366.423200 679.124800 361.173462 679.640503
364.370700 682.649600 359.054077 683.059448
362.295100 686.175900 356.910004 686.490479
360.227100 689.735900 354.768982 689.996948
358.182300 693.297500 352.678375 693.448608
356.109700 696.850900 350.547089 696.916504
354.085800 700.357400 348.439880 700.340454
352.038300 703.859700 346.324280 703.752441
350.008800 707.353700 344.215454 707.162109
347.982700 710.855500 342.112366 710.541260
345.942000 714.320900 340.001373 713.919556
343.906200 717.779200 337.889709 717.268311
341.889600 721.226700 335.799927 720.637085
339.882000 724.654800 333.728516 723.952515
337.868700 728.103400 331.659058 727.314392
335.866200 731.571800 329.573425 730.706543
333.967500 735.105200 327.470154 734.157410
332.130600 738.707000 325.345886 737.624634
330.109000 742.325700 323.198242 741.206909
328.052600 745.993300 321.057922 744.798462
325.960300 749.694700 318.889832 748.365906
323.882400 753.400900 316.712036 751.994507
321.810400 757.046400 314.545654 755.532104
319.688500 760.664000 312.371857 759.077271
317.595700 764.288500 310.144897 762.576538
315.554700 767.892700 307.909790 766.094299
313.514600 771.526200 305.660553 769.592896
311.450700 775.119600 303.416473 773.052612
309.357300 778.629400 301.148804 776.432617
307.194900 782.050500 298.832672 779.767883
304.937400 785.448200 296.437439 783.043030
302.592400 788.799400 293.973816 786.282104
300.153800 792.111000 291.421051 789.489197
297.624000 795.374800 288.771301 792.636414
294.927000 798.539300 286.039490 795.714905
292.185800 801.678500 283.180695 798.773376
289.192200 804.695700 280.224121 801.747681
286.151300 807.624000 277.172974 804.637939
283.065000 810.476300 274.058716 807.446411
280.007100 813.213700 270.912048 810.098999
276.942200 815.904300 267.758026 812.618286
273.811500 818.493600 264.535400 815.039734
270.605600 820.960500 261.212952 817.385559
267.321200 823.303700 257.843384 819.595276
264.005200 825.567800 254.423706 821.727722
260.657900 827.735000 250.978668 823.733337
257.273000 829.813900 247.475494 825.686279
253.861800 831.809200 243.949722 827.549683
250.446800 833.761300 240.448196 829.359985
247.052800 835.652800 236.952438 831.131104
243.677200 837.476800 233.490448 832.852661
240.295500 839.294300 230.034729 834.554626
236.906500 841.089700 226.543243 836.253540
233.510200 842.896300 223.076080 837.930725
230.131200 844.723000 219.603653 839.645081
226.769300 846.514500 216.146896 841.325623
223.408300 848.268000 212.704651 842.966858
220.026300 849.991200 209.289001 844.561829
216.652600 851.728000 205.858276 846.157959
213.269900 853.442300 202.413834 847.760254
209.880600 855.139200 198.960541 849.320312
206.468800 856.885000 195.467255 850.919800
203.010300 858.620500 191.944305 852.519958
199.502700 860.363300 188.374786 854.152954
196.002500 862.107300 184.817963 855.783997
192.526600 863.893400 181.284637 857.455444
189.070200 865.686900 177.755051 859.149597
185.622800 867.526100 174.209381 860.890808
182.188500 869.362900 170.687820 862.614929
178.750800 871.210600 167.170898 864.318359
175.314500 873.051400 163.656250 866.048218
171.878500 874.938000 160.168930 867.807434
168.464000 876.882000 156.690186 869.642822
165.093500 878.898700 153.259216 871.555115
161.793700 881.039600 149.882294 873.577393
158.553600 883.315600 146.560974 875.740784
155.369300 885.727000 143.318787 878.031494
152.279000 888.277000 140.167511 880.464966
149.259200 890.897300 137.118317 882.937744
146.298100 893.633000 134.093689 885.547729
143.341500 896.377900 131.051147 888.195923
140.419600 899.149000 128.047394 890.877319
137.428800 901.883400 125.001526 893.509216
134.430600 904.585400 121.948334 896.122803
131.430500 907.268900 118.861145 898.751465
128.400000 909.942700 115.764191 901.334473
125.387100 912.605700 112.672943 903.912354
122.446000 915.311700 109.650574 906.535645
