-0.000000 0.000000 0.000000 0.000000
-0.031067 2.888054 -0.009551 2.851816
-0.064585 5.738958 -0.004583 5.669621
-0.101303 8.535486 -0.024781 8.436821
-0.142195 11.339520 -0.048278 11.211221
-0.184906 14.041360 -0.078796 13.928886
-0.236713 16.743090 -0.118864 16.644053
-0.293743 19.414190 -0.177867 19.313471
-0.351775 22.037930 -0.238996 21.922703
-0.412104 24.615430 -0.302084 24.492027
-0.469077 27.080370 -0.380377 26.968302
-0.537729 29.454710 -0.459032 29.353992
-0.609883 31.753310 -0.542078 31.662039
-0.707028 33.962280 -0.637814 33.886066
-0.822501 36.085730 -0.741764 36.019066
-0.935694 38.111240 -0.855916 38.060402
-1.022967 40.037480 -0.952535 39.994919
-1.107347 41.890890 -1.030703 41.875126
-1.156523 43.592390 -1.081768 43.601830
-1.165281 45.110470 -1.082394 45.137173
-1.139704 46.435620 -1.060515 46.502468
-1.077742 47.567320 -0.999916 47.650139
-1.006263 48.450880 -0.924813 48.560009
-0.897746 49.232390 -0.806232 49.357258
-0.757712 49.986150 -0.662354 50.134777
-0.562625 50.707270 -0.459564 50.862869
-0.317219 51.420200 -0.203919 51.584473
0.000274 52.129820 0.124971 52.297905
0.427978 52.800310 0.567728 52.975044
0.965237 53.472800 1.113111 53.652954
1.658262 54.153430 1.810743 54.350250
2.612681 54.789880 2.710199 54.996338
3.766145 55.335410 3.870260 55.588375
5.103719 55.721430 5.216625 56.041985
6.612372 55.902800 6.746479 56.269413
8.209580 55.971350 8.351810 56.357384
9.933246 55.981820 10.069105 56.364510
11.755010 55.963040 11.910541 56.329094
13.673080 55.883300 13.849169 56.261692
15.697980 55.779010 15.897496 56.194119
17.784720 55.672100 18.018431 56.113750
19.978240 55.590270 20.214758 56.055393
22.167140 55.510110 22.457018 56.009048
24.373310 55.484540 24.700476 55.993393
26.568060 55.472620 26.936071 56.000275
28.777650 55.510270 29.181007 56.011543
30.985590 55.548590 31.436264 56.060787
33.207400 55.613480 33.682865 56.135769
35.442520 55.709300 35.944847 56.238148
37.704740 55.826600 38.253693 56.365646
40.002200 55.976310 40.588310 56.530800
42.339510 56.141300 42.921528 56.705879
44.713720 56.343910 45.321274 56.903461
47.122240 56.605330 47.673580 57.172367
49.540680 56.921620 50.119781 57.474735
51.989070 57.297260 52.540943 57.857674
54.343180 57.698510 54.929287 58.257801
56.645460 58.120330 57.234314 58.686829
58.876010 58.567270 59.481319 59.141876
61.013190 59.021080 61.641987 59.603313
63.055930 59.468430 63.689056 60.057388
65.032810 59.902180 65.698975 60.498314
66.922080 60.298360 67.602173 60.904076
68.724720 60.677920 69.419220 61.297028
70.449950 61.033000 71.166626 61.646828
72.086540 61.346730 72.830841 61.955017
73.701140 61.657010 74.469788 62.254402
75.335240 61.944750 76.115547 62.540661
76.992600 62.291350 77.795860 62.908894
78.692590 62.691950 79.489166 63.314751
80.453400 63.179850 81.269325 63.813206
82.265790 63.740490 83.107719 64.373726
84.194030 64.399810 85.018562 65.021317
86.224450 65.153770 87.024445 65.765961
88.357870 65.993410 89.126465 66.579132
90.502450 66.907090 91.260422 67.481941
92.609040 67.903710 93.380638 68.449257
94.633120 68.920130 95.421005 69.437447
96.583420 69.912990 97.403557 70.405937
98.435050 70.883890 99.293556 71.367241
100.212200 71.816210 101.095619 72.288750
101.905500 72.735820 102.812531 73.193626
103.511500 73.620900 104.464432 74.066681
105.060100 74.482340 106.006554 74.905899
106.565000 75.343110 107.525093 75.761215
108.028900 76.228830 108.961395 76.617302
109.484600 77.160920 110.409058 77.538216
111.012500 78.171090 111.907829 78.556816
112.582900 79.246780 113.450180 79.636032
114.228600 80.425890 115.052025 80.810280
115.947600 81.729260 116.730118 82.101120
117.700100 83.151090 118.463470 83.521950
119.523000 84.685210 120.273094 85.059097
121.433400 86.292660 122.165680 86.667473
123.377700 87.978210 124.097382 88.378410
125.311100 89.753620 126.009415 90.141190
127.275600 91.596860 127.977448 91.969612
129.224500 93.463900 129.932938 93.829880
131.149100 95.403230 131.868256 95.763634
133.059000 97.419260 133.788727 97.755737
134.953900 99.488560 135.690247 99.800911
136.852800 101.578900 137.599731 101.882179
138.768400 103.700800 139.499908 103.984703
140.668600 105.771500 141.416840 106.090729
142.593300 107.805600 143.320724 108.107315
144.499400 109.783900 145.222397 110.104126
146.448400 111.754000 147.141266 112.060753
148.396300 113.639400 149.085403 113.935425
150.376300 115.438400 151.046631 115.793465
152.404100 117.222400 153.042511 117.623405
154.478600 118.989300 155.082809 119.396706
156.645400 120.724500 157.206665 121.186584
158.905800 122.432200 159.400238 122.899498
161.194700 124.063600 161.668823 124.567535
163.498700 125.601900 163.964096 126.160912
165.800800 127.092000 166.237213 127.662010
168.046900 128.527100 168.445724 129.083588
170.193100 129.881700 170.627060 130.463715
172.320500 131.175000 172.780243 131.738602
174.354500 132.418200 174.832993 132.982391
176.353200 133.630800 176.853500 134.179398
178.293700 134.777800 178.795059 135.314056
180.174800 135.863800 180.717422 136.396820
181.990300 136.890800 182.577942 137.424484
183.746700 137.844100 184.391464 138.390640
185.502900 138.752600 186.174454 139.297516
187.316700 139.650000 188.021515 140.196640
189.197800 140.526600 189.925644 141.073395
191.166700 141.381000 191.889526 141.912827
193.245000 142.204500 193.985504 142.731750
195.460000 143.026300 196.198410 143.552368
197.772100 143.833600 198.508057 144.357132
200.145100 144.607400 200.891144 145.112640
202.692400 145.397600 203.431061 145.880920
205.249500 146.171900 205.985764 146.676926
207.860900 146.926000 208.608902 147.443512
210.549200 147.643600 211.319275 148.166901
213.300400 148.348200 214.069000 148.868134
216.084100 149.048900 216.893341 149.568787
218.860300 149.726200 219.706802 150.247391
221.644800 150.382100 222.481598 150.900711
224.412100 151.021800 225.274475 151.537277
227.167600 151.643200 228.066833 152.168228
229.918900 152.230300 230.854233 152.759384
232.689500 152.785800 233.633759 153.302689
235.449300 153.313200 236.395645 153.818970
238.199800 153.803200 239.154984 154.314377
240.934200 154.256400 241.891922 154.777115
243.668800 154.668400 244.640152 155.205170
246.368400 155.041200 247.356400 155.592712
249.069800 155.358200 250.078232 155.923813
251.725900 155.632800 252.718307 156.210831
254.402400 155.881300 255.407166 156.468750
257.042800 156.089700 258.054047 156.677933
259.660100 156.224000 260.688141 156.826996
262.271700 156.315800 263.306061 156.919495
264.865700 156.356900 265.921570 156.955536
267.459400 156.359600 268.537231 156.963394
270.039500 156.343700 271.133453 156.944427
272.588200 156.330000 273.686340 156.923935
275.056200 156.330100 276.168243 156.923203
277.448400 156.359600 278.588287 156.952759
279.738200 156.429500 280.870178 157.021652
281.938200 156.520200 283.097046 157.104065
284.012100 156.634000 285.191132 157.209763
285.967000 156.761600 287.171387 157.335648
287.810800 156.898300 289.005524 157.467712
289.549300 157.041600 290.735138 157.609375
291.199000 157.180400 292.379517 157.760208
292.759600 157.324200 293.941010 157.916580
294.237400 157.467800 295.397003 158.073471
295.702000 157.617000 296.875153 158.231598
297.209000 157.765400 298.366669 158.379272
298.767900 157.889400 299.927460 158.512482
300.432800 158.016900 301.589447 158.641953
302.189300 158.141600 303.343842 158.768677
304.038500 158.267800 305.192505 158.896881
305.995200 158.405700 307.129913 159.031738
308.048700 158.531900 309.180481 159.169174
310.174500 158.661100 311.319122 159.294205
312.381400 158.771100 313.537018 159.406509
314.676200 158.867600 315.835480 159.500916
317.037300 158.975500 318.200500 159.594559
319.477900 159.096700 320.641205 159.711334
321.983300 159.231700 323.137695 159.834518
324.556700 159.385400 325.721222 159.982941
327.199000 159.561700 328.335266 160.157974
329.888000 159.763100 331.039612 160.376862
332.606500 159.992500 333.750458 160.609863
335.346200 160.242300 336.506042 160.850861
338.087800 160.502200 339.279327 161.105988
340.808300 160.751300 342.023315 161.352386
343.520500 160.989100 344.743164 161.612183
346.223500 161.227200 347.449677 161.869659
348.906500 161.474100 350.129211 162.128204
351.590100 161.717700 352.806854 162.381287
354.273100 161.969400 355.472992 162.664017
356.966000 162.239900 358.155914 162.985199
359.666600 162.550200 360.834412 163.356125
362.375700 162.896300 363.483490 163.766449
365.062800 163.323000 366.134247 164.259155
367.727000 163.850800 368.778046 164.816742
370.348600 164.475400 371.401794 165.446442
372.964400 165.138700 374.032318 166.121521
375.599800 165.826700 376.664581 166.834671
378.229900 166.566100 379.297729 167.595276
380.801800 167.357500 381.890472 168.385437
383.318400 168.171800 384.442963 169.196045
385.808200 169.013900 386.959686 170.041672
388.246500 169.856400 389.431152 170.886292
390.650800 170.695000 391.862091 171.713593
393.014800 171.503500 394.227661 172.504700
395.404400 172.284100 396.604523 173.293335
397.780400 173.063700 399.002106 174.081146
400.205400 173.874000 401.410461 174.889343
402.725900 174.699400 403.882935 175.710663
405.238700 175.529800 406.458221 176.557236
407.810400 176.369600 409.062866 177.408463
410.380800 177.246300 411.659546 178.281281
412.944100 178.091800 414.242462 179.157257
415.502100 178.907300 416.785339 180.025665
417.987000 179.722000 419.269745 180.873657
420.400700 180.499000 421.663086 181.688644
422.723500 181.229600 423.961853 182.459351
424.970600 181.953100 426.211517 183.203690
427.191300 182.654700 428.437408 183.929810
429.364900 183.330700 430.589142 184.655060
431.542400 184.015100 432.791992 185.337402
433.709700 184.706100 434.961823 186.031677
435.894400 185.396800 437.123840 186.741592
437.987000 186.094800 439.225830 187.463501
439.976500 186.775400 441.224182 188.140121
441.889500 187.423200 443.150085 188.819000
443.709700 188.041300 444.976746 189.457748
445.449300 188.641500 446.710022 190.077652
447.056300 189.201200 448.356842 190.661072
448.590500 189.739900 449.899994 191.227875
450.015000 190.249300 451.341736 191.750748
451.352700 190.721500 452.701233 192.235916
452.596100 191.161200 453.939087 192.693649
453.710200 191.550200 455.095062 193.101837
454.731200 191.911400 456.127258 193.468384
455.653200 192.246800 457.077698 193.804916
456.505300 192.533700 457.938080 194.099518
457.319300 192.826200 458.780823 194.393372
458.109900 193.111500 459.560516 194.677475
458.896600 193.410900 460.366302 194.966766
459.697700 193.760100 461.186005 195.297913
460.531700 194.165900 462.032745 195.704727
461.370300 194.631800 462.860016 196.157990
462.158600 195.139900 463.625610 196.668488
462.899600 195.612800 464.377777 197.154755
463.586200 195.962000 465.082397 197.519455
464.354300 196.273600 465.804352 197.852798
465.139400 196.550800 466.569733 198.112579
465.948600 196.799800 467.373840 198.348480
466.714000 197.006300 468.145813 198.579132
467.409700 197.209000 468.816223 198.771713
468.004600 197.427000 469.414215 199.004456
468.491000 197.643300 469.902283 199.238602
468.884200 197.788300 470.290131 199.427856
469.204000 197.984300 470.589172 199.658813
469.473000 198.134800 470.855286 199.845230
469.708700 198.262200 471.082947 200.015839
469.857800 198.400100 471.229126 200.173935
469.984600 198.505100 471.352234 200.279846
470.093200 198.600100 471.468292 200.386871
