-0.000000 0.000000 0.000000 0.000000
0.002038 3.941730 -0.016889 3.929461
0.007571 7.908775 -0.033228 7.897844
0.006781 11.904260 -0.052365 11.938811
-0.005852 15.930660 -0.103530 15.934558
0.005006 19.986700 -0.105146 19.988846
-0.007369 24.072100 -0.130729 24.054564
0.001962 28.194720 -0.124216 28.195501
0.006827 32.335310 -0.148083 32.320015
0.012119 36.507890 -0.145789 36.490856
0.019429 40.704370 -0.164292 40.686241
0.026224 44.928210 -0.168383 44.927582
0.033592 49.179630 -0.181923 49.156197
0.025370 53.457160 -0.216313 53.405087
0.013229 57.745500 -0.250935 57.675770
0.002764 62.027950 -0.282551 61.943672
-0.005954 66.289400 -0.309388 66.156143
-0.027023 70.530000 -0.351746 70.366219
-0.046776 74.742450 -0.391534 74.564484
-0.052873 78.934960 -0.412655 78.722878
-0.048388 83.097210 -0.426685 82.865997
-0.075180 87.250150 -0.442338 86.986954
-0.111047 91.375240 -0.477660 91.098434
-0.169705 95.460760 -0.509158 95.173935
-0.234406 99.515130 -0.556462 99.186928
-0.286760 103.545900 -0.596436 103.186234
-0.334309 107.565300 -0.628522 107.134041
-0.394315 111.576600 -0.651609 111.103424
-0.429590 115.560100 -0.691039 115.065201
-0.430614 119.561300 -0.707810 119.061935
-0.456074 123.624200 -0.709481 123.062790
-0.470849 127.692500 -0.695665 127.086075
-0.470125 131.755700 -0.672654 131.121262
-0.466120 135.814600 -0.635374 135.166183
-0.464181 139.862600 -0.610417 139.196945
-0.474702 143.909900 -0.596946 143.221985
-0.484415 147.953800 -0.590455 147.268707
-0.497985 151.991700 -0.571122 151.329956
-0.518837 156.032900 -0.587523 155.373749
-0.490889 160.078600 -0.558509 159.438675
-0.476780 164.129500 -0.584097 163.471664
-0.449484 168.200000 -0.583287 167.555573
-0.411154 172.284100 -0.584305 171.660095
-0.358878 176.408600 -0.598770 175.768692
-0.313655 180.542000 -0.595360 179.901108
-0.318656 184.703900 -0.621339 184.095276
-0.308933 188.900300 -0.642714 188.303787
-0.300756 193.121300 -0.652709 192.615585
-0.295505 197.380900 -0.631501 196.913803
-0.332199 201.657300 -0.657142 201.228455
-0.348136 205.970400 -0.665432 205.554749
-0.342964 210.323200 -0.654789 209.926376
-0.357581 214.714200 -0.661129 214.338135
-0.360488 219.141900 -0.665568 218.751205
-0.375507 223.589400 -0.684432 223.196381
-0.378527 228.060200 -0.702846 227.678726
-0.374570 232.542100 -0.712885 232.182007
-0.378408 237.044600 -0.723145 236.709351
-0.382092 241.571200 -0.747942 241.245636
-0.377078 246.123100 -0.747894 245.778488
-0.365894 250.696400 -0.749693 250.357437
-0.356528 255.288500 -0.765035 254.961105
-0.340799 259.900300 -0.764650 259.552063
-0.325374 264.511300 -0.758311 264.192749
-0.317394 269.137700 -0.732356 268.869537
-0.314040 273.764900 -0.729819 273.480011
-0.306203 278.395200 -0.697940 278.127441
-0.276490 283.049800 -0.644384 282.802521
-0.230158 287.699900 -0.584174 287.501984
-0.192693 292.369200 -0.558421 292.156738
-0.168171 297.072300 -0.508341 296.887970
-0.143657 301.821100 -0.494133 301.627350
-0.111308 306.608600 -0.470968 306.408630
-0.093249 311.433100 -0.445640 311.222565
-0.107981 316.295300 -0.440944 316.103455
-0.103970 321.182300 -0.441762 320.974518
-0.096484 326.068200 -0.442133 325.832184
-0.074427 330.950800 -0.431793 330.716400
-0.054350 335.802400 -0.418318 335.588837
-0.042570 340.628700 -0.423699 340.388977
-0.035147 345.452500 -0.418932 345.205688
-0.041563 350.253200 -0.445387 349.978882
-0.075066 355.037900 -0.473065 354.756531
-0.109101 359.812500 -0.497256 359.531769
-0.141995 364.586700 -0.519165 364.329041
-0.185891 369.386600 -0.555987 369.134827
-0.237813 374.225300 -0.584982 373.899200
-0.270401 378.992900 -0.608626 378.710449
-0.296087 383.840800 -0.660644 383.543732
-0.316454 388.685700 -0.669537 388.409332
-0.323790 393.557900 -0.668969 393.380249
