0.000000 0.000000 0.000000 0.000000
-0.007832 1.689225 -0.009309 1.685061
-0.029694 3.390281 -0.040688 3.366535
-0.070081 5.150463 -0.074443 5.132398
-0.123858 6.989627 -0.120375 6.978895
-0.184475 8.978383 -0.171555 8.962027
-0.253794 11.064230 -0.228236 11.042780
-0.296212 13.335200 -0.291453 13.311164
-0.345120 15.748820 -0.356369 15.732259
-0.368644 18.288060 -0.419541 18.294975
-0.406558 20.990620 -0.475913 21.039066
-0.450732 23.849210 -0.552335 23.908485
-0.505576 26.794890 -0.630088 26.837790
-0.567916 29.817300 -0.711036 29.898918
-0.634186 32.902500 -0.803290 32.977604
-0.704629 36.067260 -0.895875 36.160973
-0.763742 39.276990 -1.000534 39.402012
-0.840559 42.506460 -1.106507 42.658859
-0.944805 45.707290 -1.217065 45.903645
-1.050114 48.934630 -1.331159 49.180630
-1.142897 52.159540 -1.437660 52.451618
-1.248790 55.372460 -1.537394 55.717445
-1.352181 58.600620 -1.627119 58.977962
-1.444555 61.847430 -1.715882 62.268459
-1.528092 65.085270 -1.815058 65.546852
-1.623511 68.349680 -1.926440 68.848808
-1.697570 71.605970 -2.012177 72.150650
-1.784427 74.842930 -2.109478 75.444046
-1.892754 78.044640 -2.209069 78.697609
-2.009246 81.241000 -2.330177 81.923859
-2.118145 84.381460 -2.445862 85.125816
-2.224921 87.410700 -2.556109 88.212570
-2.344772 90.265560 -2.677575 91.101295
-2.486719 92.915770 -2.825207 93.782074
-2.649588 95.352060 -2.986385 96.233055
-2.827593 97.533080 -3.146933 98.421661
-2.992555 99.437370 -3.297157 100.363708
-3.132396 101.119600 -3.433437 102.064331
-3.196722 102.604300 -3.488341 103.559113
-3.182672 103.907400 -3.453386 104.881065
-3.061832 105.116200 -3.321085 106.114624
-2.813888 106.240500 -3.078051 107.227280
-2.431748 107.285400 -2.701538 108.254883
-1.921488 108.234600 -2.203888 109.203133
-1.282825 109.049600 -1.572529 110.024315
-0.530716 109.791000 -0.813385 110.789368
0.374458 110.404000 0.122017 111.425064
1.408134 110.856700 1.175949 111.861343
2.533142 111.185100 2.330488 112.210182
3.783818 111.364400 3.588923 112.368828
5.173439 111.489500 5.025135 112.500847
6.728517 111.518300 6.564900 112.514923
8.447661 111.482200 8.322737 112.488625
10.365340 111.411600 10.235869 112.423378
12.440570 111.376600 12.323414 112.392494
14.658270 111.336300 14.556707 112.361954
16.980990 111.294300 16.877346 112.322708
19.371510 111.225100 19.278212 112.262978
21.827520 111.168600 21.752542 112.200470
24.338230 111.128000 24.278151 112.144974
26.865460 111.086600 26.829544 112.089691
29.340250 111.018500 29.326797 112.013306
31.824380 110.949500 31.830626 111.941566
34.255590 110.895700 34.288116 111.896927
36.655720 110.832300 36.710930 111.823967
39.023530 110.760300 39.084507 111.747284
41.348270 110.661800 41.425289 111.647682
43.625630 110.563400 43.710815 111.549492
45.778700 110.472200 45.868168 111.449295
47.871130 110.381700 47.978558 111.353668
49.939530 110.289100 50.036877 111.248657
51.971720 110.194600 52.070721 111.152969
53.966400 110.084400 54.080490 111.041252
55.968740 109.922700 56.091217 110.876770
58.012520 109.724900 58.185162 110.692268
60.142410 109.502900 60.319931 110.468498
62.329410 109.265100 62.499489 110.226738
64.563430 109.013700 64.748260 109.974678
66.805840 108.790700 67.009010 109.728821
69.024790 108.566800 69.233032 109.481796
71.274060 108.316000 71.470123 109.211372
73.551630 108.056300 73.742752 108.932869
75.878910 107.783000 76.078613 108.647438
78.249380 107.482800 78.470108 108.331726
80.656160 107.159100 80.903442 107.992821
83.128450 106.823200 83.402664 107.637886
85.650170 106.498800 85.941200 107.305542
88.195570 106.179900 88.505829 106.969490
90.756270 105.878900 91.065086 106.657082
93.347120 105.574100 93.651260 106.343674
95.936460 105.267700 96.237282 106.025558
98.498850 104.969700 98.825226 105.736115
101.043100 104.696300 101.382668 105.458336
103.535900 104.414000 103.904579 105.165535
105.990700 104.117400 106.386536 104.859146
108.401400 103.830100 108.810623 104.571350
110.756600 103.530500 111.196548 104.268944
113.078300 103.210700 113.531708 103.933022
115.356600 102.887000 115.830200 103.590645
117.639100 102.533100 118.127129 103.234329
119.873200 102.178000 120.379929 102.879181
122.079200 101.811900 122.591858 102.492943
124.272600 101.407700 124.802696 102.087006
126.424700 100.975200 126.937767 101.652725
128.537100 100.456100 129.062820 101.131737
130.617700 99.856810 131.141098 100.522789
132.667800 99.216070 133.215729 99.864296
134.687400 98.553530 135.235855 99.194725
136.660100 97.926510 137.236984 98.579735
138.607400 97.314350 139.172165 97.973183
140.503400 96.738880 141.068695 97.405205
142.369000 96.204360 142.941101 96.876251
144.202100 95.695640 144.786118 96.377510
145.980300 95.244100 146.540649 95.933533
147.725300 94.841610 148.296387 95.548630
149.451200 94.497860 150.028366 95.220123
151.160400 94.251030 151.747208 94.993759
152.853900 94.142140 153.437592 94.910301
154.532700 94.132680 155.102402 94.915260
156.196500 94.120650 156.761002 94.884796
157.821400 94.007330 158.390747 94.760872
159.401200 93.838200 159.971176 94.585083
160.938600 93.578160 161.506912 94.318703
162.417600 93.276270 163.012070 94.001831
163.854200 92.938740 164.461258 93.655975
165.277700 92.622550 165.885620 93.310387
166.674900 92.299640 167.281647 92.971085
168.125300 91.946090 168.751312 92.593674
169.638900 91.526300 170.270264 92.159714
171.214100 91.062420 171.850754 91.683960
172.836600 90.569120 173.482025 91.172470
174.480800 90.035230 175.147598 90.628265
176.115700 89.513510 176.797745 90.102707
177.736600 89.009020 178.452332 89.590179
179.315600 88.539550 180.059784 89.094803
180.808000 88.123170 181.566315 88.659828
182.185700 87.753480 182.950089 88.267075
183.432400 87.482040 184.202652 87.963928
184.623100 87.293670 185.383499 87.795219
185.803900 87.231550 186.559586 87.712921
186.952000 87.297830 187.647751 87.808502
188.068600 87.451920 188.779663 87.949745
189.154900 87.728640 189.876175 88.211182
190.233600 88.157250 190.952545 88.640587
191.320100 88.781620 192.012741 89.244240
192.410500 89.600550 193.110352 90.064575
193.454200 90.684490 194.142303 91.137215
194.437900 91.988930 195.140076 92.409981
195.378100 93.548950 196.077606 93.947220
196.271500 95.327110 196.962189 95.712769
197.137400 97.277400 197.851105 97.668114
197.949900 99.411050 198.679352 99.807671
198.716100 101.702700 199.450806 102.106369
199.516800 104.092500 200.271515 104.508743
200.371000 106.590800 201.120773 107.010681
201.252400 109.169500 202.006409 109.609329
202.151000 111.754400 202.921631 112.242340
203.059200 114.350500 203.824829 114.850128
203.983900 117.000400 204.741119 117.493973
204.857600 119.562000 205.644775 120.126999
205.735000 122.179100 206.531433 122.783020
206.598600 124.790300 207.404449 125.429108
207.440900 127.377400 208.260757 128.046997
208.242800 129.908400 209.073441 130.594360
208.997300 132.350000 209.839172 133.065063
209.687300 134.653600 210.545532 135.392914
210.315800 136.812600 211.188782 137.574402
210.853400 138.781000 211.729767 139.550934
211.314900 140.528100 212.211212 141.318665
211.724000 142.072000 212.617828 142.867661
212.087800 143.489600 212.980713 144.294769
212.418900 144.848700 213.323395 145.652542
212.644500 146.170800 213.543976 146.973434
212.735200 147.467000 213.634155 148.248016
212.655400 148.727700 213.544205 149.500427
212.394800 149.931200 213.311676 150.633911
211.967700 151.060900 212.907364 151.707672
211.327800 152.041400 212.299835 152.747833
210.570500 152.900300 211.574265 153.622971
209.690200 153.609600 210.639526 154.259277
208.709700 154.127900 209.703857 154.750107
207.628600 154.446600 208.656555 155.104492
206.514300 154.663600 207.585876 155.313110
205.342600 154.839800 206.426483 155.496216
204.054700 154.916400 205.191147 155.602692
202.653200 155.003000 203.784317 155.711349
201.071000 155.004800 202.219345 155.735886
199.317900 154.934200 200.454956 155.685638
197.401000 154.857200 198.495468 155.613968
195.316900 154.772000 196.384857 155.542252
193.070500 154.750200 194.118164 155.544235
190.668800 154.808600 191.687759 155.618530
188.123400 154.966400 189.102234 155.767746
185.505500 155.209900 186.451965 156.015335
182.877200 155.502600 183.804840 156.299881
180.229400 155.806300 181.142029 156.621262
177.558300 156.111000 178.446472 156.947678
174.880600 156.428400 175.753082 157.276169
172.210900 156.745600 173.072632 157.611252
169.531800 157.057600 170.371979 157.928680
166.857300 157.367500 167.685226 158.247803
164.166400 157.687700 165.004333 158.562607
161.543900 158.015100 162.344025 158.895615
158.917500 158.348300 159.699753 159.228897
156.307000 158.685700 157.066010 159.569672
153.701700 159.029500 154.438187 159.915833
151.074500 159.379400 151.802734 160.261276
148.417600 159.744000 149.103775 160.627625
145.726100 160.131500 146.408630 161.007980
143.006700 160.516800 143.676163 161.390152
140.244900 160.894500 140.894119 161.779053
137.441200 161.249200 138.066177 162.123688
134.595200 161.560200 135.180023 162.430038
131.711200 161.840600 132.296112 162.707703
128.789000 162.129400 129.363571 163.004807
125.847000 162.402500 126.402634 163.276047
122.922800 162.662800 123.450249 163.556427
120.011500 162.917000 120.512886 163.812943
117.096200 163.164900 117.611931 164.076202
114.183400 163.417600 114.675697 164.347076
111.271300 163.676400 111.749115 164.613495
108.360000 163.930000 108.825691 164.882278
105.444700 164.185400 105.882706 165.147842
102.540700 164.434900 102.997070 165.408264
99.644400 164.672400 100.084000 165.648682
96.744730 164.928100 97.165833 165.915909
93.849290 165.223100 94.265785 166.215973
90.952140 165.530200 91.352264 166.533264
88.065380 165.851200 88.449928 166.859894
85.150470 166.191600 85.512993 167.209412
82.242610 166.531500 82.581230 167.545670
79.311830 166.862600 79.586418 167.897247
76.393260 167.201900 76.669044 168.218903
73.438700 167.538900 73.698959 168.556854
70.485150 167.863400 70.721268 168.884430
67.519840 168.167700 67.724693 169.200806
64.540850 168.441900 64.716492 169.468475
61.540400 168.697200 61.696404 169.733902
58.537190 168.941400 58.664322 169.990448
55.533930 169.185000 55.621044 170.252274
52.543330 169.420200 52.632378 170.490265
49.571870 169.640200 49.663967 170.705627
46.635500 169.839600 46.701591 170.912506
43.710130 170.017100 43.770813 171.104065
40.823360 170.176600 40.847939 171.266312
37.953040 170.328300 37.981457 171.434769
35.132860 170.473500 35.142372 171.597336
32.385260 170.602800 32.380539 171.739899
29.704360 170.713400 29.678165 171.865463
27.093420 170.807100 27.066341 171.982605
24.583170 170.877300 24.538551 172.075211
22.209330 170.937800 22.158598 172.163635
19.944280 171.027800 19.880688 172.273132
17.748010 171.142200 17.652245 172.401245
15.606760 171.273100 15.489487 172.545563
13.545460 171.403600 13.412166 172.680420
11.568070 171.540200 11.413297 172.825684
9.709170 171.687300 9.544006 172.974533
7.998637 171.853700 7.824075 173.145752
6.432635 172.024100 6.241874 173.309082
4.995356 172.227700 4.788954 173.497452
3.674361 172.460800 3.443321 173.736603
2.475555 172.738700 2.229660 174.007858
1.394096 173.060700 1.150455 174.337982
0.435287 173.448800 0.185364 174.718979
-0.481995 173.905100 -0.741188 175.163055
-1.324858 174.456900 -1.571205 175.680542
-2.065394 175.091700 -2.348862 176.284073
-2.762100 175.808500 -3.033516 176.994781
-3.408457 176.720100 -3.691460 177.887726
-3.994755 177.763900 -4.273865 178.932373
-4.506015 178.951500 -4.783424 180.126404
-4.930925 180.367000 -5.207539 181.533142
-5.212692 181.952900 -5.470921 183.128510
-5.351521 183.714600 -5.591379 184.924683
-5.392321 185.625500 -5.619661 186.843277
-5.387940 187.682900 -5.599359 188.905777
-5.372151 189.871900 -5.568754 191.136719
-5.386586 192.193400 -5.574888 193.472900
-5.406023 194.585200 -5.579801 195.897232
-5.440439 197.017600 -5.609601 198.355392
-5.475977 199.456500 -5.664822 200.811951
-5.514842 201.934200 -5.705712 203.295242
-5.560062 204.406700 -5.760176 205.798462
-5.616804 206.863600 -5.829600 208.268799
-5.692115 209.294100 -5.905908 210.711914
-5.775682 211.678200 -5.983215 213.106140
-5.860771 213.990100 -6.072196 215.426559
-5.940900 216.159300 -6.150667 217.603409
-6.023283 218.169400 -6.235561 219.617249
-6.114588 220.000600 -6.323605 221.454208
-6.209081 221.641100 -6.422414 223.108795
-6.290085 223.094700 -6.503640 224.566849
-6.323739 224.427000 -6.540473 225.926041
-6.274326 225.732300 -6.485636 227.266388
-6.132258 226.985000 -6.330793 228.504669
-5.842543 228.167200 -6.015083 229.724319
-5.392446 229.278300 -5.581139 230.809921
-4.842747 230.275700 -5.055061 231.786652
-4.162700 231.192700 -4.377617 232.729828
-3.339169 232.032200 -3.509422 233.584793
-2.397566 232.795000 -2.573769 234.282883
-1.278517 233.345000 -1.425362 234.864105
0.002398 233.849400 -0.159355 235.355423
1.451824 234.167300 1.327175 235.685440
3.063341 234.394700 3.016834 235.931381
4.818404 234.521700 4.768268 236.065475
6.718857 234.529500 6.695824 236.070740
8.771869 234.476900 8.753839 236.019913
10.950050 234.353500 10.974768 235.908493
13.283690 234.242600 13.293541 235.798096
15.698180 234.114100 15.708761 235.677032
18.109840 234.011200 18.123106 235.580627
20.538930 233.937000 20.541777 235.504486
23.000350 233.896100 23.003176 235.450684
25.454510 233.895700 25.479576 235.424942
27.927720 233.889300 27.965801 235.395554
30.407900 233.872000 30.452185 235.360046
32.882140 233.853600 32.932240 235.325638
35.338500 233.829000 35.407410 235.283096
37.779520 233.790500 37.861866 235.222214
40.179400 233.727500 40.277061 235.145065
42.552300 233.662400 42.653435 235.065384
44.907840 233.595600 45.042118 234.995422
47.226940 233.520600 47.373474 234.909973
49.522840 233.434600 49.687523 234.815140
51.803140 233.370200 51.992920 234.744629
54.049950 233.306500 54.232361 234.657379
56.280590 233.226500 56.459816 234.562317
58.445580 233.147900 58.654869 234.485199
60.619970 233.086700 60.831367 234.417572
62.750480 233.037500 63.000275 234.357834
64.846290 232.998000 65.109818 234.311981
66.907940 232.934300 67.175247 234.240921
68.927460 232.866900 69.204971 234.167114
70.887740 232.814900 71.161133 234.104599
72.825750 232.758300 73.108788 234.044159
74.737930 232.699000 75.026810 233.993210
76.618370 232.622200 76.899879 233.910263
78.487810 232.513200 78.777542 233.811127
80.415420 232.376500 80.714172 233.673233
82.423060 232.187700 82.740005 233.493164
84.524370 231.969700 84.866386 233.280029
86.709120 231.699600 87.075119 233.002151
89.024130 231.380400 89.410828 232.680298
91.467840 231.021200 91.842743 232.315887
94.024580 230.649200 94.420319 231.938110
96.704300 230.258000 97.087128 231.547165
99.500260 229.890100 99.887154 231.177200
102.390800 229.569300 102.769958 230.862595
105.358500 229.285100 105.743851 230.571075
108.344900 229.013100 108.731133 230.302277
111.363200 228.734900 111.724861 230.018768
114.373200 228.477600 114.741318 229.758911
117.360000 228.229400 117.728607 229.513870
120.339400 228.001300 120.725136 229.288696
123.309400 227.796900 123.671150 229.094208
126.241200 227.623100 126.618301 228.915009
129.151600 227.477500 129.539444 228.778412
132.012600 227.318900 132.394989 228.597107
134.854400 227.154700 135.247223 228.433136
137.658300 226.984100 138.057205 228.257843
140.441600 226.780700 140.857361 228.046295
143.209300 226.535400 143.643280 227.806351
145.977400 226.238300 146.432281 227.501877
148.746000 225.862600 149.238052 227.113205
151.518600 225.402500 152.017456 226.653839
154.265800 224.858900 154.793045 226.105179
157.017900 224.208100 157.553192 225.449005
159.770300 223.494500 160.365204 224.719666
162.519400 222.782200 163.124146 224.014282
165.292700 222.111000 165.934937 223.342957
168.051700 221.507000 168.709702 222.727264
170.813300 220.973200 171.481384 222.191238
173.565300 220.491000 174.235641 221.723480
176.245800 220.043100 176.948013 221.281082
178.818800 219.633700 179.547623 220.852448
181.257200 219.251600 181.992157 220.449387
183.679400 218.884000 184.411301 220.067429
186.086900 218.497600 186.846420 219.659760
188.454700 218.100200 189.244720 219.243698
190.804000 217.716300 191.585983 218.856537
193.140800 217.373500 193.914948 218.515884
195.432100 217.054600 196.202179 218.199020
197.727600 216.759200 198.503052 217.903992
199.972100 216.485600 200.738663 217.626205
202.098700 216.237900 202.874603 217.375000
204.042400 215.996300 204.844711 217.128876
205.749800 215.775100 206.578064 216.914810
207.241200 215.583400 208.078217 216.736298
208.613300 215.379500 209.453445 216.559601
209.946100 215.165400 210.760544 216.369904
211.132200 214.943200 211.966003 216.166672
212.136600 214.744800 212.963303 215.989792
213.062500 214.534600 213.897766 215.802567
213.959300 214.314400 214.795883 215.601746
214.824000 214.088800 215.680283 215.401459
215.687900 213.834700 216.558197 215.161804
216.575000 213.526600 217.461578 214.874603
217.490900 213.157600 218.418060 214.497208
218.457300 212.700900 219.403473 214.049866
219.480700 212.125200 220.462402 213.473007
220.511700 211.370900 221.541168 212.708084
221.550800 210.459100 222.638535 211.769836
222.555600 209.363300 223.601166 210.662216
223.474400 208.082600 224.538040 209.362518
224.312800 206.641100 225.395844 207.887848
225.044800 205.038200 226.154312 206.218430
225.610700 203.260200 226.726410 204.377747
225.969900 201.350200 227.125458 202.448395
226.110100 199.367200 227.279984 200.393311
226.043000 197.305000 227.204041 198.300476
225.807700 195.159800 226.963943 196.107651
225.430000 192.956900 226.585617 193.904404
224.916600 190.707600 226.072067 191.652405
224.270500 188.432400 225.414200 189.326355
223.514900 186.121900 224.653351 186.994980
222.660400 183.771100 223.785782 184.607269
221.783100 181.391000 222.924988 182.226120
220.891900 178.998600 222.014648 179.810715
220.021400 176.587400 221.151794 177.391190
219.223500 174.200300 220.342896 174.968872
218.482200 171.834800 219.629211 172.601379
217.818500 169.568700 218.943512 170.308350
217.216600 167.458800 218.341660 168.187927
216.650700 165.491600 217.767166 166.217636
216.110800 163.682800 217.232880 164.418076
215.577800 162.017400 216.699646 162.707428
214.999400 160.430000 216.114288 161.116882
214.344800 158.975700 215.436157 159.642517
213.573800 157.662600 214.681763 158.334198
212.660500 156.532700 213.764420 157.189423
211.582500 155.560200 212.712494 156.231644
210.426600 154.805400 211.526031 155.459229
209.163000 154.246200 210.249161 154.898087
207.764200 153.857100 208.855316 154.519318
206.280800 153.652300 207.384720 154.298264
204.678000 153.573200 205.778122 154.219330
202.976300 153.576200 204.077835 154.230667
201.140400 153.649700 202.214310 154.308472
199.175800 153.795100 200.262741 154.490250
197.094000 154.001100 198.166046 154.701965
194.884400 154.205500 195.945099 154.914398
192.560300 154.427500 193.598862 155.141235
190.124200 154.677200 191.153687 155.392380
187.577500 154.946500 188.568359 155.669800
184.929000 155.250800 185.888580 155.982117
182.198300 155.594600 183.157654 156.326279
179.402300 155.944800 180.338120 156.688324
176.570000 156.287200 177.472214 157.048126
173.734500 156.623600 174.613632 157.395782
170.901000 156.954000 171.746902 157.748016
168.081500 157.295300 168.908844 158.107727
165.284900 157.640900 166.091843 158.468781
162.507400 157.987500 163.303879 158.812195
159.747400 158.333400 160.523849 159.163193
156.984600 158.680600 157.746216 159.518234
154.216200 159.032100 154.959457 159.870285
151.439500 159.399800 152.160858 160.252472
148.640500 159.792600 149.340820 160.652954
145.813800 160.206400 146.513382 161.062469
142.963600 160.610300 143.652954 161.467926
140.057000 160.997100 140.721313 161.853271
137.092200 161.347900 137.741684 162.208206
134.059200 161.649400 134.694275 162.506683
130.993600 161.935400 131.615067 162.790680
127.858900 162.233700 128.460205 163.089478
124.683800 162.520100 125.257034 163.373932
121.492100 162.798700 122.034508 163.651520
118.297400 163.082000 118.827797 163.940460
115.103400 163.377800 115.626549 164.234726
111.913100 163.672600 112.411331 164.534592
108.723500 163.966800 109.193314 164.832047
105.531500 164.253700 105.976860 165.128906
102.343500 164.537500 102.787086 165.407104
99.161640 164.825900 99.597290 165.705200
95.959550 165.164700 96.379929 166.042023
92.746890 165.547500 93.159241 166.431671
89.526460 165.956000 89.922653 166.842621
86.297890 166.381500 86.669563 167.276840
83.033610 166.817100 83.411491 167.713898
79.736970 167.238800 80.076500 168.145294
76.427180 167.629500 76.738220 168.544067
73.050320 167.986400 73.334854 168.912079
69.640860 168.315400 69.891960 169.250519
66.194370 168.637100 66.418510 169.587479
62.710330 168.931500 62.901947 169.890732
59.214430 169.199600 59.384232 170.161255
55.734640 169.446800 55.884689 170.417816
52.271980 169.681900 52.394226 170.657440
48.833520 169.903400 48.926723 170.897141
45.431860 170.116400 45.509857 171.117172
42.051610 170.315300 42.101326 171.318085
38.742450 170.482700 38.785583 171.498428
35.535340 170.629700 35.555084 171.643845
32.460880 170.758300 32.453751 171.799774
29.526980 170.862700 29.519100 171.908447
26.736320 170.955000 26.706993 172.011169
24.096640 171.032400 24.048052 172.099442
21.599520 171.132300 21.533035 172.199738
19.316590 171.344600 19.126022 172.354172
17.201760 171.658400 16.820002 172.602264
15.089840 171.971500 14.620091 172.912521
12.980420 172.284000 12.510353 173.286758
10.872410 172.596000 10.514076 173.658691
8.838192 172.907600 8.645460 173.981750
7.132350 173.177000 6.917198 174.258026
5.611287 173.387400 5.403534 174.464920
4.309371 173.544500 4.101740 174.631897
3.237420 173.651900 3.011259 174.747269
2.375838 173.729600 2.138430 174.833084
1.679549 173.799100 1.424997 174.914856
1.056923 173.859600 0.811321 174.971771
0.465217 173.909300 0.216539 175.013672
-0.128030 173.962400 -0.382577 175.050613
-0.720230 174.003300 -0.962049 175.090958
-1.330594 174.023800 -1.582475 175.117935
-2.080426 174.055200 -2.324872 175.146576
-2.997577 174.094600 -3.235301 175.186005
-4.098643 174.120700 -4.341582 175.213745
-5.416520 174.168000 -5.680598 175.267029
-6.936037 174.228300 -7.193412 175.330643
-8.609358 174.340400 -8.874053 175.457794
-10.463980 174.413000 -10.728176 175.537613
-12.494230 174.495000 -12.775250 175.640823
-14.662590 174.544200 -14.931205 175.686600
-17.028510 174.612700 -17.295650 175.772812
-19.515490 174.656900 -19.787582 175.818573
-22.153150 174.694500 -22.440107 175.885300
-24.891700 174.736800 -25.188351 175.942902
-27.728470 174.787700 -28.026695 176.009201
-30.668830 174.869400 -30.993942 176.105484
-33.671140 174.970100 -33.995922 176.207184
-36.734690 175.074800 -37.068546 176.318207
-39.843610 175.165700 -40.190838 176.411087
-43.001160 175.252500 -43.358292 176.504593
-46.184910 175.351700 -46.531021 176.600998
-49.374400 175.443100 -49.724762 176.693863
-52.557440 175.526000 -52.916542 176.776169
-55.757590 175.616000 -56.118431 176.861664
-58.925860 175.702900 -59.276119 176.944489
-62.130070 175.804700 -62.468880 177.048798
-65.328080 175.907300 -65.669075 177.153381
-68.537660 176.003100 -68.890533 177.250061
-71.749230 176.080900 -72.090347 177.317093
-74.976500 176.145900 -75.339592 177.390060
-78.208790 176.218000 -78.585411 177.457062
-81.447070 176.257900 -81.829765 177.499344
-84.692180 176.290600 -85.066727 177.532791
-87.936790 176.288700 -88.318443 177.539429
-91.211290 176.258400 -91.618607 177.524124
-94.484440 176.204800 -94.895088 177.481110
-97.757000 176.121600 -98.199333 177.422592
-101.045200 176.004400 -101.521919 177.330872
-104.339000 175.862100 -104.827286 177.231552
-107.640300 175.694600 -108.141785 177.085312
-110.948600 175.520500 -111.448410 176.942047
-114.267700 175.326000 -114.788757 176.762482
-117.598500 175.123100 -118.116531 176.575211
-120.942600 174.923200 -121.496323 176.391876
-124.293900 174.718800 -124.849739 176.188416
-127.663000 174.505900 -128.214264 175.989182
-131.048900 174.295300 -131.600021 175.783676
-134.443100 174.072500 -134.985458 175.578812
-137.847200 173.848200 -138.384979 175.366440
-141.262000 173.635000 -141.816742 175.161758
-144.675300 173.415500 -145.255783 174.951324
-148.093400 173.189000 -148.673584 174.744843
-151.506600 172.967300 -152.105545 174.528000
-154.901800 172.728300 -155.502823 174.313766
-158.292900 172.494700 -158.898926 174.104721
-161.632200 172.250400 -162.208435 173.879791
-164.974900 172.022600 -165.552124 173.674637
-168.236000 171.803200 -168.827042 173.475082
-171.502400 171.597000 -172.113724 173.298691
-174.668300 171.359900 -175.288635 173.066330
-177.746400 171.132500 -178.393753 172.865707
-180.803200 170.903300 -181.454712 172.654465
-183.778700 170.687800 -184.461197 172.457520
-186.701500 170.475800 -187.374359 172.267929
-189.566000 170.268000 -190.226318 172.070251
-192.391300 170.070600 -193.051682 171.885544
-195.149900 169.858100 -195.819031 171.682251
-197.876000 169.626400 -198.558685 171.464050
-200.552400 169.372500 -201.252945 171.215927
-203.199000 169.063700 -203.907822 170.916397
-205.787000 168.703000 -206.535568 170.557266
-208.326100 168.290400 -209.107422 170.146103
-210.824000 167.881700 -211.658142 169.755753
-213.258300 167.488200 -214.105774 169.398438
-215.584000 167.155500 -216.489227 169.077057
-217.825600 166.951000 -218.758194 168.886002
-219.976700 166.840100 -220.923782 168.787476
-222.030600 166.826400 -223.010681 168.769852
-223.989000 166.912900 -224.992096 168.868195
-225.824600 167.087900 -226.863937 169.052078
-227.550100 167.325800 -228.586456 169.287292
-229.178200 167.608800 -230.222549 169.571655
-230.692700 167.920100 -231.754654 169.876785
-232.121600 168.192100 -233.159943 170.140488
-233.453600 168.409000 -234.479202 170.355011
-234.669500 168.528300 -235.686142 170.500900
-235.786800 168.548000 -236.771179 170.503952
-236.809500 168.431800 -237.794418 170.392944
-237.749100 168.202200 -238.729706 170.167725
-238.622500 167.871000 -239.518021 169.851013
-239.423500 167.439100 -240.237213 169.463516
-240.167900 166.948100 -240.877289 168.970093
-240.836500 166.406300 -241.557770 168.440796
-241.484000 165.802100 -242.230148 167.874771
-242.133500 165.204600 -242.864929 167.291855
-242.760700 164.564800 -243.474426 166.656189
-243.373200 163.846400 -244.086838 165.991058
-243.956600 163.041100 -244.710266 165.194580
-244.490700 162.132200 -245.274216 164.288757
-244.987900 161.116800 -245.746994 163.338013
-245.418700 159.925400 -246.187851 162.136154
-245.815100 158.551700 -246.612564 160.783264
-246.200000 156.991700 -247.014557 159.221802
-246.613900 155.230000 -247.436050 157.457458
-246.967700 153.214300 -247.798584 155.429688
-247.267000 150.943600 -248.106781 153.164520
-247.521500 148.451900 -248.374329 150.658539
-247.763400 145.749400 -248.636353 147.953476
-248.018000 142.841100 -248.904709 145.037872
-248.277200 139.720500 -249.172150 141.916565
-248.523100 136.389500 -249.443115 138.587189
-248.773200 132.870500 -249.714294 135.060730
-249.015800 129.335700 -249.973709 131.523346
-249.218400 125.814900 -250.196732 127.978699
-249.397800 122.286300 -250.391922 124.445366
-249.565200 118.755000 -250.575073 120.899307
-249.697400 115.238200 -250.728348 117.359100
-249.820200 111.741900 -250.868622 113.847923
-249.943300 108.268400 -251.014023 110.341133
-250.044800 104.815000 -251.133408 106.891960
-250.125300 101.386800 -251.217529 103.474869
-250.189300 97.986010 -251.298309 100.076447
-250.244000 94.598780 -251.375671 96.659943
-250.305600 91.259170 -251.444717 93.298477
-250.400100 87.936680 -251.572601 89.959938
-250.549700 84.645240 -251.725830 86.619713
-250.690200 81.356670 -251.888016 83.296616
-250.847000 78.103800 -252.060547 80.037346
-251.020300 74.824490 -252.245987 76.748299
-251.181200 71.549630 -252.426758 73.442505
-251.353200 68.299410 -252.627747 70.197052
-251.504400 65.068130 -252.784012 66.980728
-251.635100 61.852520 -252.915314 63.766644
-251.747700 58.661860 -253.050125 60.548416
-251.845300 55.489840 -253.151917 57.372097
-251.935900 52.343660 -253.260437 54.229530
-252.030900 49.220080 -253.372147 51.096821
-252.144000 46.116710 -253.502609 48.003674
-252.285100 43.039160 -253.666565 44.936268
-252.447800 39.988030 -253.835876 41.880798
-252.625400 36.956390 -254.027252 38.874611
-252.810700 33.954820 -254.228500 35.875984
-252.984400 30.978070 -254.408401 32.913353
-253.097600 28.028950 -254.521667 29.972029
-253.116300 25.101150 -254.551392 27.042002
-253.041100 22.203360 -254.496887 24.162907
-252.848100 19.324220 -254.315796 21.293417
-252.488000 16.480910 -253.978287 18.482319
-251.943700 13.650460 -253.460236 15.647022
-251.206200 10.846250 -252.749451 12.838310
-250.269300 8.064427 -251.852661 10.060333
-249.119400 5.314832 -250.725082 7.299568
-247.746000 2.616861 -249.390991 4.614265
-246.166100 -0.017969 -247.852661 1.997978
-244.406300 -2.619939 -246.126068 -0.596268
-242.507000 -5.201607 -244.239929 -3.208572
-240.543700 -7.805212 -242.277863 -5.848122
-238.527600 -10.441420 -240.277527 -8.510628
-236.482900 -13.102670 -238.247299 -11.191704
-234.463000 -15.778320 -236.232117 -13.898392
-232.508700 -18.481870 -234.261475 -16.653488
-230.631700 -21.211600 -232.379272 -19.418549
-228.850200 -23.973140 -230.591583 -22.221611
-227.120500 -26.731510 -228.856155 -25.009819
-225.420200 -29.466820 -227.159775 -27.753670
-223.756600 -32.175260 -225.498306 -30.490898
-222.113500 -34.852880 -223.858704 -33.182304
-220.503000 -37.487790 -222.236206 -35.852127
-218.945600 -40.020000 -220.675934 -38.421898
-217.473700 -42.350380 -219.204941 -40.764473
-216.081800 -44.449900 -217.830322 -42.868492
-214.778200 -46.310220 -216.532959 -44.732239
-213.569900 -47.963370 -215.340225 -46.378304
-212.469800 -49.406600 -214.230713 -47.851158
-211.402700 -50.703570 -213.171829 -49.168274
-210.350300 -51.866650 -212.116974 -50.339294
-209.329000 -52.882180 -211.128387 -51.346573
-208.342100 -53.712810 -210.164154 -52.195068
-207.433900 -54.314810 -209.281952 -52.779427
-206.639200 -54.750770 -208.493362 -53.238937
-205.846700 -55.112410 -207.701477 -53.610115
-205.046500 -55.376850 -206.953705 -53.868355
-204.238300 -55.572130 -206.142700 -54.072174
-203.340400 -55.720010 -205.250137 -54.229847
-202.343700 -55.812630 -204.301331 -54.334549
-201.230000 -55.831900 -203.191986 -54.344746
-199.966900 -55.727910 -201.921173 -54.255199
-198.511800 -55.515700 -200.490326 -54.070915
-196.896300 -55.177990 -198.858124 -53.738579
-195.101200 -54.675310 -197.046707 -53.267223
-193.144500 -53.980020 -195.090225 -52.587212
-191.089500 -53.059560 -193.046249 -51.684795
-188.959500 -51.870660 -190.904846 -50.529381
-186.748300 -50.457590 -188.662994 -49.144428
-184.446800 -48.882240 -186.320602 -47.576683
-181.997000 -47.211720 -183.870636 -45.954456
-179.497700 -45.532110 -181.310913 -44.261566
-176.845100 -43.764640 -178.612061 -42.499878
-174.079200 -41.951340 -175.817505 -40.702343
-171.182700 -40.094050 -172.870438 -38.850010
-168.181500 -38.252180 -169.831039 -37.015961
-165.080700 -36.437440 -166.674133 -35.209465
-161.936900 -34.664440 -163.478943 -33.439137
-158.730900 -32.961050 -160.231232 -31.762829
-155.498500 -31.326070 -156.948303 -30.133606
-152.284900 -29.754520 -153.671753 -28.556866
-149.069300 -28.182760 -150.417358 -27.006332
-145.857700 -26.612150 -147.173584 -25.460434
-142.641000 -25.057000 -143.905319 -23.908020
-139.402500 -23.486330 -140.620544 -22.363663
-136.173000 -21.934650 -137.355927 -20.827549
-132.945300 -20.377060 -134.095795 -19.297947
-129.754900 -18.849320 -130.882812 -17.793175
-126.594800 -17.311780 -127.698051 -16.270794
-123.481600 -15.777190 -124.565216 -14.742107
-120.382000 -14.275260 -121.436478 -13.245300
-117.290900 -12.878730 -118.320450 -11.873108
-114.140500 -11.587510 -115.123741 -10.589874
-110.985900 -10.399830 -111.932442 -9.414450
-107.823700 -9.243398 -108.755318 -8.278950
-104.639900 -8.124757 -105.557449 -7.176838
-101.445300 -7.020636 -102.339607 -6.081150
-98.266820 -5.927679 -99.139336 -5.013760
-95.057020 -4.924307 -95.906006 -4.029028
-91.816180 -3.988153 -92.628143 -3.111399
-88.560330 -3.139167 -89.327347 -2.267447
-85.275670 -2.357662 -85.980827 -1.491682
-81.984180 -1.642797 -82.630783 -0.788014
-78.695610 -0.956720 -79.293388 -0.122266
-75.422800 -0.300680 -75.994965 0.515640
-72.166360 0.319994 -72.697472 1.111288
-68.928530 0.923302 -69.442947 1.695127
-65.700550 1.500442 -66.221504 2.241365
-62.489590 2.047975 -62.992542 2.774479
-59.295260 2.577472 -59.772972 3.270151
-56.128970 3.091711 -56.578342 3.783222
-52.988540 3.575444 -53.401428 4.252632
-49.868360 4.040344 -50.269169 4.694129
-46.776300 4.464286 -47.158440 5.107090
-43.712180 4.856902 -44.105618 5.489943
-40.666360 5.223322 -41.046513 5.848275
-37.689290 5.564962 -38.062798 6.183042
-34.786240 5.888495 -35.120949 6.509410
-31.996720 6.190015 -32.303303 6.777595
-29.296910 6.465571 -29.577518 7.047407
-26.720990 6.720779 -26.972126 7.282561
-24.320240 6.954131 -24.529478 7.510379
-22.089310 7.159574 -22.266594 7.702798
-20.016680 7.362635 -20.161766 7.900657
-18.106820 7.551445 -18.236885 8.084318
-16.337750 7.702083 -16.442892 8.230672
-14.726050 7.819683 -14.802589 8.349078
-13.313500 7.930153 -13.375392 8.460644
-12.128270 8.022018 -12.179645 8.538816
-11.139240 8.100664 -11.157457 8.608795
-10.287410 8.195045 -10.314459 8.712943
-9.518219 8.309922 -9.539946 8.833411
-8.789252 8.478175 -8.793240 8.996917
-8.149181 8.669320 -8.170338 9.175948
-7.829442 8.769976 -7.851015 9.269419
-7.799252 8.787461 -7.826237 9.287356
-7.813018 8.786625 -7.834431 9.280030
-7.809395 8.788143 -7.831434 9.281694
-7.809451 8.779000 -7.834473 9.282654
-7.809131 8.771007 -7.835025 9.280521
-7.804822 8.762953 -7.836378 9.284426
-7.800766 8.755551 -7.827356 9.282222
-7.795082 8.750163 -7.834012 9.280892
-7.789514 8.745234 -7.835638 9.282610
-7.784930 8.740517 -7.836043 9.293689
-7.780166 8.734843 -7.841851 9.279499
-7.775784 8.730871 -7.842315 9.281301
-7.771600 8.726560 -7.839410 9.278926
-7.768634 8.723581 -7.840152 9.279156
-7.766879 8.721761 -7.843182 9.280277
-7.765762 8.717584 -7.842612 9.280049
-7.763983 8.714586 -7.843832 9.280290
-7.763294 8.713489 -7.843367 9.279340
-7.762963 8.712553 -7.841845 9.280831
-7.763086 8.713488 -7.839126 9.280272
-7.762455 8.714167 -7.841949 9.280171
-7.753295 8.722145 -7.836393 9.281699
-7.717107 8.742340 -7.794138 9.303755
-7.658875 8.770779 -7.728348 9.317108
-7.513039 8.836058 -7.571669 9.366128
-7.175297 8.982757 -7.240004 9.507516
-6.640897 9.236569 -6.728013 9.733533
-5.930743 9.644152 -6.021612 10.115969
-5.120740 10.257790 -5.222475 10.679653
-4.260731 11.080700 -4.362616 11.464663
-3.414512 12.135620 -3.532249 12.475261
-2.599066 13.467900 -2.701135 13.769466
-1.884998 15.083310 -1.967594 15.376347
-1.260100 16.974890 -1.344359 17.229750
-0.766019 19.117060 -0.841253 19.373974
-0.469374 21.489410 -0.544290 21.719799
-0.353107 24.066230 -0.422222 24.276724
-0.356192 26.850340 -0.418472 27.070230
-0.405744 29.836580 -0.472364 30.107237
-0.459357 33.017600 -0.521501 33.290737
-0.512628 36.392400 -0.574502 36.688171
-0.584304 39.835620 -0.650715 40.177532
-0.669138 43.283040 -0.728952 43.664753
-0.775721 46.706780 -0.828977 47.134434
-0.884520 50.132480 -0.952072 50.613117
-0.993630 53.521590 -1.066722 54.039223
-1.089707 56.883700 -1.175465 57.431774
-1.185006 60.248880 -1.281022 60.841610
-1.270319 63.565850 -1.380952 64.206009
-1.374798 66.868940 -1.504181 67.535378
-1.472152 70.155470 -1.613836 70.862411
-1.562229 73.416080 -1.710405 74.137657
-1.660434 76.636610 -1.824759 77.400124
-1.775229 79.852040 -1.941786 80.637589
-1.895797 83.032260 -2.074834 83.845100
-2.017852 86.185380 -2.198301 87.049652
-2.146481 89.329260 -2.336014 90.226913
-2.263400 92.442530 -2.455270 93.353279
-2.372203 95.538220 -2.565273 96.478287
-2.465941 98.605540 -2.654566 99.582268
-2.540211 101.651500 -2.737347 102.646812
-2.582148 104.696700 -2.780506 105.709541
-2.595436 107.674300 -2.793465 108.692055
-2.621977 110.691900 -2.824506 111.700111
-2.648827 113.786700 -2.855382 114.790886
-2.681214 116.967200 -2.894583 117.954636
-2.721440 120.204500 -2.933758 121.180908
-2.774777 123.506700 -2.983054 124.495773
-2.842109 126.902400 -3.051015 127.907036
-2.924595 130.351000 -3.147537 131.386566
-3.024507 133.819600 -3.248765 134.825348
-3.138966 137.262500 -3.384375 138.229492
-3.265946 140.693500 -3.493177 141.636490
-3.389718 144.095500 -3.623099 145.020416
-3.526115 147.467500 -3.753023 148.414032
-3.671472 150.775300 -3.901924 151.717682
-3.794318 154.003900 -4.025993 154.960846
-3.904131 157.172200 -4.145343 158.128601
-3.996788 160.276500 -4.250327 161.281693
-4.071651 163.334000 -4.320229 164.385025
-4.122556 166.368900 -4.389105 167.426834
-4.194278 169.380900 -4.478050 170.486740
-4.264263 172.440400 -4.547636 173.566132
-4.319751 175.547300 -4.621765 176.683640
-4.393173 178.705600 -4.698146 179.852066
-4.501446 181.892900 -4.804205 183.090500
-4.607667 185.156000 -4.919801 186.365875
-4.701222 188.477800 -5.017245 189.739899
-4.806531 191.849500 -5.128227 193.163620
-4.887285 195.207400 -5.205722 196.573517
-4.976513 198.565600 -5.295950 199.963516
-5.057617 201.890800 -5.387604 203.302429
-5.132018 205.179500 -5.471498 206.614380
-5.210165 208.394000 -5.547753 209.852066
-5.281372 211.451500 -5.600600 212.911392
-5.354878 214.365600 -5.659621 215.844910
-5.416052 217.205700 -5.697013 218.666473
-5.469074 220.014000 -5.737476 221.486252
-5.505322 222.798100 -5.753997 224.290176
-5.545023 225.571400 -5.778442 227.073807
-5.563610 228.337300 -5.759996 229.867706
-5.598680 231.130300 -5.793028 232.618576
-5.715519 233.992700 -5.898865 235.474228
-5.886862 236.912900 -6.055219 238.385315
-6.076718 239.911700 -6.245624 241.389771
-6.214931 243.011500 -6.376132 244.493088
-6.364206 246.210000 -6.514490 247.701630
-6.521044 249.542600 -6.644763 251.047363
-6.657659 252.972000 -6.774934 254.497299
-6.794881 256.491900 -6.924298 258.004944
-6.924264 260.026600 -7.046351 261.560791
-7.052122 263.522600 -7.168554 265.077271
-7.164917 266.998200 -7.279545 268.534088
-7.284815 270.457200 -7.394704 271.978180
-7.417194 273.852800 -7.520448 275.341217
-7.523524 277.174400 -7.621572 278.669434
-7.651625 280.358300 -7.743560 281.862213
-7.782923 283.414900 -7.866962 284.946533
-7.918403 286.315200 -8.010061 287.864227
-8.055697 289.119300 -8.142107 290.700958
-8.185460 291.911300 -8.276033 293.532837
-8.314789 294.668400 -8.394329 296.333374
-8.425515 297.433700 -8.510427 299.112488
-8.486769 300.239900 -8.571613 301.927582
-8.528132 303.087600 -8.613723 304.790253
-8.538802 306.012500 -8.627957 307.719208
-8.512542 309.030900 -8.609276 310.747345
-8.446156 312.111900 -8.542921 313.839966
-8.351900 315.297900 -8.453361 317.032013
-8.211642 318.520500 -8.313284 320.279144
-8.031870 321.816300 -8.127029 323.568207
-7.798255 325.179400 -7.874289 326.944427
-7.513710 328.583000 -7.611116 330.335480
-7.227060 332.070400 -7.330238 333.838745
-6.930360 335.644600 -7.031858 337.401489
-6.634241 339.252200 -6.743505 340.999298
-6.353320 342.849100 -6.459112 344.575043
-6.099343 346.409700 -6.197697 348.113739
-5.858059 349.945000 -5.947571 351.643250
-5.647279 353.444000 -5.722565 355.136017
-5.439992 356.885000 -5.507570 358.566010
-5.251048 360.315600 -5.322241 362.018646
-5.098453 363.671600 -5.158335 365.366730
-4.951017 366.989800 -4.995220 368.686554
-4.804541 370.256900 -4.837925 371.956573
