0.000000 0.000000 0.000000 0.000000
-0.041803 3.575628 -0.021898 3.606616
-0.083626 7.152769 -0.004244 7.204978
-0.125431 10.728320 0.009044 10.787650
-0.167141 14.303480 0.004741 14.378553
-0.208176 17.881040 -0.008313 17.953432
-0.253156 21.464680 -0.033121 21.557837
-0.307115 25.046840 -0.061232 25.140099
-0.367798 28.637120 -0.093253 28.743423
-0.435716 32.231930 -0.133340 32.330330
-0.509819 35.812560 -0.184854 35.929630
-0.590462 39.405490 -0.232698 39.516651
-0.675668 42.995920 -0.285789 43.100700
-0.761728 46.596120 -0.347736 46.711792
-0.822002 50.203480 -0.390310 50.338406
-0.875378 53.811250 -0.414238 53.935417
-0.933231 57.427770 -0.444986 57.565861
-1.006715 61.042090 -0.477624 61.171520
-1.078473 64.647550 -0.521928 64.767853
-1.157680 68.241070 -0.581566 68.362358
-1.243226 71.816000 -0.625403 71.941002
-1.310252 75.365540 -0.668756 75.487564
-1.337950 78.894600 -0.665090 79.006569
-1.335651 82.399130 -0.641827 82.507263
-1.292993 85.876960 -0.571474 86.000473
-1.216671 89.333360 -0.465154 89.459969
-1.101750 92.791290 -0.323878 92.937912
-0.953966 96.255380 -0.148039 96.417473
-0.782045 99.739680 0.040237 99.931877
-0.607718 103.278800 0.237603 103.498772
-0.448327 106.867200 0.407532 107.092712
-0.329075 110.491600 0.543731 110.728279
-0.253779 114.142500 0.643503 114.380630
-0.232571 117.811600 0.678983 118.067108
-0.256232 121.501300 0.680493 121.797714
-0.297015 125.224100 0.659712 125.529900
-0.353204 128.969900 0.643245 129.288910
-0.397623 132.733500 0.611150 133.072754
-0.443887 136.522600 0.600882 136.873871
-0.490815 140.330600 0.585470 140.717438
-0.550146 144.153000 0.563308 144.562897
-0.601569 147.961100 0.540686 148.369461
-0.649286 151.756200 0.539540 152.203033
-0.703475 155.553300 0.522346 156.004318
-0.758140 159.342200 0.505691 159.827393
-0.821014 163.126200 0.476264 163.637833
-0.891591 166.914300 0.443962 167.450974
-0.968255 170.704700 0.400472 171.263519
-1.053647 174.498300 0.347226 175.073318
-1.140940 178.289100 0.271830 178.843231
-1.220912 182.072200 0.224710 182.647980
-1.311919 185.843100 0.160455 186.416779
-1.400872 189.585600 0.101056 190.157806
-1.482347 193.303500 0.043336 193.890121
-1.543340 196.981600 0.007656 197.573730
-1.593225 200.619200 -0.018883 201.233704
-1.629855 204.203300 -0.023642 204.843796
-1.655974 207.709400 -0.040676 208.366501
-1.680916 211.093700 -0.050922 211.755325
-1.717659 214.345300 -0.059360 215.015823
-1.758097 217.485400 -0.070557 218.168137
-1.820190 220.495000 -0.100991 221.194443
-1.900504 223.322800 -0.163094 224.052811
-1.999321 225.946200 -0.240860 226.714142
-2.113952 228.382000 -0.339160 229.169586
-2.215172 230.657700 -0.422122 231.455444
-2.309140 232.838300 -0.504190 233.639771
-2.389577 234.991500 -0.566846 235.805847
-2.458270 237.111600 -0.618501 237.954529
-2.501543 239.199900 -0.639596 240.051239
-2.528203 241.263900 -0.648187 242.117310
-2.543393 243.355900 -0.643152 244.215958
-2.546619 245.471500 -0.627236 246.336807
-2.542056 247.635900 -0.588120 248.502792
-2.540944 249.857300 -0.560528 250.721634
-2.529475 252.145000 -0.521335 253.015289
-2.522827 254.510700 -0.486326 255.378723
-2.495854 256.929600 -0.427526 257.816528
-2.426274 259.429500 -0.319759 260.333832
-2.347909 261.939800 -0.208339 262.873352
-2.249292 264.463100 -0.081395 265.417267
-2.120601 266.988600 0.075541 267.960541
-1.972336 269.529300 0.243929 270.511414
-1.829452 272.089100 0.418213 273.089661
-1.700845 274.651100 0.584229 275.666656
-1.585579 277.203700 0.727773 278.215271
-1.489305 279.735400 0.847332 280.761963
-1.431895 282.203100 0.933976 283.249420
-1.411252 284.555300 0.978821 285.609741
-1.423417 286.744000 0.993777 287.798248
-1.477649 288.751100 0.955202 289.809418
-1.597157 290.628100 0.860670 291.682648
-1.834488 292.379000 0.638680 293.426453
-2.209538 293.998100 0.292294 295.027618
-2.739392 295.466700 -0.212273 296.475098
-3.425572 296.782800 -0.853340 297.747833
-4.268559 297.943900 -1.670242 298.887543
-5.270323 298.869400 -2.641174 299.796356
-6.404391 299.609200 -3.752579 300.503235
-7.620091 300.061900 -4.904915 300.951324
-8.849753 300.287300 -6.078751 301.178558
-10.136050 300.271200 -7.297944 301.181854
-11.487940 299.994100 -8.604122 300.903381
-12.859800 299.433800 -9.966454 300.388062
-14.212510 298.521900 -11.223427 299.553192
-15.569170 297.360100 -12.601685 298.380920
-16.903920 295.876600 -13.874069 296.944885
-18.123430 294.046700 -15.100845 295.150391
-19.213810 291.862500 -16.197563 293.016418
-20.129220 289.390500 -17.106522 290.578094
-20.811550 286.620800 -17.759430 287.845581
-21.226910 283.593100 -18.195248 284.839325
-21.383580 280.311200 -18.363449 281.589417
-21.289760 276.829500 -18.289463 278.118530
-21.001900 273.207500 -18.037344 274.452911
-20.665910 269.427900 -17.714809 270.626617
-20.345860 265.509700 -17.417665 266.668854
-20.070850 261.517300 -17.161217 262.630188
-19.855300 257.511300 -16.965796 258.576202
-19.703440 253.474600 -16.841475 254.502472
-19.613680 249.416200 -16.768732 250.424942
-19.551340 245.338200 -16.730062 246.337952
-19.513830 241.222400 -16.708519 242.208923
-19.480990 237.073200 -16.696411 238.059845
-19.430400 232.892800 -16.658998 233.853638
-19.355550 228.687700 -16.603729 229.627106
-19.288210 224.454100 -16.560448 225.382645
-19.214900 220.186300 -16.490162 221.096893
-19.140510 215.891500 -16.442167 216.785049
-19.053200 211.570300 -16.387373 212.450043
-18.960210 207.218600 -16.337900 208.083908
-18.864760 202.831800 -16.273432 203.670792
-18.780810 198.440400 -16.227533 199.251663
-18.697180 194.055600 -16.187590 194.845428
-18.628490 189.691500 -16.160843 190.472534
-18.576860 185.352500 -16.145092 186.109131
-18.533400 181.031600 -16.124088 181.779083
-18.510720 176.750700 -16.140129 177.452133
-18.518290 172.537500 -16.180422 173.205643
-18.551690 168.447100 -16.234436 169.068069
-18.605030 164.539000 -16.321747 165.141388
-18.662110 160.837100 -16.397287 161.406723
-18.717150 157.359800 -16.469589 157.880920
-18.762310 154.117300 -16.529884 154.639908
-18.804370 151.111100 -16.590530 151.618576
-18.837660 148.339300 -16.640772 148.837784
-18.862790 145.753800 -16.681780 146.275497
-18.886270 143.302400 -16.716181 143.800873
-18.908720 140.992900 -16.760880 141.465363
-18.926770 138.765400 -16.793941 139.220871
-18.954640 136.621400 -16.835335 137.041550
-18.979110 134.516900 -16.875723 134.909454
-19.003890 132.428600 -16.916601 132.798035
-19.011690 130.377400 -16.936821 130.719131
-19.029680 128.286700 -16.968332 128.604340
-19.040930 126.090400 -16.999027 126.386444
-19.033980 123.792800 -17.005917 124.080986
-19.007880 121.337200 -16.996771 121.609161
-18.962360 118.740400 -16.972927 118.990089
-18.881640 115.984300 -16.905628 116.238106
-18.762610 113.072100 -16.799473 113.315712
-18.592730 110.010400 -16.657621 110.238777
-18.389740 106.796500 -16.469633 107.009453
-18.187250 103.411100 -16.293886 103.611191
-17.972000 99.881710 -16.104692 100.056396
-17.753740 96.208550 -15.918692 96.365906
-17.543660 92.393230 -15.747558 92.532791
-17.350650 88.454130 -15.567625 88.556931
-17.188340 84.351710 -15.428967 84.441124
-17.048280 80.126460 -15.321980 80.221901
-16.938900 75.757520 -15.248751 75.845848
-16.844870 71.334520 -15.189582 71.415573
-16.779170 66.924620 -15.146278 66.993103
-16.723740 62.522540 -15.114724 62.557808
-16.677280 58.118530 -15.091169 58.146450
-16.622860 53.735190 -15.068914 53.765224
-16.554460 49.366830 -15.027691 49.395172
-16.478250 45.013820 -14.983276 45.034035
-16.401830 40.697890 -14.941992 40.717098
-16.332450 36.396840 -14.911247 36.406651
-16.264000 32.124710 -14.882788 32.113892
-16.212760 27.867600 -14.860860 27.851736
-16.153630 23.646100 -14.832909 23.616657
-16.100440 19.472550 -14.816090 19.421597
-16.057300 15.332990 -14.804376 15.277605
-15.999870 11.221520 -14.776761 11.155653
-15.957640 7.122797 -14.764922 7.033213
-15.925900 3.038918 -14.763864 2.920922
-15.871210 -1.063172 -14.731828 -1.191902
-15.823200 -5.192326 -14.725301 -5.326686
-15.773900 -9.357139 -14.702465 -9.504539
-15.722330 -13.547460 -14.689627 -13.700021
-15.675190 -17.764350 -14.676896 -17.901907
-15.629860 -22.003930 -14.668485 -22.133671
-15.590270 -26.267830 -14.661439 -26.401604
-15.536760 -30.547830 -14.639462 -30.695557
-15.493260 -34.819990 -14.629291 -34.976574
-15.444100 -39.082170 -14.608909 -39.260361
-15.392450 -43.322590 -14.591025 -43.507500
-15.337830 -47.537950 -14.562287 -47.715378
-15.276960 -51.748500 -14.524363 -51.935596
-15.217710 -55.949500 -14.487837 -56.137016
-15.170080 -60.150690 -14.473362 -60.336380
-15.128010 -64.350760 -14.467370 -64.560349
-15.091410 -68.538780 -14.465413 -68.731598
-15.064380 -72.708390 -14.459947 -72.895676
-15.030840 -76.856420 -14.455413 -77.050316
-14.979300 -80.953600 -14.451586 -81.127930
-14.924670 -85.034950 -14.416445 -85.211990
-14.873980 -89.070400 -14.407326 -89.232750
-14.824260 -93.076720 -14.393657 -93.235718
-14.787030 -97.045510 -14.391175 -97.230087
-14.758540 -100.983800 -14.405423 -101.190956
-14.739600 -104.892000 -14.423455 -105.111259
-14.728240 -108.762900 -14.441344 -109.017899
-14.724790 -112.605400 -14.470994 -112.872986
-14.717800 -116.411100 -14.498250 -116.682205
-14.709830 -120.173400 -14.517846 -120.462082
-14.700540 -123.867100 -14.545889 -124.191055
-14.698520 -127.485200 -14.579378 -127.819534
-14.712330 -131.008900 -14.621673 -131.373581
-14.733340 -134.417400 -14.678555 -134.796768
-14.752330 -137.654200 -14.719122 -138.065216
-14.773570 -140.676300 -14.759914 -141.095032
-14.808450 -143.452200 -14.822611 -143.935257
-14.818770 -145.963300 -14.860547 -146.464523
-14.688160 -148.224500 -14.748532 -148.709152
-14.364200 -150.225000 -14.455950 -150.681137
-13.833420 -151.950400 -13.960564 -152.353882
-13.082430 -153.424000 -13.242165 -153.769226
-12.093300 -154.666400 -12.308929 -154.955933
-10.901070 -155.630100 -11.189415 -155.880432
-9.567123 -156.277800 -9.972546 -156.511795
-8.174402 -156.635100 -8.564358 -156.839981
-6.734167 -156.651000 -7.218778 -156.881516
-5.261917 -156.393600 -5.800121 -156.690201
-3.838336 -155.807800 -4.419041 -156.142487
-2.480572 -154.890600 -3.176613 -155.241638
-1.268487 -153.640100 -1.928787 -154.026459
-0.226137 -152.060600 -0.994789 -152.539398
0.552355 -150.216600 -0.185947 -150.738678
1.048250 -148.112500 0.320126 -148.672195
1.348496 -145.760400 0.632620 -146.353912
1.463451 -143.197700 0.753084 -143.795044
1.471319 -140.450900 0.776335 -141.051819
1.499366 -137.518100 0.811876 -138.126450
1.504501 -134.421900 0.834793 -135.009399
1.498560 -131.160300 0.841130 -131.768799
1.470024 -127.744100 0.833832 -128.322952
1.436723 -124.185000 0.813295 -124.728943
1.413177 -120.491700 0.802654 -120.997566
1.405768 -116.657200 0.825226 -117.144157
1.385028 -112.695000 0.825443 -113.146851
1.330549 -108.592800 0.800153 -109.042976
1.259616 -104.367900 0.759434 -104.803429
1.170075 -100.007600 0.691643 -100.419662
1.089274 -95.515710 0.635790 -95.911285
1.009148 -90.982260 0.587570 -91.364471
0.939998 -86.466900 0.535054 -86.853271
0.883448 -81.949500 0.494318 -82.329475
0.838174 -77.439600 0.469179 -77.816727
0.800315 -72.936360 0.455392 -73.305229
0.745043 -68.462600 0.420983 -68.809303
0.694630 -64.005150 0.394894 -64.351227
0.637038 -59.575570 0.356723 -59.883759
0.557118 -55.160600 0.302778 -55.450874
0.456132 -50.778540 0.228318 -51.051460
0.362164 -46.417970 0.158852 -46.665569
0.280628 -42.079120 0.103299 -42.292767
0.202969 -37.762520 0.051518 -37.979549
0.132669 -33.463810 0.007477 -33.659145
0.084829 -29.193990 -0.020508 -29.365280
0.052569 -24.947680 -0.037600 -25.087967
0.032329 -20.738440 -0.039208 -20.869307
0.025161 -16.550260 -0.029108 -16.656857
0.021588 -12.403820 -0.007636 -12.468410
-0.000537 -8.285137 -0.005137 -8.290509
-0.031141 -4.183286 -0.013838 -4.144895
-0.072897 -0.090700 -0.017390 -0.027755
-0.117565 3.988036 -0.041915 4.063251
-0.160177 8.059835 -0.065835 8.196691
-0.208154 12.123170 -0.065028 12.223128
-0.248220 16.180930 -0.088641 16.295248
-0.283357 20.233300 -0.087894 20.340261
-0.323376 24.273080 -0.098433 24.403700
-0.367457 28.293060 -0.113406 28.423807
-0.413998 32.282480 -0.135020 32.402897
-0.451537 36.243360 -0.142660 36.387470
-0.483912 40.173770 -0.141917 40.312481
-0.534623 44.076020 -0.159917 44.204479
-0.599992 47.961110 -0.196076 48.091030
-0.674006 51.810410 -0.245780 51.952351
-0.762477 55.629480 -0.300794 55.779789
-0.859787 59.434080 -0.358528 59.569485
-0.962179 63.207400 -0.422867 63.331917
-1.068654 66.953700 -0.507520 67.079048
-1.188155 70.668750 -0.591174 70.784782
-1.293464 74.341090 -0.666955 74.483994
-1.359396 77.886940 -0.705504 78.010582
-1.402951 81.267680 -0.728139 81.378036
-1.402636 84.557510 -0.705741 84.677574
-1.391329 87.836530 -0.667332 87.965134
-1.372397 91.075680 -0.618011 91.203674
-1.348852 94.282140 -0.566989 94.422226
-1.346362 97.452060 -0.542726 97.616005
-1.397412 100.636400 -0.568983 100.814819
-1.507808 103.868200 -0.636394 104.107170
-1.686244 107.147500 -0.798778 107.385818
-1.855701 110.482100 -0.945468 110.742462
-1.949092 113.881100 -1.012152 114.152748
-1.940135 117.341400 -0.971705 117.635750
-1.833080 120.865900 -0.851360 121.176941
-1.665951 124.465900 -0.642316 124.795494
-1.454190 128.142800 -0.399618 128.502243
-1.212752 131.910500 -0.137843 132.272354
-0.998254 135.780800 0.118423 136.160889
-0.860070 139.749100 0.277254 140.146866
-0.808213 143.817500 0.368307 144.237366
-0.818199 147.962100 0.394767 148.416901
-0.863698 152.201700 0.381174 152.662155
-0.925229 156.508200 0.355220 156.988998
-1.007339 160.831700 0.303912 161.366058
-1.112662 165.144700 0.225412 165.692139
-1.225583 169.454500 0.136138 170.029800
-1.333194 173.746700 0.072864 174.344711
-1.427528 178.011200 -0.000869 178.608398
-1.498241 182.250200 -0.041729 182.851990
-1.559212 186.455600 -0.068325 187.048767
-1.603074 190.634400 -0.087112 191.224915
-1.633867 194.776400 -0.068764 195.394547
-1.669867 198.889600 -0.078017 199.514389
-1.705984 202.969800 -0.080081 203.625015
-1.737778 207.012200 -0.101171 207.696228
-1.768399 211.025100 -0.108539 211.724472
-1.802728 214.966700 -0.115754 215.678696
-1.842513 218.742600 -0.136494 219.462143
-1.895168 222.285200 -0.171346 223.038193
-1.971966 225.567200 -0.235956 226.357056
-2.073778 228.574200 -0.323547 229.382614
-2.174190 231.286800 -0.409783 232.108429
-2.280068 233.718900 -0.509008 234.546982
-2.372559 236.037200 -0.584825 236.873093
-2.421540 238.338400 -0.613918 239.195175
-2.457471 240.613800 -0.628869 241.483246
-2.477940 242.858500 -0.610802 243.742142
-2.487604 245.075200 -0.587554 245.953705
-2.497272 247.315700 -0.558511 248.198608
-2.506486 249.599100 -0.535538 250.489548
-2.503453 251.921600 -0.500909 252.817322
-2.498934 254.303700 -0.468082 255.197647
-2.475778 256.706800 -0.417483 257.617645
-2.418788 259.175900 -0.331300 260.107544
-2.357178 261.687800 -0.249280 262.648987
-2.278446 264.282700 -0.144625 265.253235
-2.181048 266.960400 -0.027267 267.960724
-2.072995 269.711700 0.103815 270.725708
-1.977183 272.515600 0.227839 273.539520
-1.903306 275.322000 0.333477 276.361145
-1.860171 278.121700 0.412390 279.176514
-1.834878 280.906700 0.476404 281.983978
-1.820378 283.662600 0.524886 284.745422
-1.821293 286.355900 0.555870 287.449249
-1.835812 288.890500 0.570435 289.985748
-1.843827 291.365700 0.586681 292.457794
-1.840209 293.812200 0.609698 294.882202
-1.823832 296.231700 0.663072 297.307068
-1.812035 298.624300 0.696433 299.649628
