0.000000 0.000000 0.000000 0.000000
-0.017534 0.283467 -0.026067 0.285392
-0.060000 0.627936 -0.084214 0.626055
-0.141534 1.081913 -0.176243 1.075272
-0.293459 1.604140 -0.342196 1.572109
-0.522492 2.173020 -0.582203 2.132837
-0.839493 2.758285 -0.878664 2.678351
-1.242764 3.333105 -1.247095 3.230878
-1.761568 3.880703 -1.712327 3.731231
-2.415527 4.382391 -2.343366 4.239810
-3.215512 4.824434 -3.119404 4.692514
-4.177130 5.153468 -4.059593 4.987773
-5.299329 5.360943 -5.134794 5.200435
-6.558994 5.427674 -6.357533 5.258825
-7.950411 5.389282 -7.714403 5.209449
-9.480377 5.263869 -9.234974 5.084014
-11.152740 5.088360 -10.895602 4.909132
-12.964270 4.901812 -12.724586 4.714759
-14.913410 4.697363 -14.666459 4.513005
-17.004780 4.494630 -16.781900 4.301367
-19.224270 4.290984 -18.999292 4.091474
-21.564480 4.100217 -21.329153 3.890563
-23.969500 3.908970 -23.725128 3.690717
-26.461360 3.716343 -26.204245 3.478457
-28.997620 3.492898 -28.729742 3.259191
-31.515860 3.271990 -31.238333 3.040222
-34.026260 3.051261 -33.738426 2.813763
-36.533450 2.843137 -36.224308 2.599332
-39.049180 2.638855 -38.753666 2.383189
-41.538400 2.436154 -41.176430 2.182732
-44.015190 2.223683 -43.633980 1.963655
-46.483350 2.028253 -46.106487 1.760234
-48.933140 1.820295 -48.523857 1.538622
-51.328710 1.575304 -50.899826 1.295571
-53.701960 1.337479 -53.264606 1.055834
-56.038080 1.110756 -55.594097 0.823258
-58.330390 0.883063 -57.897202 0.586468
-60.536580 0.662366 -60.097363 0.352808
-62.620220 0.461718 -62.190849 0.136756
-64.570470 0.320188 -64.129402 -0.003439
-66.375630 0.255567 -65.920227 -0.075568
-67.990520 0.345560 -67.554657 0.015002
-69.403760 0.611089 -68.982353 0.262040
-70.681710 1.080744 -70.208748 0.684023
-71.814190 1.753829 -71.351509 1.345251
-72.810710 2.601772 -72.393440 2.161407
-73.659320 3.554385 -73.283386 3.139889
-74.401710 4.718510 -74.021210 4.304123
-75.018160 6.110247 -74.655685 5.724689
-75.539300 7.706095 -75.174232 7.327240
-75.980690 9.486418 -75.610596 9.128529
-76.379030 11.414990 -76.026695 11.078832
-76.702710 13.494070 -76.355515 13.168803
-76.964630 15.687850 -76.633537 15.360445
-77.198810 17.993590 -76.888367 17.684980
-77.402440 20.301510 -77.097191 19.997335
-77.573400 22.614340 -77.283691 22.308023
-77.734200 24.898110 -77.464050 24.570871
-77.908780 27.180670 -77.642693 26.871740
-78.064690 29.440670 -77.794807 29.135294
-78.198100 31.701300 -77.922211 31.397774
-78.346240 34.000930 -78.064552 33.716091
-78.507180 36.347540 -78.216415 36.082790
-78.700400 38.735230 -78.401299 38.468460
-78.895930 41.194680 -78.589981 40.936623
-79.100340 43.724740 -78.785202 43.434063
-79.318630 46.299200 -79.003578 46.013939
-79.508610 48.902070 -79.189354 48.620266
-79.697420 51.529450 -79.363205 51.266655
-79.900390 54.113500 -79.540070 53.873352
-80.092730 56.670630 -79.723129 56.430305
-80.280860 59.213100 -79.888039 58.971535
-80.474010 61.695670 -80.068169 61.455330
-80.696040 64.136290 -80.291237 63.887894
-80.945180 66.559290 -80.545197 66.280289
-81.219160 68.948800 -80.800110 68.675919
-81.542260 71.291910 -81.098770 71.009094
-81.910890 73.584740 -81.441383 73.293892
-82.326990 75.851980 -81.820526 75.587769
-82.765640 78.069230 -82.232689 77.823792
-83.284090 80.280970 -82.715843 80.014343
-83.856430 82.430700 -83.289841 82.157883
-84.492780 84.584160 -83.924385 84.311935
-85.212300 86.715560 -84.644302 86.429100
-85.996320 88.820790 -85.426025 88.540314
-86.860390 90.918090 -86.274841 90.650352
-87.802500 93.003510 -87.185928 92.753693
-88.749010 95.068170 -88.096237 94.831635
-89.747960 97.163510 -89.092499 96.931374
-90.774930 99.219550 -90.104767 99.009552
-91.840000 101.277400 -91.163712 101.090950
-92.914780 103.296100 -92.216789 103.117729
-94.015070 105.267400 -93.289711 105.120308
-95.123350 107.187800 -94.368797 107.054115
-96.223200 109.067700 -95.432007 108.934967
-97.263380 110.813500 -96.441849 110.696938
-98.241750 112.423300 -97.404739 112.315895
-99.124850 113.865700 -98.268394 113.771538
-99.918840 115.113700 -99.062248 115.024818
-100.633200 116.204600 -99.741653 116.130020
-101.305600 117.126600 -100.377762 117.054291
-101.873900 117.899200 -100.943909 117.814812
-102.405300 118.508600 -101.454086 118.443321
-102.901800 118.981600 -101.930855 118.927856
-103.418300 119.366800 -102.409752 119.324127
-103.954800 119.734800 -102.908943 119.657196
-104.533600 120.029100 -103.458961 119.973343
-105.136200 120.256600 -104.032593 120.207138
-105.801600 120.452000 -104.620796 120.372665
-106.640800 120.599400 -105.422684 120.556114
-107.630100 120.643400 -106.319473 120.603027
-108.711300 120.530800 -107.377052 120.521927
-109.893600 120.252600 -108.551239 120.239304
-111.159800 119.776100 -109.829361 119.779007
-112.496700 119.062200 -111.151344 119.093094
-113.898700 118.106700 -112.570038 118.150070
-115.384500 116.988900 -114.013405 117.088982
-116.978000 115.737300 -115.613724 115.854591
-118.659900 114.366200 -117.289352 114.516220
-120.438900 112.893300 -119.071884 113.076355
-122.328200 111.322200 -120.968987 111.542046
-124.284900 109.650200 -122.948730 109.907394
-126.332000 107.913600 -125.036980 108.191635
-128.461900 106.101400 -127.202583 106.410248
-130.662300 104.214900 -129.447876 104.523300
-132.923400 102.303500 -131.715714 102.639481
-135.189200 100.390400 -133.978363 100.749916
-137.468500 98.469440 -136.271759 98.833817
-139.748000 96.546090 -138.529739 96.967514
-142.020800 94.620440 -140.797028 95.056084
-144.286200 92.690670 -143.022781 93.161392
-146.547500 90.774040 -145.251129 91.269501
-148.833300 88.871460 -147.527634 89.376717
-151.113400 86.978090 -149.778229 87.526573
-153.379000 85.085390 -152.041626 85.650459
-155.629200 83.206150 -154.274506 83.805542
-157.861400 81.326710 -156.486679 81.954926
-160.058500 79.464550 -158.657074 80.131332
-162.221300 77.608580 -160.828522 78.321793
-164.376700 75.774280 -162.995422 76.515228
-166.524800 73.967130 -165.133331 74.736099
-168.668400 72.191080 -167.238586 73.005836
-170.783100 70.468000 -169.324142 71.292740
-172.829900 68.807490 -171.358185 69.612282
-174.785600 67.216050 -173.298508 68.016205
-176.663800 65.684200 -175.185120 66.473541
-178.444800 64.197390 -176.968155 65.012024
-180.100300 62.765190 -178.654068 63.619507
-181.648600 61.419590 -180.236572 62.297367
-183.088500 60.110320 -181.692596 61.018284
-184.404500 58.801210 -183.025879 59.733120
-185.549500 57.458340 -184.141281 58.447098
-186.455000 56.066080 -185.071350 57.084366
-187.120600 54.647590 -185.731018 55.755444
-187.525600 53.213090 -186.144196 54.379028
-187.748500 51.772320 -186.401138 52.972710
-187.716500 50.330420 -186.362808 51.551888
-187.519800 48.954720 -186.207138 50.152363
-187.091900 47.667580 -185.801865 48.915611
-186.478200 46.430560 -185.228729 47.679581
-185.743700 45.217520 -184.491272 46.460571
-184.898100 44.044150 -183.653290 45.286156
-183.968900 42.858990 -182.725159 44.093880
-182.972800 41.628580 -181.735382 42.852821
-181.887200 40.344680 -180.668121 41.553146
-180.726700 38.951790 -179.536133 40.159233
-179.492700 37.459110 -178.318268 38.682182
-178.162100 35.849180 -177.009430 37.055550
-176.710600 34.142700 -175.585480 35.323792
-175.171800 32.296660 -174.089661 33.458252
-173.559000 30.363270 -172.512207 31.512589
-171.867000 28.346750 -170.855408 29.465370
-170.123400 26.259270 -169.156250 27.337120
-168.337100 24.097840 -167.395584 25.158249
-166.581500 21.908660 -165.644165 22.966484
-164.835100 19.714670 -163.891373 20.769806
-163.104500 17.573870 -162.157715 18.602180
-161.377300 15.429150 -160.435440 16.444328
-159.682200 13.303470 -158.749084 14.303459
-158.088000 11.153610 -157.152695 12.137657
-156.652500 8.940913 -155.701111 9.916344
-155.433700 6.640524 -154.472015 7.584644
-154.451100 4.275819 -153.482391 5.188328
-153.690900 1.836084 -152.711639 2.736069
-153.116700 -0.684920 -152.155624 0.192432
-152.659200 -3.301845 -151.710037 -2.436766
-152.323800 -6.003442 -151.388504 -5.136889
-152.034900 -8.818435 -151.120132 -7.949993
-151.705400 -11.696490 -150.810135 -10.841961
-151.368100 -14.689410 -150.485382 -13.828162
-151.018300 -17.760610 -150.159973 -16.889210
-150.658400 -20.884570 -149.811829 -20.023266
-150.317300 -24.039630 -149.493317 -23.177979
-149.995500 -27.198720 -149.180481 -26.343113
-149.688200 -30.326210 -148.885193 -29.464413
-149.392500 -33.448800 -148.598434 -32.587540
-149.124700 -36.525700 -148.341095 -35.675507
-148.881400 -39.588890 -148.110275 -38.735191
-148.663600 -42.621440 -147.915237 -41.780773
-148.444100 -45.622170 -147.723160 -44.791824
-148.225800 -48.590750 -147.541885 -47.755692
-148.013500 -51.538440 -147.359940 -50.716187
-147.797700 -54.448530 -147.168961 -53.636837
-147.579700 -57.330200 -146.956360 -56.530128
-147.341500 -60.171640 -146.729996 -59.380394
-147.099100 -62.956470 -146.506439 -62.168308
-146.873600 -65.641890 -146.299484 -64.854057
-146.684200 -68.188960 -146.141678 -67.404694
-146.575000 -70.550950 -146.059006 -69.775238
-146.515200 -72.689370 -146.037613 -71.935631
-146.496000 -74.588600 -146.044128 -73.831253
-146.520100 -76.249210 -146.085831 -75.495461
-146.562400 -77.644470 -146.121735 -76.900360
-146.614700 -78.752900 -146.175385 -78.034660
-146.644400 -79.571930 -146.169113 -78.832024
-146.661300 -80.195760 -146.172455 -79.480644
-146.655800 -80.746170 -146.178848 -80.043030
-146.626400 -81.202170 -146.159561 -80.532768
-146.606400 -81.580050 -146.163727 -80.918381
-146.554400 -81.887990 -146.123749 -81.243675
-146.509800 -82.072680 -146.095718 -81.415062
-146.481300 -82.147900 -146.075745 -81.496605
-146.467500 -82.144490 -146.068039 -81.491455
-146.474300 -82.148460 -146.048920 -81.511742
-146.483700 -82.145920 -146.041672 -81.499718
-146.487400 -82.144780 -146.082062 -81.513443
-146.492900 -82.150980 -146.078827 -81.512802
-146.495200 -82.155360 -146.079590 -81.512268
-146.494300 -82.156570 -146.083008 -81.504524
-146.487800 -82.148430 -146.073334 -81.497704
-146.487300 -82.140910 -146.075851 -81.512024
-146.486500 -82.135050 -146.061005 -81.504669
-146.488100 -82.132520 -146.035553 -81.510880
-146.489000 -82.133460 -146.073547 -81.474403
-146.484700 -82.133480 -146.061752 -81.480301
-146.484900 -82.133510 -146.052856 -81.518646
-146.480100 -82.133670 -146.046356 -81.513641
-146.472100 -82.131890 -146.057312 -81.509247
-146.477500 -82.133220 -146.068100 -81.513443
-146.525000 -82.162010 -146.088043 -81.505852
-146.565900 -82.217300 -146.059509 -81.507965
-146.590600 -82.310130 -146.022003 -81.530952
-146.581800 -82.426170 -145.997055 -81.636673
-146.551800 -82.574220 -145.938751 -81.760910
-146.475900 -82.778480 -145.859344 -81.950500
-146.351300 -83.116710 -145.725937 -82.272964
-146.156300 -83.574440 -145.529572 -82.724411
-145.879500 -84.106160 -145.236984 -83.227982
-145.491300 -84.682600 -144.900238 -83.725136
-144.895700 -85.318510 -144.380859 -84.326553
-144.077500 -86.065360 -143.585388 -85.074982
-142.947400 -86.840620 -142.402222 -85.850372
-141.509200 -87.543350 -140.941330 -86.558205
-139.798500 -88.087580 -139.176468 -87.077843
-137.828100 -88.433330 -137.214325 -87.417114
-135.614800 -88.607530 -134.985260 -87.572662
-133.180100 -88.696560 -132.536545 -87.641045
-130.552000 -88.680490 -129.889313 -87.603928
-127.723900 -88.575690 -127.045357 -87.459564
-124.683500 -88.464330 -124.000740 -87.349266
-121.460200 -88.294280 -120.797623 -87.173912
-118.086600 -88.040550 -117.428482 -86.952080
-114.579400 -87.745070 -113.948982 -86.677452
-110.975100 -87.438680 -110.339622 -86.401573
-107.385700 -87.146760 -106.766396 -86.142395
-103.821100 -86.859660 -103.208389 -85.870644
-100.261700 -86.572000 -99.648308 -85.620659
-96.736140 -86.293870 -96.116814 -85.380348
-93.228880 -86.017520 -92.604935 -85.128395
-89.760830 -85.757500 -89.132416 -84.894127
-86.314280 -85.511300 -85.711975 -84.654015
-82.904810 -85.266650 -82.307457 -84.439766
-79.525840 -84.982830 -78.921173 -84.177406
-76.174850 -84.684980 -75.555061 -83.884537
-72.849640 -84.375480 -72.206993 -83.569199
-69.556400 -84.051650 -68.913101 -83.253822
-66.269780 -83.744240 -65.643875 -82.963493
-62.988460 -83.463860 -62.363594 -82.711327
-59.725320 -83.192290 -59.106949 -82.460449
-56.511930 -82.928720 -55.869560 -82.219002
-53.287950 -82.677770 -52.642132 -82.010185
-50.102380 -82.423820 -49.439457 -81.795029
-46.961330 -82.161740 -46.239372 -81.566795
-43.795000 -81.913070 -43.084370 -81.326721
-40.605850 -81.669580 -39.896984 -81.113861
-37.446990 -81.429200 -36.791351 -80.880646
-34.324130 -81.178460 -33.673115 -80.654160
-31.234230 -80.938930 -30.581837 -80.424034
-28.164850 -80.719500 -27.516630 -80.208641
-25.130870 -80.512870 -24.458195 -80.001701
-22.128140 -80.313820 -21.447668 -79.799904
-19.203440 -80.118030 -18.520203 -79.603516
-16.439970 -79.929640 -15.736532 -79.432205
-13.862420 -79.730950 -13.146803 -79.259567
-11.471000 -79.505250 -10.747934 -79.062706
-9.267307 -79.258710 -8.533640 -78.831718
-7.272311 -78.940490 -6.527472 -78.538185
-5.472914 -78.549550 -4.752796 -78.178017
-3.867830 -78.086270 -3.130854 -77.729141
-2.385605 -77.503960 -1.627371 -77.166946
-1.027851 -76.800120 -0.326569 -76.526581
0.166806 -75.911920 0.834019 -75.677406
1.182030 -74.883010 1.848412 -74.733627
1.977241 -73.709730 2.666935 -73.571442
2.625592 -72.432540 3.338646 -72.295082
3.046312 -71.053430 3.754465 -70.923355
3.332790 -69.610070 4.025122 -69.521553
3.505748 -68.096830 4.188314 -68.048332
3.623078 -66.505600 4.301065 -66.461578
3.673887 -64.790020 4.348749 -64.754753
3.664022 -62.925430 4.343996 -62.911911
3.591227 -60.915700 4.261375 -60.918808
3.485568 -58.760380 4.157054 -58.774326
3.375737 -56.493750 4.043395 -56.491199
3.243097 -54.203520 3.905697 -54.205521
3.069795 -51.907210 3.753798 -51.912075
2.871709 -49.612280 3.568255 -49.616528
2.690256 -47.318710 3.378294 -47.322895
2.514617 -45.039680 3.203514 -45.053005
2.336487 -42.787040 3.023541 -42.802368
2.176053 -40.574230 2.844110 -40.566875
2.023801 -38.441270 2.691017 -38.415020
1.895520 -36.414710 2.550672 -36.371719
1.766675 -34.458180 2.405776 -34.410828
1.645582 -32.544470 2.269115 -32.491322
1.524724 -30.674470 2.124452 -30.620012
1.412389 -28.840280 1.993621 -28.757750
1.305986 -27.028700 1.864717 -26.937305
1.191105 -25.239530 1.732487 -25.141579
1.067365 -23.476920 1.569602 -23.378551
0.934574 -21.765460 1.413907 -21.662010
0.802905 -20.140230 1.262440 -20.029512
0.699503 -18.615910 1.143527 -18.539602
0.601767 -17.196320 1.026273 -17.117088
0.507341 -15.885810 0.925624 -15.806886
0.417035 -14.726660 0.835876 -14.639199
0.351258 -13.760620 0.771455 -13.666691
0.299516 -12.930350 0.710267 -12.839904
0.263868 -12.153000 0.657682 -12.056347
0.238575 -11.391050 0.608577 -11.301586
0.198165 -10.644890 0.559898 -10.554492
0.151201 -9.907869 0.498792 -9.823840
0.091011 -9.183499 0.413928 -9.111345
0.016860 -8.476707 0.309612 -8.403741
-0.070862 -7.778389 0.215850 -7.707118
-0.158415 -7.094030 0.131995 -7.017979
-0.234301 -6.412690 0.060509 -6.345733
-0.307917 -5.742297 0.006237 -5.676328
-0.360353 -5.068979 -0.053899 -5.009215
-0.401589 -4.328040 -0.107914 -4.285552
-0.431289 -3.483170 -0.149082 -3.430983
-0.464543 -2.555900 -0.181028 -2.502462
-0.487938 -1.556277 -0.211795 -1.495423
-0.499710 -0.485171 -0.240638 -0.441953
-0.511556 0.679747 -0.266294 0.765872
-0.388368 1.890361 -0.244879 1.900133
-0.387786 3.050660 -0.300933 3.032612
-0.473375 4.175334 -0.439070 4.135365
-0.669462 5.262875 -0.674780 5.179862
-0.929674 6.291946 -0.954782 6.180261
-1.229340 7.289411 -1.261167 7.157840
-1.438607 8.249384 -1.494773 8.126862
-1.565470 8.946937 -1.616518 8.827062
-1.615795 9.324632 -1.672507 9.213107
-1.635852 9.404838 -1.686159 9.292344
-1.640332 9.376167 -1.681789 9.272091
-1.643540 9.371050 -1.683737 9.274764
