0.000000 -0.000000 0.000000 0.000000
0.020455 2.389887 -0.021446 2.273529
0.038167 4.630767 -0.035560 4.406169
0.062475 6.584575 -0.037583 6.384691
0.078062 8.294502 -0.021464 8.131776
0.036300 9.647129 -0.001784 9.630259
0.037691 10.755690 0.011160 10.872234
0.070396 11.572020 0.050794 11.820636
0.096690 12.008000 0.082363 12.512870
0.124405 12.280970 0.102046 13.038319
0.106056 12.366960 0.119282 13.480766
0.125276 12.480720 0.142538 13.871587
0.156946 12.590120 0.163210 14.245802
0.151509 12.702880 0.175598 14.625183
0.146149 12.836600 0.170902 14.990842
0.118103 12.986600 0.140784 15.404474
0.046011 13.251830 0.053524 15.909567
-0.102743 13.662450 -0.095542 16.543179
-0.377391 14.237180 -0.364071 17.303944
-0.803739 14.918100 -0.783659 18.131907
-1.393517 15.599510 -1.332032 18.944727
-2.183640 16.257910 -2.072630 19.743902
-3.168635 16.891620 -3.078302 20.563869
-4.410526 17.491970 -4.269379 21.227957
-5.887262 17.957870 -5.684132 21.767797
-7.603442 18.241840 -7.370284 22.102966
-9.593783 18.333530 -9.225616 22.235104
-11.737930 18.262400 -11.236828 22.190847
-14.123570 18.137210 -13.458946 22.091167
-16.660080 18.043560 -15.863935 22.029375
-19.380350 17.941480 -18.452618 21.972933
-22.232040 17.791200 -21.212048 21.859699
-25.294530 17.612590 -24.191845 21.731800
-28.420350 17.436630 -27.254778 21.605925
-31.735350 17.259230 -30.327520 21.444792
-35.061830 17.012340 -33.495087 21.215370
-38.405680 16.701380 -36.711494 20.915573
-41.726310 16.376210 -39.931339 20.592453
-45.021050 16.012440 -43.181042 20.273230
-48.346970 15.612790 -46.491154 19.942514
-51.676860 15.192430 -49.817604 19.639071
-55.031060 14.742560 -53.212093 19.347233
-58.401830 14.329930 -56.646149 19.132643
-61.829840 14.034770 -60.104549 18.985367
-65.245090 13.824430 -63.582199 18.893284
-68.803470 13.628730 -67.111053 18.820791
-72.396330 13.444870 -70.636459 18.765326
-76.040760 13.365020 -74.185646 18.725592
-79.629870 13.286290 -77.736290 18.697193
-83.178040 13.172320 -81.285568 18.658083
-86.806450 13.116270 -84.831146 18.625515
-90.407370 13.030230 -88.344048 18.589821
-93.932750 12.938240 -91.849113 18.561342
-97.425940 12.830290 -95.334648 18.534157
-100.921800 12.721040 -98.820015 18.495161
-104.418700 12.646790 -102.316696 18.483246
-107.950700 12.574710 -105.816193 18.453550
-111.506500 12.491980 -109.356728 18.414139
-115.125400 12.427530 -112.948227 18.395998
-118.791400 12.356860 -116.607254 18.365377
-122.506900 12.277580 -120.332787 18.312300
-126.283000 12.162340 -124.119896 18.225477
-130.058300 12.056810 -127.902946 18.154972
-133.838200 11.940140 -131.708786 18.093533
-137.647000 11.763370 -135.505951 18.023621
-141.424200 11.624670 -139.254303 17.972204
-145.185900 11.523690 -143.012146 17.920692
-148.919300 11.449460 -146.721771 17.894663
-152.638200 11.381770 -150.443222 17.862707
-156.350400 11.310530 -154.140701 17.826782
-160.047400 11.214060 -157.823822 17.791775
-163.709400 11.107560 -161.519348 17.731153
-167.360400 10.983380 -165.159332 17.719055
-170.967600 10.933720 -168.851089 17.711439
-174.571400 10.876820 -172.500885 17.704477
-178.137200 10.833080 -176.115311 17.702175
-181.490500 10.796130 -179.484818 17.714182
-184.602400 10.773720 -182.653763 17.726679
-187.458300 10.758840 -185.531647 17.753464
-190.232700 10.733900 -188.320282 17.757174
-192.986900 10.663320 -191.093109 17.720379
-195.706100 10.585910 -193.835052 17.665955
-198.416300 10.495740 -196.569611 17.625395
-201.152700 10.412030 -199.325775 17.568733
-203.946700 10.341460 -202.129288 17.531590
-206.802300 10.298350 -204.994293 17.491781
-209.757100 10.317680 -207.869202 17.482353
-212.804800 10.361070 -210.891251 17.481033
-215.930200 10.396430 -213.986679 17.487486
-219.012900 10.360590 -217.095062 17.542669
-222.155100 10.298380 -220.274612 17.588455
-225.365500 10.246810 -223.526123 17.661352
-228.707300 10.215510 -226.844528 17.719364
-232.112300 10.220950 -230.256607 17.782349
-235.564300 10.214940 -233.701248 17.823179
-239.104300 10.217730 -237.279556 17.880938
-242.702700 10.183390 -240.886230 17.895504
-246.347300 10.130220 -244.548676 17.891476
-250.052800 10.036800 -248.280792 17.848799
-253.773800 9.880518 -252.073868 17.776762
-257.535100 9.718989 -255.832001 17.698948
-261.300500 9.591512 -259.606842 17.635765
-265.059000 9.459547 -263.352264 17.563274
-268.826900 9.337703 -267.098663 17.500879
-272.549600 9.176257 -270.838318 17.426807
-276.263700 8.976101 -274.535004 17.345428
-279.947200 8.832825 -278.223145 17.298100
-283.650400 8.715404 -281.909058 17.241898
-287.322900 8.610515 -285.595490 17.194584
-290.988400 8.505150 -289.266449 17.145298
-294.654700 8.394904 -292.926361 17.104599
-298.320400 8.294475 -296.603699 17.055975
-302.013000 8.169718 -300.290802 16.989153
-305.746200 8.074212 -303.996002 16.952702
-309.494500 7.982975 -307.716248 16.907198
-313.220200 7.863686 -311.469452 16.828131
-316.989500 7.782544 -315.204437 16.790087
-320.754000 7.679468 -318.933044 16.735220
-324.529500 7.563218 -322.704041 16.691772
-328.344000 7.456111 -326.450562 16.659147
-332.109700 7.347334 -330.243378 16.636932
-335.860100 7.242255 -333.974426 16.620499
-339.608800 7.147781 -337.731354 16.575836
-343.309300 7.053936 -341.427948 16.576994
-346.907500 6.957315 -345.073120 16.569468
-350.384600 6.860419 -348.545532 16.561031
-353.708400 6.768393 -351.870148 16.538956
-356.877800 6.663296 -355.056213 16.523710
-360.001200 6.552425 -358.192261 16.481125
-363.041000 6.435692 -361.257843 16.428528
-365.855800 6.345080 -364.140839 16.401295
-368.437600 6.307072 -366.790588 16.425243
-370.781400 6.383962 -369.217407 16.542328
-372.865900 6.648568 -371.365204 16.853184
-374.725000 7.109350 -373.256073 17.356781
-376.363200 7.741893 -374.934875 18.059303
-377.862400 8.633829 -376.470703 18.979980
-379.196300 9.712570 -377.816406 20.133423
-380.348700 10.965970 -378.990662 21.477097
-381.385700 12.448140 -380.026154 23.020432
-382.260100 14.122720 -380.908173 24.774033
-383.010800 15.994530 -381.640503 26.725586
-383.610300 18.057930 -382.208740 28.846832
-384.100300 20.314520 -382.654358 31.166039
-384.497100 22.748260 -383.007446 33.658482
-384.776600 25.364410 -383.228912 36.288727
-384.988900 28.128190 -383.387756 39.095020
-385.212700 31.086220 -383.498688 42.021091
-385.449300 34.192050 -383.605682 45.062119
-385.780600 37.315730 -383.689545 48.106895
-386.061000 40.426600 -383.751648 51.181164
-386.229000 43.492690 -383.795349 54.219452
-386.309000 46.518630 -383.815094 57.234585
-386.383200 49.505740 -383.825378 60.207478
-386.435500 52.415800 -383.826416 63.122574
-386.493200 55.225360 -383.813782 65.921890
-386.554400 57.943820 -383.780304 68.621559
-386.610300 60.578530 -383.715973 71.229530
-386.585600 63.079020 -383.603516 73.731277
-386.370900 65.433820 -383.370697 76.099777
-385.914800 67.648300 -382.967224 78.338135
-385.249200 69.694860 -382.383270 80.415031
-384.335100 71.573620 -381.640106 82.338287
-383.335600 73.255020 -380.766052 84.067459
-382.295300 74.818880 -379.702393 85.598526
-381.091700 76.191700 -378.399902 86.932419
-379.774700 77.364460 -376.936218 88.041229
-378.271000 78.251970 -375.341431 88.905380
-376.573900 78.987050 -373.585754 89.603462
-374.728100 79.537850 -371.705750 90.110870
-372.739900 79.941840 -369.673615 90.495552
-370.607000 80.199980 -367.543854 90.717422
-368.370300 80.415580 -365.302856 90.870010
-366.032000 80.571350 -362.930267 90.971321
-363.598400 80.673300 -360.472046 91.000526
-361.071700 80.716320 -357.936096 90.976212
-358.469900 80.705850 -355.328369 90.877357
-355.832800 80.638300 -352.640656 90.749710
-353.161000 80.553900 -349.964355 90.609962
-350.450100 80.465550 -347.261017 90.460175
-347.763100 80.398460 -344.546967 90.337074
-345.086900 80.370740 -341.850830 90.245178
-342.417400 80.402970 -339.180145 90.219322
-339.774100 80.483360 -336.537811 90.238045
-337.139800 80.575110 -333.903625 90.264618
-334.528900 80.693480 -331.266388 90.303154
-331.932700 80.824510 -328.629883 90.332863
-329.325200 80.918500 -325.989380 90.340317
-326.739100 80.990700 -323.345856 90.315109
-324.144100 81.038770 -320.734344 90.284195
-321.562300 81.091140 -318.106842 90.242104
-319.011600 81.190070 -315.546173 90.233017
-316.450900 81.308090 -312.936066 90.259956
-313.909200 81.444650 -310.355804 90.297737
-311.391900 81.580060 -307.806580 90.336235
-308.876400 81.706970 -305.274139 90.367615
-306.378900 81.849250 -302.742157 90.415543
-303.888700 81.994400 -300.223907 90.458961
-301.376300 82.158190 -297.680542 90.547516
-298.832900 82.325730 -295.118835 90.640930
-296.237900 82.504140 -292.523895 90.745445
-293.590400 82.683410 -289.865570 90.867599
-290.876600 82.853340 -287.148865 90.965546
-288.120000 82.987710 -284.379578 91.019348
-285.314700 83.062010 -281.548462 91.013428
-282.460400 83.089330 -278.672882 90.966957
-279.611400 83.105040 -275.806305 90.913193
-276.801100 83.107970 -272.982178 90.820595
-274.051500 83.099890 -270.240723 90.729668
-271.353100 83.054870 -267.545044 90.611549
-268.676800 82.970950 -264.880005 90.447090
-266.029200 82.903900 -262.207092 90.301460
-263.418800 82.873250 -259.599121 90.194435
-260.804200 82.903330 -256.959595 90.137062
-258.168800 82.990410 -254.321350 90.146317
-255.510500 83.145560 -251.707748 90.242722
-252.844700 83.373830 -249.040436 90.386414
-250.152200 83.637690 -246.350784 90.557556
-247.440300 83.910960 -243.625519 90.758942
-244.714300 84.178610 -240.903671 90.935616
-242.002000 84.383000 -238.221619 91.044952
-239.314700 84.514710 -235.519928 91.098953
-236.657500 84.567850 -232.860382 91.072327
-234.029000 84.526210 -230.205887 90.948997
-231.443300 84.405890 -227.604385 90.740112
-228.920700 84.255810 -225.078293 90.514023
-226.536800 84.105460 -222.678680 90.290390
-224.322600 83.973260 -220.492340 90.107117
-222.317800 83.852920 -218.508362 89.938812
-220.525500 83.748690 -216.752243 89.796700
-218.913500 83.654780 -215.169403 89.674164
-217.491400 83.614870 -213.777512 89.615921
-216.200400 83.663530 -212.518600 89.658325
-214.975300 83.890580 -211.324631 89.855133
-213.812900 84.303130 -210.179123 90.202431
-212.768400 84.851980 -209.246933 90.618355
-211.819400 85.505150 -208.268997 91.196609
-210.944500 86.249430 -207.365997 91.906174
-210.114900 87.190980 -206.469116 92.801117
-209.375900 88.379450 -205.676941 93.943703
-208.685500 89.786110 -204.972076 95.304092
-208.120100 91.447000 -204.353455 96.929375
-207.636800 93.318040 -203.837769 98.740799
-207.343700 95.377570 -203.527756 100.766174
-207.198500 97.677330 -203.345993 103.002159
-207.176800 100.117600 -203.271271 105.454193
-207.235900 102.732400 -203.305862 108.096268
-207.357900 105.495500 -203.374405 110.905235
-207.446900 108.321400 -203.405594 113.768448
-207.501200 111.206800 -203.394241 116.689148
-207.496800 114.153500 -203.315521 119.659126
-207.467000 117.040300 -203.233292 122.579323
-207.357100 119.818100 -203.140686 125.510735
-207.231600 122.580500 -203.025574 128.371552
-207.169600 125.360700 -202.936737 131.225067
-207.151600 128.086900 -202.899963 134.021515
-207.158900 130.676600 -202.862076 136.647797
-207.192200 133.099300 -202.857224 139.111832
-207.257200 135.311800 -202.896622 141.349808
-207.357800 137.293400 -202.955444 143.363495
-207.516000 139.039300 -203.094635 145.133514
-207.792700 140.624300 -203.352005 146.715286
-208.199400 142.155800 -203.745331 148.228806
-208.796100 143.591400 -204.290695 149.605988
-209.578000 144.906500 -205.004837 150.887817
-210.509400 146.123000 -205.853424 152.095840
-211.640600 147.221600 -206.923477 153.293701
-212.986500 148.243400 -208.242142 154.376236
-214.560800 149.101800 -209.775009 155.228531
-216.375500 149.752000 -211.596222 155.900970
-218.364200 150.183000 -213.598953 156.372437
-220.495700 150.431900 -215.708572 156.615921
-222.758400 150.560900 -218.000519 156.798798
-225.125500 150.643600 -220.377914 156.920044
-227.596900 150.727300 -222.881744 157.058044
-230.175200 150.835400 -225.482498 157.213852
-232.870900 150.954400 -228.179001 157.372849
-235.686400 151.084500 -231.006027 157.529800
-238.634600 151.219200 -233.933853 157.711029
-241.714000 151.324200 -236.990524 157.860611
-244.893500 151.370200 -240.164093 157.939957
-248.152800 151.340800 -243.426605 157.961487
-251.386800 151.245500 -246.653488 157.888062
-254.628800 151.083900 -249.892105 157.771805
-257.855100 150.860900 -253.105148 157.574432
-260.989500 150.595900 -256.240784 157.339813
-263.979600 150.335600 -259.243347 157.132401
-266.766600 150.087700 -262.037201 156.923157
-269.368500 149.866200 -264.633209 156.737122
-271.910000 149.696000 -267.177765 156.599152
-274.432000 149.547300 -269.686981 156.475006
-276.917800 149.419800 -272.171906 156.382797
-279.393400 149.337600 -274.681244 156.323120
-281.842600 149.284100 -277.114563 156.308090
-284.327000 149.245300 -279.609375 156.303955
-286.851400 149.215900 -282.129669 156.308868
-289.374600 149.175400 -284.668091 156.304230
-291.872700 149.113700 -287.176392 156.276733
-294.367000 149.035300 -289.681671 156.236588
-296.900400 148.946800 -292.220764 156.179413
-299.496800 148.857900 -294.832306 156.123688
-302.152700 148.763000 -297.529083 156.066177
-304.894400 148.662700 -300.304993 155.998962
-307.698800 148.565200 -303.141937 155.929184
-310.542800 148.472300 -305.996918 155.885239
-313.401900 148.388500 -308.879089 155.829178
-316.253600 148.309200 -311.753052 155.801498
-319.087100 148.246300 -314.604462 155.767227
-321.874200 148.159600 -317.417114 155.730408
-324.643500 148.080700 -320.209534 155.706055
-327.380000 148.017900 -322.972748 155.684601
-330.084600 147.943700 -325.687103 155.666519
-332.768800 147.879400 -328.333099 155.651382
-335.339000 147.849200 -330.915009 155.642258
-337.917500 147.821400 -333.476196 155.640427
-340.461700 147.771400 -336.016327 155.623291
-342.975500 147.703700 -338.520081 155.590088
-345.507800 147.596800 -341.043915 155.523453
-348.088400 147.502000 -343.591644 155.451050
-350.695500 147.387300 -346.186584 155.363434
-353.357500 147.254200 -348.821716 155.270203
-356.035100 147.123000 -351.478973 155.170761
-358.706400 146.987600 -354.159546 155.053635
-361.365400 146.869000 -356.808319 154.954010
-363.998800 146.747300 -359.450378 154.843384
-366.592400 146.651500 -362.036041 154.752884
-369.103200 146.586000 -364.548065 154.715790
-371.498800 146.552500 -366.944550 154.708694
-373.734100 146.569400 -369.180389 154.750427
-375.766000 146.687900 -371.214355 154.901016
-377.587800 146.923500 -373.048065 155.164764
-379.228200 147.254000 -374.677002 155.521408
-380.680100 147.681500 -376.127045 155.943848
-381.983900 148.240600 -377.461121 156.542709
-383.189300 148.967100 -378.639008 157.278656
-384.260600 149.832600 -379.719696 158.163513
-385.261700 150.822900 -380.706787 159.160492
-386.189600 152.026900 -381.655396 160.427490
-387.088300 153.508400 -382.537506 161.933807
-387.803500 155.255200 -383.210052 163.700531
-388.328200 157.227600 -383.740906 165.712555
-388.690100 159.390500 -384.069519 167.895401
-388.914300 161.727400 -384.245392 170.237518
-389.033800 164.223600 -384.309967 172.770096
-389.107700 166.899500 -384.329590 175.471252
-389.177200 169.703100 -384.347687 178.267670
-389.249200 172.602600 -384.344269 181.178543
-389.294800 175.566200 -384.350067 184.158722
-389.340400 178.518800 -384.350983 187.146149
-389.408400 181.466200 -384.370331 190.096756
-389.477100 184.395100 -384.380127 193.022964
-389.534000 187.303900 -384.376068 195.927765
-389.596100 190.151400 -384.390289 198.765457
-389.650400 192.868100 -384.394867 201.481781
-389.688600 195.381200 -384.392731 204.011429
-389.706500 197.729300 -384.381042 206.369873
-389.637200 199.881000 -384.262238 208.543304
-389.406500 201.894300 -384.004700 210.579468
-388.964400 203.824800 -383.518982 212.535751
-388.237500 205.641900 -382.737183 214.335266
-387.225600 207.247400 -381.718201 215.998672
-385.985200 208.725400 -380.443451 217.476364
-384.487500 210.025200 -378.948669 218.797668
-382.766900 211.133700 -377.189331 219.927734
-380.848000 212.024300 -375.240204 220.800873
-378.741200 212.710800 -373.126953 221.492279
-376.473400 213.257300 -370.853119 221.980316
-374.038800 213.683400 -368.450775 222.370880
-371.458500 214.025200 -365.879211 222.662735
-368.731200 214.304000 -363.155487 222.913757
-365.907000 214.548400 -360.330811 223.112808
-362.986400 214.774600 -357.419189 223.310608
-360.000500 214.982500 -354.435364 223.473831
-356.946700 215.144300 -351.398041 223.606247
-353.844800 215.269100 -348.325012 223.687515
-350.728200 215.343800 -345.232880 223.737793
-347.621800 215.396600 -342.126404 223.754791
-344.503600 215.436100 -339.023712 223.758011
-341.404500 215.431500 -335.931488 223.717026
-338.307200 215.374700 -332.865570 223.610886
-335.222900 215.258300 -329.773468 223.438873
-332.176900 215.090700 -326.741730 223.197632
-329.113900 214.919400 -323.696472 222.963882
-326.083300 214.755000 -320.669495 222.729599
-323.035500 214.645100 -317.622864 222.564896
-319.997700 214.594500 -314.590912 222.451218
-316.949800 214.613400 -311.545502 222.419540
-313.894600 214.701700 -308.506104 222.463303
-310.834000 214.851800 -305.461975 222.546280
-307.768800 215.021500 -302.410675 222.652847
-304.682000 215.209600 -299.276917 222.800003
-301.619300 215.403400 -296.206360 222.941895
-298.564100 215.602100 -293.160583 223.082703
-295.523500 215.774500 -290.117096 223.202713
-292.524500 215.925700 -287.135071 223.326462
-289.569200 216.080100 -284.178497 223.426682
-286.686000 216.208000 -281.321411 223.516586
-283.844300 216.320800 -278.495697 223.578751
-281.075400 216.414900 -275.739105 223.627960
-278.384800 216.482400 -273.066956 223.646957
-275.749900 216.524700 -270.454407 223.649246
-273.211000 216.563500 -267.920288 223.644394
-270.786900 216.596800 -265.489075 223.630402
-268.452200 216.627400 -263.151123 223.611649
-266.210100 216.670200 -260.895233 223.604141
-264.057900 216.715000 -258.756256 223.604691
-261.977600 216.758700 -256.687256 223.596664
-260.009300 216.805500 -254.733856 223.599747
-258.118000 216.846900 -252.851471 223.598969
-256.324100 216.892100 -251.063858 223.618042
-254.591600 216.937100 -249.326736 223.634262
-252.914000 216.968800 -247.680679 223.641266
-251.261500 217.002300 -246.026337 223.656540
-249.623300 217.030600 -244.409378 223.665939
-248.000000 217.075100 -242.794220 223.687515
-246.394700 217.123600 -241.170654 223.695816
-244.798500 217.177700 -239.584488 223.714706
-243.238500 217.242300 -238.036453 223.747681
-241.697700 217.301200 -236.498764 223.791901
-240.159500 217.379600 -234.961273 223.837296
-238.623700 217.447500 -233.436722 223.876999
-237.098100 217.517700 -231.919464 223.916641
-235.568700 217.578300 -230.375824 223.945251
-234.013600 217.632400 -228.819244 223.962479
-232.429300 217.675500 -227.235153 223.972336
-230.825000 217.709000 -225.632812 223.975540
-229.213500 217.727400 -224.016235 223.970337
-227.620200 217.743200 -222.412445 223.964905
-226.038600 217.749200 -220.843185 223.946396
-224.474500 217.720600 -219.250610 223.890244
-222.943700 217.646400 -217.718521 223.789017
-221.517500 217.497700 -216.296844 223.604248
-220.196400 217.264300 -214.996552 223.345062
-219.015400 216.979300 -213.802582 223.021118
-218.000600 216.671300 -212.799164 222.668015
-217.074300 216.316400 -211.880661 222.317261
-216.224900 215.882000 -211.030975 221.875015
-215.453800 215.357600 -210.267181 221.390991
-214.757400 214.782900 -209.540329 220.781082
-214.077200 214.065600 -208.841736 220.037796
-213.459700 213.182900 -208.229660 219.129883
-212.907500 212.086400 -207.721588 218.045792
-212.452200 210.870600 -207.266907 216.777466
-212.114300 209.456600 -206.970688 215.328430
-211.858500 207.837000 -206.739349 213.684875
-211.742000 206.028400 -206.669128 211.858475
-211.736300 204.033600 -206.716049 209.848633
-211.766900 201.873300 -206.792450 207.669113
-211.796200 199.533500 -206.877594 205.325226
-211.786800 197.027400 -206.949966 202.807495
-211.759900 194.373900 -206.993225 200.139069
-211.697900 191.633600 -207.007889 197.373352
-211.626700 188.816000 -207.031097 194.545227
-211.537000 185.992200 -207.023865 191.681580
-211.444400 183.173400 -207.023163 188.840515
-211.362800 180.374100 -207.025131 186.036575
-211.264700 177.600300 -207.015289 183.253448
-211.172000 174.834700 -206.993256 180.495499
-211.067900 172.132300 -206.957855 177.772736
-210.942500 169.548500 -206.891922 175.173355
-210.807500 167.115600 -206.799011 172.727249
-210.677900 164.891300 -206.705734 170.473022
-210.523800 162.831600 -206.588959 168.398941
-210.369300 160.883900 -206.471878 166.430450
-210.243400 159.140700 -206.370468 164.642883
-210.180400 157.654800 -206.326645 163.136124
-210.119700 156.263000 -206.282776 161.726822
-210.059800 154.892900 -206.236099 160.331863
-209.978700 153.571000 -206.155273 159.013474
-209.891700 152.272500 -206.093262 157.700775
-209.766700 150.900300 -205.980179 156.328171
-209.618400 149.453900 -205.853760 154.876984
-209.402000 147.911800 -205.670914 153.317505
-209.174500 146.248000 -205.511185 151.638245
-208.939400 144.453000 -205.323593 149.827484
-208.714900 142.497200 -205.158249 147.830566
-208.503800 140.403200 -205.001801 145.730499
-208.393000 138.150900 -204.950027 143.465240
-208.389600 135.751000 -205.004578 141.053131
-208.458300 133.190500 -205.136642 138.480286
-208.554900 130.503800 -205.299698 135.790482
-208.679600 127.708900 -205.499893 132.952469
-208.807700 124.788300 -205.674332 130.028137
-208.927800 121.786000 -205.855103 127.012665
-208.986400 118.770600 -206.003372 124.023094
-209.010800 115.753900 -206.158371 121.037888
-208.944000 112.761900 -206.195663 118.046753
-208.836500 109.809100 -206.178574 115.089302
-208.710600 106.913800 -206.117798 112.198509
-208.612900 104.164800 -206.058029 109.459915
-208.524100 101.612900 -206.020111 106.880028
-208.411800 99.291950 -205.953796 104.550789
-208.304000 97.231400 -205.893341 102.495033
-208.239900 95.441440 -205.863419 100.665207
-208.186600 93.928990 -205.809631 99.148277
-208.169400 92.620100 -205.820572 97.805367
-208.111400 91.359060 -205.776398 96.530151
-208.103700 90.108060 -205.772018 95.280655
-208.057300 88.899050 -205.736557 94.052597
-207.989700 87.686220 -205.694366 92.822281
-207.887500 86.424840 -205.601883 91.564041
-207.749700 85.106480 -205.494156 90.237183
-207.573400 83.679430 -205.337296 88.813820
-207.363800 82.128210 -205.167068 87.261856
-207.117800 80.466750 -204.963974 85.590561
-206.886600 78.657990 -204.764938 83.766670
-206.653200 76.721140 -204.557434 81.818047
-206.474300 74.687190 -204.411774 79.764130
-206.388100 72.537240 -204.373703 77.604599
-206.432200 70.298230 -204.458771 75.326935
-206.610100 68.000610 -204.688446 73.037537
-206.892700 65.622610 -205.016052 70.642563
-207.176400 63.145090 -205.318588 68.184692
-207.411300 60.582530 -205.595734 65.624969
-207.566400 57.936780 -205.800674 62.978760
-207.647700 55.184560 -205.937012 60.204987
-207.661500 52.385390 -206.011917 57.397850
-207.621300 49.546410 -206.065369 54.574951
-207.570900 46.730400 -206.103470 51.738190
-207.528900 43.951520 -206.134232 48.965393
-207.484900 41.207900 -206.193527 46.215954
-207.419300 38.483860 -206.234528 43.476402
-207.398300 35.859080 -206.304230 40.826958
-207.389600 33.323530 -206.385605 38.271832
-207.383600 30.928860 -206.457855 35.878414
-207.365700 28.737950 -206.502426 33.700977
-207.338200 26.780150 -206.529327 31.741617
-207.272200 25.076160 -206.528885 30.020464
-207.184900 23.637860 -206.501770 28.571980
-207.080700 22.407050 -206.433624 27.332567
-206.954300 21.322570 -206.354919 26.240967
-206.781600 20.334400 -206.222778 25.254034
-206.551700 19.436710 -206.066696 24.369621
-206.294700 18.614920 -205.863083 23.548283
-205.959400 17.852300 -205.575668 22.787582
-205.601700 17.147840 -205.261993 22.108093
-205.183200 16.499570 -204.864807 21.454124
-204.640200 15.834340 -204.361053 20.782974
-203.962000 15.126390 -203.727356 20.070496
-203.105900 14.402300 -202.948090 19.354599
-202.093300 13.723770 -201.957123 18.656448
-200.890700 13.072850 -200.749176 17.970963
-199.454900 12.451120 -199.323761 17.315224
-197.803000 11.847900 -197.684784 16.651482
-195.985800 11.251230 -195.884247 16.017429
-194.078300 10.799800 -193.997528 15.522213
-192.241500 10.550030 -192.191116 15.235114
-190.511600 10.492510 -190.425934 15.105614
-188.774500 10.514750 -188.639709 15.057813
-187.053000 10.530790 -186.883972 15.041441
-185.316100 10.589790 -185.113144 15.081850
-183.477200 10.672540 -183.251465 15.134138
-181.518300 10.768400 -181.242584 15.206055
-179.433500 10.895520 -179.124863 15.313722
-177.234800 11.053010 -176.899338 15.443140
-174.912900 11.228010 -174.530411 15.584819
-172.453800 11.406500 -172.035721 15.742579
-169.877600 11.633180 -169.430954 15.917244
-167.172600 11.903480 -166.692657 16.139765
-164.356100 12.241910 -163.842728 16.427387
-161.414200 12.605270 -160.882950 16.733517
-158.375100 12.957560 -157.814194 17.036312
-155.289000 13.266400 -154.693710 17.300865
-152.153500 13.477190 -151.550766 17.450186
-148.978900 13.534370 -148.353790 17.475136
-145.756200 13.449460 -145.153625 17.370607
-142.513300 13.323960 -141.899597 17.212334
-139.219200 13.264090 -138.631348 17.075001
-135.871600 13.235180 -135.273300 16.955193
-132.469300 13.237950 -131.841782 16.874119
-128.998700 13.250220 -128.355347 16.808945
-125.452300 13.247970 -124.842880 16.760315
-121.821900 13.224230 -121.248383 16.715040
-118.142800 13.197060 -117.608414 16.646339
-114.366200 13.195450 -113.900833 16.596554
-110.549500 13.202980 -110.152542 16.538340
-106.721100 13.234960 -106.367355 16.505714
-102.856200 13.237720 -102.568924 16.469099
-99.051970 13.344340 -98.750679 16.444084
-95.237560 13.444760 -94.971733 16.442629
-91.419640 13.530140 -91.161613 16.431080
-87.619070 13.674300 -87.352013 16.448704
-83.825400 13.812150 -83.563690 16.479212
-80.045030 13.941190 -79.805946 16.528816
-76.262920 14.064210 -76.062073 16.593945
-72.527230 14.169690 -72.369087 16.620092
-68.760100 14.314940 -68.669685 16.668736
-65.041990 14.448290 -65.010948 16.722860
-61.409550 14.597510 -61.376713 16.776827
-57.812780 14.752930 -57.793816 16.836100
-54.272080 14.916680 -54.237289 16.896841
-50.863180 15.111690 -50.721542 16.983646
-47.456920 15.288970 -47.283741 17.074898
-44.095940 15.453870 -43.868359 17.153835
-40.863370 15.611510 -40.568363 17.238628
-37.779270 15.768930 -37.443268 17.325687
-34.878460 16.001620 -34.468868 17.390955
-32.108550 16.224310 -31.648203 17.479105
-29.417700 16.336670 -28.967827 17.536695
-26.864830 16.377370 -26.426653 17.546743
-24.569330 16.453910 -24.061369 17.539190
-22.495940 16.503070 -21.918068 17.505938
-20.581990 16.519710 -19.957836 17.451639
-18.846180 16.508190 -18.182154 17.397923
-17.328990 16.482300 -16.616789 17.362534
-16.037550 16.475470 -15.242718 17.342810
-14.956120 16.515220 -14.058923 17.360662
-14.017770 16.603920 -13.058790 17.417841
-13.125570 16.745940 -12.147660 17.541346
-12.277220 17.018620 -11.320921 17.791445
-11.518690 17.387820 -10.606772 18.111855
-10.793900 17.853110 -9.870739 18.535198
-10.023690 18.451760 -9.126266 19.072657
-9.266871 19.249950 -8.321274 19.848284
-8.499983 20.230260 -7.546046 20.825947
-7.714471 21.448790 -6.765780 22.025185
-6.943853 22.899830 -5.987405 23.531796
-6.209422 24.630930 -5.236043 25.357637
-5.580618 26.636760 -4.652532 27.399851
-5.100718 28.938480 -4.178757 29.738903
-4.832290 31.540330 -3.867126 32.340576
-4.752808 34.327710 -3.760869 35.145111
-4.799016 37.335070 -3.790081 38.208542
-4.911943 40.499490 -3.885261 41.406376
-5.090383 43.700800 -4.022200 44.633236
-5.276585 46.904120 -4.144805 47.871864
-5.464336 50.126700 -4.276763 51.090633
-5.701735 53.348430 -4.378322 54.295055
-5.926283 56.566760 -4.476555 57.490772
-6.149722 59.747560 -4.571344 60.617062
-6.326192 62.853260 -4.640790 63.709587
-6.450595 65.815280 -4.715734 66.675514
-6.558018 68.633220 -4.773627 69.492508
-6.625230 71.279560 -4.825021 72.170242
-6.655510 73.749780 -4.877909 74.621063
-6.684464 75.995110 -4.924304 76.863907
-6.652349 77.987890 -4.922773 78.881760
-6.508811 79.715010 -4.806051 80.634094
-6.213677 81.157890 -4.546384 82.106857
-5.729615 82.390460 -4.117079 83.328171
-5.161236 83.435200 -3.625858 84.308640
-4.542652 84.252870 -3.015900 85.153267
-3.866113 84.884560 -2.418701 85.784843
-3.262439 85.311720 -1.845337 86.221130
-2.779876 85.608160 -1.394463 86.547211
-2.292931 85.855430 -0.938919 86.816185
-1.737887 86.025210 -0.434326 87.018387
-1.127115 86.147390 0.067577 87.158867
-0.518659 86.251250 0.603088 87.308434
0.098283 86.354450 1.135681 87.426910
0.701588 86.427350 1.677010 87.484299
1.306431 86.494190 2.231164 87.541298
1.881704 86.544440 2.792931 87.591957
2.482048 86.571200 3.371295 87.611137
3.081643 86.601540 3.961862 87.630165
3.761151 86.625380 4.618883 87.650490
4.619787 86.696990 5.443312 87.706459
5.591334 86.770900 6.375879 87.755051
6.608439 86.844400 7.386254 87.812119
7.634023 86.901350 8.457747 87.862274
8.711110 86.958450 9.579492 87.883797
9.832777 87.009730 10.729580 87.901131
11.007620 87.011520 11.907636 87.891464
12.275390 86.965120 13.108809 87.819878
13.626340 86.918150 14.419239 87.769699
15.069990 86.825170 15.807999 87.667999
16.615310 86.785220 17.311596 87.631752
18.281790 86.877740 18.921194 87.714699
20.047850 87.081990 20.652500 87.896637
21.900640 87.285740 22.496941 88.062401
23.863160 87.475150 24.514288 88.177177
25.902040 87.591950 26.557224 88.239624
28.010580 87.643840 28.700197 88.266312
30.161670 87.666240 30.878393 88.276360
32.320100 87.664230 33.076172 88.278976
34.457590 87.659770 35.251205 88.253120
36.605810 87.671870 37.442699 88.257301
38.730770 87.693440 39.580864 88.266411
40.845470 87.730240 41.718498 88.273758
42.917780 87.780190 43.816399 88.304405
44.982820 87.855000 45.912331 88.357712
47.029150 87.934110 47.996330 88.400032
49.088540 87.988070 50.083828 88.413910
51.131190 88.046720 52.159855 88.438416
53.178890 88.088740 54.207836 88.456863
55.228720 88.131890 56.256958 88.483391
57.257270 88.189930 58.300312 88.524986
59.284240 88.231390 60.358356 88.543320
61.307870 88.268110 62.404930 88.573769
63.333450 88.313230 64.426552 88.587914
65.383590 88.353950 66.445946 88.611649
67.446480 88.391970 68.490311 88.631973
69.483090 88.432190 70.496330 88.659958
71.551190 88.436950 72.537460 88.675140
73.590280 88.449790 74.554573 88.678856
75.642440 88.447490 76.597946 88.676598
77.675640 88.454840 78.637711 88.671471
79.705830 88.461020 80.678055 88.661049
81.744040 88.480290 82.698738 88.673637
83.774580 88.511400 84.749939 88.679398
85.799340 88.557110 86.791069 88.686005
87.804420 88.601160 88.828957 88.695335
89.806920 88.643630 90.843735 88.698647
91.803370 88.704770 92.856918 88.729401
93.754020 88.738080 94.848717 88.739662
95.670500 88.790390 96.805656 88.759842
97.538390 88.822000 98.723145 88.764091
99.322990 88.859730 100.548141 88.781593
100.954900 88.856800 102.231110 88.759277
102.409400 88.885030 103.723785 88.768791
103.660500 88.873010 105.030884 88.759277
104.773500 88.863290 106.185303 88.753998
105.718200 88.844540 107.167053 88.728020
106.475800 88.845300 107.948326 88.731010
107.080900 88.835950 108.560379 88.745041
107.600100 88.863550 109.045547 88.783653
108.075700 88.966910 109.513710 88.879257
108.506900 89.161700 109.954865 89.073715
108.887900 89.429650 110.311935 89.301056
109.267500 89.752890 110.702362 89.592384
109.650400 90.181660 111.066429 89.984924
110.007800 90.683680 111.465355 90.474312
110.331900 91.262390 111.822327 91.070419
110.663200 91.958220 112.165970 91.709663
110.947400 92.750780 112.485504 92.490196
111.190500 93.649870 112.779053 93.378922
111.329400 94.676260 112.963966 94.393173
111.382200 95.834440 113.033546 95.482788
111.376200 97.156700 113.077522 96.790443
111.321400 98.712080 113.129280 98.278687
111.179000 100.499200 113.146050 99.979782
111.052600 102.454500 113.153549 101.865494
110.953400 104.573600 113.168831 103.975708
110.848100 106.867600 113.180832 106.236671
110.729000 109.311900 113.171906 108.668037
110.604600 111.877700 113.141983 111.246414
110.451100 114.520800 113.065659 113.895149
110.254000 117.240000 112.959488 116.635651
110.055600 119.971100 112.846664 119.366905
109.855900 122.687400 112.719543 122.102020
109.666000 125.388400 112.582695 124.801857
109.501800 128.077800 112.485352 127.487923
109.371200 130.752800 112.433777 130.144073
109.256400 133.406800 112.397911 132.773590
109.149100 136.006600 112.352867 135.362915
109.039300 138.439400 112.313370 137.791962
108.946900 140.687200 112.275620 140.001419
108.848000 142.713600 112.230560 142.011246
108.759900 144.486400 112.187912 143.785751
108.690000 146.045200 112.155563 145.380722
108.715900 147.402400 112.127068 146.774902
108.827800 148.539800 112.097206 147.970108
108.921200 149.485400 112.106529 148.944275
109.006800 150.284400 112.129311 149.766220
109.049700 151.026600 112.165886 150.522171
109.110000 151.749000 112.204651 151.267914
109.240400 152.403100 112.231873 152.000824
109.344100 153.097600 112.267593 152.732513
109.452600 153.933600 112.315598 153.606674
109.521400 154.936000 112.333618 154.632523
109.584300 156.072700 112.361557 155.783920
109.645200 157.328900 112.391037 157.060425
109.667500 158.738000 112.385323 158.478363
109.715500 160.311600 112.420891 160.049911
109.696400 162.088600 112.423943 161.810379
109.648800 164.031700 112.436920 163.717865
109.639100 166.108700 112.427971 165.812042
109.633200 168.339900 112.419891 168.042648
109.612700 170.710700 112.394287 170.413116
109.583300 173.210300 112.372520 172.915527
109.553500 175.810400 112.350067 175.516800
109.534300 178.500200 112.331253 178.227829
109.535800 181.237100 112.333641 180.965836
109.577200 183.940500 112.327194 183.698853
109.589000 186.635900 112.337540 186.403305
109.627500 189.311100 112.346939 189.073990
109.659000 191.927100 112.313866 191.679199
109.629600 194.430300 112.244156 194.203110
109.574900 196.783200 112.146324 196.575790
109.514500 198.966200 112.061829 198.767914
109.471200 200.971300 111.997742 200.786331
109.448700 202.821200 111.955223 202.638443
109.448800 204.602200 111.941895 204.428345
109.487500 206.354100 111.957146 206.194489
109.546200 208.062400 111.994118 207.912277
109.610500 209.709200 112.036835 209.582870
109.671900 211.262700 112.066154 211.130524
109.705900 212.701800 112.064011 212.573578
109.734000 214.083700 112.049553 213.979034
109.731100 215.443500 112.014671 215.331314
109.707300 216.763900 111.956329 216.657730
109.699800 218.051000 111.917191 217.956131
109.686600 219.346900 111.874092 219.252792
109.662800 220.744800 111.868256 220.608185
109.624300 222.181900 111.829132 222.024658
109.632900 223.689900 111.826920 223.503662
109.598100 225.285500 111.769897 225.079468
109.569800 226.964200 111.731705 226.763153
109.440500 228.723900 111.605186 228.527039
109.201500 230.569600 111.398582 230.372803
108.840200 232.500400 111.077072 232.312378
108.453300 234.508400 110.734406 234.320175
108.103400 236.603300 110.419884 236.424286
107.820000 238.782500 110.168182 238.610138
107.625300 241.068300 109.993294 240.915588
107.500700 243.440400 109.896736 243.290222
107.404300 245.878200 109.843262 245.726212
107.332600 248.416100 109.805527 248.275772
107.256600 251.021300 109.753006 250.896332
107.176600 253.624800 109.706917 253.503922
107.085700 256.216800 109.640106 256.107544
106.990300 258.788300 109.571838 258.681335
106.888800 261.345700 109.493660 261.245697
106.803900 263.853500 109.418381 263.760406
106.756800 266.256500 109.356537 266.191345
106.736800 268.495900 109.310608 268.464264
106.721100 270.543000 109.283333 270.554657
106.664600 272.451300 109.241837 272.488831
106.602400 274.231700 109.213173 274.273834
106.541100 275.936000 109.184029 276.000122
106.490100 277.548900 109.177345 277.619202
106.431000 279.024300 109.187698 279.087708
106.436000 280.325900 109.242981 280.400940
106.525700 281.483400 109.359550 281.566345
106.690800 282.500200 109.543076 282.554352
106.934200 283.393700 109.806641 283.442963
107.264500 284.174800 110.088196 284.241608
107.615000 284.885400 110.397552 284.953278
108.052900 285.553000 110.809273 285.635437
108.564200 286.162300 111.273819 286.287628
109.134400 286.814700 111.837982 286.942993
109.716100 287.520500 112.422783 287.641754
110.122000 288.203000 112.883606 288.288879
110.422100 288.820000 113.232010 288.857208
110.586500 289.418300 113.414368 289.496704
110.618300 290.064100 113.524834 290.106232
110.518800 290.708100 113.528244 290.682709
110.370600 291.314300 113.435692 291.242035
110.141900 291.925400 113.274529 291.784027
109.836600 292.549000 113.002121 292.379974
109.496500 293.150200 112.668343 292.957886
109.127000 293.786300 112.321228 293.580994
108.698100 294.485100 111.909691 294.258667
108.256700 295.314100 111.493233 295.069305
107.818100 296.219200 111.082397 295.983246
107.428300 297.304000 110.708916 297.038574
107.065000 298.537100 110.379578 298.280914
106.761100 299.883000 110.092926 299.635284
106.504600 301.404000 109.859482 301.149811
106.275100 303.166000 109.653419 302.900940
106.085800 305.101300 109.481400 304.825775
105.832300 307.215400 109.263832 306.936859
105.631300 309.512000 109.089264 309.219635
105.511000 311.924600 108.965614 311.640808
105.445300 314.490700 108.934738 314.203827
105.421000 317.132600 108.923035 316.859283
105.442800 319.873700 108.938568 319.601715
105.446400 322.691700 108.949730 322.433350
105.418000 325.550100 108.937668 325.303711
105.395200 328.463500 108.924339 328.245331
105.363900 331.394800 108.921837 331.187866
105.291400 334.291700 108.881500 334.101868
105.220100 337.191700 108.844482 337.001678
105.144300 340.052300 108.788788 339.864197
105.074500 342.867900 108.723663 342.720123
105.008900 345.615600 108.595444 345.514771
104.963300 348.183800 108.496719 348.142639
104.902500 350.569000 108.417809 350.577454
104.816700 352.734300 108.363251 352.790649
104.677500 354.661300 108.309227 354.758545
104.615300 356.352300 108.289825 356.499878
104.604300 357.799100 108.298683 357.990753
104.701100 359.026400 108.450470 359.239990
104.890600 360.123900 108.659698 360.382050
105.192900 361.139800 108.954422 361.433807
105.583500 362.033500 109.379135 362.388367
106.094900 362.891300 109.846375 363.241425
106.699400 363.652300 110.465134 364.018982
107.414200 364.337700 111.182251 364.723114
108.207300 364.984000 112.034073 365.478699
109.274200 365.625100 113.107239 366.113312
110.518200 366.322000 114.374344 366.793152
111.969200 367.023500 115.826347 367.485474
113.629200 367.645200 117.503937 368.093353
115.502500 368.145800 119.397888 368.595703
117.562800 368.470200 121.503876 368.935211
119.826500 368.663600 123.812630 369.109528
122.238200 368.733400 126.246323 369.151672
124.812600 368.744200 128.843353 369.144501
127.509600 368.750200 131.560898 369.139160
130.334100 368.742700 134.417664 369.104706
133.295700 368.738200 137.438705 369.083862
136.383900 368.770400 140.553711 369.089996
139.555000 368.815800 143.753769 369.096161
142.817300 368.903900 147.011505 369.140625
146.129200 369.028000 150.309937 369.208282
149.483900 369.137700 153.678345 369.273315
152.891500 369.309800 157.065063 369.329376
156.306000 369.518300 160.490936 369.396637
159.737200 369.684200 163.919769 369.425812
163.198500 369.811800 167.396927 369.450531
166.695400 369.930000 170.896896 369.486664
170.207000 370.046100 174.416626 369.521362
173.771600 370.157300 177.993515 369.576324
177.360900 370.266500 181.552399 369.641541
180.975000 370.366900 185.178513 369.699524
184.518100 370.493400 188.786682 369.754669
188.057900 370.608200 192.369385 369.825378
191.649500 370.691100 195.962921 369.869843
195.256300 370.767500 199.531387 369.936188
198.849500 370.860000 203.048874 369.999847
202.381300 370.945800 206.581757 370.057495
205.845900 371.042000 210.071869 370.107117
209.282900 371.140100 213.507614 370.137177
212.668000 371.264500 216.896347 370.187958
216.064400 371.405600 220.263214 370.242310
219.481600 371.542500 223.619476 370.294250
222.884100 371.677600 226.991821 370.356415
226.298100 371.814800 230.346512 370.425964
229.735800 371.946300 233.719559 370.509033
233.194100 372.081100 237.143036 370.581329
236.650500 372.201800 240.545898 370.644836
240.111200 372.286400 243.978043 370.680542
243.564300 372.361500 247.417496 370.685394
247.015400 372.438700 250.878296 370.707153
250.457000 372.513500 254.314270 370.732849
253.891600 372.590900 257.731110 370.766418
257.290300 372.695800 261.142548 370.793335
260.690700 372.783400 264.526154 370.836426
264.069500 372.879600 267.884430 370.880035
267.431600 372.988700 271.240723 370.959229
270.776800 373.106400 274.602448 371.030487
274.109000 373.236700 277.966522 371.101105
277.432900 373.381900 281.325226 371.204681
280.759300 373.509600 284.647522 371.273529
284.056000 373.639500 287.930847 371.341888
287.359000 373.744400 291.251221 371.405060
290.659600 373.828200 294.551636 371.438202
293.947900 373.890800 297.863464 371.470337
297.237800 373.937600 301.114807 371.495972
300.521400 373.988900 304.384247 371.531830
303.768300 374.045300 307.622711 371.553284
306.957900 374.123300 310.862610 371.556793
310.146500 374.187500 314.073761 371.569427
313.322400 374.161000 317.251282 371.575439
316.483700 374.147700 320.407196 371.582184
319.614100 374.138000 323.526184 371.581757
322.710900 374.134900 326.619110 371.592499
325.754600 374.160500 329.671478 371.623932
328.760000 374.252700 332.667267 371.713501
331.723400 374.480400 335.617432 371.921844
334.629700 374.897700 338.513245 372.326538
337.443500 375.575200 341.265839 372.931305
340.190600 376.425800 343.985779 373.751160
342.858100 377.501000 346.622894 374.759216
345.468300 378.757900 349.195282 375.957947
348.031800 380.138800 351.735291 377.276855
350.528000 381.659100 354.221985 378.691010
353.018700 383.175200 356.727661 380.153320
355.491300 384.652000 359.229095 381.577026
357.947400 386.052400 361.752869 382.924377
360.450400 387.298300 364.307251 384.114197
362.989400 388.343200 366.898560 385.120728
365.629600 389.180000 369.572144 385.919434
368.276800 389.785200 372.281311 386.527008
371.000200 390.203900 375.037384 386.922607
373.810900 390.409900 377.842346 387.114746
376.669700 390.515800 380.691010 387.135559
379.565900 390.475800 383.571411 387.042328
382.519300 390.334600 386.545898 386.831940
385.568500 390.096400 389.565826 386.560303
388.667700 389.806400 392.669281 386.223541
391.801000 389.495500 395.778900 385.878632
394.948500 389.200900 398.901855 385.547180
398.070600 388.865200 402.024658 385.173462
401.148300 388.481900 405.095551 384.747070
404.065800 388.058900 408.049072 384.290375
406.691700 387.530400 410.682556 383.732513
409.000000 386.806300 412.993225 382.976837
410.962900 385.896000 414.896606 382.055969
412.562500 384.785500 416.485016 381.034363
413.996700 383.545300 417.877014 379.744080
415.180900 382.105900 419.023041 378.278534
416.123400 380.517100 419.953369 376.620544
416.780300 378.715300 420.618744 374.874023
417.257500 376.862000 421.075317 372.969574
417.474300 374.922400 421.288391 370.964966
417.570600 372.940800 421.358185 368.920715
417.595000 370.957200 421.354797 366.884125
417.608000 368.989000 421.337830 364.895142
417.583600 367.038100 421.286133 362.920929
417.563900 365.089500 421.252991 360.958435
417.541600 363.162600 421.190460 359.012848
417.537500 361.254500 421.151825 357.086304
417.528500 359.368700 421.110382 355.195709
417.528100 357.497400 421.075684 353.288055
417.533000 355.636800 421.039886 351.421051
417.535200 353.779400 421.002899 349.556549
417.571900 351.871300 420.993378 347.653107
417.625100 349.951000 420.997467 345.722168
417.694000 348.023900 421.040100 343.773254
417.785900 346.081700 421.103363 341.813263
417.908800 344.103500 421.203003 339.819122
418.015700 342.077300 421.273590 337.767914
418.081000 339.964700 421.308960 335.636597
418.090200 337.760700 421.281830 333.411804
418.050600 335.423900 421.192688 331.062897
417.958300 332.974100 421.069366 328.585022
417.860400 330.443200 420.890656 326.040558
417.712700 327.891600 420.640259 323.468475
417.482600 325.340400 420.323212 320.894073
417.033400 322.795700 419.890076 318.369141
416.342400 320.296000 419.251404 315.879150
415.500300 317.846800 418.422485 313.442200
414.502200 315.485600 417.426147 311.077637
413.318100 313.201700 416.234772 308.784210
412.032900 310.983400 414.954041 306.539978
410.705100 308.826400 413.614197 304.376587
409.332700 306.723300 412.238708 302.281891
407.938700 304.690300 410.837769 300.227783
406.473300 302.693100 409.370972 298.224548
404.955000 300.719700 407.841064 296.246368
403.421700 298.744000 406.304932 294.245728
401.884500 296.708900 404.780243 292.215454
400.391900 294.639900 403.276672 290.146179
398.848100 292.568900 401.867737 288.076904
397.412100 290.463600 400.500153 285.976990
396.057400 288.363000 399.204437 283.876678
394.718200 286.280300 397.897217 281.785339
393.408400 284.209500 396.602142 279.705200
392.117400 282.093800 395.325897 277.615295
390.835100 279.982500 394.045593 275.508972
389.579700 277.837900 392.801636 273.388275
388.345300 275.665600 391.564941 271.203125
387.120100 273.483200 390.330261 269.021027
385.875700 271.265000 389.083862 266.819580
384.628200 269.049200 387.812897 264.595459
383.381900 266.843000 386.564972 262.398621
382.125900 264.656300 385.307312 260.226074
380.854500 262.504300 384.033600 258.063843
379.661500 260.394600 382.742126 255.968613
378.446600 258.284100 381.434631 253.909729
377.135400 256.231900 380.116028 251.895828
375.830100 254.203900 378.813538 249.916382
374.666100 252.142300 377.514893 247.909576
373.467400 250.089900 376.210480 245.906357
372.260300 248.016900 374.833038 243.873215
371.007200 245.900200 373.457031 241.805710
369.693400 243.722700 372.026917 239.671173
368.315100 241.489500 370.549286 237.482941
366.888500 239.203500 369.026245 235.238251
365.460800 236.868900 367.483734 232.951660
364.012600 234.509600 365.959473 230.626129
362.529900 232.103900 364.444214 228.270233
361.127000 229.646700 362.918396 225.854462
359.661000 227.165200 361.392761 223.439621
358.172600 224.664800 359.841980 220.980347
356.667000 222.124500 358.212646 218.495819
355.093500 219.562900 356.525208 215.979874
353.424100 216.994400 354.780884 213.457123
351.712100 214.400800 352.985138 210.894897
349.975600 211.757600 351.185364 208.302185
348.217300 209.053900 349.354370 205.637665
346.440100 206.295800 347.503540 202.944794
344.718700 203.491400 345.671326 200.221863
343.048900 200.668300 343.848114 197.486542
341.324500 197.881200 342.013855 194.743546
339.568500 195.094400 340.220459 192.025299
337.852500 192.286600 338.403259 189.241623
336.194600 189.467000 336.613098 186.480225
334.505100 186.643600 334.834595 183.693359
332.810200 183.813400 333.051697 180.891602
331.136400 180.975200 331.304504 178.108795
329.490700 178.148700 329.569946 175.325623
327.932900 175.420200 327.875061 172.638123
326.471500 172.833200 326.294373 170.103851
325.095300 170.445000 324.829437 167.736511
323.762200 168.206100 323.433960 165.520172
322.412400 165.996900 322.013885 163.329834
321.011100 163.835400 320.570557 161.179138
319.641800 161.678600 319.168823 159.029785
318.295500 159.472400 317.779694 156.839493
316.951800 157.229300 316.391876 154.630707
315.588800 154.961100 314.971558 152.399658
314.135600 152.692800 313.492004 150.142487
312.631900 150.387300 311.991943 147.847076
311.148500 148.012100 310.465088 145.490921
309.612900 145.580200 308.890961 143.087128
308.016700 143.109100 307.278931 140.618729
306.331100 140.598200 305.619385 138.116470
304.564400 138.076000 303.892090 135.596130
302.797400 135.508900 302.137085 133.033752
300.997000 132.893600 300.357483 130.425018
299.222800 130.218600 298.549255 127.763023
297.437100 127.496300 296.717133 125.054161
295.655500 124.725500 294.875397 122.332253
293.887000 121.904900 293.016174 119.496117
292.106700 119.014900 291.147705 116.654648
290.285600 116.096800 289.261749 113.775620
288.486200 113.134700 287.369446 110.869362
286.686000 110.204800 285.454163 107.956757
284.893700 107.269000 283.552979 105.073799
283.126100 104.350100 281.653015 102.200218
281.355100 101.454500 279.784454 99.379013
279.594100 98.593690 277.921143 96.567932
277.853700 95.782330 276.097595 93.795631
276.123300 93.015090 274.305603 91.063850
274.407100 90.294590 272.518890 88.366219
272.692900 87.620630 270.768036 85.736465
270.986100 84.990760 268.973206 83.123306
269.325100 82.370640 267.207489 80.537537
267.721500 79.761360 265.493134 78.009178
266.125000 77.187760 263.807861 75.509903
264.542700 74.650060 262.126404 73.012924
262.985600 72.146080 260.477661 70.550461
261.442300 69.672120 258.867920 68.111038
259.914000 67.228910 257.260559 65.692963
258.304500 64.884450 255.691635 63.322350
256.745600 62.566170 254.148163 60.965599
255.295000 60.234750 252.690033 58.634491
253.997800 57.859320 251.389221 56.268265
252.910900 55.413560 250.259399 53.811653
252.070800 52.918370 249.378479 51.309425
251.456200 50.379500 248.750381 48.804653
251.101500 47.849010 248.347870 46.257278
250.932300 45.362320 248.136276 43.735565
250.858900 42.970440 248.013870 41.307472
250.880600 40.703100 247.934875 38.981171
250.860200 38.529600 247.816345 36.729843
250.643100 36.422190 247.547119 34.576981
250.219900 34.431510 247.053497 32.615013
249.550300 32.522370 246.395248 30.675468
248.682400 30.805930 245.502487 28.924881
247.595100 29.296170 244.311127 27.407318
246.325600 27.986790 242.980347 26.059219
244.806500 26.870520 241.445618 24.982330
243.208500 26.046220 239.831451 24.191124
241.618500 25.511990 238.280502 23.713089
240.183400 25.244680 236.812836 23.475677
238.935000 25.182690 235.568588 23.454556
237.834400 25.306400 234.462952 23.593214
236.751000 25.547440 233.465012 23.846565
235.819600 26.015040 232.549927 24.330048
235.018800 26.634010 231.759811 24.928734
234.322500 27.380390 231.064545 25.639191
233.665300 28.270030 230.510071 26.560982
233.152200 29.370220 230.023300 27.663406
232.717700 30.623840 229.657333 28.895981
232.381300 32.026050 229.381088 30.292643
232.146500 33.563930 229.243057 31.818737
231.970000 35.230950 229.131363 33.486069
231.824100 37.057360 229.081985 35.305408
231.711700 38.971820 229.051132 37.240360
231.613800 41.054710 229.041077 39.311028
231.500400 43.265380 229.030472 41.503147
231.399200 45.576380 229.047592 43.782288
231.319600 47.958050 229.070953 46.150928
231.245500 50.455120 229.112518 48.623436
231.179600 53.045730 229.180649 51.224022
231.112600 55.734600 229.241852 53.905289
231.018200 58.532000 229.306351 56.689316
230.923100 61.468330 229.392166 59.578880
230.781800 64.386420 229.448761 62.465778
230.554400 67.301250 229.413071 65.383759
230.382900 70.279420 229.408371 68.365631
230.251900 73.265810 229.439911 71.345367
230.117200 76.279160 229.474960 74.353020
229.963600 79.299000 229.480377 77.390923
229.812600 82.350860 229.486282 80.457848
229.639600 85.361680 229.524078 83.509857
229.508400 88.372400 229.553207 86.563889
229.396200 91.404150 229.601105 89.579582
229.226100 94.390420 229.595276 92.539513
229.043400 97.383610 229.571671 95.503418
228.915600 100.420900 229.614868 98.525604
228.777400 103.429600 229.624939 101.536285
228.620500 106.515300 229.643112 104.605438
228.492800 109.617700 229.677994 107.706886
228.345100 112.766000 229.695557 110.853271
228.262200 115.953800 229.726654 114.026108
228.174500 119.123600 229.749603 117.165352
228.062700 122.300500 229.745026 120.330627
227.923700 125.438600 229.735626 123.467903
227.800300 128.526100 229.744720 126.549355
227.652200 131.598300 229.732986 129.590271
227.534700 134.639400 229.736176 132.624084
227.419600 137.638100 229.742203 135.619202
227.314300 140.648200 229.748413 138.637329
227.209000 143.551900 229.753677 141.551529
227.066800 146.491000 229.722717 144.496628
226.958600 149.420900 229.734940 147.374741
226.876000 152.285800 229.767059 150.213776
226.800700 155.135000 229.786713 153.049561
226.731900 157.928600 229.820969 155.826645
226.671000 160.677000 229.852295 158.563751
226.582000 163.433500 229.853897 161.304672
226.485000 166.141300 229.852432 163.999023
226.397200 168.834800 229.839767 166.686462
226.291800 171.503000 229.825287 169.353745
226.193800 174.156400 229.810883 171.995102
226.097700 176.845900 229.796234 174.678696
226.004100 179.602700 229.794525 177.418030
225.899400 182.370000 229.804398 180.183762
225.790500 185.147000 229.803848 182.946274
225.666400 187.881700 229.792801 185.647919
225.559700 190.596700 229.795303 188.335388
225.450800 193.273500 229.792358 191.012863
225.344100 195.959200 229.800079 193.672165
225.255300 198.650900 229.825043 196.336533
225.193200 201.334900 229.859207 198.998123
225.127200 204.006800 229.895996 201.637268
225.065500 206.635300 229.926865 204.260406
225.010800 209.237100 229.962738 206.839447
224.942500 211.826000 229.981812 209.402664
224.891100 214.400400 230.020905 211.951035
224.851300 216.935700 230.079880 214.458832
224.574700 219.362300 230.125931 216.903198
224.296500 221.836900 230.169891 219.391525
224.077500 224.335800 230.228043 221.906418
223.912600 226.902200 230.303146 224.443314
223.741800 229.521600 230.344208 227.066528
223.606900 232.177000 230.376877 229.710190
223.385500 235.003000 230.361130 232.491653
223.159800 237.809300 230.332123 235.265198
222.960600 240.674800 230.305313 238.099991
222.792300 243.535000 230.296463 240.908401
222.588700 246.352100 230.288895 243.690735
222.380700 249.170100 230.266632 246.467499
222.221500 251.920200 230.276031 249.196365
222.080000 254.672900 230.304413 251.915985
221.956900 257.368500 230.317291 254.633484
221.829100 260.046700 230.343033 257.302765
221.692500 262.646800 230.327255 259.951447
221.568600 265.262200 230.332565 262.615417
221.459700 267.839700 230.366516 265.208344
221.336200 270.381800 230.383026 267.760132
221.189700 272.766200 230.350662 270.169373
221.088000 275.002000 230.375458 272.387451
221.026400 277.045600 230.427460 274.422943
221.049000 278.872300 230.546494 276.249908
221.129600 280.543300 230.705643 277.916992
221.219900 282.100200 230.873871 279.472473
221.344400 283.572300 231.085205 280.933350
221.383300 284.982800 231.202927 282.339081
221.427300 286.297500 231.344666 283.637146
221.355400 287.505400 231.348495 284.827026
221.243100 288.625800 231.321594 285.928345
221.036600 289.678700 231.199661 286.972534
220.706100 290.652000 230.933640 287.914185
220.342100 291.553100 230.629211 288.815491
219.853800 292.364600 230.204803 289.693176
219.269900 293.212700 229.692902 290.522583
218.538100 294.065300 229.018402 291.397705
217.686800 294.889800 228.222137 292.233185
216.657700 295.681400 227.233902 293.063721
215.444500 296.400100 226.082535 293.775940
214.042800 296.980800 224.682220 294.420258
212.392600 297.367200 223.085754 294.836823
210.496800 297.522800 221.279282 295.099457
208.422600 297.550500 219.240646 295.198395
206.131200 297.483400 216.991745 295.205048
203.651200 297.386400 214.517059 295.211914
200.976300 297.310600 211.831161 295.252563
198.089000 297.234800 208.931564 295.302704
194.997600 297.169600 205.841064 295.370422
191.702200 297.088100 202.540466 295.425812
188.259400 296.972900 199.096329 295.465149
184.687600 296.836900 195.516403 295.483490
180.991300 296.697500 191.818985 295.504120
177.262000 296.545800 188.069046 295.498291
173.558400 296.374900 184.367798 295.484619
169.919200 296.277600 180.678619 295.476166
166.317100 296.215600 176.972961 295.464783
162.711100 296.177000 173.322693 295.436279
159.134700 296.119900 169.693939 295.412201
155.571100 296.037800 166.044525 295.395203
152.007700 295.960500 162.436890 295.380096
148.468000 295.873200 158.864883 295.373840
144.946600 295.784900 155.295959 295.373993
141.444100 295.697900 151.759430 295.373962
137.975600 295.609100 148.232269 295.361481
134.474600 295.536100 144.764587 295.346375
131.021500 295.387200 141.301163 295.298340
127.584800 295.185200 137.894226 295.200836
124.194200 294.919100 134.530243 295.024170
120.833000 294.568800 131.193329 294.776794
117.524100 294.148300 127.857475 294.442780
114.277200 293.717200 124.592690 294.098328
111.044200 293.263000 121.338211 293.738525
107.875300 292.820400 118.103554 293.376648
104.688800 292.432800 114.890251 293.068970
101.526200 292.112800 111.689072 292.824982
98.320670 291.867700 108.445221 292.657379
95.075730 291.698100 105.176636 292.560211
91.781610 291.600800 101.855141 292.557373
88.461730 291.510300 98.474899 292.575653
85.094010 291.416400 95.056885 292.587799
81.672540 291.325000 91.594040 292.605347
78.223590 291.216800 88.107712 292.609314
74.766450 291.106600 84.673126 292.607819
71.344240 290.985400 81.258080 292.590546
67.941880 290.873200 77.859261 292.576691
64.574620 290.765700 74.478325 292.568390
61.246410 290.655900 71.117317 292.556824
57.944380 290.555500 67.820145 292.550781
54.688490 290.463900 64.568687 292.534424
51.465180 290.374800 61.350220 292.528564
48.250390 290.298700 58.141300 292.534271
45.050130 290.226400 54.934372 292.538300
41.875270 290.157700 51.760204 292.536652
38.711490 290.079000 48.611221 292.536316
35.578690 289.999000 45.491997 292.542419
32.468040 289.919000 42.398300 292.555420
29.399030 289.855900 39.329491 292.578064
26.374440 289.806000 36.317883 292.607910
23.466190 289.753800 33.415676 292.635010
20.703250 289.695700 30.656332 292.648376
18.065590 289.632000 28.027027 292.654907
15.545090 289.573700 25.516560 292.656250
13.147890 289.520300 23.146824 292.671936
10.888030 289.488100 20.888332 292.700653
8.793075 289.520100 18.804451 292.798004
6.883822 289.607400 16.892759 292.952087
5.082836 289.770600 15.084206 293.169586
3.360773 289.989300 13.367624 293.444122
1.693438 290.246300 11.702522 293.754578
0.081762 290.523900 10.093216 294.082184
-1.454040 290.824700 8.567318 294.416321
-2.912142 291.153900 7.117176 294.775360
-4.263831 291.496500 5.807251 295.138245
-5.469629 291.865200 4.608711 295.525879
-6.561797 292.250200 3.536720 295.939087
-7.567325 292.720400 2.555511 296.408966
-8.250854 293.150700 1.891449 296.840698
-8.615564 293.414600 1.530457 297.097046
-8.701378 293.497800 1.451202 297.186890
-8.677816 293.476200 1.468445 297.165100
-8.670689 293.481400 1.466476 297.164642
-8.660467 293.476600 1.452881 297.167297
-8.651698 293.468700 1.454239 297.172852
-8.643833 293.460000 1.474518 297.145813
-8.651930 293.468400 1.455566 297.176910
-8.687854 293.502400 1.415131 297.211578
-8.762112 293.570000 1.324295 297.290741
-8.920494 293.730700 1.164474 297.450897
-9.169684 294.008200 0.919907 297.749146
-9.506103 294.394700 0.604416 298.147034
-9.958653 294.935000 0.164398 298.723480
-10.520470 295.675700 -0.381317 299.489197
-11.117550 296.668100 -0.972443 300.509277
-11.708500 297.866400 -1.511940 301.773407
-12.237630 299.339200 -2.017860 303.292847
-12.683330 301.018400 -2.417511 304.996796
-13.070580 302.864600 -2.765385 306.879486
-13.368680 304.910200 -3.008167 308.955109
-13.565630 307.103100 -3.146552 311.190918
-13.722500 309.483700 -3.236414 313.609680
