0.000000 0.000000 0.000000 0.000000
0.054181 0.879235 0.038454 0.886744
0.069768 1.824326 0.057238 1.856458
0.003415 2.875512 -0.034446 2.884537
-0.123130 4.021896 -0.171884 4.019285
-0.355562 5.248722 -0.402689 5.241457
-0.622388 6.586939 -0.677628 6.569253
-0.941959 8.041587 -1.006564 8.009700
-1.317954 9.607606 -1.393093 9.563206
-1.746028 11.261490 -1.861985 11.231237
-2.247333 13.001260 -2.423078 12.996133
-2.819369 14.841550 -3.024186 14.834393
-3.471584 16.794890 -3.714930 16.778364
-4.206227 18.801040 -4.473773 18.803608
-5.002325 20.924250 -5.280612 20.914757
-5.895726 23.141170 -6.173245 23.088797
-6.893668 25.384920 -7.163360 25.342657
-7.982190 27.688730 -8.250378 27.622719
-9.164411 30.059710 -9.431795 29.966007
-10.444260 32.492060 -10.728058 32.390717
-11.824940 34.996970 -12.160869 34.892628
-13.288260 37.616200 -13.615469 37.458782
-14.807970 40.343090 -15.170856 40.136303
-16.405480 43.114560 -16.790842 42.908024
-18.046730 45.856950 -18.475416 45.663990
-19.822820 48.550680 -20.244801 48.356121
-21.675070 51.158150 -22.106468 51.011421
-23.560100 53.734170 -24.001675 53.615936
-25.494780 56.313420 -25.944271 56.197044
-27.482530 58.864650 -27.924805 58.735210
-29.541190 61.360910 -29.969866 61.250835
-31.678300 63.840490 -32.093422 63.750648
-33.902360 66.293940 -34.337456 66.238579
-36.250580 68.681990 -36.652622 68.683319
-38.692550 71.052560 -39.087807 71.084045
-41.192840 73.405700 -41.592369 73.457947
-43.783840 75.735640 -44.207947 75.837051
-46.432290 78.051270 -46.880653 78.181061
-49.152200 80.361270 -49.603798 80.500237
-51.940820 82.646680 -52.403378 82.801819
-54.848670 84.861880 -55.299629 84.991112
-57.859180 86.983730 -58.337860 87.139534
-60.964150 89.027210 -61.458961 89.195961
-64.171330 90.959490 -64.685455 91.156830
-67.486660 92.809380 -68.019241 93.026611
-70.858280 94.583360 -71.360565 94.805618
-74.262510 96.288110 -74.776588 96.527130
-77.676110 97.939670 -78.203384 98.193085
-81.063060 99.532950 -81.601372 99.799805
-84.370760 101.062700 -84.927094 101.372528
-87.620370 102.509100 -88.206589 102.861008
-90.786320 103.874400 -91.367096 104.293060
-93.870530 105.255700 -94.450180 105.730461
-96.881570 106.709600 -97.446228 107.200668
-99.805830 108.239800 -100.366524 108.759300
-102.636000 109.900200 -103.200485 110.413635
-105.378400 111.659200 -105.891281 112.146187
-107.976000 113.472300 -108.476807 113.956902
-110.447900 115.333000 -110.917778 115.813820
-112.784900 117.225600 -113.239616 117.720436
-115.015000 119.132700 -115.423904 119.677002
-117.123400 121.056800 -117.492821 121.628746
-119.078900 122.948300 -119.440842 123.594948
-120.895600 124.857100 -121.255646 125.552353
-122.564000 126.793900 -122.935074 127.539360
-124.115200 128.784700 -124.487175 129.577698
-125.556900 130.848800 -125.932442 131.675018
-126.900700 132.986400 -127.260277 133.820984
-128.166200 135.162700 -128.569702 136.051239
-129.390300 137.438800 -129.785248 138.339798
-130.624700 139.816800 -131.012543 140.744171
-131.850200 142.307900 -132.240143 143.267487
-133.053900 144.928800 -133.445557 145.938232
-134.221100 147.696700 -134.597504 148.728195
-135.286000 150.585100 -135.688705 151.690048
-136.188200 153.654800 -136.627777 154.787247
-136.902400 156.885700 -137.374466 158.048584
-137.414500 160.267800 -137.921280 161.480270
-137.716200 163.797200 -138.260040 165.042206
-137.811800 167.451700 -138.384079 168.741165
-137.693100 171.190300 -138.286774 172.561142
-137.342300 175.019300 -137.952454 176.462921
-136.764600 178.911300 -137.392456 180.414795
-135.961700 182.879700 -136.602127 184.458313
-134.921000 186.887900 -135.576172 188.538269
-133.676900 190.927900 -134.306870 192.686218
-132.176400 194.967500 -132.799988 196.811920
-130.412100 198.974000 -131.037384 200.896194
-128.325000 202.907800 -128.927917 204.913574
-125.879600 206.683600 -126.471237 208.743561
-123.115600 210.265500 -123.679718 212.389709
-120.072500 213.663000 -120.564354 215.872055
-116.797700 216.867700 -117.207466 219.145721
-113.326600 219.882100 -113.674774 222.216217
-109.741800 222.621900 -110.024857 225.018295
-106.071200 225.055100 -106.253761 227.542679
-102.330300 227.163100 -102.419998 229.724350
-98.549080 228.934800 -98.544327 231.539017
-94.765260 230.393600 -94.667686 233.027313
-91.040120 231.572900 -90.827576 234.259567
-87.356360 232.508500 -87.038086 235.218536
-83.712820 233.198800 -83.264923 235.950012
-80.131800 233.665300 -79.578781 236.446701
-76.597140 233.928600 -75.942673 236.733688
-73.221710 234.047000 -72.447525 236.864212
-69.951170 234.094200 -69.044403 236.922531
-66.744420 234.089700 -65.747604 236.948441
-63.631270 234.073000 -62.541222 236.952560
-60.588190 234.080900 -59.409248 236.974762
-57.589970 234.129900 -56.374695 237.039795
-54.631270 234.221300 -53.371834 237.139267
-51.691800 234.380800 -50.409882 237.326126
-48.789980 234.600500 -47.507217 237.548615
-45.914730 234.880700 -44.647125 237.843094
-43.056600 235.221400 -41.769772 238.193802
-40.226560 235.615000 -38.929672 238.588593
-37.436510 236.072300 -36.126736 239.042679
-34.671830 236.602900 -33.349693 239.576538
-31.872100 237.159200 -30.547668 240.138763
-29.030010 237.739000 -27.702454 240.734039
-26.164210 238.361200 -24.833687 241.363129
-23.288400 239.014600 -21.967972 242.040314
-20.420150 239.737800 -19.153645 242.790680
-17.585900 240.557900 -16.320850 243.620636
-14.787740 241.484300 -13.520012 244.559814
-12.027780 242.497800 -10.756256 245.576904
-9.297034 243.589800 -8.004669 246.699326
-6.615868 244.741000 -5.358398 247.830109
-4.000885 245.950200 -2.746513 249.048920
-1.445171 247.223500 -0.199844 250.323608
1.045353 248.560800 2.297653 251.655350
3.471952 249.950800 4.730957 253.046021
5.864994 251.410300 7.144447 254.516235
8.235125 252.947800 9.554153 256.029114
10.583690 254.573100 11.961540 257.576416
12.953340 256.177400 14.328522 259.102814
15.346400 257.781100 16.755096 260.685455
17.751050 259.400400 19.184998 262.287659
20.188860 261.030300 21.641006 263.907684
22.647720 262.666800 24.081322 265.538849
25.099450 264.305600 26.516640 267.169373
27.525840 265.954500 28.961586 268.852234
29.936290 267.631700 31.357590 270.526001
32.286150 269.360900 33.681442 272.260071
34.606160 271.143700 35.974167 274.043030
36.885170 273.027100 38.209023 275.911865
39.097050 274.998500 40.399559 277.889465
41.290800 277.096800 42.574455 279.971497
43.439250 279.297300 44.698502 282.165710
45.513250 281.622300 46.748695 284.468994
47.514220 284.070700 48.737885 286.895233
49.431830 286.626800 50.651527 289.445801
51.294100 289.273800 52.496765 292.077454
53.101300 292.012400 54.301720 294.813751
54.875230 294.809700 56.090332 297.625854
56.646400 297.643200 57.872482 300.462769
58.445530 300.513000 59.685143 303.336426
60.252450 303.405100 61.501030 306.227936
62.043860 306.330600 63.292549 309.147705
63.761150 309.296200 65.001808 312.119080
65.349920 312.311900 66.575562 315.147339
66.806830 315.364200 68.044006 318.184265
68.116080 318.458200 69.337082 321.307556
69.296620 321.579600 70.547127 324.444458
70.444270 324.701500 71.696854 327.587982
71.544490 327.823300 72.796684 330.747223
72.579080 330.962600 73.825836 333.878357
73.537630 334.109900 74.784981 337.048035
74.456800 337.228300 75.710510 340.167297
75.339380 340.280400 76.609436 343.242706
76.286690 343.179300 77.580086 346.154968
77.264140 345.918700 78.568871 348.913086
78.217100 348.599200 79.539619 351.610687
79.076510 351.282300 80.409348 354.268799
79.788430 353.970700 81.142242 356.930328
80.289200 356.680100 81.654999 359.619965
80.544210 359.422600 81.935806 362.360260
80.553950 362.181700 81.958061 365.063080
80.325300 364.950100 81.756126 367.819275
79.948290 367.764600 81.386963 370.642120
79.552930 370.623900 81.018105 373.531433
79.189870 373.576200 80.669846 376.492096
78.847720 376.617400 80.334106 379.563751
78.487220 379.779100 80.004517 382.725067
78.109220 383.024900 79.639786 385.992462
77.724340 386.331700 79.273727 389.319855
77.303670 389.673500 78.865540 392.675415
76.785710 392.998500 78.365395 396.009247
76.164260 396.307900 77.755135 399.340088
75.453110 399.563900 77.058830 402.616058
74.687820 402.778100 76.303635 405.840454
73.880590 405.959600 75.494392 409.049316
73.001560 409.140100 74.634644 412.219604
72.077030 412.325000 73.728592 415.439758
71.142260 415.518400 72.814156 418.641754
70.199490 418.732600 71.897079 421.868378
69.226500 421.954700 70.931465 425.103546
68.236100 425.167200 69.948769 428.335541
67.260820 428.363600 68.977570 431.562286
66.313240 431.552600 68.024963 434.780701
65.391740 434.718000 67.092606 437.966034
64.501670 437.856900 66.203346 441.116302
63.634920 440.951000 65.337151 444.252472
62.789470 444.005700 64.482567 447.330780
61.956690 447.015700 63.646637 450.340607
61.133480 449.961200 62.817261 453.322754
60.318620 452.867200 61.972641 456.255402
59.499520 455.718100 61.163269 459.089966
58.682170 458.529200 60.368378 461.912231
57.867160 461.298900 59.579330 464.701965
57.054660 464.035200 58.778526 467.433319
56.243590 466.731100 57.975014 470.125671
55.443060 469.359000 57.188812 472.751770
54.686220 471.907600 56.443016 475.314240
53.957650 474.335100 55.722961 477.760468
53.256730 476.667000 55.052002 480.091888
52.582380 478.963700 54.398682 482.442780
51.956500 481.261900 53.793945 484.731079
51.412610 483.574200 53.246399 487.102448
51.013880 485.899300 52.852119 489.478546
50.812910 488.248800 52.644257 491.853149
50.798080 490.609700 52.637428 494.243530
50.978710 492.984500 52.842606 496.631592
51.345270 495.367500 53.212631 499.043976
51.889050 497.738400 53.774002 501.430115
52.577300 500.130400 54.477242 503.818451
53.407230 502.515400 55.327042 506.238281
54.397040 504.884900 56.338043 508.622375
55.518570 507.215000 57.452988 510.974396
56.765020 509.509300 58.705322 513.305054
58.192020 511.730400 60.145035 515.545288
59.789040 513.824000 61.755508 517.660095
61.540430 515.752700 63.520355 519.609741
63.410000 517.523000 65.393616 521.386780
65.397890 519.217300 67.389206 523.090393
67.496690 520.814600 69.493591 524.680298
69.720640 522.307200 71.746841 526.194946
72.067650 523.642400 74.101425 527.514526
74.549290 524.809100 76.619858 528.683716
77.153850 525.815200 79.264511 529.698303
79.881990 526.633100 82.025383 530.499695
82.715440 527.211700 84.892868 531.105713
85.640790 527.586200 87.884491 531.481445
88.644290 527.748500 90.933807 531.645874
91.710620 527.693700 94.014206 531.584717
94.811790 527.411800 97.205139 531.274231
97.935300 526.886500 100.366516 530.714722
101.063100 526.157900 103.566269 529.976013
104.194600 525.225000 106.727272 529.025574
107.305700 524.079000 109.857948 527.860413
110.385400 522.743600 112.967850 526.507324
113.459600 521.282300 116.073540 525.048218
116.567100 519.769500 119.203545 523.528870
119.739300 518.237200 122.361816 522.002808
122.982300 516.640600 125.547722 520.429749
126.165500 515.061000 128.768112 518.825562
129.459200 513.419400 132.065460 517.176392
132.785400 511.739500 135.385437 515.483276
136.164500 510.030300 138.769989 513.760254
139.600200 508.311400 142.154724 512.045105
143.109700 506.548700 145.654541 510.271942
146.672500 504.761300 149.227112 508.465485
150.295000 502.937800 152.836212 506.634918
153.967100 501.081900 156.529114 504.740692
157.696200 499.214100 160.265182 502.847443
161.457700 497.333800 164.029419 500.949280
165.216700 495.416600 167.787933 499.000977
168.984800 493.501000 171.537628 497.102295
172.746400 491.586700 175.276871 495.200317
176.518000 489.688800 179.047226 493.289062
180.295200 487.819900 182.825958 491.411377
184.036700 485.970500 186.542664 489.595551
187.779200 484.135700 190.299454 487.744995
191.500200 482.306500 194.007248 485.914856
195.180200 480.469600 197.687912 484.079437
198.815300 478.621300 201.320236 482.202942
202.393600 476.753100 204.911926 480.344086
205.912000 474.880400 208.452362 478.468262
209.296500 473.041000 211.854828 476.625336
212.515400 471.274700 215.100159 474.875885
215.580600 469.586600 218.222198 473.154602
218.489200 468.019000 221.148865 471.581116
221.328300 466.599200 223.999786 470.166656
224.156800 465.368500 226.824356 468.945099
226.991800 464.316200 229.703613 467.886963
229.883500 463.424700 232.610275 467.025208
232.820800 462.731300 235.593353 466.315002
235.780100 462.243300 238.576675 465.823425
238.782200 461.945800 241.612244 465.505005
241.848400 461.905600 244.728653 465.427826
244.967900 462.147500 247.835449 465.657288
248.086200 462.682300 250.928467 466.201569
251.186900 463.495800 254.039490 466.989136
254.278000 464.580100 257.119995 468.058777
257.287900 465.915200 260.140198 469.377472
260.242000 467.523100 263.054504 470.983154
263.106900 469.351100 265.872009 472.790405
265.866100 471.381400 268.652466 474.827087
268.559300 473.556000 271.382538 476.997467
271.204400 475.840000 274.020844 479.273621
273.819900 478.206700 276.607574 481.610046
276.385100 480.590800 279.155304 483.972534
278.915500 482.977100 281.724854 486.372986
281.390900 485.346800 284.249603 488.742615
283.809500 487.633100 286.699585 491.026306
286.165500 489.759700 289.070374 493.160461
288.479300 491.699500 291.421448 495.111755
290.753400 493.425200 293.717529 496.846191
292.943900 494.909400 295.931946 498.345459
295.050000 496.208200 298.050964 499.664734
297.157600 497.295500 300.190857 500.775604
299.275300 498.080400 302.329376 501.563843
301.409300 498.552800 304.504333 502.084869
303.638500 498.806300 306.752533 502.352661
305.825500 498.755800 308.987122 502.295715
307.969500 498.413400 311.195801 501.980591
310.082700 497.866400 313.359680 501.463165
312.168500 497.169500 315.502441 500.782654
314.242500 496.345000 317.605377 499.983276
316.287200 495.404000 319.754120 499.073700
318.242200 494.293900 321.727448 497.971619
320.067800 492.959300 323.575256 496.647217
321.691800 491.422900 325.234375 495.114655
323.027900 489.679600 326.653259 493.413818
324.128000 487.907400 327.819214 491.626373
325.083100 486.074100 328.799683 489.743408
325.901600 484.156200 329.625549 487.764984
326.541500 482.161200 330.251312 485.703674
326.975000 480.110600 330.694153 483.599548
327.199900 477.981300 330.930237 481.449585
327.207600 475.816100 330.947998 479.254944
326.987100 473.574900 330.739044 477.012299
326.612600 471.312500 330.352051 474.679291
326.101700 468.984300 329.831909 472.321167
325.485000 466.584700 329.220734 469.884460
324.770900 464.117300 328.522339 467.397980
324.015300 461.568800 327.773712 464.825623
323.241500 458.937100 326.998444 462.193512
322.428100 456.221600 326.186096 459.466553
321.582200 453.438700 325.352997 456.716064
320.700500 450.590200 324.476379 453.866669
319.803300 447.709400 323.591003 451.010651
318.882300 444.812700 322.667114 448.122253
317.933600 441.902000 321.724548 445.203033
317.026500 438.982700 320.806610 442.293427
316.159500 436.052700 319.941406 439.371613
315.357400 433.104800 319.138062 436.422028
314.633500 430.138600 318.394928 433.450256
314.023700 427.174800 317.770966 430.488556
313.546100 424.188800 317.312195 427.512390
313.186000 421.191700 316.952637 424.528503
312.967300 418.184200 316.726196 421.503876
312.864500 415.179900 316.609802 418.492737
312.872600 412.155500 316.609558 415.481262
312.990400 409.162100 316.714996 412.494843
313.203500 406.159400 316.928741 409.514099
313.520300 403.163500 317.243958 406.510132
313.923800 400.189100 317.637390 403.532471
314.410500 397.252500 318.115936 400.573669
314.957200 394.350700 318.674011 397.655975
315.563700 391.486400 319.263367 394.785461
316.210700 388.682600 319.917084 391.965027
316.875600 385.969600 320.614929 389.246826
317.575400 383.411700 321.318604 386.691223
318.278300 381.082600 322.025208 384.333099
318.940600 378.964700 322.689026 382.225708
319.536100 376.960800 323.317657 380.220245
320.051600 374.976800 323.898590 378.249420
320.455200 373.030400 324.368927 376.283630
320.667900 371.083600 324.615356 374.355591
320.639300 369.178900 324.616699 372.440826
320.367200 367.308200 324.395142 370.583527
319.812200 365.451900 323.891418 368.700745
318.977600 363.612500 323.112488 366.893799
317.917200 361.899400 322.093506 365.183044
316.653200 360.259800 320.845398 363.533386
315.183100 358.649300 319.392548 361.920898
313.573000 357.006500 317.787109 360.281799
311.803000 355.325900 316.014648 358.589722
309.911600 353.572300 314.131836 356.831848
307.954100 351.681100 312.191345 354.946747
305.918800 349.709900 310.173553 352.985138
303.815100 347.660800 308.086639 350.939636
301.671400 345.530600 305.954224 348.814484
299.493500 343.321800 303.782440 346.622589
297.311600 341.063800 301.586884 344.375854
295.144200 338.750800 299.411133 342.080719
293.010900 336.383800 297.265198 339.740601
290.937000 333.945100 295.188660 337.323120
288.991700 331.405200 293.205170 334.789886
287.170900 328.759000 291.372955 332.161804
285.462000 326.045600 289.653442 329.470978
283.830800 323.246400 287.979889 326.652924
282.268800 320.363300 286.372192 323.778351
280.755300 317.391500 284.840332 320.818298
279.273700 314.371200 283.335297 317.802826
277.774600 311.308900 281.817810 314.750946
276.264200 308.193000 280.297607 311.644470
274.757100 305.022400 278.787842 308.489685
273.207400 301.793600 277.236298 305.260986
271.619600 298.531900 275.655029 302.000580
270.024400 295.205700 274.062103 298.678467
268.363800 291.836000 272.403442 295.320312
266.611600 288.477200 270.640594 291.978638
264.727500 285.132100 268.746826 288.663452
262.759200 281.800100 266.761993 285.361481
260.701700 278.471600 264.707123 282.056946
258.620500 275.176300 262.586121 278.737915
256.506400 271.837700 260.447632 275.415344
254.344100 268.488000 258.271667 272.057648
252.173900 265.097000 256.100159 268.712280
249.944700 261.678700 253.885452 265.362915
247.696800 258.253900 251.671982 261.959106
245.448300 254.808000 249.396072 258.532715
243.193400 251.334600 247.140045 255.087051
240.896500 247.824500 244.878494 251.614288
238.556700 244.277400 242.559265 248.101669
236.174700 240.690700 240.197647 244.534958
233.763000 237.091500 237.837662 240.965530
231.332800 233.457600 235.488739 237.388855
228.838300 229.808000 233.086807 233.802658
226.342900 226.169100 230.648392 230.217148
223.818800 222.533800 228.156006 226.621460
221.285700 218.901400 225.654404 223.031723
218.752300 215.265000 223.160461 219.429611
216.249600 211.634900 220.676254 215.811279
213.762100 207.997700 218.207489 212.198593
211.316800 204.351400 215.767685 208.561401
208.893800 200.676600 213.378708 204.913406
206.508300 196.989800 210.986588 201.259750
204.177700 193.291200 208.647461 197.575195
201.927600 189.547700 206.390732 193.824020
199.739900 185.759300 204.204529 190.021759
197.634000 181.950500 202.115845 186.201370
195.568100 178.118500 200.062500 182.342178
193.561400 174.281900 198.070740 178.513779
191.624100 170.408300 196.065796 174.610184
189.716900 166.527700 194.127228 170.724915
187.815500 162.621800 192.211899 166.830688
185.959300 158.681600 190.325592 162.872543
184.094000 154.737900 188.439362 158.932632
182.239600 150.794500 186.571625 155.012268
180.398400 146.846200 184.722717 151.068146
178.592100 142.900000 182.888702 147.141663
176.795000 138.933400 181.062592 143.193008
174.974500 134.967700 179.242279 139.269989
173.137100 131.051800 177.390717 135.368729
171.221700 127.194200 175.442749 131.517578
169.204100 123.403700 173.374146 127.707779
167.059300 119.698200 171.199097 124.003502
164.778800 116.075700 168.916367 120.415756
162.368900 112.524900 166.490051 116.901993
159.842700 109.067300 163.953873 113.495560
157.243500 105.701500 161.310226 110.148483
154.586000 102.373400 158.606018 106.838013
151.852400 99.075390 155.865799 103.579918
149.065100 95.812170 153.079437 100.346901
146.211000 92.589950 150.221725 97.135620
143.290400 89.438890 147.274872 93.979774
140.313900 86.318510 144.279297 90.873543
137.315300 83.188540 141.250519 87.766510
134.309400 80.022690 138.238937 84.634712
131.293700 76.854850 135.254684 81.528427
128.257000 73.680270 132.234619 78.378998
125.224000 70.510050 129.192703 75.200821
122.171600 67.325860 126.162300 72.048485
119.104200 64.151150 123.071594 68.875946
116.003700 60.986180 119.944115 65.726532
112.861400 57.817240 116.810692 62.595634
109.667300 54.647940 113.637260 59.465714
106.494700 51.468900 110.454056 56.329689
103.294400 48.292970 107.246346 53.190369
100.126400 45.132480 104.064644 50.064896
96.950460 41.977160 100.864044 46.923332
93.739320 38.803750 97.665848 43.805771
90.567830 35.632100 94.497849 40.665096
87.415790 32.458970 91.351402 37.537483
84.260040 29.295850 88.206192 34.401810
81.123540 26.129440 85.068123 31.258556
77.992680 22.957970 81.936905 28.097385
74.890600 19.774830 78.813934 24.932297
71.780370 16.590360 75.685593 21.764963
68.630430 13.396510 72.565697 18.593866
65.471800 10.205970 69.462234 15.446627
62.314330 7.007367 66.395607 12.329094
59.206170 3.808043 63.319496 9.161486
56.091860 0.584754 60.217239 5.967865
53.008120 -2.625659 57.168709 2.821810
49.955730 -5.822352 54.142628 -0.299305
46.935070 -9.021045 51.142883 -3.431402
43.893000 -12.216550 48.156052 -6.511717
40.929340 -15.293680 45.227573 -9.540199
38.089530 -18.317430 42.391510 -12.534698
35.418750 -21.291630 39.688019 -15.498216
32.866820 -24.157290 37.116951 -18.337791
30.511610 -26.943030 34.694202 -21.108980
28.282770 -29.552800 32.453316 -23.697485
26.270910 -31.981160 30.390045 -26.118971
24.406470 -34.119140 28.469408 -28.252050
22.621160 -35.934900 26.665371 -30.067205
20.883450 -37.415600 24.916225 -31.540483
19.174900 -38.513760 23.197031 -32.657673
17.516050 -39.260550 21.517509 -33.399933
15.838890 -39.714580 19.825470 -33.905491
14.191360 -39.829780 18.144674 -34.022259
12.634270 -39.672360 16.535847 -33.937050
11.172310 -39.260550 15.025370 -33.538074
9.789695 -38.629800 13.569434 -32.887131
8.497673 -37.738490 12.252064 -31.994329
7.308945 -36.616890 11.028300 -30.824425
6.256320 -35.282630 9.998976 -29.416307
5.377697 -33.729560 9.089207 -27.763199
4.666734 -31.994970 8.451883 -25.985752
4.118069 -30.087400 7.927046 -24.019482
3.675026 -28.058910 7.514269 -21.939301
3.306982 -25.913550 7.167364 -19.725798
2.950683 -23.671670 6.847906 -17.423931
2.589654 -21.354230 6.509113 -15.049005
2.235350 -18.941910 6.155500 -12.532096
1.883217 -16.438970 5.839830 -9.956314
1.539703 -13.883430 5.523444 -7.325407
1.229057 -11.374200 5.209799 -4.728832
0.914029 -8.934948 4.927712 -2.235699
0.572467 -6.591425 4.615631 0.157035
0.172462 -4.328516 4.282168 2.472515
-0.233814 -2.148095 3.955142 4.673169
-0.652500 -0.027237 3.607024 6.844965
-1.128803 2.027763 3.202067 8.939124
-1.682534 4.091749 2.743637 11.007110
-2.326851 6.156888 2.190436 13.125616
-3.006582 8.222648 1.588871 15.213421
