0.000000 0.000000 0.000000 0.000000
0.059875 0.430540 0.056819 0.436667
0.240194 0.981257 0.237003 0.988202
0.531827 1.620036 0.528042 1.617379
0.999102 2.286905 0.992527 2.284766
1.634196 2.948016 1.599399 2.916368
2.465897 3.579897 2.413769 3.555524
3.507611 4.202254 3.450101 4.184649
4.794196 4.791823 4.750101 4.790181
6.329744 5.330723 6.315101 5.318992
8.109243 5.878028 8.117847 5.879538
10.112010 6.449695 10.159019 6.455699
12.311460 7.000760 12.389700 7.005388
14.649940 7.512325 14.771889 7.524231
17.045990 7.933466 17.201328 7.951520
19.495760 8.228210 19.672165 8.243532
21.992720 8.306307 22.199522 8.296686
24.504830 8.124873 24.743351 8.106075
26.991550 7.679836 27.248705 7.627946
29.438030 6.997717 29.680065 6.936180
31.783040 6.157692 32.015648 6.087890
34.061480 5.135804 34.280151 5.057148
36.249090 3.963231 36.457088 3.877290
38.339410 2.756405 38.536198 2.670530
40.387000 1.476584 40.595406 1.377106
42.507450 0.121543 42.728085 0.000792
44.798470 -1.255569 44.987457 -1.365602
47.253440 -2.652713 47.419395 -2.772358
49.829130 -4.119797 49.968002 -4.249010
52.496600 -5.654198 52.617928 -5.801298
55.197500 -7.201418 55.291313 -7.356224
57.889050 -8.733355 57.948891 -8.888433
60.568300 -10.237180 60.613487 -10.392633
63.209030 -11.720560 63.247120 -11.902132
65.794730 -13.245590 65.823212 -13.422861
68.306160 -14.789450 68.367188 -15.003439
70.774870 -16.359280 70.827103 -16.584702
73.207180 -17.930420 73.264786 -18.168955
75.585180 -19.500110 75.648788 -19.769268
77.976200 -21.045650 78.032654 -21.300611
80.359750 -22.550030 80.433807 -22.829906
82.721600 -24.045560 82.811127 -24.349697
85.130890 -25.457240 85.227402 -25.765362
87.583520 -26.763470 87.662338 -27.066124
90.052030 -27.962520 90.160614 -28.288124
92.567280 -29.055560 92.678711 -29.395411
95.091560 -30.042180 95.192017 -30.383644
97.627970 -30.999950 97.707260 -31.340307
100.184800 -31.914080 100.245262 -32.263458
102.738700 -32.746220 102.801079 -33.122993
105.306500 -33.553570 105.361847 -33.944607
107.889600 -34.298460 107.933510 -34.700611
110.487000 -34.993230 110.510513 -35.412640
113.094500 -35.631080 113.096359 -36.051727
115.714700 -36.218190 115.707016 -36.645042
118.336800 -36.794500 118.310417 -37.233536
120.956100 -37.311260 120.940674 -37.764366
123.575400 -37.808670 123.556320 -38.264160
126.178100 -38.305940 126.150604 -38.763134
128.749000 -38.789160 128.721146 -39.239861
131.294400 -39.254810 131.255478 -39.720798
133.800300 -39.697620 133.738403 -40.178028
136.267300 -40.152820 136.200790 -40.648823
138.705700 -40.571180 138.629227 -41.082870
141.108200 -40.918610 141.026352 -41.441948
143.486200 -41.184130 143.397232 -41.723930
145.827400 -41.344840 145.733978 -41.887592
148.116900 -41.390150 148.028961 -41.935040
150.394500 -41.337850 150.322342 -41.905777
152.640300 -41.243160 152.578018 -41.847813
154.896300 -41.171990 154.834244 -41.814213
157.139500 -41.129290 157.058853 -41.806320
159.364300 -41.123040 159.282043 -41.841640
161.541500 -41.143410 161.443542 -41.889141
163.691100 -41.184580 163.606262 -41.967258
165.794600 -41.169840 165.695175 -41.973434
167.853000 -41.036680 167.745697 -41.870049
169.861400 -40.814300 169.762039 -41.665466
171.785700 -40.498720 171.694611 -41.359959
173.656900 -40.100850 173.569214 -40.969913
175.466100 -39.643440 175.379425 -40.527966
177.238400 -39.176700 177.149261 -40.077221
179.051200 -38.637820 178.970901 -39.554916
180.842400 -38.130090 180.778397 -39.064564
182.654500 -37.585090 182.596924 -38.521755
184.499200 -36.994200 184.452271 -37.953056
186.326400 -36.336250 186.306030 -37.326839
188.179600 -35.586660 188.158264 -36.617100
190.033300 -34.744990 190.032669 -35.800980
191.950900 -33.866980 191.937225 -34.940094
193.922400 -32.984310 193.919586 -34.065727
195.981900 -32.091960 195.958023 -33.181786
198.044700 -31.179470 198.017624 -32.281593
200.096400 -30.282730 200.060242 -31.403412
202.149000 -29.377620 202.140320 -30.514328
204.205200 -28.490440 204.209702 -29.641136
206.280400 -27.683360 206.296906 -28.863632
208.395100 -26.949400 208.395584 -28.154724
210.511400 -26.248260 210.524231 -27.468884
212.653100 -25.542730 212.645432 -26.798660
214.826000 -24.841570 214.804611 -26.102943
217.025900 -24.115450 216.982346 -25.392128
219.237300 -23.317850 219.198700 -24.620422
221.445500 -22.466040 221.364029 -23.817192
223.667300 -21.584010 223.577850 -22.977180
225.887600 -20.687600 225.784760 -22.110306
228.072000 -19.761640 227.996979 -21.202179
230.220200 -18.813360 230.177917 -20.274017
232.380100 -17.819580 232.365448 -19.305023
234.567900 -16.817990 234.565994 -18.322350
236.713000 -15.809910 236.713104 -17.344391
238.851800 -14.765210 238.867020 -16.322662
241.017000 -13.683470 241.031601 -15.270851
243.189400 -12.578710 243.216400 -14.204041
245.303900 -11.468690 245.336334 -13.112900
247.468200 -10.349670 247.511322 -12.014771
249.645100 -9.231011 249.684448 -10.927834
251.806300 -8.090111 251.844131 -9.821625
253.960700 -6.938930 254.028793 -8.701607
256.101100 -5.755645 256.187012 -7.539108
258.215000 -4.543629 258.342590 -6.336548
260.307600 -3.272954 260.456970 -5.081787
262.344400 -1.883065 262.513733 -3.708534
264.302700 -0.414263 264.483795 -2.270584
266.252100 1.068534 266.453308 -0.817039
268.265900 2.447327 268.500275 0.552711
270.324900 3.759467 270.605011 1.848183
272.419700 5.022290 272.722656 3.084694
274.560900 6.266911 274.908173 4.309418
276.693900 7.483336 277.072327 5.517586
278.872400 8.703796 279.287109 6.719490
281.097600 9.935075 281.551605 7.926437
283.337500 11.219770 283.817627 9.185310
285.578400 12.544850 286.064301 10.491203
287.831600 13.911530 288.318420 11.831024
290.088700 15.396350 290.586853 13.274071
292.311900 16.932960 292.829346 14.784073
294.493900 18.481610 295.060181 16.352875
296.720900 20.090920 297.261780 17.974991
298.978300 21.804860 299.463501 19.705643
301.361000 23.633810 301.639862 21.513245
303.645300 25.487530 303.802277 23.369919
305.870300 27.427630 305.919281 25.249283
308.019400 29.387000 308.043030 27.178757
310.140700 31.374480 310.130249 29.121124
312.194800 33.399420 312.183228 31.109207
314.189200 35.447230 314.179626 33.101395
316.138800 37.517350 316.130371 35.123734
318.049100 39.628100 318.047974 37.203751
319.943200 41.728570 319.935547 39.266891
321.828600 43.822610 321.840088 41.336563
323.748400 45.934260 323.778381 43.429047
325.706500 48.018020 325.751831 45.474655
327.739600 50.080930 327.835358 47.563004
329.840400 52.117880 329.941223 49.571320
331.997600 54.088750 332.125153 51.506638
334.230000 56.046050 334.384216 53.434708
336.499800 57.995180 336.666779 55.355530
338.816900 59.925620 339.000336 57.267776
341.178100 61.833440 341.369995 59.127151
343.554900 63.722300 343.751404 60.985275
345.957800 65.576790 346.178558 62.797455
348.386500 67.418200 348.623230 64.623573
350.801500 69.229240 351.052063 66.417648
353.254100 71.038830 353.514069 68.223831
355.698600 72.844900 355.959442 70.017189
358.141800 74.650950 358.406494 71.804893
360.583100 76.452920 360.835999 73.596619
363.026300 78.255900 363.266541 75.366180
365.452200 80.044720 365.710144 77.126823
367.845000 81.823410 368.107330 78.861008
370.166400 83.579750 370.444336 80.598137
372.393300 85.288160 372.686768 82.291946
374.497600 86.944540 374.806030 83.916008
376.478000 88.495560 376.800079 85.444008
378.371000 89.933730 378.700409 86.870422
380.183400 91.300940 380.531738 88.229782
381.933000 92.573690 382.284912 89.482826
383.660900 93.763590 384.026398 90.675850
385.476400 94.921870 385.883545 91.843727
387.358800 96.029350 387.795380 92.931816
389.297900 97.086300 389.752686 93.976479
391.333900 98.175050 391.812866 95.058746
393.414000 99.266980 393.914825 96.107689
395.549800 100.322500 396.061646 97.127075
397.704500 101.322500 398.247833 98.118469
399.824200 102.279600 400.373505 99.031479
401.916600 103.140900 402.485474 99.856339
403.950600 103.902700 404.534454 100.587753
405.959700 104.590800 406.539490 101.229851
408.011000 105.108200 408.584900 101.716270
410.135100 105.485400 410.740051 102.090675
412.361000 105.790800 412.981506 102.387764
414.624700 106.058600 415.246124 102.637466
416.897400 106.297800 417.528076 102.856293
419.163900 106.506600 419.794983 103.036316
421.493300 106.727000 422.112885 103.224281
423.737200 106.947800 424.346588 103.415741
425.977100 107.191600 426.579742 103.637970
428.102800 107.420100 428.673615 103.856628
430.149200 107.670800 430.720276 104.055779
432.117500 107.907600 432.689789 104.246933
434.025800 108.008100 434.598145 104.304085
435.758200 108.009100 436.353607 104.265121
437.299000 107.930500 437.885651 104.148117
438.581000 107.769400 439.181946 103.940384
439.666200 107.607000 440.277039 103.758568
440.608900 107.409000 441.207611 103.538979
441.398700 107.289400 441.966217 103.428894
441.992900 107.179100 442.552948 103.297882
442.448600 107.110700 443.006378 103.197258
442.905900 107.038600 443.458527 103.088852
443.346800 107.014100 443.891510 103.029411
443.836000 106.989300 444.383362 102.957809
444.473000 106.989500 445.024048 102.927597
445.205500 106.946300 445.762787 102.837837
446.012900 106.953300 446.571838 102.804672
446.902800 107.033600 447.476349 102.822037
447.889800 107.210000 448.425873 102.974373
448.987400 107.446500 449.510925 103.158638
450.189500 107.822200 450.697174 103.480301
451.491100 108.402100 451.983093 103.917648
452.928900 109.084800 453.440094 104.486801
454.502200 109.798100 454.972198 105.158371
456.158200 110.666600 456.599670 105.993721
457.971900 111.646100 458.350128 106.970810
459.877400 112.735800 460.226868 108.041122
461.883200 113.914900 462.223175 109.201195
463.988700 115.182000 464.317230 110.442413
466.175500 116.517700 466.488770 111.748947
468.435400 117.924700 468.742249 113.126411
470.781100 119.404400 471.075317 114.577744
473.219400 120.926800 473.504089 116.061775
475.743400 122.510800 476.010986 117.606491
478.344300 124.160400 478.599365 119.229309
480.992000 125.864000 481.257812 120.909836
483.679900 127.592900 483.993317 122.603981
486.447600 129.273600 486.807190 124.248756
489.320000 130.826500 489.742950 125.774849
492.282900 132.213200 492.755646 127.119606
495.358000 133.438200 495.889648 128.278290
498.513800 134.409800 499.120361 129.213150
501.751100 135.064200 502.362518 129.831741
505.042300 135.427700 505.698547 130.167191
508.395000 135.556900 509.034912 130.280212
511.770400 135.475700 512.435852 130.175812
515.185000 135.299200 515.871277 129.969879
518.623000 135.097900 519.329346 129.722656
522.144800 134.847000 522.867554 129.451538
525.734400 134.578800 526.474487 129.145813
529.399100 134.293800 530.153015 128.828018
533.133700 134.010400 533.899841 128.521759
536.936600 133.686300 537.752625 128.163422
540.806000 133.326000 541.628052 127.772133
544.802000 132.892300 545.613281 127.324768
548.848400 132.415900 549.585938 126.854446
552.948000 131.900800 553.641235 126.321625
557.104100 131.327900 557.792236 125.734688
561.317500 130.706600 561.990295 125.096649
565.599800 130.051200 566.294739 124.415207
569.941500 129.367300 570.648926 123.710320
574.351700 128.666500 575.014893 122.998352
578.779700 127.953800 579.427002 122.263916
583.237100 127.258900 583.851562 121.537674
587.713000 126.567300 588.292053 120.788391
592.202000 125.884700 592.741211 120.065384
596.683800 125.215200 597.178284 119.354980
601.149700 124.558400 601.600769 118.682487
605.601500 123.870200 606.021118 117.985748
610.038700 123.194200 610.449402 117.300697
614.483600 122.547100 614.878357 116.657990
618.926400 121.903400 619.328735 116.018753
623.350300 121.254400 623.725098 115.357498
627.741900 120.615400 628.089111 114.725243
632.071600 120.016600 632.412537 114.133385
636.318800 119.412600 636.659363 113.543816
640.484000 118.825100 640.819031 112.961678
644.497600 118.256100 644.874634 112.398422
648.278400 117.698400 648.665466 111.850647
651.817400 117.176000 652.196106 111.331947
655.064500 116.712400 655.477417 110.886269
657.980700 116.314200 658.389465 110.496239
660.526400 115.964600 660.913330 110.161911
662.701100 115.630800 663.098206 109.860489
664.544000 115.185100 664.966858 109.427536
666.220700 114.557800 666.654663 108.775269
667.731400 113.722400 668.069336 107.951355
668.815500 112.652100 669.256714 106.872284
669.721700 111.420600 670.129883 105.623123
670.375000 110.040000 670.753540 104.249115
670.743500 108.532100 671.119751 102.709152
670.853700 106.905800 671.208191 101.096359
670.479600 105.203700 670.907227 99.435005
669.886200 103.505000 670.271057 97.771896
668.934000 101.811700 669.323120 96.091095
667.713400 100.128500 668.073730 94.444763
666.284600 98.431790 666.621155 92.709473
664.691900 96.730170 665.020447 90.945648
662.951100 95.069520 663.269836 89.282990
661.045400 93.515090 661.351685 87.744507
658.978100 92.108080 659.303528 86.376312
656.784000 90.796840 657.122864 85.102951
654.501500 89.445100 654.850281 83.796265
652.178300 88.060580 652.501770 82.435486
649.787300 86.622730 650.122925 81.018661
647.361600 85.108610 647.671875 79.509918
644.842400 83.549870 645.135498 77.945190
642.252000 81.948280 642.546387 76.360474
639.681300 80.324390 639.977417 74.743637
637.149300 78.658370 637.466431 73.110901
634.666500 76.993840 634.992798 71.464401
632.251900 75.355150 632.591064 69.860229
629.879500 73.738570 630.230774 68.292038
627.590500 72.163550 627.951050 66.747055
625.387200 70.610050 625.751160 65.226761
623.318500 69.115660 623.696533 63.800186
621.410500 67.709240 621.795044 62.449615
619.670100 66.436970 620.076965 61.229218
618.153900 65.289110 618.566101 60.128799
616.867100 64.327580 617.280518 59.192841
615.819600 63.530860 616.272522 58.432236
614.973800 62.932120 615.435242 57.830170
614.330800 62.461620 614.769165 57.348755
613.811100 62.069300 614.241882 56.958069
613.313200 61.694250 613.728088 56.594360
612.830400 61.322490 613.228882 56.209167
612.348000 60.956790 612.736877 55.850983
611.900500 60.618970 612.265381 55.497589
611.476100 60.298910 611.826172 55.169968
611.109300 60.011850 611.458008 54.892700
610.766100 59.758400 611.107544 54.649567
610.434000 59.483890 610.769531 54.388824
610.127300 59.236310 610.442017 54.134933
609.810600 58.983200 610.115967 53.892120
609.426900 58.683240 609.738220 53.603088
608.885000 58.245010 609.177307 53.177704
608.141400 57.643250 608.438599 52.595581
607.226200 56.864850 607.532471 51.840393
606.175100 55.922830 606.510376 50.915497
604.988800 54.815760 605.350891 49.833740
603.721000 53.539790 604.104187 48.586884
602.357600 52.129810 602.759216 47.202545
600.872200 50.598950 601.279785 45.703918
599.313100 48.940800 599.719238 44.079712
597.636500 47.153860 598.026489 42.315826
595.881100 45.248230 596.227478 40.447144
594.057800 43.236600 594.365845 38.460876
592.228600 41.166150 592.517090 36.426666
590.416500 39.097260 590.703369 34.381927
588.589700 37.035950 588.881653 32.331512
586.727400 34.953000 587.020081 30.296173
584.835300 32.869090 585.126648 28.256226
582.909900 30.778460 583.193298 26.190308
580.956400 28.682870 581.223999 24.115936
578.981900 26.559660 579.230347 22.016571
576.989600 24.412110 577.222656 19.900757
575.013400 22.261790 575.212646 17.762024
573.061000 20.092300 573.224976 15.603821
571.135300 17.941960 571.284668 13.489563
569.253000 15.812370 569.383423 11.390198
567.402800 13.684550 567.513306 9.275208
565.597000 11.594760 565.685059 7.198303
563.776800 9.568871 563.838928 5.202698
562.016200 7.610878 562.064087 3.261902
560.357800 5.761759 560.391968 1.432251
558.790600 4.059161 558.813538 -0.245239
557.388800 2.556647 557.390442 -1.725739
556.166300 1.224300 556.163330 -3.036774
555.086800 0.038120 555.071655 -4.224487
554.091900 -1.065239 554.054565 -5.308228
553.156200 -2.093206 553.100464 -6.323914
552.265400 -3.039119 552.214233 -7.254883
551.446200 -3.918816 551.389160 -8.113251
550.714900 -4.709150 550.629517 -8.894073
550.055400 -5.411455 549.941223 -9.601440
549.472200 -6.063502 549.342896 -10.261566
548.991400 -6.627882 548.869629 -10.809570
548.582100 -7.090666 548.462769 -11.260468
548.257600 -7.479973 548.127075 -11.644043
547.987500 -7.803179 547.844360 -11.950653
547.768900 -8.070234 547.611206 -12.207062
547.592600 -8.293718 547.418701 -12.428528
547.438700 -8.468806 547.260010 -12.604858
547.312300 -8.609266 547.134583 -12.749359
547.212800 -8.727030 547.027588 -12.871002
547.137900 -8.816118 546.940125 -12.963257
547.093000 -8.878200 546.888489 -13.024353
547.069500 -8.915003 546.864990 -13.061096
547.040300 -8.948208 546.830322 -13.094482
546.977500 -9.002351 546.786743 -13.142517
546.906300 -9.075048 546.730835 -13.208832
546.823300 -9.175395 546.644348 -13.300171
546.717900 -9.307750 546.543579 -13.426056
546.577700 -9.471357 546.404236 -13.580383
546.411500 -9.667371 546.228760 -13.771149
546.222400 -9.896104 546.041321 -13.990662
546.013600 -10.141830 545.825317 -14.224243
545.783400 -10.398320 545.590698 -14.479340
545.569500 -10.646660 545.364990 -14.721802
545.387700 -10.868510 545.177490 -14.942505
545.242600 -11.049650 545.026855 -15.112854
