10 2 0.003588 0.331238 7.937251 8.819167
11 3 0.003383 0.342533 7.917442 8.797158
12 4 0.002674 0.342747 7.903463 8.781626
13 5 0.002674 0.359900 7.881042 8.756713
14 6 0.003202 0.337881 7.863236 8.736929
15 7 0.003312 0.386565 7.838873 8.709859
16 8 0.002674 0.378987 7.819636 8.688485
17 9 0.003621 0.429915 7.797377 8.663752
18 10 0.002847 0.412773 7.773172 8.636858
19 11 0.002490 0.479923 7.747524 8.608360
20 12 0.002674 0.463888 7.720546 8.578384
21 13 0.003164 0.496814 7.696392 8.551547
22 14 0.003418 0.505958 7.674611 8.527346
23 15 0.003521 0.490959 7.660265 8.511406
24 16 0.002674 0.497666 7.652386 8.502651
25 17 0.002392 0.477086 7.650961 8.501068
26 18 0.004114 0.471768 7.655415 8.506016
27 19 0.004759 0.432117 7.676451 8.529389
28 20 0.004026 0.457991 7.710911 8.567678
29 21 0.004395 0.401300 7.751930 8.613256
30 22 0.004200 0.413810 7.791906 8.657674
31 23 0.004340 0.393588 7.839987 8.711097
32 24 0.004683 0.379827 7.894938 8.772153
33 25 0.004683 0.370185 7.958332 8.842591
34 26 0.003906 0.377165 8.032568 8.925076
35 27 0.003239 0.360770 8.108286 9.009207
36 28 0.004312 0.362402 8.185328 9.094809
37 29 0.004395 0.377795 8.270109 9.189011
38 30 0.003967 0.417173 8.369684 9.299649
39 31 0.003782 0.409633 8.473118 9.414576
40 32 0.004200 0.464590 8.573805 9.526450
41 33 0.004367 0.492186 8.676208 9.640232
42 34 0.004632 0.514613 8.772232 9.746924
43 35 0.004312 0.546228 8.862053 9.846725
44 36 0.003967 0.548917 8.947315 9.941462
45 37 0.003453 0.572800 9.031120 10.034578
46 38 0.003588 0.551829 9.118771 10.131968
47 39 0.003088 0.563077 9.218369 10.242632
48 40 0.002584 0.552822 9.330105 10.366783
49 41 0.002392 0.537486 9.452560 10.502845
50 42 0.001953 0.534498 9.586521 10.651690
51 43 0.001953 0.515427 9.738869 10.820965
52 44 0.002072 0.525456 9.905338 11.005932
53 45 0.001953 0.509114 10.085178 11.205753
54 46 0.001092 0.528762 10.270103 11.411226
55 47 0.000977 0.510609 10.450504 11.611671
56 48 0.001092 0.484759 10.627522 11.808357
57 49 0.001292 0.478490 10.800186 12.000207
58 50 0.001092 0.444828 10.979080 12.198978
59 51 0.001761 0.437243 11.148136 12.386818
60 52 0.002290 0.397089 11.319088 12.576764
61 53 0.002238 0.390471 11.488277 12.764752
62 54 0.003383 0.335887 11.653469 12.948299
63 55 0.003487 0.328697 11.821339 13.134821
64 56 0.003521 0.302202 11.985435 13.317150
65 57 0.003521 0.260420 12.159126 13.510140
66 58 0.003347 0.250041 12.325966 13.695518
67 59 0.003814 0.246526 12.496918 13.885464
68 60 0.004200 0.236604 12.660522 14.067247
69 61 0.003088 0.298749 12.809715 14.233017
70 62 0.002584 0.298640 12.956772 14.396413
71 63 0.002805 0.299938 13.095512 14.550570
72 64 0.003487 0.310688 13.231483 14.701649
73 65 0.003782 0.313207 13.359131 14.843479
74 66 0.003239 0.299540 13.482376 14.980418
75 67 0.002584 0.299645 13.602768 15.114186
76 68 0.002238 0.286135 13.723770 15.248633
77 69 0.002762 0.217738 13.845634 15.384038
78 70 0.003453 0.206135 13.964760 15.516399
79 71 0.002290 0.182176 14.084885 15.649872
80 72 0.001292 0.172217 14.211899 15.790998
81 73 0.000977 0.165411 14.329269 15.921411
82 74 0.001381 0.172119 14.451271 16.056969
83 75 0.001381 0.119424 14.567642 16.186270
84 76 0.001891 0.112271 14.686836 16.318707
85 77 0.001196 0.098329 14.808853 16.454281
86 78 0.001196 0.099727 14.927658 16.586287
87 79 0.000977 0.091428 15.042358 16.713732
88 80 0.000846 0.084902 15.141312 16.823679
89 81 0.000977 0.088926 15.243149 16.936832
90 82 0.000691 0.095206 15.336472 17.040524
91 83 0.001381 0.085856 15.432747 17.147497
92 84 0.001196 0.082521 15.521332 17.245924
93 85 0.002392 0.100654 15.607529 17.341698
94 86 0.001381 0.097211 15.693634 17.437370
95 87 0.001827 0.099229 15.777321 17.530357
96 88 0.001691 0.102495 15.862511 17.625011
97 89 0.001761 0.130117 15.943542 17.715048
98 90 0.001196 0.148148 16.031517 17.812798
99 91 0.001196 0.149817 16.113266 17.903629
100 92 0.001092 0.177874 16.188446 17.987162
101 93 0.000691 0.189942 16.267525 18.075027
102 94 0.000488 0.206921 16.341148 18.156832
103 95 0.001196 0.236036 16.421219 18.245798
104 96 0.000977 0.227852 16.499039 18.332266
105 97 0.001196 0.241598 16.578735 18.420816
106 98 0.001092 0.231814 16.650955 18.501060
107 99 0.001619 0.253549 16.730530 18.589478
108 100 0.002342 0.254677 16.803726 18.670807
109 101 0.000488 0.284010 16.877228 18.752476
110 102 0.001196 0.287516 16.954788 18.838654
111 103 0.000691 0.295886 17.020523 18.911692
112 104 0.000977 0.311551 17.092316 18.991463
113 105 0.001292 0.335051 17.169724 19.077471
114 106 0.001544 0.357183 17.236588 19.151764
115 107 0.002847 0.340901 17.301270 19.223633
116 108 0.001092 0.368869 17.374207 19.304674
117 109 0.002762 0.345790 17.437500 19.375000
118 110 0.002441 0.345867 17.507629 19.452921
119 111 0.002072 0.356896 17.580582 19.533979
120 112 0.001619 0.351912 17.651184 19.612427
121 113 0.001196 0.346005 17.713394 19.681549
122 114 0.001465 0.339773 17.788055 19.764505
123 115 0.000488 0.358293 17.856918 19.841021
124 116 0.000846 0.395325 17.926392 19.918213
125 117 0.001827 0.431419 18.001541 20.001713
126 118 0.001544 0.432567 18.066086 20.073429
127 119 0.002584 0.470676 18.132538 20.147264
128 120 0.003088 0.489538 18.201462 20.223846
129 121 0.002847 0.494404 18.270920 20.301022
130 122 0.001619 0.489428 18.334778 20.371975
131 123 0.002184 0.483465 18.396637 20.440708
132 124 0.001891 0.437446 18.469177 20.521309
133 125 0.001953 0.408335 18.537552 20.597281
134 126 0.001761 0.422237 18.603043 20.670048
135 127 0.001292 0.404873 18.676132 20.751259
136 128 0.001465 0.384805 18.722137 20.802376
137 129 0.000977 0.369701 18.787689 20.875210
138 130 0.001196 0.425501 18.832306 20.924784
139 131 0.000000 0.452766 18.886108 20.984566
140 132 0.000000 0.457635 18.926865 21.029850
141 133 0.000977 0.451342 18.963943 21.071049
142 134 0.001691 0.428654 18.994736 21.105263
143 135 0.001544 0.409358 19.020782 21.134203
144 136 0.001761 0.443481 19.078445 21.198273
145 137 0.001544 0.429464 19.083847 21.204275
146 138 0.001196 0.400942 19.118637 21.242929
147 139 0.002290 0.378804 19.142975 21.269972
148 140 0.001691 0.399221 19.161087 21.290096
149 141 0.001619 0.411598 19.181366 21.312630
150 142 0.001381 0.459631 19.202637 21.336264
151 143 0.001544 0.478981 19.213089 21.347878
152 144 0.001092 0.436510 19.215042 21.350046
153 145 0.001761 0.456008 19.236908 21.374342
154 146 0.001827 0.446355 19.247192 21.385769
155 147 0.001691 0.444023 19.250458 21.389397
156 148 0.002342 0.409776 19.252487 21.391653
157 149 0.001827 0.425001 19.250107 21.389008
158 150 0.001381 0.375226 19.247452 21.386057
159 151 0.001381 0.362039 19.249420 21.388245
160 152 0.001953 0.358416 19.236359 21.373732
161 153 0.002072 0.361360 19.235687 21.372986
162 154 0.002013 0.346956 19.238464 21.376072
163 155 0.002238 0.343753 19.245270 21.383633
164 156 0.001953 0.349175 19.259460 21.399401
165 157 0.001761 0.313738 19.270081 21.411201
166 158 0.002072 0.328935 19.306122 21.451246
167 159 0.002290 0.293855 19.316071 21.462301
168 160 0.002072 0.323234 19.356628 21.507364
169 161 0.002184 0.321850 19.402496 21.558329
170 162 0.002072 0.328685 19.445221 21.605801
171 163 0.002184 0.302325 19.508514 21.676126
172 164 0.002290 0.301203 19.570862 21.745401
173 165 0.002072 0.319127 19.661957 21.846619
174 166 0.002184 0.348000 19.714050 21.904501
175 167 0.000846 0.424054 19.808105 22.009007
176 168 0.001196 0.388872 19.900726 22.111917
177 169 0.001292 0.354806 19.985382 22.205980
178 170 0.000691 0.391829 20.083954 22.315504
179 171 0.001381 0.407521 20.165344 22.405937
180 172 0.001196 0.393956 20.262482 22.513868
181 173 0.001381 0.378555 20.331879 22.590977
182 174 0.000691 0.372790 20.435028 22.705587
183 175 0.001953 0.354042 20.526337 22.807041
184 176 0.001544 0.394881 20.609955 22.899950
185 177 0.000846 0.470465 20.701019 23.001133
186 178 0.001691 0.460570 20.788361 23.098179
187 179 0.000977 0.478419 20.881714 23.201904
188 180 0.000691 0.465897 20.962646 23.291830
189 181 0.001691 0.440273 21.052002 23.391113
190 182 0.001292 0.400748 21.137665 23.486294
191 183 0.000691 0.380632 21.228851 23.587612
192 184 0.000977 0.380811 21.304199 23.671333
193 185 0.001196 0.352551 21.369019 23.743355
194 186 0.001092 0.358491 21.420685 23.800760
195 187 0.001092 0.369399 21.468750 23.854166
196 188 0.001827 0.412510 21.512573 23.902859
197 189 0.001691 0.468247 21.550415 23.944906
198 190 0.001196 0.469225 21.576599 23.973999
199 191 0.001465 0.441262 21.588806 23.987562
200 192 0.001619 0.430227 21.614502 24.016113
201 193 0.001761 0.398184 21.636139 24.040154
202 194 0.001761 0.407454 21.660156 24.066841
203 195 0.001196 0.441376 21.681122 24.090136
204 196 0.001381 0.447326 21.694702 24.105225
205 197 0.001953 0.460733 21.721069 24.134521
206 198 0.002238 0.480572 21.735687 24.150764
207 199 0.000691 0.491021 21.750824 24.167582
208 200 0.000691 0.493130 21.766449 24.184944
209 201 0.001292 0.499390 21.772247 24.191385
210 202 0.000977 0.435242 21.777863 24.197624
211 203 0.000977 0.391760 21.777222 24.196913
212 204 0.002128 0.369050 21.782654 24.202950
213 205 0.001292 0.332208 21.766876 24.185417
214 206 0.002290 0.319901 21.764862 24.183180
215 207 0.001761 0.306200 21.765472 24.183859
216 208 0.000691 0.279201 21.725586 24.139540
217 209 0.000691 0.274839 21.710144 24.122383
218 210 0.001196 0.275591 21.696198 24.106886
219 211 0.000846 0.262001 21.691925 24.102139
220 212 0.000691 0.253290 21.686157 24.095730
221 213 0.000846 0.251689 21.681946 24.091051
222 214 0.000488 0.221390 21.664062 24.071180
223 215 0.001691 0.200186 21.636597 24.040663
224 216 0.001196 0.229880 21.640015 24.044460
225 217 0.001691 0.209438 21.631409 24.034899
226 218 0.001465 0.186431 21.620758 24.023064
227 219 0.001465 0.202704 21.599670 23.999634
228 220 0.000977 0.192038 21.569702 23.966335
229 221 0.000977 0.199902 21.559753 23.955282
230 222 0.000691 0.192873 21.551056 23.945618
231 223 0.001196 0.215553 21.552368 23.947075
232 224 0.000846 0.210845 21.552124 23.946804
233 225 0.002013 0.198566 21.539581 23.932869
234 226 0.002128 0.208610 21.540436 23.933817
235 227 0.004056 0.235277 21.532837 23.925375
236 228 0.004580 0.235205 21.531158 23.923510
237 229 0.004883 0.230131 21.515717 23.906351
238 230 0.003588 0.220098 21.508881 23.898756
239 231 0.003876 0.226958 21.502411 23.891567
240 232 0.003906 0.205019 21.488678 23.876308
241 233 0.003312 0.246443 21.487823 23.875359
242 234 0.003383 0.264954 21.464447 23.849386
243 235 0.001953 0.270992 21.458160 23.842400
244 236 0.001196 0.261854 21.446625 23.829582
245 237 0.001381 0.257359 21.437653 23.819614
246 238 0.002719 0.265371 21.425049 23.805611
247 239 0.001827 0.271288 21.398956 23.776619
248 240 0.002072 0.275048 21.397491 23.774990
249 241 0.001953 0.295263 21.391754 23.768616
250 242 0.001827 0.286707 21.393616 23.770683
251 243 0.002072 0.269636 21.382263 23.758070
252 244 0.002441 0.293228 21.375275 23.750305
253 245 0.002490 0.319784 21.375061 23.750069
254 246 0.000977 0.319163 21.375366 23.750406
255 247 0.000000 0.311336 21.382477 23.758308
256 248 0.001691 0.312725 21.369415 23.743795
257 249 0.001196 0.293820 21.359344 23.732605
258 250 0.000691 0.336606 21.352844 23.725382
259 251 0.001381 0.349390 21.350220 23.722466
260 252 0.000846 0.331879 21.347717 23.719687
261 253 0.000000 0.328833 21.338501 23.709446
262 254 0.000977 0.317144 21.324585 23.693983
263 255 0.001619 0.332756 21.325012 23.694458
264 256 0.002184 0.345517 21.325439 23.694933
265 257 0.002184 0.348168 21.321106 23.690117
266 258 0.001953 0.351310 21.312195 23.680216
267 259 0.002674 0.347369 21.311768 23.679741
268 260 0.002584 0.341907 21.310486 23.678318
269 261 0.002128 0.385447 21.310120 23.677910
270 262 0.001544 0.422663 21.313354 23.681505
271 263 0.001544 0.418419 21.303650 23.670723
272 264 0.001196 0.372019 21.303040 23.670044
273 265 0.000691 0.351840 21.301636 23.668484
274 266 0.000000 0.342351 21.302246 23.669163
275 267 0.000000 0.335327 21.297974 23.664415
276 268 0.000691 0.340354 21.291504 23.657227
277 269 0.000691 0.330625 21.299316 23.665907
278 270 0.000691 0.314241 21.301025 23.667807
279 271 0.002072 0.313594 21.303833 23.670925
280 272 0.001381 0.347606 21.299622 23.666246
281 273 0.001691 0.369698 21.293457 23.659397
282 274 0.001381 0.403895 21.300476 23.667196
283 275 0.001544 0.420390 21.300781 23.667534
284 276 0.001381 0.454960 21.307922 23.675468
285 277 0.001292 0.438955 21.296143 23.662380
286 278 0.000977 0.476448 21.294006 23.660007
287 279 0.001292 0.459027 21.298340 23.664822
288 280 0.000488 0.467975 21.298340 23.664822
289 281 0.002342 0.494486 21.302490 23.669434
290 282 0.003164 0.540203 21.295593 23.661770
291 283 0.004114 0.537145 21.289246 23.654716
292 284 0.004554 0.531963 21.296326 23.662584
293 285 0.004200 0.514034 21.296631 23.662924
294 286 0.004114 0.537580 21.298340 23.664822
295 287 0.003275 0.555831 21.296204 23.662449
296 288 0.003127 0.532219 21.300415 23.667128
297 289 0.001761 0.478063 21.307922 23.675468
298 290 0.001092 0.428377 21.307434 23.674927
299 291 0.000000 0.402561 21.318298 23.686998
300 292 0.000000 0.418853 21.307434 23.674927
301 293 0.000691 0.407572 21.317749 23.686388
302 294 0.001092 0.376414 21.325684 23.695204
303 295 0.000846 0.349234 21.325073 23.694527
304 296 0.000691 0.325567 21.325073 23.694527
305 297 0.001292 0.343045 21.322021 23.691135
306 298 0.000000 0.320389 21.334900 23.705444
307 299 0.000977 0.331541 21.337158 23.707954
308 300 0.001196 0.297103 21.350891 23.723213
309 301 0.000846 0.294641 21.346252 23.718058
310 302 0.000000 0.267293 21.339600 23.710667
311 303 0.000846 0.262893 21.351868 23.724297
312 304 0.001691 0.280199 21.356506 23.729452
313 305 0.002072 0.296169 21.359497 23.732775
314 306 0.001381 0.305006 21.354797 23.727552
315 307 0.001381 0.305467 21.344788 23.716431
316 308 0.001381 0.302788 21.339600 23.710667
317 309 0.001196 0.310922 21.333374 23.703749
318 310 0.000691 0.330723 21.339844 23.710938
319 311 0.001196 0.376881 21.351624 23.724026
320 312 0.001381 0.366274 21.299316 23.665907
321 313 0.001292 0.382557 21.290710 23.656345
322 314 0.001891 0.391728 21.276428 23.640476
323 315 0.001544 0.398795 21.276794 23.640882
324 316 0.001196 0.420328 21.267883 23.630981
325 317 0.001381 0.390022 21.261169 23.623522
326 318 0.001465 0.413267 21.249512 23.610569
327 319 0.001381 0.382373 21.222412 23.580458
328 320 0.001196 0.399844 21.265259 23.628065
329 321 0.000691 0.389222 21.260742 23.623047
330 322 0.002392 0.361514 21.270386 23.633762
331 323 0.000977 0.361552 21.272217 23.635796
332 324 0.001092 0.358771 21.267944 23.631050
333 325 0.001196 0.324286 21.278198 23.642443
334 326 0.001891 0.295722 21.275574 23.639526
335 327 0.001544 0.281883 21.276489 23.640543
336 328 0.001196 0.265715 21.279602 23.644003
337 329 0.000000 0.262018 21.285034 23.650038
338 330 0.000846 0.282435 21.282532 23.647257
339 331 0.001827 0.289055 21.280334 23.644815
340 332 0.001544 0.293682 21.293335 23.659262
341 333 0.002490 0.311207 21.288147 23.653496
342 334 0.002584 0.336608 21.296265 23.662516
343 335 0.003654 0.330351 21.284241 23.649157
344 336 0.003164 0.344167 21.278442 23.642714
345 337 0.002970 0.345927 21.278748 23.643053
346 338 0.002490 0.338913 21.270752 23.634169
347 339 0.001544 0.347936 21.268494 23.631660
348 340 0.001761 0.318527 21.256897 23.618774
349 341 0.001292 0.348134 21.250549 23.611721
350 342 0.001761 0.332952 21.245239 23.605822
351 343 0.001292 0.336310 21.247864 23.608738
352 344 0.001196 0.301896 21.242249 23.602499
353 345 0.001196 0.304072 21.229858 23.588732
354 346 0.001465 0.284997 21.224609 23.582899
355 347 0.001196 0.258131 21.227478 23.586086
356 348 0.000846 0.262183 21.227234 23.585815
357 349 0.000000 0.271498 21.226624 23.585136
358 350 0.000977 0.278956 21.221313 23.579237
359 351 0.000977 0.283872 21.225403 23.583780
360 352 0.001381 0.305367 21.226562 23.585070
361 353 0.001196 0.302472 21.237427 23.597141
362 354 0.000691 0.338851 21.241699 23.601889
363 355 0.000691 0.364235 21.240234 23.600260
364 356 0.001196 0.399362 21.243652 23.604057
365 357 0.001092 0.357749 21.250732 23.611925
366 358 0.001292 0.370445 21.254089 23.615654
367 359 0.001891 0.386181 21.252441 23.613823
368 360 0.000977 0.402336 21.250305 23.611450
369 361 0.000488 0.374944 21.250488 23.611654
370 362 0.000691 0.388043 21.253723 23.615248
371 363 0.000691 0.420099 21.255188 23.616875
372 364 0.000977 0.383505 21.254395 23.615993
373 365 0.001196 0.409664 21.248474 23.609415
374 366 0.000691 0.423449 21.252136 23.613485
375 367 0.000000 0.449735 21.253906 23.615452
376 368 0.000691 0.450893 21.254761 23.616402
377 369 0.001827 0.499076 21.251648 23.612942
378 370 0.001292 0.486256 21.255188 23.616875
379 371 0.001196 0.438412 21.249146 23.610161
380 372 0.001196 0.450980 21.243530 23.603922
381 373 0.001691 0.427482 21.236511 23.596123
382 374 0.001691 0.414078 21.222412 23.580458
383 375 0.001691 0.360161 21.212036 23.568930
384 376 0.001691 0.331525 21.209412 23.566013
385 377 0.001691 0.306654 21.202759 23.558620
386 378 0.002290 0.288452 21.193359 23.548178
387 379 0.001544 0.304588 21.190979 23.545532
388 380 0.001953 0.286823 21.186951 23.541056
389 381 0.002238 0.286889 21.185364 23.539293
390 382 0.002290 0.250997 21.188110 23.542345
391 383 0.003588 0.259243 21.187500 23.541666
392 384 0.002674 0.271646 21.190674 23.545193
393 385 0.003164 0.286905 21.190491 23.544991
394 386 0.003521 0.298142 21.187256 23.541395
395 387 0.003202 0.254285 21.184387 23.538208
396 388 0.003239 0.267279 21.186829 23.540920
397 389 0.002537 0.264019 21.190857 23.545397
398 390 0.003164 0.291997 21.194885 23.549873
399 391 0.001196 0.300312 21.197632 23.552925
400 392 0.001691 0.293421 21.195068 23.550076
401 393 0.000977 0.301109 21.194275 23.549194
402 394 0.000846 0.329305 21.196411 23.551567
403 395 0.001619 0.339522 21.205994 23.562216
404 396 0.000977 0.340588 21.208496 23.564995
405 397 0.000977 0.343849 21.213562 23.570625
406 398 0.000977 0.326162 21.215027 23.572252
407 399 0.000000 0.326186 21.217590 23.575100
408 400 0.000000 0.331901 21.222229 23.580254
409 401 0.000488 0.314374 21.229553 23.588392
410 402 0.001092 0.323564 21.232056 23.591173
411 403 0.001092 0.321753 21.221924 23.579916
412 404 0.001691 0.302241 21.225159 23.583509
413 405 0.001465 0.310052 21.221558 23.579508
414 406 0.001544 0.322622 21.214600 23.571777
415 407 0.001196 0.337740 21.213379 23.570421
416 408 0.000691 0.331547 21.198059 23.553398
417 409 0.000691 0.319497 21.189758 23.544176
418 410 0.001691 0.338109 21.179688 23.532986
419 411 0.000691 0.331547 21.174194 23.526882
420 412 0.000977 0.352316 21.156494 23.507215
421 413 0.001292 0.360899 21.141785 23.490871
422 414 0.001292 0.349379 21.126648 23.474052
423 415 0.001196 0.352899 21.108093 23.453438
424 416 0.000977 0.348490 21.101135 23.445705
425 417 0.000691 0.349797 21.089111 23.432346
426 418 0.001381 0.340104 21.077026 23.418919
427 419 0.002184 0.330170 21.072815 23.414238
428 420 0.002342 0.321882 21.067444 23.408272
429 421 0.001891 0.336904 21.069031 23.410034
430 422 0.001827 0.315321 21.070923 23.412136
431 423 0.001465 0.331218 21.076538 23.418375
432 424 0.001092 0.340424 21.085632 23.428480
433 425 0.001381 0.334423 21.089661 23.432957
434 426 0.001092 0.334199 21.099548 23.443943
435 427 0.001544 0.334571 21.098511 23.442789
436 428 0.001092 0.328524 21.110718 23.456352
437 429 0.001691 0.310388 21.124756 23.471951
438 430 0.002238 0.309616 21.139465 23.488295
439 431 0.002584 0.322244 21.151001 23.501112
440 432 0.002762 0.321484 21.158508 23.509453
441 433 0.002072 0.309524 21.178528 23.531698
442 434 0.002128 0.328292 21.196045 23.551161
443 435 0.001691 0.337071 21.215332 23.572592
444 436 0.001891 0.319385 21.225769 23.584188
445 437 0.001691 0.332284 21.229736 23.588596
446 438 0.001761 0.341033 21.248718 23.609688
447 439 0.001381 0.328786 21.258423 23.620470
448 440 0.000691 0.345938 21.272339 23.635933
449 441 0.002537 0.379397 21.276611 23.640678
450 442 0.002238 0.337790 21.285339 23.650377
451 443 0.002184 0.327939 21.300171 23.666857
452 444 0.002184 0.328118 21.308228 23.675808
453 445 0.002342 0.315948 21.320068 23.688965
454 446 0.002184 0.301918 21.310425 23.678249
455 447 0.002290 0.297305 21.300659 23.667398
456 448 0.003010 0.290686 21.296753 23.663059
457 449 0.002674 0.285505 21.288086 23.653429
458 450 0.002584 0.294456 21.274658 23.638510
459 451 0.002184 0.306457 21.250000 23.611111
460 452 0.002013 0.297138 21.234009 23.593344
461 453 0.001381 0.315828 21.233276 23.592529
462 454 0.001465 0.297370 21.183350 23.537056
463 455 0.000977 0.285859 21.169312 23.521458
464 456 0.001196 0.295361 21.131958 23.479954
465 457 0.000691 0.295099 21.106934 23.452148
466 458 0.000000 0.298662 21.074219 23.415798
467 459 0.000691 0.298919 21.045166 23.383518
468 460 0.000977 0.294186 21.013428 23.348253
469 461 0.000691 0.301589 20.953125 23.281250
470 462 0.000691 0.288167 20.965454 23.294949
471 463 0.001196 0.274876 20.933716 23.259684
472 464 0.001381 0.260590 20.914429 23.238255
473 465 0.001381 0.268954 20.886230 23.206923
474 466 0.000977 0.279428 20.858887 23.176540
475 467 0.000000 0.297111 20.840698 23.156332
476 468 0.001196 0.312682 20.830688 23.145210
477 469 0.000846 0.308421 20.824341 23.138157
478 470 0.000846 0.289161 20.806274 23.118082
479 471 0.000488 0.307387 20.789673 23.099636
480 472 0.001381 0.319685 20.772583 23.080648
481 473 0.001292 0.323725 20.767456 23.074951
482 474 0.000846 0.329431 20.774414 23.082682
483 475 0.001092 0.305632 20.774780 23.083090
484 476 0.001465 0.301849 20.752686 23.058540
485 477 0.001196 0.318880 20.751709 23.057455
486 478 0.000691 0.367079 20.745605 23.050673
487 479 0.000488 0.362596 20.755127 23.061253
488 480 0.001544 0.335063 20.767212 23.074680
489 481 0.001619 0.350115 20.767334 23.074816
490 482 0.000691 0.367601 20.769775 23.077528
491 483 0.001544 0.361126 20.771973 23.079969
492 484 0.001691 0.352949 20.794922 23.105469
493 485 0.002072 0.359589 20.798218 23.109131
494 486 0.001691 0.326157 20.803101 23.114555
495 487 0.001691 0.346044 20.819580 23.132866
496 488 0.001544 0.360801 20.823853 23.137613
497 489 0.001761 0.370525 20.836426 23.151585
498 490 0.001619 0.357174 20.839233 23.154703
499 491 0.001544 0.354046 20.853394 23.170437
500 492 0.001381 0.367709 20.850220 23.166910
501 493 0.001092 0.410477 20.852417 23.169352
502 494 0.000977 0.460783 20.854980 23.172201
503 495 0.000691 0.423938 20.847168 23.163521
504 496 0.000000 0.440961 20.852661 23.169624
505 497 0.000977 0.423769 20.850830 23.167589
506 498 0.000691 0.401311 20.855347 23.172607
507 499 0.000977 0.408662 20.847778 23.164198
508 500 0.000488 0.398910 20.852051 23.168945
509 501 0.000000 0.357301 20.857544 23.175049
510 502 0.000691 0.336124 20.864746 23.183052
511 503 0.001196 0.336097 20.870361 23.189291
512 504 0.001092 0.328594 20.870728 23.189697
513 505 0.000846 0.324405 20.869141 23.187935
514 506 0.001196 0.334462 20.868652 23.187391
515 507 0.000488 0.342799 20.863037 23.181152
516 508 0.000977 0.371360 20.857056 23.174507
517 509 0.001381 0.433303 20.847168 23.163521
518 510 0.001465 0.458261 20.836914 23.152126
519 511 0.000977 0.547225 20.824585 23.138428
520 512 0.002184 0.595320 20.809570 23.121744
521 513 0.002072 0.626864 20.792725 23.103027
522 514 0.001544 0.641092 20.772583 23.080648
523 515 0.001891 0.586619 20.757812 23.064236
524 516 0.000846 0.560555 20.741333 23.045925
525 517 0.000846 0.535384 20.721191 23.023546
526 518 0.000977 0.528222 20.695312 22.994791
527 519 0.000977 0.455843 20.668335 22.964817
528 520 0.001381 0.407537 20.647583 22.941759
529 521 0.000977 0.406428 20.627563 22.919516
530 522 0.000977 0.389933 20.600098 22.888998
531 523 0.000488 0.409267 20.571899 22.857666
532 524 0.001092 0.406027 20.535889 22.817654
533 525 0.001196 0.392250 20.514404 22.793783
534 526 0.000691 0.377948 20.495117 22.772352
535 527 0.001381 0.387662 20.478027 22.753365
536 528 0.002238 0.431644 20.457764 22.730848
537 529 0.001196 0.453622 20.439575 22.710640
538 530 0.000977 0.466973 20.422974 22.692192
539 531 0.000691 0.496433 20.409302 22.677002
540 532 0.001196 0.517759 20.405029 22.672255
541 533 0.000000 0.527809 20.390137 22.655708
542 534 0.001196 0.525861 20.383057 22.647840
543 535 0.002674 0.568815 20.378174 22.642416
544 536 0.002762 0.520464 20.365967 22.628853
545 537 0.003127 0.528839 20.352661 22.614067
546 538 0.001691 0.524424 20.344604 22.605116
547 539 0.001691 0.508459 20.336792 22.596436
548 540 0.000977 0.516500 20.329102 22.587891
549 541 0.001827 0.482192 20.322754 22.580837
550 542 0.001292 0.479255 20.314331 22.571480
551 543 0.002847 0.447869 20.299438 22.554932
552 544 0.002537 0.463206 20.304565 22.560629
553 545 0.002238 0.433317 20.303467 22.559408
554 546 0.001891 0.430107 20.297607 22.552896
555 547 0.001292 0.407657 20.292603 22.547337
556 548 0.000846 0.383427 20.285522 22.539469
557 549 0.000691 0.395227 20.291260 22.545845
558 550 0.001891 0.410958 20.283081 22.536757
559 551 0.001196 0.440675 20.289062 22.543404
560 552 0.002674 0.420905 20.287964 22.542183
561 553 0.002290 0.425311 20.286743 22.540825
562 554 0.002184 0.483596 20.296143 22.551270
563 555 0.001953 0.554262 20.293335 22.548149
564 556 0.001691 0.547265 20.298706 22.554117
565 557 0.001196 0.566805 20.291504 22.546116
566 558 0.001619 0.538230 20.297119 22.552355
567 559 0.001196 0.477342 20.292114 22.546793
568 560 0.000691 0.496248 20.287231 22.541368
569 561 0.000691 0.533386 20.287842 22.542046
570 562 0.000977 0.453193 20.278687 22.531874
571 563 0.001092 0.410865 20.294312 22.549234
572 564 0.001292 0.433102 20.307007 22.563341
573 565 0.001827 0.404531 20.316406 22.573784
574 566 0.002072 0.406269 20.325928 22.584364
575 567 0.002490 0.412662 20.337036 22.596706
576 568 0.002762 0.415522 20.348022 22.608913
577 569 0.002072 0.415883 20.366455 22.629395
578 570 0.001827 0.428576 20.392578 22.658421
579 571 0.002392 0.447924 20.403687 22.670763
580 572 0.001196 0.470126 20.413086 22.681206
581 573 0.000846 0.505021 20.433838 22.704264
582 574 0.000000 0.504348 20.446655 22.718506
583 575 0.001953 0.525237 20.465088 22.738987
584 576 0.002847 0.509157 20.482056 22.757839
585 577 0.002719 0.445329 20.491821 22.768690
586 578 0.003383 0.398808 20.505859 22.784288
587 579 0.003621 0.343928 20.515991 22.795546
588 580 0.003686 0.326303 20.531250 22.812500
589 581 0.003654 0.279645 20.539795 22.821995
590 582 0.004257 0.281727 20.550781 22.834202
591 583 0.003383 0.290830 20.565430 22.850477
592 584 0.003312 0.281572 20.579590 22.866211
593 585 0.003997 0.323199 20.600952 22.889946
594 586 0.002762 0.359314 20.614014 22.904459
595 587 0.002290 0.376711 20.633667 22.926296
596 588 0.002930 0.429676 20.721313 23.023682
597 589 0.002490 0.390414 20.685669 22.984077
598 590 0.002290 0.361924 20.719849 23.022055
599 591 0.002290 0.365736 20.742065 23.046740
600 592 0.002584 0.392266 20.785034 23.094482
601 593 0.001196 0.378961 20.809937 23.122152
602 594 0.001761 0.374171 20.836914 23.152126
603 595 0.001827 0.361738 20.870850 23.189833
604 596 0.001619 0.314076 20.841797 23.157553
605 597 0.001381 0.347320 20.922974 23.247749
606 598 0.001381 0.397667 20.946899 23.274332
607 599 0.001544 0.416305 20.986816 23.318686
608 600 0.002184 0.374988 20.993286 23.325874
609 601 0.002128 0.332113 21.013550 23.348389
610 602 0.001381 0.342263 21.050781 23.389757
611 603 0.000977 0.376979 21.066895 23.407661
612 604 0.001092 0.398626 21.078003 23.420004
613 605 0.001292 0.425074 21.107056 23.452284
614 606 0.000846 0.441184 21.126099 23.473442
615 607 0.000691 0.401898 21.136230 23.484701
616 608 0.001292 0.447263 21.159058 23.510063
617 609 0.000691 0.462275 21.184448 23.538277
618 610 0.000846 0.476805 21.195190 23.550211
619 611 0.000488 0.489750 21.215820 23.573133
620 612 0.000488 0.473818 21.243408 23.603786
621 613 0.000977 0.496454 21.264404 23.627115
622 614 0.000977 0.462019 21.285889 23.650988
623 615 0.001381 0.485854 21.301758 23.668619
624 616 0.001292 0.447799 21.334839 23.705376
625 617 0.000488 0.448632 21.357422 23.730469
626 618 0.000846 0.433176 21.383667 23.759630
627 619 0.000691 0.448326 21.414795 23.794216
628 620 0.000846 0.485583 21.434814 23.816460
629 621 0.000977 0.430049 21.463623 23.848471
630 622 0.000488 0.435832 21.497070 23.885633
631 623 0.002584 0.485544 21.535522 23.928358
632 624 0.001827 0.510305 21.553223 23.948025
633 625 0.001691 0.519431 21.576294 23.973660
634 626 0.002013 0.542722 21.623535 24.026150
635 627 0.001953 0.476760 21.632080 24.035645
636 628 0.002128 0.422411 21.661865 24.068739
637 629 0.003453 0.440686 21.689575 24.099527
638 630 0.003239 0.455700 21.708008 24.120008
639 631 0.001544 0.443565 21.741699 24.157444
640 632 0.001953 0.462600 21.769409 24.188232
641 633 0.000000 0.501265 21.800049 24.222277
642 634 0.001465 0.450650 21.802124 24.224583
643 635 0.001092 0.455734 21.836304 24.262560
644 636 0.001381 0.474344 21.847778 24.275309
645 637 0.001292 0.465983 21.853638 24.281820
646 638 0.001381 0.401207 21.862793 24.291992
647 639 0.000691 0.387597 21.856079 24.284533
648 640 0.000846 0.367765 21.855957 24.284397
649 641 0.001544 0.340526 21.858521 24.287245
650 642 0.001544 0.345316 21.856445 24.284939
651 643 0.000691 0.347550 21.851807 24.279785
652 644 0.000691 0.319609 21.843628 24.270699
653 645 0.000000 0.345332 21.844238 24.271376
654 646 0.000977 0.375600 21.844604 24.271782
655 647 0.001092 0.373639 21.842041 24.268934
656 648 0.001544 0.360717 21.841797 24.268663
657 649 0.002184 0.335096 21.829834 24.255371
658 650 0.002013 0.337236 21.826050 24.251167
659 651 0.001381 0.342409 21.826904 24.252115
660 652 0.001465 0.331327 21.836060 24.262289
661 653 0.002490 0.303161 21.832886 24.258762
662 654 0.001381 0.295996 21.825195 24.250217
663 655 0.001092 0.289765 21.824097 24.248997
664 656 0.002013 0.303375 21.821289 24.245876
665 657 0.002674 0.300104 21.825073 24.250082
666 658 0.002584 0.311781 21.819824 24.244249
667 659 0.001761 0.332466 21.812866 24.236519
668 660 0.001092 0.383757 21.812500 24.236111
669 661 0.000846 0.428632 21.808594 24.231771
670 662 0.000977 0.411662 21.810059 24.233398
671 663 0.000691 0.461413 21.810059 24.233398
672 664 0.002342 0.451234 21.801270 24.223633
673 665 0.000977 0.458729 21.800171 24.222412
674 666 0.000846 0.441160 21.792969 24.214409
675 667 0.000846 0.418311 21.783813 24.204237
676 668 0.000846 0.396700 21.761841 24.179823
677 669 0.001092 0.357830 21.743652 24.159615
678 670 0.000977 0.323805 21.724854 24.138725
679 671 0.000000 0.299278 21.701538 24.112820
680 672 0.000977 0.295326 21.682251 24.091391
681 673 0.000691 0.264600 21.652954 24.058838
682 674 0.000000 0.277503 21.638916 24.043240
683 675 0.000691 0.281607 21.626099 24.028999
684 676 0.000691 0.277717 21.617310 24.019234
685 677 0.001092 0.278074 21.604736 24.005262
686 678 0.001761 0.290182 21.597290 23.996988
687 679 0.001544 0.289451 21.594238 23.993599
688 680 0.001196 0.276902 21.588867 23.987631
689 681 0.000977 0.306807 21.592407 23.991564
690 682 0.000977 0.327267 21.588867 23.987631
691 683 0.000691 0.328682 21.579346 23.977051
692 684 0.000691 0.359815 21.573608 23.970676
693 685 0.000000 0.379602 21.568848 23.965385
694 686 0.000488 0.402394 21.554688 23.949654
695 687 0.000000 0.441754 21.533447 23.926052
696 688 0.000846 0.454267 21.510864 23.900961
697 689 0.001092 0.474681 21.487183 23.874647
698 690 0.000977 0.452151 21.459961 23.844400
699 691 0.000977 0.460382 21.440552 23.822836
700 692 0.000977 0.461592 21.417236 23.796928
701 693 0.001381 0.476312 21.396606 23.774008
702 694 0.001465 0.459278 21.384644 23.760715
703 695 0.001381 0.451628 21.372437 23.747152
704 696 0.000488 0.486339 21.367310 23.741455
705 697 0.000691 0.476178 21.356689 23.729654
706 698 0.001196 0.491761 21.351685 23.724094
707 699 0.001761 0.508696 21.351929 23.724365
708 700 0.001381 0.547931 21.344482 23.716091
709 701 0.002392 0.546488 21.333618 23.704020
710 702 0.002930 0.554822 21.315674 23.684082
711 703 0.002128 0.587328 21.304321 23.671469
712 704 0.001465 0.550907 21.290649 23.656277
713 705 0.001691 0.551415 21.274536 23.638374
714 706 0.001196 0.486101 21.255493 23.617214
715 707 0.000488 0.450408 21.226929 23.585476
716 708 0.000488 0.434865 21.205078 23.561197
717 709 0.000977 0.393100 21.176392 23.529324
718 710 0.001381 0.396994 21.151001 23.501112
719 711 0.001619 0.369096 21.122681 23.469645
720 712 0.001196 0.370846 21.088501 23.431667
721 713 0.001691 0.399049 21.061890 23.402100
722 714 0.001381 0.426948 21.027832 23.364258
723 715 0.001196 0.420121 20.994629 23.327366
724 716 0.001619 0.423371 20.958008 23.286674
725 717 0.001381 0.424234 20.921143 23.245714
726 718 0.002072 0.421090 20.885132 23.205702
727 719 0.000000 0.378200 20.847412 23.163792
728 720 0.000691 0.360785 20.810669 23.122965
729 721 0.000691 0.345352 20.762329 23.069254
730 722 0.001292 0.355632 20.720337 23.022596
731 723 0.002072 0.356862 20.675903 22.973227
732 724 0.002072 0.345565 20.633667 22.926296
733 725 0.002392 0.340179 20.591187 22.879097
734 726 0.002392 0.338528 20.538574 22.820639
735 727 0.002013 0.394726 20.495972 22.773302
736 728 0.002762 0.383614 20.455322 22.728136
737 729 0.003275 0.370491 20.421021 22.690023
738 730 0.002847 0.360285 20.378662 22.642958
739 731 0.003312 0.380819 20.339966 22.599962
740 732 0.003782 0.396579 20.304321 22.560356
741 733 0.002674 0.362857 20.277954 22.531059
742 734 0.002762 0.367034 20.255737 22.506374
743 735 0.003164 0.363638 20.222412 22.469347
744 736 0.001953 0.366720 20.189453 22.432726
745 737 0.002342 0.380238 20.158936 22.398817
746 738 0.002847 0.370455 20.128418 22.364908
747 739 0.001196 0.387553 20.101685 22.335205
748 740 0.000488 0.401055 20.067749 22.297499
749 741 0.001953 0.403957 20.035522 22.261692
750 742 0.002490 0.384531 20.007568 22.230631
751 743 0.002584 0.363005 19.974121 22.193468
752 744 0.002889 0.364733 19.942383 22.158203
753 745 0.002629 0.362932 19.900757 22.111952
754 746 0.002930 0.379891 19.863281 22.070312
755 747 0.003127 0.359603 19.833008 22.036674
756 748 0.002930 0.346347 19.793579 21.992867
757 749 0.002490 0.346039 19.753052 21.947836
758 750 0.002184 0.347908 19.707153 21.896837
759 751 0.001544 0.327387 19.668213 21.853569
760 752 0.002013 0.307998 19.626099 21.806776
761 753 0.001465 0.302696 19.588745 21.765272
762 754 0.001292 0.277416 19.552002 21.724447
763 755 0.000846 0.295324 19.503784 21.670872
764 756 0.001196 0.279345 19.471313 21.634792
765 757 0.001196 0.295730 19.442749 21.603054
766 758 0.001381 0.291104 19.413086 21.570095
767 759 0.001891 0.299662 19.383301 21.537001
768 760 0.001292 0.316539 19.352539 21.502821
769 761 0.001619 0.316639 19.338379 21.487087
770 762 0.001891 0.298646 19.322021 21.468912
771 763 0.001891 0.281918 19.306030 21.451145
772 764 0.001196 0.286033 19.284424 21.427137
773 765 0.001292 0.257802 19.254272 21.393637
774 766 0.000691 0.267442 19.238770 21.376411
775 767 0.000691 0.298587 19.212036 21.346706
776 768 0.001092 0.343641 19.190918 21.323242
777 769 0.000977 0.361013 19.155029 21.283365
778 770 0.000691 0.415778 19.119751 21.244167
779 771 0.001465 0.422341 19.087646 21.208496
780 772 0.001619 0.418801 19.050293 21.166992
781 773 0.001953 0.414658 19.019165 21.132406
782 774 0.002392 0.408743 18.976685 21.085205
783 775 0.002490 0.371398 18.935791 21.039768
784 776 0.002342 0.307913 18.900757 21.000841
785 777 0.002441 0.262214 18.860962 20.956625
786 778 0.002392 0.237045 18.822754 20.914171
787 779 0.002290 0.221578 18.773926 20.859917
788 780 0.002392 0.231711 18.735474 20.817192
789 781 0.002184 0.250304 18.687988 20.764431
790 782 0.002013 0.232636 18.639893 20.710991
791 783 0.001381 0.226783 18.597168 20.663521
792 784 0.001196 0.221959 18.544922 20.605469
793 785 0.000000 0.230004 18.500732 20.556370
794 786 0.001619 0.254208 18.451904 20.502115
795 787 0.001691 0.252539 18.414185 20.460205
796 788 0.002013 0.243583 18.366333 20.407036
797 789 0.001292 0.194305 18.313965 20.348850
798 790 0.001381 0.185646 18.276001 20.306667
799 791 0.000977 0.207045 18.232788 20.258654
800 792 0.000691 0.204848 18.190552 20.211723
801 793 0.000691 0.204599 18.146484 20.162760
802 794 0.000488 0.210451 18.102295 20.113661
803 795 0.000000 0.217631 18.057617 20.064018
804 796 0.001953 0.219157 18.005127 20.005697
805 797 0.000846 0.282280 17.963745 19.959717
806 798 0.000977 0.292856 17.909424 19.899361
807 799 0.000977 0.265759 17.872314 19.858128
808 800 0.000846 0.288410 17.835449 19.817165
809 801 0.002072 0.303171 17.798584 19.776205
810 802 0.001092 0.266196 17.772095 19.746773
811 803 0.000977 0.276656 17.736328 19.707031
812 804 0.003088 0.292479 17.713623 19.681803
813 805 0.000691 0.278376 17.699097 19.665663
814 806 0.000846 0.290212 17.692261 19.658068
815 807 0.000977 0.268781 17.658569 19.620632
816 808 0.000691 0.252154 17.629272 19.588081
817 809 0.000691 0.251857 17.605957 19.562174
818 810 0.000691 0.247691 17.579956 19.533285
819 811 0.000691 0.226749 17.563599 19.515110
820 812 0.000691 0.217496 17.543457 19.492729
821 813 0.000846 0.190701 17.511353 19.457058
822 814 0.001691 0.163221 17.472900 19.414333
823 815 0.001196 0.169251 17.451904 19.391005
824 816 0.001092 0.180275 17.430908 19.367676
825 817 0.001465 0.156671 17.399658 19.332954
826 818 0.000691 0.168231 17.372925 19.303249
827 819 0.001092 0.168166 17.352661 19.280735
828 820 0.000691 0.169143 17.317017 19.241129
829 821 0.000691 0.194254 17.281738 19.201931
830 822 0.000488 0.188734 17.260132 19.177925
831 823 0.000691 0.183552 17.230347 19.144829
832 824 0.000691 0.172626 17.196533 19.107260
833 825 0.001196 0.206305 17.166504 19.073893
834 826 0.001292 0.185656 17.139160 19.043510
835 827 0.001092 0.224000 17.094971 18.994411
836 828 0.000691 0.235581 17.073364 18.970406
837 829 0.000691 0.246766 17.057251 18.952501
838 830 0.000846 0.236843 17.025146 18.916830
839 831 0.001092 0.250414 17.003662 18.892958
840 832 0.001465 0.259645 16.974487 18.860542
841 833 0.001381 0.248017 16.942627 18.825142
842 834 0.001891 0.255955 16.915161 18.794624
843 835 0.001465 0.229771 16.862915 18.736572
844 836 0.001292 0.215886 16.815186 18.683540
845 837 0.001196 0.202416 16.750000 18.611111
846 838 0.000691 0.182282 16.686646 18.540718
847 839 0.000691 0.191872 16.606934 18.452148
848 840 0.000977 0.191678 16.530273 18.366970
849 841 0.001381 0.203839 16.450562 18.278402
850 842 0.001465 0.195712 16.347046 18.163383
851 843 0.001196 0.248010 16.286377 18.095974
852 844 0.001761 0.255669 16.194702 17.994114
853 845 0.001619 0.249136 16.119263 17.910292
854 846 0.001761 0.279204 16.042969 17.825521
855 847 0.002072 0.269351 15.967041 17.741158
856 848 0.001619 0.239629 15.905029 17.672255
857 849 0.001292 0.225091 15.841553 17.601725
858 850 0.001619 0.248416 15.784912 17.538792
859 851 0.001092 0.171882 15.707275 17.452528
860 852 0.000846 0.146691 15.641846 17.379829
861 853 0.000977 0.144594 15.568604 17.298449
862 854 0.000000 0.138888 15.484375 17.204861
863 855 0.000000 0.124055 15.398682 17.109646
864 856 0.000846 0.127184 15.293213 16.992458
865 857 0.000488 0.128839 15.182373 16.869303
866 858 0.000000 0.124973 15.067627 16.741808
867 859 0.000691 0.121335 14.956787 16.618652
868 860 0.001092 0.133996 14.842773 16.491970
869 861 0.000000 0.134525 14.725586 16.361763
870 862 0.000691 0.130365 14.609375 16.232639
871 863 0.000691 0.129335 14.492920 16.103245
872 864 0.000488 0.130458 14.371826 15.968696
873 865 0.001196 0.116180 14.245850 15.828722
874 866 0.000691 0.125818 14.117188 15.685764
875 867 0.001196 0.129470 13.983154 15.536839
876 868 0.001691 0.121943 13.848145 15.386827
877 869 0.001691 0.106855 13.707275 15.230306
878 870 0.001761 0.104780 13.566895 15.074327
879 871 0.001691 0.103460 13.416260 14.906956
880 872 0.001619 0.103119 13.291748 14.768609
881 873 0.001381 0.104746 13.176270 14.640300
882 874 0.001827 0.096508 13.035400 14.483778
883 875 0.002072 0.092917 12.928467 14.364964
884 876 0.001292 0.100592 12.827393 14.252659
885 877 0.001381 0.095639 12.710938 14.123264
886 878 0.000977 0.100513 12.631592 14.035102
887 879 0.000691 0.112735 12.534912 13.927680
888 880 0.001381 0.119442 12.466797 13.851996
889 881 0.000691 0.115465 12.406250 13.784722
890 882 0.002184 0.130887 12.339111 13.710124
891 883 0.001619 0.120234 12.296631 13.662923
892 884 0.001465 0.119821 12.265625 13.628472
893 885 0.002629 0.129307 12.209717 13.566352
894 886 0.001761 0.127623 12.185303 13.539226
895 887 0.002290 0.134231 12.144287 13.493652
896 888 0.001381 0.132707 12.135742 13.484158
897 889 0.003383 0.131440 12.129150 13.476833
898 890 0.001619 0.138887 12.098633 13.442925
899 891 0.002013 0.147039 12.092041 13.435601
900 892 0.002490 0.149768 12.074951 13.416613
901 893 0.001827 0.154762 12.057861 13.397624
902 894 0.002392 0.136626 12.048584 13.387316
903 895 0.001827 0.142172 12.032959 13.369954
904 896 0.002072 0.133164 12.020508 13.356120
905 897 0.000977 0.121606 12.010498 13.344997
906 898 0.002290 0.117096 11.996338 13.329265
907 899 0.002238 0.106037 11.985107 13.316786
908 900 0.002013 0.104458 11.977539 13.308376
909 901 0.000977 0.099041 11.979004 13.310004
910 902 0.001292 0.097989 11.971436 13.301595
911 903 0.002128 0.091149 11.971436 13.301595
912 904 0.002392 0.095971 11.958252 13.286946
913 905 0.002930 0.092063 11.939209 13.265788
914 906 0.002072 0.083599 11.950439 13.278266
915 907 0.002490 0.076459 11.941650 13.268500
916 908 0.001891 0.069337 11.937500 13.263889
917 909 0.002584 0.076045 11.937988 13.264431
918 910 0.002128 0.078302 11.928711 13.254124
919 911 0.001691 0.078373 11.986084 13.317871
920 912 0.001761 0.094711 11.940674 13.267415
921 913 0.001619 0.101192 11.944336 13.271484
922 914 0.002184 0.102928 11.953125 13.281250
923 915 0.002184 0.100526 11.952881 13.280979
924 916 0.002584 0.113561 11.956055 13.284505
925 917 0.002805 0.105273 11.975098 13.305664
926 918 0.002762 0.114191 11.979980 13.311090
927 919 0.002537 0.109680 11.983887 13.315430
928 920 0.002847 0.117543 12.009033 13.343370
929 921 0.002762 0.115546 12.022705 13.358562
930 922 0.002441 0.126157 12.049072 13.387858
931 923 0.002072 0.115317 12.068359 13.409288
932 924 0.002013 0.094784 12.085449 13.428277
933 925 0.001292 0.109972 12.109375 13.454861
934 926 0.001827 0.097618 12.126953 13.474392
935 927 0.001544 0.096364 12.143311 13.492567
936 928 0.001292 0.070930 12.170410 13.522678
937 929 0.000977 0.083543 12.179443 13.532715
938 930 0.001691 0.087039 12.210938 13.567708
939 931 0.001761 0.106027 12.203125 13.559028
940 932 0.001465 0.135636 12.202637 13.558485
941 933 0.001827 0.149201 12.222412 13.580458
942 934 0.001691 0.170127 12.226318 13.584798
943 935 0.001465 0.177421 12.226807 13.585340
944 936 0.001827 0.218294 12.242432 13.602702
945 937 0.001953 0.222807 12.236572 13.596191
946 938 0.002392 0.226950 12.232910 13.592122
947 939 0.002013 0.232041 12.245361 13.605957
948 940 0.001691 0.223670 12.233643 13.592937
949 941 0.001381 0.220580 12.245850 13.606500
950 942 0.001196 0.216094 12.230225 13.589138
951 943 0.002290 0.251990 12.213135 13.570149
952 944 0.001092 0.251034 12.220947 13.578831
953 945 0.001691 0.265387 12.211426 13.568251
954 946 0.001092 0.272428 12.205811 13.562012
955 947 0.001381 0.280506 12.223389 13.581543
956 948 0.001465 0.288598 12.230469 13.589410
957 949 0.001544 0.274861 12.256592 13.618435
958 950 0.001544 0.289299 12.270020 13.633355
959 951 0.001196 0.238550 12.288086 13.653429
960 952 0.001381 0.224679 12.319824 13.688694
961 953 0.001381 0.232583 12.346191 13.717991
962 954 0.001544 0.240803 12.377686 13.752984
963 955 0.001381 0.250969 12.413818 13.793132
964 956 0.001381 0.261756 12.448730 13.831923
965 957 0.001691 0.323516 12.456055 13.840061
966 958 0.001953 0.320845 12.532715 13.925239
967 959 0.002441 0.327372 12.578125 13.975695
968 960 0.003010 0.350634 12.621582 14.023980
969 961 0.002930 0.351146 12.672363 14.080403
970 962 0.001953 0.361947 12.724854 14.138726
971 963 0.002290 0.389671 12.765625 14.184028
972 964 0.001691 0.383384 12.823730 14.248590
973 965 0.002072 0.367814 12.879150 14.310167
974 966 0.002184 0.364536 12.917725 14.353027
975 967 0.001691 0.363539 12.980713 14.423015
976 968 0.001544 0.388195 13.012451 14.458279
977 969 0.001196 0.343930 13.084961 14.538845
978 970 0.001292 0.296179 13.146240 14.606934
979 971 0.001196 0.288444 13.197510 14.663899
980 972 0.001196 0.299761 13.253174 14.725749
981 973 0.001196 0.301388 13.325928 14.806586
982 974 0.000977 0.313520 13.376709 14.863010
983 975 0.000000 0.308114 13.433105 14.925673
984 976 0.000691 0.290970 13.488525 14.987250
985 977 0.001196 0.297137 13.522461 15.024957
986 978 0.000691 0.294126 13.561279 15.068089
987 979 0.001092 0.282275 13.587891 15.097656
988 980 0.001092 0.227641 13.619629 15.132921
989 981 0.000977 0.206301 13.627441 15.141602
990 982 0.000488 0.184141 13.634521 15.149468
991 983 0.000846 0.163886 13.645996 15.162218
992 984 0.000000 0.163197 13.649170 15.165745
993 985 0.000000 0.147654 13.660400 15.178223
994 986 0.000488 0.138758 13.667236 15.185818
995 987 0.000488 0.139157 13.670410 15.189344
996 988 0.000488 0.158964 13.681396 15.201551
997 989 0.000846 0.165303 13.688721 15.209690
998 990 0.000691 0.169538 13.697266 15.219184
999 991 0.000000 0.173679 13.703125 15.225695
1000 992 0.000000 0.164012 13.706055 15.228950
1001 993 0.000977 0.168994 13.705811 15.228679
1002 994 0.001092 0.177664 13.696533 15.218370
1003 995 0.001292 0.173834 13.680420 15.200466
1004 996 0.000977 0.171371 13.647949 15.164388
1005 997 0.000846 0.159708 13.612305 15.124783
1006 998 0.001092 0.148449 13.575684 15.084093
1007 999 0.001465 0.156807 13.528564 15.031738
1008 1000 0.001544 0.149303 13.480469 14.978298
1009 1001 0.001196 0.140072 13.422363 14.913737
1010 1002 0.001196 0.135593 13.370117 14.855686
1011 1003 0.001196 0.127552 13.304199 14.782444
1012 1004 0.001292 0.105064 13.248779 14.720866
1013 1005 0.001292 0.108633 13.176270 14.640300
1014 1006 0.001544 0.124755 13.091309 14.545898
1015 1007 0.001691 0.115455 13.018311 14.464789
1016 1008 0.001465 0.128555 12.918213 14.353570
1017 1009 0.001827 0.134161 12.835449 14.261610
1018 1010 0.001827 0.127706 12.722168 14.135742
1019 1011 0.001827 0.158648 12.607422 14.008246
1020 1012 0.001292 0.167703 12.517090 13.907878
1021 1013 0.001619 0.183515 12.398926 13.776585
1022 1014 0.001827 0.195935 12.281006 13.645562
1023 1015 0.001465 0.181036 12.195557 13.550618
1024 1016 0.001691 0.191687 12.079590 13.421766
1025 1017 0.001544 0.177003 12.023682 13.359646
1026 1018 0.002013 0.199094 11.949463 13.277181
1027 1019 0.001827 0.193840 11.876465 13.196072
1028 1020 0.002674 0.183156 11.857178 13.174642
1029 1021 0.002584 0.185143 11.804932 13.116590
1030 1022 0.002290 0.180462 11.770020 13.077800
1031 1023 0.002184 0.193369 11.782471 13.091634
1032 1024 0.002584 0.235426 11.762451 13.069390
1033 1025 0.001953 0.254595 11.776611 13.085124
1034 1026 0.002342 0.299464 11.728271 13.031413
1035 1027 0.002184 0.318199 11.686523 12.985026
1036 1028 0.001891 0.321223 11.691406 12.990452
1037 1029 0.002290 0.328421 11.655518 12.950575
1038 1030 0.002629 0.314864 11.608154 12.897949
1039 1031 0.002719 0.308680 11.604004 12.893337
1040 1032 0.002290 0.274006 11.567383 12.852648
1041 1033 0.003010 0.267631 11.554199 12.837999
1042 1034 0.002490 0.258192 11.523438 12.803820
1043 1035 0.003967 0.258268 11.505859 12.784288
1044 1036 0.003937 0.248953 11.485596 12.761773
1045 1037 0.003088 0.240770 11.469238 12.743598
1046 1038 0.002441 0.278182 11.457275 12.730306
1047 1039 0.002342 0.252752 11.437256 12.708062
1048 1040 0.002392 0.290554 11.430420 12.700466
1049 1041 0.003164 0.317915 11.405029 12.672255
1050 1042 0.003347 0.314639 11.404541 12.671712
1051 1043 0.002847 0.288042 11.418701 12.687446
1052 1044 0.002441 0.282307 11.398682 12.665202
1053 1045 0.003049 0.289727 11.419922 12.688802
1054 1046 0.003782 0.232405 11.443848 12.715386
1055 1047 0.003049 0.283228 11.428955 12.698839
1056 1048 0.003588 0.239760 11.451904 12.724339
1057 1049 0.003453 0.345564 11.369629 12.632921
1058 1050 0.002392 0.230931 11.488037 12.764485
1059 1051 0.002762 0.273949 11.507324 12.785915
1060 1052 0.003127 0.249228 11.523438 12.803820
1061 1053 0.003088 0.271173 11.520996 12.801106
1062 1054 0.003845 0.316691 11.536865 12.818739
1063 1055 0.003049 0.303135 11.559082 12.843425
1064 1056 0.001381 0.301446 11.591553 12.879503
1065 1057 0.002847 0.323268 11.617432 12.908257
1066 1058 0.003202 0.301178 11.618164 12.909071
1067 1059 0.003010 0.283590 11.636719 12.929688
1068 1060 0.003418 0.322897 11.638428 12.931586
1069 1061 0.002537 0.305037 11.682617 12.980686
1070 1062 0.001891 0.320918 11.712646 13.014051
1071 1063 0.003049 0.320873 11.708008 13.008898
1072 1064 0.002674 0.356189 11.724854 13.027615
1073 1065 0.002441 0.353297 11.755859 13.062066
1074 1066 0.002342 0.399820 11.759766 13.066406
1075 1067 0.002762 0.403310 11.807861 13.119846
1076 1068 0.002392 0.433562 11.821045 13.134495
1077 1069 0.002290 0.445934 11.878174 13.197971
1078 1070 0.001953 0.434595 11.940918 13.267687
1079 1071 0.002072 0.472646 11.967773 13.297526
1080 1072 0.002441 0.456958 12.037842 13.375380
1081 1073 0.002392 0.433537 12.106201 13.451335
1082 1074 0.002290 0.463298 12.145020 13.494466
1083 1075 0.002290 0.432630 12.237061 13.596734
1084 1076 0.002290 0.474488 12.271973 13.635525
1085 1077 0.002238 0.423358 12.340332 13.711480
1086 1078 0.003164 0.418496 12.404785 13.783094
1087 1079 0.002930 0.402885 12.462402 13.847114
1088 1080 0.002719 0.386131 12.543457 13.937175
1089 1081 0.002441 0.390194 12.624023 14.026692
1090 1082 0.002537 0.390534 12.682861 14.092068
1091 1083 0.002490 0.436591 12.726074 14.140082
1092 1084 0.002342 0.406582 12.814697 14.238552
1093 1085 0.001891 0.447176 12.890137 14.322374
1094 1086 0.001891 0.420141 12.977295 14.419216
1095 1087 0.001619 0.441233 13.046631 14.496257
1096 1088 0.001465 0.451208 13.109131 14.565701
1097 1089 0.001381 0.426900 13.176514 14.640571
1098 1090 0.001544 0.388497 13.295654 14.772949
1099 1091 0.001691 0.418609 13.338867 14.820964
1100 1092 0.001827 0.436504 13.413086 14.903429
