10 2 0.001292 0.190338 7.543530 8.381700
11 3 0.001292 0.161057 7.502943 8.336603
12 4 0.001092 0.157984 7.492816 8.325351
13 5 0.000846 0.118506 7.418314 8.242572
14 6 0.000846 0.114417 7.395697 8.217442
15 7 0.001196 0.130274 7.366739 8.185266
16 8 0.000000 0.142583 7.341175 8.156860
17 9 0.000977 0.136914 7.312669 8.125188
18 10 0.000000 0.138541 7.279245 8.088051
19 11 0.000691 0.132278 7.248031 8.053368
20 12 0.000846 0.126232 7.189491 7.988324
21 13 0.000488 0.111184 7.192968 7.992187
22 14 0.000488 0.094696 7.163728 7.959698
23 15 0.000691 0.065205 7.129473 7.921637
24 16 0.001196 0.043979 7.094283 7.882537
25 17 0.000488 0.036040 7.056531 7.840590
26 18 0.001292 0.033356 7.016548 7.796165
27 19 0.000846 0.030131 6.982506 7.758340
28 20 0.000691 0.021493 6.917242 7.685824
29 21 0.001196 0.035611 6.853888 7.615431
30 22 0.001381 0.043794 6.787464 7.541627
31 23 0.001292 0.050324 6.710056 7.455618
32 24 0.000691 0.051566 6.633785 7.370872
33 25 0.000846 0.047469 6.556061 7.284512
34 26 0.000488 0.044758 6.471260 7.190289
35 27 0.000977 0.062538 6.380402 7.089335
36 28 0.001381 0.054028 6.313980 7.015533
37 29 0.000488 0.048707 6.234343 6.927047
38 30 0.000488 0.045139 6.158045 6.842272
39 31 0.000000 0.041776 6.089504 6.766116
40 32 0.000691 0.023526 6.038919 6.709910
41 33 0.000691 0.023555 5.944143 6.604604
42 34 0.000488 0.031101 5.865408 6.517120
43 35 0.000000 0.032691 5.786982 6.429979
44 36 0.000000 0.032017 5.703472 6.337191
45 37 0.000691 0.031072 5.621971 6.246634
46 38 0.000846 0.025885 5.536919 6.152132
47 39 0.000846 0.034422 5.446251 6.051390
48 40 0.000691 0.073802 5.341404 5.934893
49 41 0.001827 0.056877 5.300808 5.889787
50 42 0.001619 0.050039 5.213188 5.792431
51 43 0.001891 0.051538 5.123852 5.693169
52 44 0.001465 0.047497 5.031998 5.591108
53 45 0.000846 0.041062 4.937637 5.486264
54 46 0.001196 0.070850 4.832821 5.369801
55 47 0.000691 0.062083 4.722240 5.246934
56 48 0.001465 0.055388 4.592304 5.102560
57 49 0.000488 0.065732 4.425640 4.917378
58 50 0.000000 0.059307 4.283745 4.759717
59 51 0.000691 0.076623 4.124020 4.582244
60 52 0.000691 0.082631 3.960770 4.400855
61 53 0.000846 0.082184 3.789570 4.210633
62 54 0.000000 0.077266 3.613747 4.015274
63 55 0.001092 0.067428 3.449951 3.833279
64 56 0.000977 0.089143 3.253986 3.615541
65 57 0.000000 0.071661 3.069710 3.410789
66 58 0.000488 0.072949 2.881672 3.201858
67 59 0.000000 0.063688 2.709961 3.011068
68 60 0.001092 0.054308 2.549679 2.832976
69 61 0.001092 0.063616 2.411934 2.679927
70 62 0.001196 0.057165 2.297523 2.552804
71 63 0.001196 0.057596 2.201271 2.445857
72 64 0.000691 0.062544 2.131542 2.368380
73 65 0.001381 0.077155 2.084236 2.315818
74 66 0.001381 0.062097 2.064106 2.293451
75 67 0.001292 0.048374 2.035809 2.262010
76 68 0.000977 0.059681 2.023411 2.248234
77 69 0.000977 0.052958 2.013477 2.237197
78 70 0.000977 0.043949 2.010731 2.234145
79 71 0.000488 0.048910 2.001434 2.223816
80 72 0.001953 0.029350 2.023636 2.248484
81 73 0.001544 0.034231 2.028290 2.253655
82 74 0.001292 0.049795 2.033772 2.259746
83 75 0.001619 0.040926 2.061672 2.290747
84 76 0.001619 0.036383 2.079853 2.310948
85 77 0.001691 0.035207 2.102760 2.336400
86 78 0.002128 0.042185 2.135429 2.372699
87 79 0.002490 0.039684 2.178513 2.420569
88 80 0.001691 0.049543 2.218369 2.464854
89 81 0.001691 0.035090 2.288555 2.542839
90 82 0.001544 0.027279 2.369984 2.633315
91 83 0.001953 0.024280 2.462330 2.735922
92 84 0.001761 0.039085 2.584160 2.871289
93 85 0.002184 0.062826 2.710773 3.011971
94 86 0.002392 0.090070 2.832676 3.147418
95 87 0.003751 0.121644 2.959774 3.288638
96 88 0.002762 0.130532 3.095242 3.439157
97 89 0.003010 0.134120 3.226254 3.584726
98 90 0.003588 0.145219 3.347057 3.718953
99 91 0.002674 0.150507 3.461552 3.846169
100 92 0.002805 0.148626 3.561855 3.957617
101 93 0.003239 0.142425 3.669231 4.076924
102 94 0.002072 0.150182 3.785934 4.206594
103 95 0.000846 0.148139 3.873978 4.304420
104 96 0.001465 0.135152 3.968731 4.409701
105 97 0.002392 0.124136 4.064442 4.516047
106 98 0.001761 0.106799 4.167660 4.630733
107 99 0.001827 0.075576 4.271759 4.746399
108 100 0.002238 0.082657 4.365517 4.850574
109 101 0.001953 0.066700 4.464832 4.960925
110 102 0.002072 0.076091 4.540119 5.044577
111 103 0.002238 0.094097 4.644569 5.160633
112 104 0.001691 0.109852 4.742092 5.268991
113 105 0.001465 0.110804 4.828732 5.365257
114 106 0.001381 0.126676 4.916908 5.463232
115 107 0.001092 0.129588 5.001511 5.557234
116 108 0.001544 0.132694 5.100536 5.667263
117 109 0.000977 0.147361 5.182228 5.758031
118 110 0.000977 0.160421 5.272484 5.858315
119 111 0.000691 0.154665 5.349846 5.944273
120 112 0.000488 0.142020 5.422188 6.024653
121 113 0.000846 0.132691 5.503960 6.115511
122 114 0.000000 0.125265 5.587952 6.208835
123 115 0.000000 0.116526 5.664024 6.293360
124 116 0.001196 0.111988 5.718208 6.353565
125 117 0.000691 0.121691 5.758186 6.397985
126 118 0.000846 0.116689 5.796646 6.440718
127 119 0.000000 0.105732 5.836792 6.485324
128 120 0.001196 0.130246 5.863808 6.515342
129 121 0.002013 0.120924 5.885735 6.539705
130 122 0.001196 0.125879 5.887260 6.541400
131 123 0.001196 0.134242 5.873398 6.525998
132 124 0.001827 0.135719 5.871986 6.524429
133 125 0.000691 0.117671 5.883224 6.536916
134 126 0.000691 0.111174 5.894226 6.549140
135 127 0.001196 0.119176 5.892509 6.547233
136 128 0.001292 0.098699 5.898300 6.553667
137 129 0.001292 0.118408 5.890442 6.544935
138 130 0.001196 0.119167 5.891014 6.545571
139 131 0.001196 0.112913 5.908386 6.564874
140 132 0.001092 0.094104 5.913445 6.570494
141 133 0.000977 0.092479 5.918541 6.576157
142 134 0.000691 0.094950 5.922218 6.580243
143 135 0.001465 0.103421 5.935593 6.595103
144 136 0.000977 0.092476 5.945045 6.605606
145 137 0.000977 0.106692 5.967094 6.630105
146 138 0.000691 0.101596 5.981804 6.646449
147 139 0.001827 0.109675 5.996086 6.662318
148 140 0.000977 0.110431 6.020103 6.689004
149 141 0.001544 0.112115 6.043755 6.715283
150 142 0.001196 0.118092 6.074249 6.749166
151 143 0.000691 0.103700 6.104301 6.782557
152 144 0.000977 0.094919 6.138947 6.821052
153 145 0.000488 0.081105 6.169327 6.854807
154 146 0.001292 0.082117 6.208717 6.898575
155 147 0.001544 0.077309 6.263947 6.959940
156 148 0.000000 0.077360 6.281044 6.978938
157 149 0.000691 0.090975 6.309464 7.010515
158 150 0.001092 0.077528 6.343475 7.048306
159 151 0.001196 0.094757 6.386757 7.096396
160 152 0.000977 0.079593 6.406967 7.118853
161 153 0.001381 0.072251 6.441139 7.156821
162 154 0.001092 0.084142 6.469734 7.188593
163 155 0.000691 0.072364 6.485046 7.205607
164 156 0.000691 0.086352 6.526695 7.251884
165 157 0.002847 0.098200 6.564163 7.293515
166 158 0.001381 0.076360 6.551346 7.279273
167 159 0.001544 0.070803 6.529579 7.255088
168 160 0.001544 0.069125 6.524414 7.249349
169 161 0.001381 0.089845 6.478111 7.197901
170 162 0.000691 0.079523 6.435890 7.150989
171 163 0.000846 0.077553 6.398224 7.109138
172 164 0.000691 0.091324 6.334503 7.038337
173 165 0.002490 0.083305 6.265213 6.961348
174 166 0.002072 0.076397 6.225151 6.916834
175 167 0.000977 0.074620 6.164192 6.849102
176 168 0.001619 0.096645 6.098289 6.775877
177 169 0.000846 0.075825 6.041367 6.712629
178 170 0.001381 0.081217 5.969139 6.632377
179 171 0.001544 0.089627 5.874443 6.527159
180 172 0.001465 0.089879 5.806862 6.452069
181 173 0.001827 0.077355 5.727211 6.363568
182 174 0.001196 0.090009 5.647308 6.274787
183 175 0.000691 0.088348 5.575699 6.195221
184 176 0.001544 0.077425 5.499847 6.110941
185 177 0.000691 0.080197 5.425682 6.028536
186 178 0.001465 0.079854 5.353256 5.948062
187 179 0.001196 0.065546 5.298744 5.887494
188 180 0.001292 0.077777 5.196854 5.774282
189 181 0.000977 0.076259 5.131332 5.701480
190 182 0.001292 0.049124 5.048164 5.609072
191 183 0.000977 0.046785 4.973343 5.525937
192 184 0.000846 0.051519 4.900261 5.444735
193 185 0.001953 0.043469 4.818466 5.353851
194 186 0.000000 0.061101 4.738075 5.264528
195 187 0.000977 0.070764 4.650208 5.166897
196 188 0.000000 0.055614 4.608810 5.120901
197 189 0.000691 0.061755 4.537209 5.041343
198 190 0.000000 0.061133 4.497955 4.997728
199 191 0.000488 0.061057 4.455467 4.950519
200 192 0.001196 0.059633 4.428780 4.920866
201 193 0.000846 0.059406 4.424698 4.916331
202 194 0.001196 0.040200 4.433365 4.925961
203 195 0.000488 0.053423 4.441803 4.935337
204 196 0.000977 0.054613 4.466560 4.962845
205 197 0.002629 0.029283 4.511871 5.013190
206 198 0.002184 0.042949 4.534195 5.037994
207 199 0.001691 0.050951 4.565887 5.073208
208 200 0.002128 0.040506 4.625381 5.139313
209 201 0.002847 0.058333 4.655518 5.172797
210 202 0.002762 0.062185 4.719147 5.243496
211 203 0.001619 0.032632 4.780502 5.311669
212 204 0.001544 0.036172 4.842819 5.380910
213 205 0.001544 0.081925 4.893921 5.437690
214 206 0.000977 0.071122 4.981277 5.534753
215 207 0.001196 0.052028 5.075699 5.639666
216 208 0.001196 0.059022 5.162354 5.735949
217 209 0.001196 0.056180 5.282486 5.869429
218 210 0.001891 0.068721 5.377487 5.974986
219 211 0.001827 0.073183 5.491501 6.101667
220 212 0.003521 0.094406 5.611099 6.234555
221 213 0.002072 0.122670 5.723282 6.359202
222 214 0.001891 0.135996 5.841339 6.490377
223 215 0.001619 0.139691 5.942245 6.602495
224 216 0.001619 0.148342 6.022705 6.691895
225 217 0.001953 0.123682 6.087936 6.764374
226 218 0.002238 0.109708 6.150299 6.833666
227 219 0.001691 0.102933 6.193481 6.881646
228 220 0.002889 0.076082 6.208389 6.898211
229 221 0.000846 0.060240 6.216431 6.907145
230 222 0.001544 0.033893 6.187012 6.874457
231 223 0.001196 0.034761 6.165054 6.850060
232 224 0.000691 0.059721 6.108948 6.787720
233 225 0.000846 0.070152 6.070892 6.745436
234 226 0.001827 0.071208 6.022552 6.691725
235 227 0.000977 0.091015 5.948181 6.609090
236 228 0.000488 0.088475 5.902725 6.558584
237 229 0.000691 0.107955 5.809433 6.454926
238 230 0.000846 0.115324 5.734589 6.371765
239 231 0.000977 0.110130 5.651901 6.279890
240 232 0.000977 0.089467 5.589813 6.210904
241 233 0.000846 0.084672 5.508240 6.120266
242 234 0.000977 0.090969 5.416992 6.018880
243 235 0.001544 0.081124 5.344757 5.938619
244 236 0.001196 0.104439 5.238556 5.820618
245 237 0.000977 0.084082 5.184845 5.760939
246 238 0.001196 0.083474 5.112961 5.681067
247 239 0.001292 0.070292 5.039703 5.599670
248 240 0.001196 0.060579 4.966965 5.518850
249 241 0.001465 0.042699 4.897995 5.442217
250 242 0.001381 0.048337 4.831314 5.368127
251 243 0.000488 0.036082 4.776733 5.307482
252 244 0.001196 0.023611 4.738434 5.264926
253 245 0.000691 0.023008 4.697632 5.219591
254 246 0.000977 0.020195 4.656464 5.173849
255 247 0.000488 0.039788 4.633865 5.148739
256 248 0.000691 0.037343 4.613388 5.125987
257 249 0.000488 0.038510 4.605499 5.117221
258 250 0.000000 0.055737 4.614258 5.126953
259 251 0.000691 0.066939 4.638596 5.153995
260 252 0.000977 0.083864 4.671875 5.190972
261 253 0.001544 0.088765 4.719528 5.243920
262 254 0.001691 0.098543 4.785980 5.317756
263 255 0.001761 0.088624 4.839600 5.377333
264 256 0.001827 0.098176 4.916168 5.462409
265 257 0.000977 0.103511 4.994965 5.549961
266 258 0.002128 0.117602 5.084824 5.649804
267 259 0.001196 0.125816 5.175995 5.751105
268 260 0.001092 0.131426 5.270172 5.855747
269 261 0.001292 0.134613 5.369034 5.965593
270 262 0.001544 0.126410 5.471054 6.078949
271 263 0.000488 0.128782 5.582916 6.203240
272 264 0.001092 0.131353 5.687210 6.319122
273 265 0.001196 0.127239 5.797287 6.441430
274 266 0.000691 0.108384 5.900894 6.556549
275 267 0.001292 0.098760 6.003250 6.670278
276 268 0.001292 0.096571 6.104019 6.782244
277 269 0.001381 0.110188 6.219025 6.910028
278 270 0.000977 0.118183 6.294083 6.993425
279 271 0.001544 0.109465 6.404541 7.116157
280 272 0.001292 0.110910 6.513687 7.237430
281 273 0.001381 0.117268 6.597672 7.330746
282 274 0.001381 0.133320 6.681717 7.424130
283 275 0.001196 0.122430 6.750092 7.500102
284 276 0.001292 0.127076 6.836395 7.595995
285 277 0.000977 0.110807 6.868195 7.631327
286 278 0.001196 0.111840 6.951736 7.724152
287 279 0.000488 0.099958 6.999054 7.776727
288 280 0.000488 0.091459 7.043549 7.826165
289 281 0.001381 0.088565 7.093674 7.881860
290 282 0.000846 0.072230 7.131714 7.924127
291 283 0.001691 0.069266 7.163757 7.959730
292 284 0.002342 0.050695 7.187836 7.986484
293 285 0.001381 0.035582 7.214630 8.016255
294 286 0.002674 0.040607 7.244858 8.049842
295 287 0.002719 0.045483 7.271729 8.079699
296 288 0.002537 0.029155 7.293549 8.103943
297 289 0.002072 0.028618 7.319717 8.133019
298 290 0.002889 0.028252 7.344803 8.160892
299 291 0.001619 0.034854 7.388443 8.209381
300 292 0.001544 0.035491 7.410767 8.234185
301 293 0.001381 0.059758 7.474884 8.305427
302 294 0.001761 0.042707 7.476562 8.307292
303 295 0.003202 0.043062 7.492249 8.324720
304 296 0.002629 0.056313 7.511307 8.345897
305 297 0.001691 0.061689 7.534912 8.372125
306 298 0.001544 0.074514 7.572083 8.413425
307 299 0.001827 0.065125 7.555878 8.395420
308 300 0.001953 0.074852 7.551270 8.390300
309 301 0.001292 0.107079 7.544403 8.382670
310 302 0.000691 0.099066 7.560318 8.400353
311 303 0.000488 0.108855 7.547363 8.385960
312 304 0.000846 0.105129 7.535904 8.373226
313 305 0.001196 0.118248 7.502396 8.335995
314 306 0.000977 0.117174 7.449066 8.276740
315 307 0.000691 0.117441 7.445694 8.272993
316 308 0.002238 0.124516 7.444473 8.271637
317 309 0.001953 0.111041 7.399445 8.221605
318 310 0.000846 0.121474 7.392288 8.213654
319 311 0.001292 0.124549 7.352798 8.169776
320 312 0.000000 0.104901 7.325867 8.139852
321 313 0.001092 0.107936 7.325653 8.139614
322 314 0.001691 0.116160 7.310287 8.122541
323 315 0.000691 0.120202 7.274048 8.082275
324 316 0.003088 0.139466 7.235870 8.039856
325 317 0.002847 0.155057 7.227936 8.031040
326 318 0.001619 0.171651 7.201065 8.001184
327 319 0.002392 0.192893 7.207901 8.008779
328 320 0.001544 0.206637 7.206741 8.007490
329 321 0.001891 0.223264 7.193054 7.992282
330 322 0.002392 0.218961 7.216324 8.018138
331 323 0.001619 0.223637 7.248901 8.054335
332 324 0.002184 0.217076 7.285431 8.094923
333 325 0.002238 0.218601 7.316467 8.129408
334 326 0.001196 0.214947 7.347076 8.163418
335 327 0.002072 0.209982 7.392227 8.213586
336 328 0.001827 0.217729 7.444626 8.271807
337 329 0.001465 0.211471 7.458588 8.287319
338 330 0.000977 0.206289 7.466476 8.296085
339 331 0.001292 0.208072 7.520477 8.356086
340 332 0.000977 0.200469 7.517990 8.353322
341 333 0.002013 0.196471 7.507202 8.341335
342 334 0.004056 0.194124 7.497009 8.330010
343 335 0.000977 0.184288 7.481857 8.313175
344 336 0.001619 0.176153 7.440933 8.267704
345 337 0.001092 0.179934 7.427719 8.253021
346 338 0.000977 0.164354 7.395676 8.217418
347 339 0.000846 0.152799 7.304794 8.116438
348 340 0.002128 0.146063 7.268372 8.075969
349 341 0.000846 0.127708 7.197128 7.996809
350 342 0.004114 0.111395 7.115463 7.906070
351 343 0.001292 0.103128 7.037613 7.819570
352 344 0.001292 0.080501 6.965836 7.739817
353 345 0.002184 0.057074 6.893494 7.659437
354 346 0.002392 0.064932 6.815536 7.572818
355 347 0.002013 0.071418 6.743652 7.492947
356 348 0.001827 0.082919 6.644302 7.382558
357 349 0.001953 0.070413 6.581451 7.312724
358 350 0.001196 0.058109 6.532761 7.258623
359 351 0.001761 0.056659 6.447296 7.163662
360 352 0.002290 0.066216 6.385666 7.095184
361 353 0.002490 0.055688 6.322021 7.024468
362 354 0.001619 0.029987 6.253922 6.948802
363 355 0.001381 0.021837 6.185318 6.872576
364 356 0.002184 0.026772 6.124939 6.805488
365 357 0.001827 0.038261 6.063782 6.737535
366 358 0.002762 0.063908 5.983917 6.648797
367 359 0.002392 0.054453 5.921036 6.578928
368 360 0.002072 0.055257 5.839386 6.488207
369 361 0.002184 0.076099 5.757904 6.397671
370 362 0.001691 0.097875 5.681946 6.313273
371 363 0.002238 0.107012 5.610077 6.233419
372 364 0.002072 0.121749 5.535065 6.150072
373 365 0.001953 0.115082 5.467438 6.074931
374 366 0.001761 0.102292 5.407684 6.008538
375 367 0.001196 0.104484 5.372498 5.969442
376 368 0.001691 0.125458 5.338867 5.932075
377 369 0.000691 0.104529 5.329559 5.921732
378 370 0.001544 0.098143 5.337372 5.930413
379 371 0.001619 0.094956 5.358612 5.954013
380 372 0.001196 0.077236 5.391113 5.990126
381 373 0.001619 0.073063 5.431946 6.035495
382 374 0.001691 0.092744 5.481415 6.090461
383 375 0.001196 0.054995 5.531921 6.146579
384 376 0.000000 0.034742 5.593567 6.215075
385 377 0.001092 0.038040 5.650085 6.277873
386 378 0.000691 0.037819 5.716095 6.351217
387 379 0.000691 0.031618 5.787140 6.430155
388 380 0.000488 0.035995 5.866577 6.518419
389 381 0.000691 0.034110 5.952881 6.614312
390 382 0.001196 0.026035 6.059967 6.733297
391 383 0.001196 0.033342 6.144440 6.827155
392 384 0.000691 0.030942 6.235596 6.928440
393 385 0.001381 0.027771 6.333557 7.037286
394 386 0.001292 0.026298 6.416809 7.129788
395 387 0.000977 0.022131 6.478027 7.197808
396 388 0.000000 0.023349 6.555817 7.284241
397 389 0.000846 0.032064 6.644165 7.382406
398 390 0.000846 0.008963 6.723938 7.471042
399 391 0.001953 0.012991 6.834900 7.594333
400 392 0.000977 0.010711 6.895569 7.661743
401 393 0.001381 0.009504 6.940277 7.711419
402 394 0.001381 0.036941 7.033356 7.814840
403 395 0.001292 0.047693 7.107758 7.897509
404 396 0.001092 0.053202 7.176422 7.973803
405 397 0.000691 0.057409 7.220459 8.022732
406 398 0.000691 0.068870 7.251190 8.056878
407 399 0.000977 0.081166 7.270325 8.078138
408 400 0.000488 0.068401 7.328491 8.142768
409 401 0.001544 0.071309 7.399200 8.221334
410 402 0.000846 0.050965 7.426849 8.252055
411 403 0.001196 0.044276 7.483765 8.315294
412 404 0.000488 0.048095 7.525757 8.361952
413 405 0.000000 0.054899 7.570160 8.411289
414 406 0.001092 0.051030 7.607422 8.452691
415 407 0.000691 0.060509 7.632904 8.481005
416 408 0.000691 0.057783 7.649445 8.499383
417 409 0.000977 0.064451 7.658478 8.509419
418 410 0.001544 0.082050 7.669861 8.522068
419 411 0.002970 0.086386 7.671936 8.524373
420 412 0.001891 0.045747 7.665955 8.517727
421 413 0.002013 0.061732 7.662415 8.513794
422 414 0.002441 0.040826 7.663361 8.514845
423 415 0.000691 0.037995 7.638123 8.486803
424 416 0.000488 0.031192 7.625580 8.472866
425 417 0.000000 0.028812 7.643127 8.492364
426 418 0.001092 0.056610 7.599060 8.443400
427 419 0.002930 0.046889 7.605957 8.451063
428 420 0.001544 0.084561 7.577667 8.419630
429 421 0.001619 0.082915 7.555786 8.395318
430 422 0.001381 0.114635 7.535278 8.372532
431 423 0.001381 0.106243 7.545715 8.384129
432 424 0.000691 0.092930 7.553009 8.392232
433 425 0.000691 0.118749 7.524933 8.361036
434 426 0.000691 0.060748 7.539398 8.377110
435 427 0.000000 0.071662 7.515594 8.350660
436 428 0.000488 0.068918 7.536407 8.373786
437 429 0.000977 0.065430 7.528473 8.364970
438 430 0.000691 0.057920 7.515656 8.350728
439 431 0.001381 0.054202 7.495941 8.328823
440 432 0.000000 0.049121 7.474731 8.305257
441 433 0.000691 0.049311 7.459656 8.288507
442 434 0.001292 0.059368 7.456024 8.284472
443 435 0.000977 0.063014 7.444977 8.272197
444 436 0.001292 0.065646 7.417542 8.241713
445 437 0.000977 0.069509 7.408325 8.231472
446 438 0.000691 0.070285 7.390961 8.212178
447 439 0.001381 0.067865 7.373718 8.193020
448 440 0.000691 0.079815 7.357849 8.175388
449 441 0.000691 0.080965 7.337524 8.152805
450 442 0.000488 0.079538 7.312225 8.124695
451 443 0.000977 0.077729 7.278687 8.087429
452 444 0.002072 0.077311 7.246979 8.052198
453 445 0.000000 0.080478 7.227417 8.030463
454 446 0.001292 0.075790 7.220062 8.022291
455 447 0.001092 0.073312 7.215607 8.017341
456 448 0.001092 0.074630 7.197784 7.997538
457 449 0.002128 0.076030 7.173950 7.971056
458 450 0.001827 0.066951 7.154785 7.949761
459 451 0.002719 0.069678 7.148041 7.942267
460 452 0.003654 0.080351 7.142853 7.936503
461 453 0.001465 0.080019 7.117645 7.908495
462 454 0.000691 0.077586 7.086914 7.874349
463 455 0.000488 0.071437 7.056213 7.840237
464 456 0.000691 0.074268 7.035400 7.817111
465 457 0.000691 0.068709 7.024628 7.805142
466 458 0.000488 0.071872 7.010101 7.789001
467 459 0.000488 0.081491 6.992188 7.769097
468 460 0.001196 0.071955 6.972504 7.747226
469 461 0.000846 0.062813 6.964691 7.738546
470 462 0.001196 0.069023 6.960205 7.733561
471 463 0.000846 0.068297 6.958160 7.731289
472 464 0.000977 0.066187 6.947083 7.718981
473 465 0.000691 0.065791 6.936371 7.707079
474 466 0.000977 0.068115 6.924683 7.694092
475 467 0.000691 0.055201 6.913269 7.681410
476 468 0.001196 0.057374 6.904602 7.671780
477 469 0.000691 0.052452 6.886047 7.651164
478 470 0.000846 0.030412 6.870422 7.633802
479 471 0.000488 0.037545 6.810059 7.566732
480 472 0.000691 0.037036 6.765228 7.516920
481 473 0.000977 0.041687 6.709320 7.454800
482 474 0.000691 0.030327 6.656921 7.396579
483 475 0.001196 0.050527 6.586182 7.317980
484 476 0.001092 0.032834 6.511139 7.234599
485 477 0.001381 0.036773 6.428772 7.143080
486 478 0.000977 0.047471 6.331482 7.034980
487 479 0.002184 0.037513 6.269104 6.965671
488 480 0.000691 0.039197 6.192627 6.880697
489 481 0.000691 0.042700 6.105042 6.783380
490 482 0.000488 0.036640 6.014587 6.682875
491 483 0.001465 0.024185 5.917969 6.575521
492 484 0.000488 0.048892 5.816559 6.462843
493 485 0.000488 0.056788 5.717651 6.352946
494 486 0.000846 0.058414 5.618317 6.242574
495 487 0.001465 0.068728 5.516083 6.128981
496 488 0.000691 0.032581 5.403564 6.003961
497 489 0.000977 0.023192 5.301483 5.890537
498 490 0.001092 0.042462 5.189911 5.766568
499 491 0.000488 0.021576 5.103790 5.670878
500 492 0.001092 0.013680 4.994568 5.549520
501 493 0.000691 0.016348 4.906921 5.452135
502 494 0.001196 0.014763 4.815582 5.350647
503 495 0.001381 0.025679 4.726562 5.251736
504 496 0.001196 0.029661 4.638306 5.153673
505 497 0.000846 0.040331 4.551575 5.057305
506 498 0.000977 0.041297 4.470337 4.967041
507 499 0.001465 0.049315 4.381042 4.867825
508 500 0.000691 0.056961 4.316010 4.795566
509 501 0.001292 0.066881 4.234772 4.705302
510 502 0.000977 0.069314 4.158936 4.621039
511 503 0.000846 0.064613 4.096558 4.551731
512 504 0.000691 0.053860 4.044067 4.493408
513 505 0.001092 0.051221 4.008362 4.453735
514 506 0.000977 0.050280 3.985931 4.428813
515 507 0.000000 0.042050 3.978027 4.420031
516 508 0.000000 0.035300 3.986664 4.429626
517 509 0.000000 0.037157 4.003723 4.448581
518 510 0.000488 0.023261 4.039368 4.488186
519 511 0.000000 0.030110 4.078979 4.532199
520 512 0.000977 0.034543 4.136597 4.596219
521 513 0.000000 0.027691 4.198395 4.664883
522 514 0.000691 0.025389 4.267578 4.741754
523 515 0.000977 0.031520 4.345947 4.828830
524 516 0.000488 0.025794 4.424316 4.915907
525 517 0.000000 0.025291 4.505096 5.005663
526 518 0.000846 0.037193 4.586426 5.096029
527 519 0.000977 0.030409 4.679321 5.199246
528 520 0.000691 0.034638 4.765228 5.294698
529 521 0.001196 0.026733 4.853394 5.392660
530 522 0.000488 0.028779 4.939056 5.487841
531 523 0.000691 0.035376 5.021271 5.579190
532 524 0.001092 0.042883 5.106018 5.673353
533 525 0.000691 0.031409 5.197540 5.775045
534 526 0.000000 0.036888 5.296722 5.885247
535 527 0.000488 0.038551 5.376709 5.974121
536 528 0.000000 0.043877 5.458038 6.064487
537 529 0.000977 0.030479 5.533722 6.148580
538 530 0.000977 0.036806 5.604767 6.227519
539 531 0.001544 0.039549 5.678741 6.309713
540 532 0.000977 0.041637 5.757874 6.397637
541 533 0.000488 0.033519 5.834595 6.482883
542 534 0.000977 0.040086 5.900848 6.556498
543 535 0.000977 0.032473 5.973145 6.636827
544 536 0.001292 0.024366 6.041412 6.712680
545 537 0.000488 0.019361 6.111023 6.790026
546 538 0.000000 0.021649 6.185760 6.873067
547 539 0.000977 0.024420 6.257111 6.952345
548 540 0.000000 0.012111 6.318634 7.020704
549 541 0.000846 0.008160 6.385132 7.094591
550 542 0.000691 0.011397 6.443756 7.159729
551 543 0.000691 0.004047 6.510559 7.233954
552 544 0.000000 0.018090 6.578003 7.308892
553 545 0.000691 0.016017 6.642853 7.380948
554 546 0.000691 0.015146 6.702942 7.447713
555 547 0.000488 0.010485 6.762604 7.514004
556 548 0.000000 0.036699 6.831970 7.591078
557 549 0.000691 0.028001 6.886200 7.651333
558 550 0.000846 0.029357 6.948914 7.721015
559 551 0.000846 0.042388 7.006714 7.785238
560 552 0.000691 0.038092 7.058868 7.843187
561 553 0.000000 0.040828 7.109802 7.899780
562 554 0.000977 0.047260 7.156708 7.951898
563 555 0.001544 0.056555 7.201477 8.001641
564 556 0.001544 0.051340 7.234985 8.038873
565 557 0.001619 0.053554 7.270905 8.078783
566 558 0.002238 0.052577 7.301575 8.112861
567 559 0.002128 0.045579 7.324585 8.138428
568 560 0.002290 0.052635 7.343994 8.159993
569 561 0.001691 0.039692 7.361420 8.179356
570 562 0.001465 0.064559 7.374207 8.193563
571 563 0.001827 0.065030 7.377228 8.196919
572 564 0.001381 0.057535 7.375916 8.195461
573 565 0.001381 0.065362 7.366455 8.184950
574 566 0.001891 0.075340 7.356445 8.173828
575 567 0.001953 0.061559 7.345093 8.161214
576 568 0.002392 0.073642 7.336334 8.151483
577 569 0.002392 0.080159 7.322266 8.135851
578 570 0.001544 0.067161 7.312683 8.125203
579 571 0.001827 0.064373 7.297913 8.108791
580 572 0.001891 0.080521 7.283051 8.092278
581 573 0.001619 0.071567 7.273987 8.082208
582 574 0.001544 0.072311 7.266632 8.074036
583 575 0.001691 0.063093 7.262238 8.069153
584 576 0.003383 0.059459 7.249542 8.055047
585 577 0.001196 0.046203 7.239014 8.043348
586 578 0.000691 0.041185 7.227234 8.030260
587 579 0.000691 0.049997 7.227722 8.030803
588 580 0.000000 0.053281 7.229584 8.032871
589 581 0.001381 0.079123 7.232849 8.036499
590 582 0.000691 0.092089 7.232239 8.035821
591 583 0.002762 0.110372 7.233917 8.037685
592 584 0.003686 0.132089 7.242462 8.047180
593 585 0.001196 0.144387 7.252502 8.058336
594 586 0.001381 0.162894 7.263763 8.070848
595 587 0.001292 0.184826 7.275970 8.084412
596 588 0.001381 0.202416 7.285461 8.094957
597 589 0.001196 0.188932 7.292694 8.102993
598 590 0.001619 0.193070 7.299225 8.110250
599 591 0.001196 0.209473 7.300873 8.112081
600 592 0.001196 0.217097 7.303345 8.114827
601 593 0.001691 0.217267 7.303711 8.115234
602 594 0.000977 0.201201 7.300079 8.111199
603 595 0.001465 0.160459 7.293976 8.104418
604 596 0.001544 0.128832 7.281647 8.090718
605 597 0.001691 0.118023 7.275177 8.083530
606 598 0.001292 0.103227 7.266327 8.073696
607 599 0.000691 0.067991 7.258179 8.064643
608 600 0.001196 0.045800 7.252258 8.058064
609 601 0.000977 0.039441 7.245697 8.050775
610 602 0.000846 0.039133 7.247894 8.053216
611 603 0.000000 0.035815 7.248749 8.054165
612 604 0.000488 0.038157 7.263763 8.070848
613 605 0.000488 0.047978 7.272583 8.080647
614 606 0.000488 0.053289 7.289215 8.099128
615 607 0.000691 0.054917 7.299591 8.110657
616 608 0.000000 0.048162 7.303986 8.115540
617 609 0.000488 0.042797 7.297363 8.108181
618 610 0.000488 0.039744 7.285461 8.094957
619 611 0.000000 0.051984 7.263031 8.070034
620 612 0.000488 0.056813 7.230896 8.034328
621 613 0.000000 0.069810 7.203217 8.003574
622 614 0.000846 0.065541 7.171875 7.968750
623 615 0.000488 0.099240 7.139008 7.932230
624 616 0.001092 0.087653 7.104767 7.894186
625 617 0.001465 0.108302 7.071381 7.857090
626 618 0.000977 0.094725 7.037842 7.819824
627 619 0.000488 0.105266 7.013123 7.792358
628 620 0.001196 0.115210 6.987579 7.763977
629 621 0.000977 0.079775 6.960175 7.733527
630 622 0.000000 0.115406 6.916046 7.684496
631 623 0.001381 0.088667 6.875183 7.639092
632 624 0.000488 0.082966 6.835938 7.595486
633 625 0.001691 0.082422 6.806793 7.563104
634 626 0.000691 0.069579 6.786896 7.540995
635 627 0.000488 0.058437 6.765625 7.517361
636 628 0.000691 0.043881 6.742920 7.492133
637 629 0.000977 0.041547 6.712646 7.458496
638 630 0.001827 0.035939 6.702850 7.447611
639 631 0.000691 0.030257 6.711975 7.457750
640 632 0.000977 0.045828 6.729492 7.477213
641 633 0.000000 0.025644 6.751160 7.501288
642 634 0.000691 0.039517 6.766327 7.518141
643 635 0.000000 0.038815 6.806580 7.562866
644 636 0.000977 0.054991 6.832214 7.591349
645 637 0.000000 0.059587 6.922913 7.692125
646 638 0.001691 0.036114 6.951965 7.724406
647 639 0.000846 0.050940 7.000519 7.778354
648 640 0.001196 0.052367 7.048218 7.831353
649 641 0.000691 0.067725 7.102325 7.891473
650 642 0.001092 0.062979 7.144684 7.938538
651 643 0.000488 0.074335 7.167755 7.964172
652 644 0.000000 0.066955 7.212341 8.013713
653 645 0.000488 0.125790 7.201385 8.001539
654 646 0.001092 0.092317 7.251892 8.057658
655 647 0.001196 0.078415 7.261139 8.067932
656 648 0.001544 0.071553 7.264862 8.072069
657 649 0.000846 0.076736 7.251678 8.057421
658 650 0.001092 0.068271 7.250732 8.056370
659 651 0.000000 0.060629 7.247589 8.052876
660 652 0.000000 0.077317 7.231964 8.035516
661 653 0.000691 0.095539 7.209778 8.010864
662 654 0.000691 0.107745 7.168152 7.964613
663 655 0.000691 0.103166 7.128174 7.920193
664 656 0.000000 0.113476 7.078552 7.865058
665 657 0.000977 0.103561 7.036102 7.817892
666 658 0.000977 0.101158 6.968475 7.742750
667 659 0.000846 0.095866 6.890503 7.656115
668 660 0.000488 0.095006 6.813477 7.570529
669 661 0.000691 0.098992 6.730072 7.477858
670 662 0.000691 0.083789 6.649994 7.388882
671 663 0.000846 0.093821 6.576141 7.306824
672 664 0.001196 0.093846 6.507263 7.230292
673 665 0.000488 0.087324 6.436401 7.151557
674 666 0.000691 0.070316 6.384033 7.093370
675 667 0.000691 0.070063 6.331390 7.034878
676 668 0.001292 0.068884 6.280090 6.977878
677 669 0.000488 0.060468 6.236237 6.929152
678 670 0.002290 0.085542 6.207733 6.897481
679 671 0.002441 0.082151 6.174835 6.860928
680 672 0.002290 0.081216 6.143127 6.825697
681 673 0.001465 0.076581 6.133240 6.814711
682 674 0.001196 0.081987 6.098328 6.775919
683 675 0.000691 0.085762 6.089233 6.765815
684 676 0.000691 0.082044 6.097412 6.774902
685 677 0.000977 0.093352 6.109924 6.788805
686 678 0.001691 0.097541 6.118164 6.797960
687 679 0.000846 0.090195 6.113892 6.793213
688 680 0.001544 0.084316 6.097595 6.775106
689 681 0.001381 0.063810 6.066040 6.740045
690 682 0.001465 0.055405 6.054626 6.727363
691 683 0.000691 0.036577 6.002197 6.669108
692 684 0.001196 0.026808 5.934753 6.594171
693 685 0.000691 0.022031 5.862122 6.513468
694 686 0.000691 0.042795 5.784180 6.426867
695 687 0.000691 0.057343 5.694763 6.327515
696 688 0.000977 0.048860 5.625122 6.250135
697 689 0.000000 0.050974 5.555359 6.172621
698 690 0.001092 0.050447 5.442932 6.047702
699 691 0.000488 0.066756 5.365173 5.961304
700 692 0.000691 0.060828 5.300781 5.889757
701 693 0.000488 0.070606 5.196045 5.773383
702 694 0.000000 0.059004 5.117676 5.686306
703 695 0.000488 0.065653 5.018738 5.576375
704 696 0.000000 0.070148 4.927124 5.474582
705 697 0.000691 0.082146 4.817810 5.353122
706 698 0.000000 0.075341 4.749939 5.277710
707 699 0.000488 0.070586 4.661682 5.179647
708 700 0.000691 0.092009 4.555542 5.061713
709 701 0.000488 0.067913 4.484131 4.982368
710 702 0.000691 0.083637 4.370056 4.855618
711 703 0.000691 0.068439 4.298645 4.776272
712 704 0.000488 0.062876 4.211792 4.679769
713 705 0.000488 0.065284 4.118774 4.576416
714 706 0.000691 0.064579 4.027649 4.475165
715 707 0.000691 0.071696 3.933228 4.370253
716 708 0.000691 0.064086 3.841614 4.268460
717 709 0.000691 0.056201 3.751160 4.167955
718 710 0.000977 0.076598 3.653503 4.059448
719 711 0.000977 0.066214 3.554504 3.949449
720 712 0.000000 0.070442 3.449768 3.833076
721 713 0.000691 0.077802 3.347656 3.719618
722 714 0.000488 0.061810 3.252808 3.614231
723 715 0.000488 0.063417 3.152954 3.503282
724 716 0.000488 0.070450 3.052002 3.391113
725 717 0.000488 0.097332 2.947266 3.274740
726 718 0.000488 0.064700 2.862488 3.180542
727 719 0.000000 0.062824 2.774475 3.082750
728 720 0.000000 0.059482 2.686584 2.985094
729 721 0.000488 0.049934 2.612427 2.902696
730 722 0.000691 0.057189 2.535461 2.817179
731 723 0.001381 0.061865 2.472046 2.746718
732 724 0.000691 0.063515 2.420166 2.689073
733 725 0.001196 0.028258 2.375061 2.638957
734 726 0.000846 0.031743 2.336792 2.596436
735 727 0.000977 0.031743 2.307251 2.563612
736 728 0.001092 0.026511 2.289490 2.543878
737 729 0.000977 0.032387 2.274841 2.527601
738 730 0.000977 0.035473 2.266113 2.517904
739 731 0.001196 0.026529 2.261902 2.513224
740 732 0.000691 0.036622 2.271484 2.523871
741 733 0.000000 0.046833 2.283813 2.537570
742 734 0.000000 0.051406 2.303406 2.559340
743 735 0.000000 0.055071 2.334961 2.594401
744 736 0.000691 0.053747 2.374390 2.638211
745 737 0.000691 0.047477 2.418335 2.687039
746 738 0.000846 0.041270 2.448914 2.721015
747 739 0.001092 0.042919 2.487976 2.764418
748 740 0.001092 0.025589 2.513489 2.792765
749 741 0.000977 0.026289 2.526367 2.807075
750 742 0.001196 0.041011 2.535339 2.817044
751 743 0.002128 0.049964 2.527283 2.808092
752 744 0.002342 0.051424 2.500977 2.778863
753 745 0.001761 0.049900 2.460754 2.734172
754 746 0.002072 0.057651 2.416870 2.685411
755 747 0.001544 0.071242 2.362549 2.625054
756 748 0.000846 0.092530 2.271545 2.523939
757 749 0.001092 0.097383 2.252808 2.503119
758 750 0.001292 0.107441 2.212280 2.458089
759 751 0.002490 0.112430 2.180298 2.422553
760 752 0.002013 0.133210 2.152283 2.391425
761 753 0.001953 0.128676 2.151428 2.390476
762 754 0.002584 0.128292 2.166809 2.407566
763 755 0.002490 0.110672 2.175171 2.416857
764 756 0.002128 0.098420 2.229980 2.477756
765 757 0.001891 0.075236 2.227112 2.474569
766 758 0.001891 0.058718 2.231262 2.479180
767 759 0.000977 0.052912 2.235107 2.483453
768 760 0.001953 0.013511 2.220154 2.466838
769 761 0.001465 0.008852 2.186096 2.428996
770 762 0.001292 0.020928 2.149841 2.388713
771 763 0.000977 0.030165 2.101685 2.335205
772 764 0.001381 0.028910 2.034180 2.260200
773 765 0.001196 0.024705 1.966125 2.184584
774 766 0.000846 0.022450 1.892822 2.103136
775 767 0.001544 0.021940 1.797180 1.996867
776 768 0.002184 0.022457 1.726868 1.918742
777 769 0.002441 0.029904 1.654968 1.838854
778 770 0.006020 0.060590 1.551880 1.724311
779 771 0.002013 0.062828 1.466858 1.629842
780 772 0.001619 0.081378 1.378723 1.531915
781 773 0.001619 0.075553 1.285828 1.428697
782 774 0.002719 0.072806 1.207886 1.342095
783 775 0.000691 0.095369 1.155945 1.284383
784 776 0.001196 0.124343 1.083557 1.203952
785 777 0.000691 0.120098 1.005859 1.117622
786 778 0.004580 0.098990 0.960388 1.067098
787 779 0.000691 0.112032 0.911133 1.012370
788 780 0.000846 0.112285 0.869202 0.965780
789 781 0.001381 0.124727 0.826965 0.918850
790 782 0.000977 0.125626 0.781311 0.868123
791 783 0.001827 0.102777 0.719666 0.799628
792 784 0.001691 0.076996 0.676514 0.751682
793 785 0.002128 0.066383 0.632629 0.702922
794 786 0.001381 0.074387 0.587097 0.652330
795 787 0.001691 0.054086 0.547180 0.607978
796 788 0.001691 0.040095 0.512085 0.568983
797 789 0.001292 0.028262 0.477112 0.530124
798 790 0.000691 0.015628 0.445923 0.495470
799 791 0.000846 0.009445 0.421570 0.468411
800 792 0.001292 0.015457 0.396240 0.440267
