10 2 0.000977 0.073321 10.617675 11.797417
11 3 0.000000 0.080880 10.639623 11.821803
12 4 0.000000 0.081180 10.670519 11.856133
13 5 0.000846 0.079467 10.701481 11.890534
14 6 0.000691 0.082953 10.726843 11.918715
15 7 0.000000 0.071581 10.748670 11.942966
16 8 0.000977 0.073104 10.772662 11.969625
17 9 0.000846 0.096593 10.802761 12.003068
18 10 0.000846 0.051312 10.831457 12.034952
19 11 0.001691 0.052898 10.869666 12.077407
20 12 0.000488 0.049709 10.891055 12.101172
21 13 0.000977 0.030463 10.913992 12.126657
22 14 0.000691 0.058392 10.936998 12.152221
23 15 0.000691 0.050987 10.964857 12.183174
24 16 0.001092 0.045896 10.995800 12.217556
25 17 0.001953 0.032273 11.013760 12.237511
26 18 0.001761 0.035675 11.040548 12.267276
27 19 0.001381 0.063335 11.061207 12.290230
28 20 0.000488 0.045025 11.087687 12.319652
29 21 0.001196 0.049938 11.108938 12.343265
30 22 0.000691 0.052807 11.136297 12.373664
31 23 0.000691 0.049852 11.163216 12.403573
32 24 0.000488 0.044326 11.185280 12.428089
33 25 0.000691 0.053241 11.212360 12.458179
34 26 0.000846 0.060419 11.232212 12.480236
35 27 0.000000 0.059255 11.250740 12.500822
36 28 0.000000 0.055337 11.275284 12.528093
37 29 0.001196 0.062814 11.302120 12.557911
38 30 0.000977 0.061376 11.325451 12.583835
39 31 0.000488 0.081025 11.347538 12.608376
40 32 0.000691 0.072279 11.367409 12.630454
41 33 0.000977 0.081285 11.389675 12.655194
42 34 0.000977 0.085889 11.405499 12.672776
43 35 0.000846 0.082367 11.417820 12.686466
44 36 0.000846 0.097435 11.424713 12.694126
45 37 0.001381 0.084453 11.426918 12.696575
46 38 0.000977 0.095347 11.424854 12.694283
47 39 0.000488 0.096723 11.415913 12.684347
48 40 0.000977 0.112383 11.405960 12.673289
49 41 0.000977 0.089495 11.387718 12.653020
50 42 0.000488 0.095810 11.371754 12.635282
51 43 0.000977 0.104364 11.357750 12.619722
52 44 0.000691 0.098990 11.338032 12.597813
53 45 0.000691 0.113323 11.313320 12.570355
54 46 0.000846 0.090707 11.291801 12.546446
55 47 0.001827 0.089779 11.274033 12.526703
56 48 0.001691 0.078869 11.252785 12.503094
57 49 0.000691 0.114721 11.233238 12.481376
58 50 0.001196 0.097838 11.210770 12.456410
59 51 0.000846 0.082786 11.182175 12.424639
60 52 0.001092 0.082126 11.158638 12.398487
61 53 0.000691 0.074497 11.145065 12.383406
62 54 0.001196 0.090681 11.124481 12.360535
63 55 0.001196 0.076556 11.107018 12.341130
64 56 0.000000 0.088680 11.089676 12.321862
65 57 0.000977 0.075743 11.072815 12.303127
66 58 0.001092 0.057899 11.051270 12.279188
67 59 0.000488 0.037309 11.031876 12.257640
68 60 0.000691 0.072980 11.007797 12.230886
69 61 0.000691 0.053850 10.978897 12.198774
70 62 0.000000 0.052342 10.950157 12.166842
71 63 0.000488 0.054828 10.917297 12.130330
72 64 0.000846 0.068881 10.888222 12.098024
73 65 0.000691 0.067394 10.856125 12.062361
74 66 0.000846 0.093219 10.832481 12.036091
75 67 0.001544 0.110661 10.806961 12.007734
76 68 0.001092 0.114558 10.783516 11.981685
77 69 0.001092 0.118264 10.762230 11.958034
78 70 0.001691 0.153740 10.753723 11.948582
79 71 0.001465 0.140859 10.743172 11.936857
80 72 0.001196 0.142154 10.731781 11.924201
81 73 0.001092 0.150991 10.718788 11.909764
82 74 0.000691 0.140547 10.702118 11.891242
83 75 0.000000 0.114790 10.685143 11.872380
84 76 0.000691 0.102357 10.677940 11.864378
85 77 0.000488 0.098847 10.674538 11.860598
86 78 0.000488 0.076676 10.664185 11.849094
87 79 0.000691 0.069174 10.656769 11.840855
88 80 0.000000 0.050213 10.661491 11.846102
89 81 0.000691 0.062665 10.693535 11.881705
90 82 0.000691 0.086082 10.720917 11.912129
91 83 0.000488 0.124304 10.756790 11.951989
92 84 0.000000 0.110422 10.778954 11.976615
93 85 0.000488 0.140060 10.801903 12.002114
94 86 0.000000 0.160892 10.824867 12.027630
95 87 0.000691 0.210568 10.848740 12.054155
96 88 0.000691 0.173083 10.854347 12.060386
97 89 0.000977 0.156815 10.844231 12.049145
98 90 0.000488 0.141560 10.840248 12.044720
99 91 0.000000 0.143474 10.834267 12.038074
100 92 0.000488 0.151640 10.826698 12.029665
101 93 0.000488 0.131298 10.822800 12.025333
102 94 0.000977 0.119729 10.815781 12.017534
103 95 0.001196 0.121329 10.808640 12.009600
104 96 0.000000 0.127349 10.809250 12.010278
105 97 0.001196 0.119970 10.802902 12.003224
106 98 0.000846 0.124653 10.798935 11.998816
107 99 0.000691 0.106328 10.788940 11.987712
108 100 0.001196 0.107644 10.795853 11.995392
109 101 0.000691 0.106637 10.793213 11.992458
110 102 0.000846 0.116144 10.788177 11.986864
111 103 0.000977 0.096056 10.781372 11.979302
112 104 0.000691 0.097196 10.777969 11.975521
113 105 0.001092 0.098814 10.777374 11.974860
114 106 0.001544 0.097022 10.778107 11.975674
115 107 0.000846 0.069027 10.784683 11.982982
116 108 0.000977 0.055371 10.780731 11.978590
117 109 0.000977 0.047967 10.778183 11.975759
118 110 0.001953 0.038085 10.783401 11.981557
119 111 0.000488 0.052201 10.789505 11.988338
120 112 0.000691 0.062558 10.794312 11.993679
121 113 0.000691 0.074469 10.798386 11.998206
122 114 0.001196 0.078315 10.808014 12.008904
123 115 0.000977 0.092596 10.819061 12.021179
124 116 0.001381 0.084543 10.830261 12.033624
125 117 0.001196 0.099971 10.843231 12.048035
126 118 0.001761 0.116282 10.857300 12.063666
127 119 0.001827 0.152472 10.876480 12.084978
128 120 0.000691 0.128219 10.902069 12.113410
129 121 0.001544 0.142293 10.930450 12.144945
130 122 0.001092 0.146723 10.948639 12.165154
131 123 0.001691 0.149328 10.962997 12.181108
132 124 0.001196 0.167320 10.983994 12.204437
133 125 0.001544 0.164429 11.003677 12.226308
134 126 0.001196 0.145974 11.027618 12.252910
135 127 0.000691 0.129444 11.052780 12.280867
136 128 0.001691 0.136428 11.071899 12.302111
137 129 0.000846 0.126272 11.091766 12.324184
138 130 0.001381 0.112110 11.116837 12.352040
139 131 0.000691 0.109582 11.145966 12.384406
140 132 0.000488 0.137458 11.172821 12.414246
141 133 0.000691 0.148099 11.202087 12.446764
142 134 0.000488 0.120076 11.232224 12.480248
143 135 0.000691 0.137759 11.257706 12.508562
144 136 0.000000 0.161641 11.284286 12.538096
145 137 0.000000 0.193382 11.305252 12.561391
146 138 0.000691 0.181870 11.327576 12.586195
147 139 0.001761 0.181920 11.356659 12.618510
148 140 0.000000 0.151635 11.386520 12.651690
149 141 0.000000 0.132662 11.415604 12.684004
150 142 0.000000 0.141353 11.434906 12.705451
151 143 0.000691 0.125279 11.463196 12.736884
152 144 0.001092 0.095616 11.490692 12.767436
153 145 0.000691 0.080969 11.525543 12.806159
154 146 0.000691 0.069058 11.563522 12.848358
155 147 0.000977 0.040030 11.590439 12.878265
156 148 0.000691 0.066679 11.621643 12.912937
157 149 0.000846 0.064155 11.656281 12.951423
158 150 0.000977 0.047977 11.693542 12.992825
159 151 0.000977 0.049185 11.726151 13.029057
160 152 0.000000 0.059600 11.754044 13.060048
161 153 0.000000 0.056177 11.785034 13.094482
162 154 0.000000 0.047442 11.807297 13.119219
163 155 0.000977 0.045933 11.836288 13.151432
164 156 0.000000 0.049997 11.857361 13.174846
165 157 0.000691 0.056694 11.876236 13.195818
166 158 0.000000 0.049189 11.892029 13.213366
167 159 0.000977 0.060063 11.905792 13.228658
168 160 0.000488 0.064250 11.925064 13.250072
169 161 0.000691 0.067282 11.934555 13.260616
170 162 0.000488 0.080971 11.951736 13.279707
171 163 0.000977 0.089046 11.967941 13.297712
172 164 0.000691 0.076931 11.983170 13.314632
173 165 0.000691 0.085542 12.002487 13.336097
174 166 0.000846 0.087744 12.022537 13.358375
175 167 0.000977 0.073594 12.044479 13.382755
176 168 0.001544 0.066522 12.062561 13.402845
177 169 0.001196 0.059576 12.087936 13.431041
178 170 0.000846 0.055206 12.111237 13.456929
179 171 0.001196 0.062372 12.125992 13.473324
180 172 0.000691 0.059650 12.148804 13.498671
181 173 0.000846 0.060685 12.165955 13.517727
182 174 0.000846 0.069785 12.187851 13.542057
183 175 0.000846 0.075732 12.203094 13.558994
184 176 0.001381 0.087957 12.222809 13.580898
185 177 0.001196 0.083492 12.239914 13.599904
186 178 0.001827 0.085041 12.254395 13.615993
187 179 0.001465 0.090089 12.268753 13.631948
188 180 0.001827 0.093797 12.278397 13.642663
189 181 0.000977 0.081919 12.288986 13.654429
190 182 0.001691 0.075212 12.302124 13.669026
191 183 0.000691 0.091545 12.311890 13.679877
192 184 0.001292 0.106931 12.317200 13.685778
193 185 0.000488 0.114507 12.318695 13.687439
194 186 0.000488 0.119522 12.321289 13.690321
195 187 0.000977 0.131082 12.333221 13.703579
196 188 0.000977 0.130531 12.337860 13.708734
197 189 0.000846 0.151032 12.346558 13.718397
198 190 0.001953 0.171038 12.342621 13.714024
199 191 0.000000 0.165718 12.351929 13.724365
200 192 0.000488 0.149406 12.363098 13.736775
201 193 0.001196 0.157491 12.377686 13.752984
202 194 0.001381 0.158670 12.386871 13.763190
203 195 0.001196 0.152802 12.385223 13.761359
204 196 0.001092 0.152531 12.397522 13.775024
205 197 0.001292 0.142845 12.404572 13.782857
206 198 0.001292 0.134170 12.419434 13.799371
207 199 0.001381 0.096815 12.428009 13.808899
208 200 0.001292 0.107020 12.439697 13.821886
209 201 0.001092 0.096967 12.454773 13.838636
210 202 0.001691 0.087032 12.475800 13.862000
211 203 0.001691 0.068210 12.508667 13.898519
212 204 0.001544 0.065921 12.540466 13.933851
213 205 0.001691 0.062630 12.570984 13.967760
214 206 0.001619 0.070607 12.606140 14.006823
215 207 0.001465 0.074656 12.643646 14.048496
216 208 0.001544 0.083455 12.680298 14.089220
217 209 0.000977 0.089650 12.714111 14.126790
218 210 0.001092 0.091773 12.749908 14.166565
219 211 0.001544 0.093190 12.786407 14.207119
220 212 0.000691 0.099495 12.811584 14.235094
221 213 0.001196 0.109070 12.851166 14.279073
222 214 0.001196 0.100155 12.886414 14.318237
223 215 0.001544 0.106747 12.918915 14.354350
224 216 0.000488 0.112242 12.948151 14.386834
225 217 0.001465 0.115636 12.974976 14.416639
226 218 0.001292 0.112479 12.999054 14.443394
227 219 0.001544 0.118299 13.010651 14.456279
228 220 0.001827 0.116619 13.027588 14.475098
229 221 0.000691 0.112383 13.033264 14.481404
230 222 0.001092 0.117436 13.032745 14.480828
231 223 0.001196 0.119094 13.030457 14.478285
232 224 0.001827 0.109243 13.020599 14.467333
233 225 0.000691 0.099107 13.010773 14.456414
234 226 0.000846 0.104139 12.992279 14.435865
235 227 0.000691 0.105532 12.973785 14.415318
236 228 0.000691 0.107000 12.956696 14.396328
237 229 0.000691 0.101962 12.934784 14.371983
238 230 0.000000 0.085532 12.925537 14.361708
239 231 0.000000 0.081745 12.905334 14.339260
240 232 0.000691 0.086360 12.886292 14.318102
241 233 0.000000 0.098841 12.868958 14.298841
242 234 0.000691 0.083411 12.855438 14.283820
243 235 0.000977 0.092438 12.845947 14.273274
244 236 0.000846 0.092706 12.829102 14.254558
245 237 0.001292 0.077647 12.819977 14.244419
246 238 0.000977 0.091943 12.794159 14.215733
247 239 0.000977 0.087280 12.780731 14.200812
248 240 0.001196 0.083151 12.772369 14.191522
249 241 0.001092 0.090607 12.760468 14.178297
250 242 0.000691 0.094501 12.752136 14.169041
251 243 0.000846 0.092561 12.739563 14.155070
252 244 0.000488 0.091340 12.742737 14.158596
253 245 0.001381 0.102931 12.741425 14.157139
254 246 0.000488 0.098326 12.747162 14.163513
255 247 0.000000 0.104707 12.759888 14.177653
256 248 0.001619 0.087454 12.757568 14.175076
257 249 0.001381 0.104065 12.807190 14.230211
258 250 0.001827 0.103666 12.825928 14.251031
259 251 0.001292 0.105455 12.796478 14.218309
260 252 0.000977 0.098825 12.804871 14.227634
261 253 0.001619 0.086309 12.813202 14.236891
262 254 0.001196 0.097287 12.830048 14.255609
263 255 0.000691 0.095750 12.837463 14.263848
264 256 0.001292 0.102072 12.869293 14.299214
265 257 0.001827 0.082352 12.839325 14.265917
266 258 0.001619 0.092255 12.845978 14.273309
267 259 0.001196 0.078996 12.907928 14.342143
268 260 0.001292 0.098909 12.921875 14.357639
269 261 0.001544 0.085910 12.946198 14.384664
270 262 0.001292 0.140960 12.954010 14.393345
