10 2 0.011038 0.115558 9.538939 10.598821
11 3 0.008789 0.092609 9.539572 10.599524
12 4 0.008083 0.074691 9.539474 10.599416
13 5 0.007389 0.056546 9.537626 10.597363
14 6 0.007226 0.060447 9.538100 10.597889
15 7 0.007485 0.070831 9.538888 10.598764
16 8 0.006478 0.060936 9.543067 10.603408
17 9 0.005503 0.052474 9.545049 10.605610
18 10 0.002238 0.059938 9.548011 10.608901
19 11 0.000691 0.050999 9.550103 10.611226
20 12 0.000488 0.045465 9.552720 10.614134
21 13 0.000000 0.050062 9.553525 10.615027
22 14 0.000846 0.037318 9.558863 10.620958
23 15 0.000691 0.041066 9.564058 10.626732
24 16 0.000488 0.051149 9.563957 10.626619
25 17 0.000691 0.040730 9.561659 10.624065
26 18 0.000691 0.026079 9.566906 10.629895
27 19 0.000691 0.030149 9.576860 10.640956
28 20 0.001196 0.031947 9.571140 10.634601
29 21 0.000691 0.027642 9.571939 10.635489
30 22 0.000000 0.038115 9.573549 10.637277
31 23 0.001196 0.043775 9.571861 10.635402
32 24 0.001292 0.035943 9.574234 10.638038
33 25 0.000691 0.035533 9.581789 10.646432
34 26 0.000846 0.034721 9.579229 10.643588
35 27 0.000691 0.042302 9.571587 10.635097
36 28 0.000488 0.047520 9.580524 10.645027
37 29 0.000488 0.052079 9.585728 10.650808
38 30 0.000000 0.043991 9.587898 10.653220
39 31 0.000000 0.046707 9.591450 10.657166
40 32 0.000977 0.046736 9.598888 10.665432
41 33 0.000977 0.051204 9.602978 10.669975
42 34 0.001196 0.058311 9.604507 10.671675
43 35 0.000977 0.048076 9.608894 10.676549
44 36 0.001544 0.051022 9.612568 10.680631
45 37 0.000691 0.042791 9.617817 10.686463
46 38 0.001092 0.050257 9.621502 10.690557
47 39 0.000691 0.054519 9.625927 10.695475
48 40 0.001691 0.052480 9.628082 10.697869
49 41 0.000977 0.050176 9.629948 10.699942
50 42 0.000691 0.040235 9.637150 10.707944
51 43 0.001196 0.038048 9.639751 10.710835
52 44 0.000000 0.038750 9.642159 10.713510
53 45 0.000488 0.039206 9.638710 10.709678
54 46 0.001381 0.043536 9.634949 10.705499
55 47 0.001092 0.047206 9.632835 10.703151
56 48 0.000488 0.041803 9.622597 10.691774
57 49 0.000977 0.044194 9.611298 10.679219
58 50 0.000691 0.038660 9.599651 10.666279
59 51 0.001465 0.044184 9.587090 10.652322
60 52 0.000691 0.036100 9.573460 10.637177
61 53 0.000488 0.035415 9.557865 10.619850
62 54 0.000691 0.042385 9.543106 10.603451
63 55 0.000977 0.048796 9.518234 10.575816
64 56 0.000977 0.044382 9.496078 10.551198
65 57 0.001381 0.043712 9.477936 10.531040
66 58 0.000691 0.046718 9.461800 10.513111
67 59 0.001092 0.053867 9.444481 10.493868
68 60 0.000977 0.058972 9.420456 10.467174
69 61 0.000977 0.053593 9.398674 10.442971
70 62 0.000691 0.048029 9.372215 10.413572
71 63 0.001761 0.052822 9.353691 10.392990
72 64 0.000977 0.051602 9.338165 10.375739
73 65 0.001381 0.043543 9.317055 10.352283
74 66 0.000977 0.044128 9.291801 10.324224
75 67 0.000691 0.046952 9.268013 10.297792
76 68 0.000691 0.047350 9.252670 10.280745
77 69 0.001196 0.048361 9.241959 10.268843
78 70 0.001196 0.043101 9.238564 10.265071
79 71 0.000977 0.052315 9.235764 10.261959
80 72 0.000691 0.055686 9.232689 10.258543
81 73 0.000977 0.050021 9.232277 10.258085
82 74 0.000000 0.070936 9.238449 10.264943
83 75 0.000846 0.073717 9.248978 10.276642
84 76 0.000691 0.077902 9.267410 10.297123
85 77 0.000691 0.086772 9.289627 10.321808
86 78 0.000488 0.081082 9.316238 10.351376
87 79 0.000691 0.087865 9.345123 10.383471
88 80 0.000977 0.089660 9.381241 10.423601
89 81 0.000846 0.093932 9.426437 10.473820
90 82 0.001092 0.090745 9.467659 10.519621
91 83 0.000691 0.088827 9.512718 10.569687
92 84 0.000488 0.086729 9.551102 10.612335
93 85 0.000488 0.089482 9.588715 10.654127
94 86 0.000488 0.088047 9.622726 10.691918
95 87 0.000000 0.089155 9.653824 10.726471
96 88 0.000000 0.083910 9.680122 10.755692
97 89 0.000000 0.085543 9.701401 10.779334
98 90 0.000000 0.087939 9.724304 10.804783
99 91 0.000000 0.091149 9.744484 10.827205
100 92 0.000000 0.091497 9.765457 10.850508
101 93 0.000977 0.078946 9.783455 10.870505
102 94 0.000000 0.104808 9.797318 10.885908
103 95 0.000691 0.103015 9.821800 10.913112
104 96 0.000846 0.098577 9.843430 10.937144
105 97 0.000846 0.099328 9.864334 10.960371
106 98 0.000691 0.091767 9.887238 10.985820
107 99 0.000977 0.088485 9.911591 11.012878
108 100 0.000977 0.073537 9.932854 11.036504
109 101 0.000977 0.097636 9.951378 11.057087
110 102 0.000691 0.068938 9.976799 11.085332
111 103 0.000977 0.076109 9.993431 11.103812
112 104 0.001465 0.073314 10.015167 11.127964
113 105 0.000977 0.063897 10.037186 11.152429
114 106 0.001381 0.064012 10.054176 11.171307
115 107 0.000846 0.063873 10.070915 11.189906
116 108 0.000977 0.075094 10.088470 11.209412
117 109 0.000488 0.074011 10.112106 11.235674
118 110 0.000000 0.070485 10.132050 11.257833
119 111 0.000000 0.078643 10.148438 11.276042
120 112 0.000846 0.078450 10.158859 11.287621
121 113 0.001196 0.077232 10.166595 11.296217
122 114 0.000691 0.081768 10.173309 11.303677
123 115 0.000846 0.066934 10.173660 11.304067
124 116 0.000691 0.083348 10.172424 11.302693
125 117 0.000977 0.065205 10.164230 11.293590
126 118 0.000488 0.066610 10.152924 11.281026
127 119 0.000488 0.049801 10.147537 11.275042
128 120 0.000977 0.055234 10.138489 11.264988
129 121 0.000000 0.051332 10.132614 11.258460
130 122 0.000488 0.045056 10.126465 11.251628
131 123 0.000000 0.076790 10.120361 11.244846
132 124 0.000000 0.062700 10.118927 11.243252
133 125 0.000691 0.070476 10.115036 11.238929
134 126 0.000691 0.073124 10.111572 11.235081
135 127 0.000846 0.074507 10.105057 11.227840
136 128 0.000691 0.069727 10.105728 11.228587
137 129 0.000000 0.084758 10.102448 11.224941
138 130 0.000691 0.099913 10.101425 11.223805
139 131 0.000000 0.081509 10.102905 11.225451
140 132 0.000488 0.080434 10.103622 11.226247
141 133 0.000488 0.067425 10.105591 11.228435
142 134 0.000691 0.069525 10.111343 11.234826
143 135 0.000488 0.086215 10.113007 11.236674
144 136 0.000000 0.079682 10.113037 11.236708
145 137 0.000488 0.080723 10.112244 11.235826
146 138 0.001092 0.083514 10.117340 11.241489
147 139 0.000846 0.067685 10.117966 11.242184
148 140 0.001196 0.074577 10.113205 11.236895
149 141 0.000846 0.081517 10.111420 11.234911
150 142 0.000000 0.073685 10.106949 11.229943
151 143 0.001092 0.074267 10.107819 11.230909
152 144 0.000977 0.074965 10.100449 11.222721
153 145 0.000977 0.076376 10.089417 11.210463
154 146 0.000488 0.063970 10.071213 11.190236
155 147 0.000691 0.067085 10.054977 11.172197
156 148 0.000000 0.060194 10.041672 11.157413
157 149 0.000000 0.058387 10.025391 11.139323
158 150 0.000846 0.062351 10.002762 11.114180
159 151 0.000846 0.074412 9.972046 11.080051
160 152 0.000488 0.078789 9.946167 11.051296
161 153 0.000488 0.077492 9.923004 11.025560
162 154 0.000846 0.079059 9.894287 10.993652
163 155 0.000488 0.082890 9.864761 10.960846
164 156 0.000691 0.087177 9.830582 10.922869
165 157 0.000977 0.090653 9.792892 10.880992
166 158 0.001196 0.101151 9.755280 10.839199
167 159 0.000488 0.092273 9.716064 10.795628
168 160 0.000000 0.098199 9.672852 10.747613
169 161 0.000691 0.101493 9.624817 10.694241
170 162 0.000691 0.104369 9.574402 10.638225
171 163 0.000691 0.100547 9.513977 10.571086
172 164 0.000488 0.103912 9.443802 10.493114
173 165 0.000488 0.100775 9.365555 10.406172
174 166 0.000977 0.091070 9.275864 10.306515
175 167 0.000846 0.096239 9.178024 10.197804
176 168 0.001292 0.091307 9.074371 10.082635
177 169 0.000846 0.076924 8.965988 9.962209
178 170 0.000977 0.073250 8.854904 9.838782
179 171 0.000691 0.064412 8.741638 9.712932
180 172 0.000691 0.061848 8.636078 9.595642
181 173 0.000691 0.068458 8.528824 9.476471
182 174 0.000691 0.059288 8.420746 9.356384
183 175 0.000488 0.054919 8.307465 9.230516
184 176 0.000000 0.064430 8.189606 9.099562
185 177 0.000691 0.070738 8.060852 8.956502
186 178 0.000488 0.072184 7.922073 8.802303
187 179 0.000000 0.079721 7.775238 8.639153
188 180 0.000846 0.085064 7.612488 8.458320
189 181 0.000691 0.079850 7.443802 8.270891
190 182 0.000488 0.090943 7.270340 8.078156
191 183 0.000691 0.090893 7.100159 7.889065
192 184 0.000846 0.086581 6.928070 7.697855
193 185 0.000691 0.081527 6.764084 7.515649
194 186 0.000691 0.080531 6.601746 7.335273
195 187 0.000977 0.070743 6.446625 7.162916
196 188 0.000977 0.064851 6.303207 7.003564
197 189 0.000488 0.059821 6.177444 6.863827
198 190 0.000846 0.059466 6.070282 6.744758
199 191 0.000846 0.062037 5.978912 6.643236
200 192 0.000846 0.055303 5.902588 6.558431
201 193 0.000691 0.054097 5.839096 6.487885
202 194 0.000691 0.058575 5.791779 6.435309
203 195 0.000488 0.057136 5.756714 6.396349
204 196 0.000000 0.060503 5.728897 6.365441
205 197 0.000000 0.057297 5.700821 6.334246
206 198 0.000691 0.059300 5.673859 6.304287
207 199 0.000000 0.050934 5.643982 6.271091
208 200 0.000691 0.048084 5.613907 6.237674
209 201 0.000000 0.054355 5.587112 6.207903
210 202 0.000488 0.044677 5.564713 6.183014
211 203 0.000488 0.046326 5.551407 6.168230
212 204 0.000846 0.043288 5.544235 6.160261
213 205 0.000977 0.043884 5.546677 6.162974
214 206 0.000691 0.041609 5.553406 6.170451
215 207 0.000691 0.041744 5.565353 6.183726
216 208 0.000691 0.041364 5.585388 6.205987
217 209 0.000691 0.038732 5.612579 6.236199
218 210 0.000000 0.031114 5.645737 6.273041
219 211 0.001465 0.026434 5.680145 6.311273
220 212 0.000977 0.027290 5.717590 6.352878
221 213 0.000691 0.028226 5.757172 6.396857
222 214 0.001292 0.029111 5.800064 6.444516
223 215 0.000977 0.029961 5.848495 6.498328
224 216 0.000846 0.027560 5.901306 6.557007
225 217 0.001092 0.031580 5.960770 6.623077
226 218 0.000488 0.029626 6.022919 6.692132
227 219 0.000846 0.027493 6.082153 6.757948
228 220 0.001292 0.029019 6.143204 6.825782
229 221 0.001092 0.023112 6.196045 6.884494
230 222 0.000691 0.025827 6.256363 6.951514
231 223 0.000977 0.037223 6.321365 7.023739
232 224 0.000846 0.034564 6.389008 7.098897
233 225 0.000977 0.021019 6.450241 7.166934
234 226 0.001465 0.035429 6.503372 7.225969
235 227 0.000000 0.040932 6.555679 7.284088
236 228 0.000977 0.056058 6.595734 7.328593
237 229 0.001691 0.078455 6.638504 7.376116
238 230 0.001953 0.070122 6.671783 7.413093
239 231 0.001092 0.061195 6.697235 7.441372
240 232 0.000977 0.075502 6.711456 7.457174
241 233 0.001381 0.089529 6.716461 7.462735
242 234 0.002537 0.076229 6.723541 7.470602
243 235 0.001465 0.084584 6.728607 7.476230
244 236 0.001619 0.072775 6.741241 7.490268
245 237 0.001196 0.065092 6.752808 7.503119
246 238 0.000691 0.064246 6.761841 7.513156
247 239 0.001381 0.071525 6.772339 7.524821
248 240 0.001761 0.068094 6.783539 7.537265
249 241 0.001691 0.062508 6.799469 7.554965
250 242 0.000691 0.054773 6.810760 7.567512
251 243 0.000977 0.050501 6.819580 7.577311
252 244 0.000846 0.056876 6.828888 7.587653
253 245 0.000488 0.050365 6.833130 7.592367
254 246 0.000977 0.043278 6.836365 7.595961
255 247 0.000846 0.028446 6.832764 7.591959
256 248 0.000691 0.032403 6.827515 7.586127
257 249 0.000691 0.029520 6.816925 7.574361
258 250 0.000977 0.034710 6.800690 7.556322
259 251 0.000691 0.039867 6.781036 7.534485
260 252 0.001292 0.032085 6.745514 7.495016
261 253 0.001381 0.038421 6.705627 7.450697
262 254 0.000691 0.043365 6.654358 7.393731
263 255 0.000691 0.046411 6.588470 7.320523
264 256 0.000000 0.035895 6.507111 7.230123
265 257 0.000691 0.033978 6.411163 7.123515
266 258 0.000000 0.026284 6.302612 7.002903
267 259 0.000000 0.022786 6.177094 6.863437
268 260 0.000691 0.021969 6.045105 6.716784
269 261 0.000691 0.015961 5.899231 6.554701
270 262 0.000000 0.013794 5.749634 6.388482
271 263 0.000691 0.010524 5.603912 6.226569
272 264 0.000977 0.006097 5.466156 6.073507
273 265 0.001092 0.008487 5.329285 5.921427
274 266 0.000977 0.010445 5.204315 5.782572
275 267 0.001544 0.010123 5.077515 5.641683
276 268 0.001761 0.013338 4.968445 5.520494
277 269 0.002184 0.027955 4.869598 5.410665
278 270 0.002537 0.034371 4.763550 5.292833
279 271 0.002674 0.037051 4.673645 5.192939
280 272 0.002762 0.047335 4.581909 5.091010
281 273 0.002674 0.051209 4.476074 4.973416
282 274 0.003555 0.054867 4.387695 4.875217
283 275 0.003010 0.076548 4.289276 4.765862
284 276 0.003383 0.066970 4.211823 4.679803
285 277 0.003239 0.100753 4.141907 4.602118
286 278 0.003275 0.081299 4.059326 4.510363
287 279 0.003202 0.103893 3.999115 4.443461
288 280 0.002930 0.118806 3.945404 4.383782
289 281 0.002930 0.112776 3.887482 4.319424
290 282 0.002072 0.124627 3.846832 4.274258
291 283 0.002674 0.120443 3.803772 4.226413
292 284 0.002762 0.151526 3.772186 4.191318
293 285 0.002674 0.129237 3.736298 4.151442
294 286 0.001544 0.137052 3.701477 4.112752
295 287 0.001891 0.142785 3.662201 4.069112
296 288 0.002889 0.144796 3.619537 4.021708
297 289 0.003383 0.127739 3.583191 3.981323
298 290 0.004056 0.136812 3.530701 3.923001
299 291 0.004114 0.128577 3.501617 3.890686
300 292 0.003967 0.133200 3.449493 3.832770
301 293 0.003521 0.144574 3.409058 3.787842
302 294 0.005027 0.149188 3.409851 3.788723
303 295 0.006176 0.180775 3.400757 3.778619
304 296 0.006176 0.138630 3.406677 3.785197
305 297 0.005736 0.124161 3.463135 3.847928
306 298 0.003876 0.148851 3.507507 3.897230
307 299 0.004422 0.133862 3.592957 3.992174
308 300 0.005546 0.123923 3.663086 4.070096
309 301 0.005481 0.122556 3.739532 4.155036
310 302 0.004980 0.113190 3.848663 4.276293
311 303 0.003487 0.089343 3.935852 4.373169
312 304 0.001092 0.199348 4.060394 4.511549
313 305 0.001381 0.160102 4.157227 4.619141
314 306 0.001465 0.130517 4.280609 4.756232
315 307 0.003202 0.101647 4.418152 4.909058
316 308 0.004422 0.190619 4.564728 5.071920
317 309 0.004734 0.188116 4.749908 5.277676
318 310 0.005003 0.162110 4.894257 5.438063
319 311 0.005736 0.203646 5.093445 5.659383
320 312 0.004858 0.095288 5.247650 5.830722
321 313 0.004257 0.106582 5.432648 6.036275
322 314 0.003202 0.159622 5.636688 6.262987
323 315 0.002889 0.134647 5.805939 6.451043
324 316 0.003453 0.086043 6.016693 6.685215
325 317 0.003555 0.085008 6.180878 6.867642
326 318 0.003127 0.110046 6.392700 7.103000
327 319 0.003588 0.062643 6.563019 7.292243
328 320 0.003906 0.100279 6.758453 7.509393
329 321 0.003782 0.131501 6.972687 7.747430
330 322 0.004143 0.098571 7.144592 7.938436
331 323 0.003010 0.107998 7.344360 8.160400
332 324 0.002674 0.112299 7.510406 8.344896
333 325 0.002184 0.106998 7.704681 8.560757
334 326 0.002184 0.109368 7.886749 8.763055
335 327 0.002674 0.111000 8.080597 8.978441
336 328 0.001092 0.099460 8.279419 9.199354
337 329 0.001827 0.095618 8.451996 9.391107
338 330 0.001544 0.086160 8.650391 9.611546
339 331 0.002184 0.084286 8.826965 9.807739
340 332 0.001292 0.062934 9.007904 10.008782
341 333 0.001465 0.059329 9.176605 10.196228
342 334 0.001544 0.056173 9.329559 10.366177
343 335 0.000846 0.059418 9.488739 10.543043
344 336 0.001891 0.073443 9.631042 10.701159
345 337 0.000977 0.095988 9.774963 10.861071
346 338 0.001292 0.114006 9.905334 11.005927
347 339 0.000977 0.128794 10.035797 11.150886
348 340 0.001196 0.124033 10.167206 11.296895
349 341 0.000488 0.132947 10.289581 11.432868
350 342 0.001092 0.115414 10.395416 11.550463
351 343 0.000488 0.155517 10.479095 11.643439
352 344 0.000000 0.135481 10.545715 11.717462
353 345 0.000691 0.137343 10.606049 11.784498
354 346 0.000977 0.147510 10.649597 11.832886
355 347 0.000691 0.134463 10.682159 11.869066
356 348 0.000488 0.143387 10.704590 11.893989
357 349 0.000977 0.145161 10.720886 11.912096
358 350 0.000977 0.142477 10.738373 11.931525
359 351 0.001196 0.107685 10.755463 11.950514
360 352 0.000977 0.122199 10.783447 11.981608
361 353 0.000977 0.101851 10.793304 11.992560
362 354 0.000977 0.095804 10.811768 12.013075
363 355 0.000977 0.091284 10.837402 12.041558
364 356 0.001292 0.080484 10.858734 12.065260
365 357 0.001544 0.077585 10.883087 12.092319
366 358 0.001092 0.083264 10.904663 12.116292
367 359 0.001381 0.077236 10.938202 12.153558
368 360 0.001381 0.064482 10.961853 12.179836
369 361 0.001465 0.069092 10.994476 12.216084
370 362 0.001381 0.071824 11.025330 12.250366
371 363 0.001292 0.081611 11.050385 12.278205
372 364 0.000846 0.077065 11.080536 12.311707
373 365 0.000977 0.071290 11.107178 12.341309
374 366 0.001196 0.076619 11.134827 12.372029
375 367 0.000846 0.088683 11.154785 12.394206
376 368 0.000000 0.089903 11.178680 12.420756
377 369 0.000977 0.087497 11.206604 12.451782
378 370 0.000691 0.074706 11.234131 12.482368
379 371 0.000846 0.067766 11.261536 12.512817
380 372 0.000488 0.090956 11.286438 12.540486
381 373 0.001092 0.092619 11.310089 12.566766
382 374 0.001196 0.087330 11.339050 12.598945
383 375 0.000488 0.087506 11.363678 12.626308
384 376 0.001092 0.085369 11.395996 12.662218
385 377 0.000846 0.082534 11.422974 12.692193
386 378 0.001691 0.077614 11.447998 12.719997
387 379 0.001292 0.071892 11.468781 12.743090
388 380 0.000691 0.043849 11.492554 12.769505
389 381 0.001092 0.042370 11.519775 12.799750
390 382 0.000000 0.039871 11.543823 12.826470
391 383 0.000488 0.053409 11.576172 12.862413
392 384 0.000691 0.039398 11.602966 12.892185
393 385 0.000977 0.051865 11.626984 12.918871
394 386 0.000488 0.049098 11.648804 12.943115
395 387 0.000000 0.054843 11.667328 12.963697
396 388 0.001381 0.074186 11.689087 12.987874
397 389 0.000691 0.059310 11.701874 13.002082
398 390 0.000000 0.061697 11.709106 13.010118
399 391 0.001292 0.055812 11.708282 13.009203
400 392 0.000846 0.058038 11.700287 13.000319
401 393 0.000691 0.038587 11.693115 12.992351
402 394 0.000000 0.055157 11.682159 12.980177
403 395 0.000691 0.056326 11.671265 12.968072
404 396 0.000846 0.058573 11.650726 12.945251
405 397 0.001196 0.063503 11.628296 12.920329
406 398 0.000846 0.057374 11.611084 12.901204
407 399 0.000691 0.053993 11.590912 12.878791
408 400 0.000488 0.066798 11.572327 12.858141
409 401 0.000000 0.081253 11.546753 12.829725
410 402 0.000846 0.069475 11.519745 12.799717
411 403 0.000488 0.077989 11.495697 12.772997
412 404 0.000846 0.083728 11.460693 12.734104
413 405 0.000846 0.090959 11.426392 12.695991
414 406 0.001092 0.094416 11.374481 12.638312
415 407 0.000691 0.117582 11.315979 12.573310
416 408 0.000691 0.117885 11.243195 12.492438
417 409 0.000488 0.120764 11.157440 12.397156
418 410 0.001381 0.130252 11.052460 12.280511
419 411 0.001092 0.097645 10.932739 12.147488
420 412 0.000691 0.099052 10.802277 12.002529
421 413 0.000488 0.090486 10.654510 11.838345
422 414 0.000000 0.094960 10.494629 11.660699
423 415 0.000977 0.085335 10.323364 11.470405
424 416 0.000977 0.091480 10.142944 11.269938
425 417 0.001092 0.085919 9.958374 11.064860
426 418 0.000488 0.110485 9.770752 10.856391
427 419 0.000977 0.110921 9.575378 10.639309
428 420 0.000691 0.112633 9.373779 10.415310
429 421 0.000000 0.102590 9.165375 10.183750
430 422 0.000691 0.094461 8.962372 9.958191
431 423 0.001196 0.093077 8.753052 9.725613
432 424 0.000846 0.093010 8.545227 9.494697
433 425 0.000691 0.084307 8.333832 9.259813
434 426 0.000691 0.068181 8.123016 9.025574
435 427 0.000000 0.065998 7.913818 8.793132
436 428 0.000000 0.059816 7.710510 8.567234
437 429 0.000000 0.057888 7.521118 8.356798
438 430 0.000000 0.053355 7.336884 8.152093
439 431 0.000000 0.055701 7.167603 7.964003
440 432 0.000000 0.048828 7.010040 7.788934
441 433 0.000488 0.050826 6.862244 7.624715
442 434 0.000000 0.051534 6.722351 7.469279
443 435 0.000691 0.043070 6.589508 7.321676
444 436 0.000488 0.056328 6.470612 7.189569
445 437 0.000691 0.055288 6.358917 7.065464
446 438 0.000488 0.068339 6.256500 6.951667
447 439 0.000488 0.055808 6.158783 6.843092
448 440 0.000488 0.061770 6.061432 6.734924
449 441 0.000000 0.069534 5.974335 6.638150
450 442 0.000691 0.069969 5.900116 6.555685
451 443 0.000000 0.082464 5.836761 6.485291
452 444 0.000000 0.081132 5.778259 6.420288
453 445 0.000488 0.090178 5.726746 6.363050
454 446 0.000691 0.085570 5.681091 6.312324
455 447 0.000691 0.092368 5.643005 6.270006
456 448 0.000691 0.080227 5.616882 6.240980
457 449 0.000846 0.080399 5.590912 6.212124
458 450 0.000691 0.074152 5.562653 6.180725
459 451 0.001544 0.075101 5.540710 6.156345
460 452 0.001196 0.077903 5.524750 6.138611
461 453 0.000846 0.064954 5.522858 6.136508
462 454 0.000488 0.072073 5.534058 6.148953
463 455 0.000846 0.062296 5.560852 6.178724
464 456 0.000000 0.074710 5.597656 6.219618
465 457 0.000000 0.071427 5.650574 6.278415
466 458 0.000488 0.058380 5.722137 6.357931
467 459 0.002072 0.056579 5.802948 6.447720
468 460 0.000691 0.043621 5.900665 6.556295
469 461 0.001196 0.051800 6.005096 6.672329
470 462 0.000000 0.042096 6.115509 6.795010
471 463 0.000691 0.043602 6.228149 6.920166
472 464 0.000691 0.040735 6.344482 7.049425
473 465 0.000691 0.044964 6.470123 7.189026
474 466 0.000846 0.051222 6.600616 7.334018
475 467 0.000977 0.049018 6.737122 7.485691
476 468 0.000488 0.042265 6.875153 7.639059
477 469 0.000000 0.043918 7.010590 7.789544
478 470 0.000000 0.048873 7.149292 7.943658
479 471 0.000488 0.041426 7.285095 8.094550
480 472 0.000488 0.049492 7.422943 8.247715
481 473 0.000000 0.042545 7.559113 8.399014
482 474 0.000000 0.038344 7.698944 8.554382
483 475 0.000488 0.039574 7.840790 8.711988
484 476 0.000691 0.047376 7.977905 8.864339
485 477 0.000691 0.043941 8.112915 9.014350
486 478 0.000691 0.044910 8.245789 9.161987
487 479 0.001092 0.045391 8.380188 9.311320
488 480 0.001544 0.042162 8.526550 9.473945
489 481 0.001381 0.049758 8.676697 9.640774
490 482 0.001465 0.057608 8.821533 9.801703
491 483 0.001292 0.052992 8.954681 9.949646
492 484 0.001092 0.051708 9.091492 10.101658
493 485 0.000846 0.054134 9.231598 10.257331
494 486 0.001292 0.066185 9.367401 10.408223
495 487 0.000000 0.060331 9.503204 10.559116
496 488 0.000846 0.067373 9.628296 10.698107
497 489 0.001092 0.069605 9.752472 10.836080
498 490 0.001953 0.048711 9.871857 10.968730
499 491 0.001196 0.061414 10.001892 11.113214
500 492 0.001544 0.052902 10.124573 11.249525
501 493 0.000691 0.073920 10.234314 11.371460
502 494 0.002392 0.072902 10.353699 11.504109
503 495 0.001691 0.080943 10.485535 11.650594
504 496 0.001761 0.078247 10.614502 11.793891
505 497 0.001544 0.069871 10.733459 11.926066
506 498 0.001544 0.070247 10.851379 12.057088
507 499 0.000846 0.056568 10.974121 12.193468
508 500 0.001381 0.078224 11.100098 12.333442
509 501 0.002128 0.056349 11.234619 12.482910
510 502 0.000977 0.032489 11.359863 12.622070
511 503 0.001196 0.046610 11.460327 12.733697
512 504 0.001544 0.041537 11.549744 12.833049
513 505 0.000977 0.045886 11.628052 12.920057
514 506 0.001292 0.040974 11.696899 12.996555
515 507 0.000846 0.046977 11.737610 13.041789
516 508 0.000488 0.049755 11.764038 13.071154
517 509 0.001292 0.053387 11.775452 13.083836
518 510 0.001465 0.054543 11.774658 13.082953
519 511 0.000977 0.058138 11.765991 13.073323
520 512 0.001381 0.062296 11.753357 13.059285
521 513 0.000846 0.077577 11.749756 13.055285
522 514 0.000691 0.074374 11.746948 13.052165
523 515 0.001381 0.068529 11.746704 13.051893
524 516 0.001092 0.055513 11.739929 13.044366
525 517 0.000846 0.049413 11.725769 13.028632
526 518 0.001196 0.045089 11.714294 13.015882
527 519 0.000691 0.049445 11.705933 13.006592
528 520 0.000000 0.042497 11.696594 12.996216
529 521 0.000000 0.037837 11.681335 12.979261
530 522 0.000000 0.048418 11.661865 12.957628
531 523 0.000488 0.044150 11.641724 12.935248
532 524 0.000977 0.056383 11.617371 12.908190
533 525 0.000691 0.040127 11.602722 12.891913
534 526 0.000691 0.044799 11.583557 12.870619
535 527 0.000488 0.045672 11.563354 12.848171
536 528 0.000488 0.049272 11.546448 12.829387
537 529 0.000000 0.052547 11.519043 12.798937
538 530 0.000691 0.058717 11.495422 12.772692
539 531 0.000691 0.062570 11.473511 12.748345
540 532 0.000846 0.068140 11.454956 12.727729
541 533 0.000691 0.063126 11.432922 12.703247
542 534 0.000488 0.060974 11.416870 12.685411
543 535 0.000846 0.061395 11.397827 12.664252
544 536 0.000691 0.056710 11.371033 12.634480
545 537 0.000000 0.055893 11.350159 12.611287
546 538 0.000000 0.060817 11.327393 12.585992
547 539 0.000691 0.064187 11.299500 12.554999
548 540 0.000488 0.040860 11.271545 12.523939
549 541 0.000977 0.048758 11.238708 12.487453
550 542 0.000691 0.055628 11.199768 12.444187
551 543 0.000488 0.047542 11.162659 12.402954
552 544 0.001381 0.053493 11.127869 12.364299
553 545 0.000977 0.047109 11.091309 12.323676
554 546 0.000977 0.056023 11.054382 12.282647
555 547 0.000691 0.052572 11.030029 12.255589
556 548 0.000488 0.047142 11.006714 12.229682
557 549 0.000846 0.037442 10.988220 12.209133
558 550 0.000000 0.043401 10.968689 12.187432
559 551 0.000977 0.061341 10.947632 12.164036
560 552 0.001196 0.065385 10.935730 12.150811
561 553 0.000977 0.064729 10.926514 12.140571
562 554 0.001092 0.064255 10.922180 12.135756
563 555 0.000977 0.066547 10.915955 12.128839
564 556 0.001092 0.073841 10.919617 12.132908
565 557 0.000977 0.065331 10.927429 12.141588
566 558 0.000846 0.065722 10.939880 12.155422
567 559 0.001827 0.050673 10.959595 12.177327
568 560 0.001196 0.047919 10.980103 12.200114
569 561 0.001196 0.050929 11.008179 12.231310
570 562 0.000000 0.045065 11.036438 12.262709
571 563 0.000691 0.041124 11.067322 12.297024
572 564 0.000691 0.040431 11.089905 12.322117
573 565 0.000846 0.045157 11.114075 12.348972
574 566 0.001196 0.038579 11.140625 12.378472
575 567 0.000000 0.030018 11.169983 12.411092
576 568 0.000000 0.034526 11.191040 12.434489
577 569 0.000846 0.041028 11.210449 12.456055
578 570 0.000000 0.040220 11.229797 12.477552
579 571 0.000000 0.052052 11.251282 12.501424
580 572 0.000846 0.059358 11.276794 12.529772
581 573 0.000488 0.050857 11.299744 12.555271
582 574 0.000691 0.045516 11.318787 12.576429
583 575 0.000977 0.056030 11.330750 12.589722
584 576 0.001292 0.060725 11.352905 12.614339
585 577 0.000488 0.052391 11.376282 12.640313
586 578 0.000691 0.055992 11.390991 12.656657
587 579 0.001292 0.055403 11.394287 12.660319
588 580 0.001465 0.059531 11.397766 12.664185
589 581 0.000488 0.056994 11.401611 12.668457
590 582 0.000977 0.065461 11.399963 12.666626
591 583 0.000000 0.062491 11.396423 12.662693
592 584 0.000846 0.040665 11.385925 12.651028
593 585 0.000000 0.051141 11.368408 12.631565
594 586 0.000488 0.046163 11.351868 12.613186
595 587 0.000488 0.043147 11.330933 12.589925
596 588 0.000846 0.039730 11.312805 12.569783
597 589 0.000488 0.031471 11.295898 12.550999
598 590 0.000691 0.029923 11.280884 12.534315
599 591 0.000846 0.026409 11.266968 12.518853
600 592 0.000977 0.033640 11.252075 12.502306
601 593 0.001196 0.028154 11.241455 12.490505
602 594 0.001381 0.027780 11.227966 12.475518
603 595 0.000488 0.031593 11.227539 12.475043
604 596 0.000691 0.036663 11.224487 12.471653
605 597 0.000691 0.026951 11.216187 12.462429
606 598 0.000000 0.022297 11.209351 12.454834
607 599 0.000000 0.030965 11.205261 12.450291
608 600 0.000691 0.022362 11.205322 12.450358
609 601 0.000691 0.033124 11.200195 12.444661
610 602 0.000000 0.032898 11.204834 12.449816
611 603 0.000691 0.018553 11.198914 12.443237
612 604 0.000846 0.004613 11.188416 12.431573
613 605 0.000977 0.021339 11.184875 12.427639
614 606 0.000488 0.018768 11.174072 12.415636
615 607 0.001196 0.028751 11.160461 12.400513
616 608 0.000488 0.030004 11.145142 12.383491
617 609 0.000691 0.031034 11.126770 12.363078
618 610 0.000691 0.034848 11.106873 12.340969
619 611 0.000977 0.037356 11.081116 12.312351
620 612 0.000977 0.040513 11.055664 12.284071
621 613 0.000977 0.051191 11.020203 12.244670
622 614 0.000691 0.045079 10.995300 12.217000
623 615 0.000691 0.051480 10.973511 12.192790
624 616 0.000691 0.057794 10.941101 12.156779
625 617 0.000488 0.059280 10.909302 12.121447
626 618 0.000691 0.061915 10.871948 12.079943
627 619 0.000488 0.070208 10.845581 12.050646
628 620 0.000488 0.069481 10.816406 12.018229
629 621 0.000488 0.057593 10.789185 11.987983
630 622 0.000691 0.055704 10.761108 11.956787
631 623 0.000691 0.055715 10.721436 11.912706
632 624 0.001292 0.051991 10.690979 11.878865
633 625 0.000691 0.048982 10.662964 11.847737
634 626 0.000000 0.052439 10.638062 11.820068
635 627 0.000000 0.058062 10.607544 11.786160
636 628 0.000691 0.067244 10.577087 11.752319
637 629 0.000691 0.061344 10.550415 11.722683
638 630 0.000000 0.063297 10.517090 11.685656
639 631 0.000488 0.068307 10.492798 11.658665
640 632 0.000691 0.066701 10.462585 11.625095
641 633 0.000691 0.073109 10.428406 11.587117
642 634 0.000846 0.094309 10.400574 11.556193
643 635 0.000488 0.078242 10.370300 11.522556
644 636 0.000846 0.071410 10.346252 11.495836
645 637 0.000691 0.076178 10.316040 11.462267
646 638 0.000691 0.071942 10.285461 11.428290
647 639 0.000691 0.070250 10.256653 11.396281
648 640 0.000977 0.063287 10.226196 11.362440
649 641 0.000000 0.057956 10.197205 11.330227
650 642 0.000000 0.055802 10.161804 11.290894
651 643 0.000488 0.045444 10.128479 11.253865
652 644 0.000846 0.056770 10.085999 11.206665
653 645 0.000000 0.053139 10.040466 11.156074
654 646 0.000846 0.076812 9.990906 11.101007
655 647 0.000691 0.070864 9.934692 11.038548
656 648 0.000000 0.079251 9.876892 10.974324
657 649 0.000691 0.072853 9.817017 10.907796
658 650 0.000691 0.072714 9.747498 10.830553
659 651 0.000846 0.082042 9.672791 10.747545
660 652 0.000691 0.077028 9.595642 10.661824
661 653 0.000691 0.080060 9.518066 10.575629
662 654 0.000691 0.062736 9.433411 10.481567
663 655 0.001619 0.064705 9.336853 10.374281
664 656 0.000000 0.067578 9.227905 10.253228
665 657 0.000977 0.073005 9.110046 10.122273
666 658 0.000000 0.075162 8.984863 9.983181
667 659 0.000000 0.064711 8.842712 9.825236
668 660 0.000691 0.064701 8.687988 9.653320
669 661 0.001196 0.061197 8.515442 9.461602
670 662 0.000000 0.085844 8.332764 9.258626
671 663 0.001196 0.093571 8.140137 9.044597
672 664 0.000691 0.092915 7.939575 8.821751
673 665 0.000977 0.085874 7.728210 8.586901
674 666 0.000691 0.098448 7.502075 8.335639
675 667 0.001544 0.095827 7.277588 8.086208
676 668 0.001619 0.083326 7.050171 7.833523
677 669 0.001827 0.080060 6.825378 7.583754
678 670 0.002238 0.040085 6.598816 7.332018
679 671 0.002128 0.028442 6.380676 7.089640
680 672 0.002584 0.038821 6.161743 6.846381
681 673 0.003049 0.047164 5.935852 6.595391
682 674 0.002970 0.082441 5.728821 6.365356
683 675 0.002392 0.102111 5.529297 6.143663
684 676 0.003383 0.113146 5.319275 5.910306
685 677 0.003782 0.140442 5.135864 5.706516
686 678 0.003782 0.132154 4.942078 5.491198
687 679 0.003347 0.151619 4.784424 5.316027
688 680 0.003239 0.170371 4.651367 5.168186
689 681 0.003164 0.181680 4.522095 5.024549
690 682 0.003010 0.183452 4.428650 4.920722
691 683 0.003588 0.193448 4.345825 4.828695
692 684 0.003164 0.181673 4.272400 4.747111
693 685 0.003088 0.192896 4.213501 4.681668
694 686 0.003383 0.215602 4.170044 4.633382
695 687 0.004114 0.219362 4.120972 4.578857
696 688 0.004606 0.244937 4.071106 4.523451
697 689 0.004580 0.221821 4.036438 4.484931
698 690 0.003937 0.171140 3.986694 4.429660
699 691 0.003312 0.172888 3.939087 4.376763
700 692 0.003049 0.186988 3.917908 4.353231
701 693 0.002584 0.167745 3.884033 4.315592
702 694 0.002889 0.161642 3.882385 4.313761
703 695 0.003239 0.162078 3.874695 4.305216
704 696 0.002238 0.124386 3.878296 4.309217
705 697 0.003967 0.143622 3.911621 4.346246
706 698 0.004257 0.193596 3.934021 4.371134
707 699 0.005121 0.237251 3.977783 4.419759
708 700 0.004834 0.191147 4.015808 4.462009
709 701 0.004931 0.197115 4.064026 4.515584
710 702 0.003751 0.173086 4.136841 4.596490
711 703 0.002238 0.210149 4.195801 4.662001
712 704 0.002013 0.208347 4.284546 4.760607
713 705 0.002238 0.155055 4.343811 4.826457
714 706 0.002970 0.140666 4.422180 4.913534
715 707 0.004026 0.107395 4.521423 5.023804
716 708 0.004632 0.130807 4.622192 5.135769
717 709 0.006587 0.239877 4.752075 5.280084
718 710 0.006496 0.197900 4.834900 5.372111
719 711 0.004257 0.129821 4.941223 5.490248
720 712 0.005027 0.148768 5.056152 5.617947
721 713 0.005940 0.164591 5.179626 5.755140
722 714 0.006215 0.182617 5.325623 5.917358
723 715 0.005940 0.168927 5.442200 6.046888
724 716 0.006533 0.163097 5.599365 6.221517
725 717 0.003997 0.113799 5.729614 6.366238
726 718 0.004026 0.121889 5.895264 6.550293
727 719 0.004395 0.134981 6.073120 6.747911
728 720 0.004200 0.080330 6.225342 6.917047
729 721 0.004395 0.071477 6.406494 7.118327
730 722 0.003845 0.063639 6.570557 7.300619
731 723 0.003588 0.059302 6.749146 7.499051
732 724 0.002392 0.045473 6.912170 7.680189
733 725 0.002805 0.041635 7.082825 7.869805
734 726 0.001891 0.049803 7.249084 8.054539
735 727 0.000977 0.049943 7.410645 8.234050
736 728 0.000691 0.057047 7.570496 8.411662
737 729 0.000488 0.053629 7.725159 8.583509
738 730 0.000488 0.062330 7.882263 8.758070
739 731 0.000977 0.058176 8.035828 8.928698
740 732 0.001196 0.059297 8.187012 9.096680
741 733 0.001196 0.058892 8.332825 9.258694
742 734 0.000846 0.057901 8.477173 9.419081
743 735 0.000488 0.058164 8.619263 9.576959
744 736 0.000691 0.065603 8.761292 9.734768
745 737 0.000488 0.070700 8.898132 9.886814
746 738 0.000691 0.074583 9.034729 10.038588
747 739 0.000000 0.088130 9.168030 10.186700
748 740 0.000691 0.095325 9.300781 10.334202
749 741 0.000488 0.107021 9.427429 10.474921
750 742 0.001196 0.124463 9.549011 10.610012
751 743 0.000977 0.113600 9.669983 10.744426
752 744 0.001196 0.093358 9.795227 10.883586
753 745 0.000691 0.098409 9.921387 11.023763
754 746 0.000000 0.113168 10.042419 11.158244
755 747 0.000000 0.128054 10.158508 11.287231
756 748 0.000488 0.098886 10.273193 11.414660
757 749 0.001196 0.105660 10.396912 11.552124
758 750 0.000846 0.070555 10.522339 11.691487
759 751 0.000691 0.064687 10.642212 11.824680
760 752 0.001092 0.086231 10.754333 11.949260
761 753 0.001619 0.065648 10.870056 12.077840
762 754 0.001619 0.048930 10.984558 12.205065
763 755 0.001891 0.032776 11.101562 12.335070
764 756 0.001381 0.050811 11.221130 12.467922
765 757 0.002128 0.053551 11.338013 12.597792
766 758 0.001381 0.077485 11.448730 12.720812
767 759 0.001092 0.068256 11.571960 12.857734
768 760 0.000846 0.061429 11.689636 12.988484
769 761 0.001292 0.066526 11.793640 13.104045
770 762 0.001196 0.074416 11.880981 13.201091
771 763 0.001292 0.064524 11.953857 13.282063
772 764 0.000691 0.069594 12.006165 13.340183
773 765 0.000977 0.064557 12.037415 13.374905
774 766 0.001544 0.061233 12.064880 13.405422
775 767 0.001544 0.062642 12.061218 13.401354
776 768 0.001465 0.065102 12.063538 13.403931
777 769 0.001196 0.077677 12.054749 13.394165
778 770 0.001381 0.072392 12.047729 13.386366
779 771 0.001691 0.078074 12.041626 13.379584
780 772 0.001196 0.081612 12.038147 13.375719
781 773 0.000977 0.082466 12.040283 13.378093
782 774 0.000691 0.079377 12.036194 13.373549
783 775 0.001619 0.077484 12.031982 13.368870
784 776 0.000000 0.069382 12.012024 13.346693
785 777 0.000977 0.086056 11.994629 13.327366
786 778 0.000691 0.084653 11.984070 13.315633
787 779 0.001292 0.080450 11.972229 13.302477
788 780 0.000691 0.085694 11.951660 13.279622
789 781 0.000691 0.080304 11.930542 13.256158
790 782 0.000846 0.069915 11.907837 13.230930
791 783 0.000846 0.094881 11.892456 13.213840
792 784 0.000488 0.112058 11.869446 13.188273
793 785 0.000000 0.097031 11.854248 13.171387
794 786 0.000000 0.097952 11.836853 13.152059
795 787 0.000488 0.096934 11.812683 13.125203
796 788 0.000488 0.087527 11.793274 13.103638
797 789 0.001092 0.105744 11.770935 13.078816
798 790 0.000691 0.103873 11.749756 13.055285
799 791 0.000000 0.093008 11.725525 13.028361
800 792 0.000488 0.089733 11.709351 13.010389
801 793 0.001092 0.081944 11.688782 12.987535
802 794 0.000846 0.073629 11.662537 12.958374
803 795 0.000977 0.096128 11.638367 12.931519
804 796 0.001381 0.102776 11.622192 12.913548
805 797 0.000846 0.088578 11.603271 12.892524
806 798 0.000488 0.093114 11.584351 12.871501
807 799 0.000691 0.080200 11.563232 12.848036
808 800 0.000691 0.076317 11.544250 12.826945
809 801 0.000488 0.083180 11.525635 12.806261
810 802 0.000000 0.083066 11.507202 12.785780
811 803 0.000977 0.074909 11.492004 12.768894
812 804 0.000846 0.084406 11.467468 12.741632
813 805 0.000000 0.082925 11.444763 12.716404
814 806 0.000000 0.096755 11.421692 12.690769
815 807 0.000691 0.108099 11.408447 12.676052
816 808 0.001292 0.104609 11.381958 12.646620
817 809 0.000846 0.106270 11.353271 12.614746
818 810 0.000488 0.107391 11.325623 12.584025
819 811 0.000488 0.107229 11.299561 12.555067
820 812 0.000691 0.105458 11.275574 12.528416
821 813 0.000488 0.102279 11.252808 12.503119
822 814 0.000691 0.101579 11.229980 12.477757
823 815 0.000977 0.098841 11.192688 12.436320
824 816 0.000977 0.116968 11.168152 12.409058
825 817 0.001196 0.115661 11.142761 12.380846
826 818 0.000691 0.121993 11.115723 12.350803
827 819 0.000691 0.110894 11.086853 12.318726
828 820 0.000000 0.143526 11.058533 12.287258
829 821 0.000691 0.136485 11.032532 12.258368
830 822 0.000000 0.155096 11.005188 12.227986
831 823 0.000846 0.158022 10.985840 12.206489
832 824 0.000691 0.129758 10.967163 12.185737
833 825 0.000977 0.131761 10.950745 12.167494
834 826 0.000488 0.121053 10.940063 12.155626
835 827 0.001292 0.133531 10.927612 12.141791
836 828 0.000691 0.105113 10.917786 12.130873
837 829 0.001092 0.101440 10.905884 12.117649
838 830 0.000691 0.090255 10.895996 12.106663
839 831 0.000000 0.079482 10.891724 12.101915
840 832 0.001381 0.117985 10.882385 12.091539
841 833 0.000488 0.073144 10.876160 12.084621
842 834 0.000000 0.067793 10.865662 12.072957
843 835 0.000000 0.067480 10.857666 12.064074
844 836 0.000846 0.060989 10.852173 12.057970
845 837 0.000846 0.081773 10.846191 12.051324
846 838 0.000691 0.077407 10.840759 12.045288
847 839 0.000691 0.078627 10.833008 12.036675
848 840 0.000691 0.064323 10.827148 12.030165
849 841 0.000691 0.084630 10.821411 12.023790
850 842 0.000691 0.095379 10.813110 12.014567
851 843 0.000000 0.094237 10.807373 12.008192
852 844 0.000691 0.085932 10.799805 11.999783
853 845 0.000000 0.080374 10.787231 11.985813
854 846 0.000977 0.074769 10.777954 11.975505
855 847 0.001092 0.083527 10.763489 11.959432
856 848 0.000846 0.079334 10.744690 11.938544
857 849 0.001196 0.071392 10.721436 11.912706
858 850 0.000000 0.066332 10.706116 11.895684
859 851 0.000000 0.066115 10.683777 11.870863
860 852 0.000977 0.066146 10.657593 11.841770
861 853 0.000977 0.060735 10.633545 11.815050
862 854 0.000488 0.063177 10.603699 11.781887
863 855 0.000691 0.064483 10.577026 11.752252
864 856 0.000691 0.057076 10.553406 11.726007
865 857 0.000846 0.063016 10.532654 11.702949
866 858 0.000977 0.062567 10.499329 11.665920
867 859 0.000977 0.060498 10.472839 11.636488
868 860 0.000691 0.064485 10.449524 11.610582
869 861 0.000691 0.065389 10.429932 11.588813
870 862 0.000691 0.062296 10.409180 11.565755
871 863 0.000977 0.063831 10.385803 11.539782
872 864 0.000977 0.065028 10.356628 11.507365
873 865 0.000691 0.057676 10.333008 11.481120
874 866 0.001196 0.057719 10.311462 11.457180
875 867 0.000977 0.053569 10.287537 11.430596
876 868 0.000846 0.054244 10.259033 11.398926
877 869 0.000977 0.050101 10.234314 11.371460
878 870 0.001092 0.049335 10.212830 11.347589
879 871 0.001544 0.038532 10.187988 11.319987
880 872 0.001292 0.038909 10.170654 11.300727
881 873 0.001196 0.027259 10.142700 11.269667
882 874 0.000977 0.032482 10.124146 11.249050
883 875 0.000488 0.038068 10.101624 11.224026
884 876 0.000000 0.043793 10.084961 11.205512
885 877 0.000846 0.051797 10.056580 11.173977
886 878 0.000000 0.052885 10.025269 11.139187
887 879 0.000691 0.049433 10.003967 11.115520
888 880 0.000000 0.058505 9.979309 11.088121
889 881 0.000691 0.058615 9.956360 11.062622
890 882 0.000977 0.060556 9.925232 11.028035
891 883 0.000488 0.061899 9.888062 10.986735
892 884 0.001196 0.054638 9.838562 10.931736
893 885 0.000846 0.055908 9.773804 10.859782
894 886 0.001465 0.058723 9.699890 10.777656
895 887 0.000000 0.058432 9.608215 10.675795
896 888 0.001619 0.058933 9.494507 10.549452
897 889 0.000977 0.063961 9.370239 10.411377
898 890 0.000691 0.058485 9.242065 10.268962
899 891 0.000691 0.064042 9.122986 10.136651
900 892 0.001891 0.074041 9.015991 10.017768
901 893 0.000977 0.056707 8.934570 9.927300
902 894 0.000691 0.054684 8.866089 9.851210
903 895 0.001292 0.055310 8.800964 9.778850
904 896 0.000977 0.049800 8.761108 9.734565
905 897 0.001465 0.049792 8.732361 9.702623
906 898 0.000691 0.044348 8.710999 9.678887
907 899 0.000977 0.047059 8.689880 9.655422
908 900 0.000691 0.040151 8.663208 9.625787
909 901 0.000488 0.044104 8.628906 9.587673
910 902 0.000488 0.051302 8.595581 9.550646
911 903 0.000488 0.051847 8.564026 9.515584
912 904 0.000000 0.064818 8.534973 9.483303
913 905 0.000000 0.061000 8.512024 9.457805
914 906 0.000000 0.071288 8.496582 9.440647
915 907 0.000000 0.065397 8.489258 9.432508
916 908 0.000691 0.063338 8.494629 9.438477
917 909 0.000691 0.069059 8.508911 9.454346
918 910 0.000691 0.094159 8.528198 9.475776
919 911 0.000846 0.089646 8.564087 9.515652
920 912 0.000691 0.102279 8.605835 9.562038
921 913 0.000691 0.076446 8.648926 9.609918
922 914 0.000488 0.077899 8.692261 9.658068
923 915 0.000691 0.084569 8.737305 9.708117
924 916 0.000846 0.087177 8.784546 9.760607
925 917 0.001292 0.077615 8.833740 9.815267
926 918 0.001381 0.065136 8.887573 9.875081
927 919 0.000977 0.064863 8.935547 9.928386
928 920 0.000691 0.056051 8.985352 9.983724
929 921 0.000691 0.062286 9.038696 10.042995
930 922 0.001092 0.074534 9.095825 10.106472
931 923 0.001292 0.076651 9.150635 10.167372
932 924 0.000977 0.069676 9.205933 10.228814
933 925 0.001092 0.086150 9.261841 10.290935
934 926 0.000691 0.087720 9.317505 10.352783
935 927 0.000691 0.080532 9.383179 10.425755
936 928 0.001196 0.085004 9.447266 10.496962
937 929 0.000977 0.084702 9.514160 10.571289
938 930 0.000691 0.084366 9.579590 10.643989
939 931 0.000691 0.084054 9.648560 10.720622
940 932 0.000488 0.089584 9.717773 10.797526
941 933 0.001092 0.091472 9.792236 10.880262
942 934 0.000846 0.085553 9.872925 10.969916
943 935 0.001465 0.084138 9.950195 11.055773
944 936 0.001381 0.079613 10.034912 11.149902
945 937 0.001619 0.087479 10.117065 11.241184
946 938 0.000691 0.086586 10.197876 11.330974
947 939 0.000846 0.087677 10.288452 11.431614
948 940 0.000691 0.078564 10.377808 11.530897
949 941 0.000000 0.081115 10.462769 11.625299
950 942 0.000000 0.082601 10.550903 11.723226
951 943 0.000488 0.081630 10.636353 11.818170
952 944 0.001381 0.090321 10.715698 11.906331
953 945 0.001092 0.090392 10.797363 11.997070
954 946 0.001196 0.082156 10.876343 12.084826
955 947 0.000488 0.087312 10.954712 12.171902
956 948 0.000691 0.089456 11.032349 12.258165
957 949 0.000000 0.075460 11.113037 12.347819
958 950 0.000846 0.082391 11.181274 12.423638
959 951 0.000691 0.079748 11.251343 12.501492
960 952 0.000691 0.084193 11.321167 12.579075
961 953 0.000000 0.095810 11.379150 12.643500
962 954 0.000691 0.095416 11.434326 12.704807
963 955 0.000000 0.113813 11.470337 12.744819
964 956 0.000488 0.105355 11.497437 12.774929
965 957 0.000846 0.111231 11.512451 12.791613
966 958 0.001292 0.111713 11.520630 12.800700
967 959 0.000488 0.121910 11.521118 12.801243
968 960 0.000488 0.118705 11.512207 12.791341
969 961 0.000000 0.113331 11.511963 12.791070
970 962 0.000977 0.106470 11.502563 12.780626
971 963 0.000488 0.094003 11.494507 12.771674
972 964 0.000846 0.099712 11.482178 12.757976
973 965 0.001092 0.101543 11.466797 12.740886
974 966 0.000488 0.105631 11.454956 12.727729
975 967 0.000000 0.088402 11.437134 12.707927
976 968 0.000488 0.091116 11.417236 12.685818
977 969 0.001196 0.077606 11.390259 12.655843
978 970 0.000000 0.090821 11.368530 12.631701
979 971 0.000488 0.091240 11.347046 12.607829
980 972 0.000977 0.091329 11.320190 12.577990
981 973 0.000000 0.083433 11.291748 12.546387
982 974 0.000000 0.083851 11.260132 12.511257
983 975 0.000000 0.076589 11.234985 12.483317
984 976 0.000488 0.073473 11.213501 12.459446
985 977 0.000691 0.078160 11.185913 12.428792
986 978 0.000977 0.069384 11.154297 12.393663
987 979 0.000488 0.059991 11.119141 12.354601
988 980 0.000691 0.071285 11.092896 12.325439
989 981 0.000691 0.069670 11.070923 12.301025
990 982 0.000691 0.075310 11.044800 12.271999
991 983 0.000691 0.077929 11.016479 12.240533
992 984 0.000691 0.081644 10.980103 12.200114
993 985 0.000977 0.089443 10.952759 12.169732
994 986 0.000488 0.095825 10.925415 12.139350
995 987 0.000846 0.106217 10.896118 12.106798
996 988 0.000846 0.113278 10.864868 12.072076
997 989 0.000977 0.125145 10.831299 12.034777
998 990 0.000977 0.122797 10.804688 12.005208
999 991 0.001196 0.122587 10.773804 11.970893
1000 992 0.001691 0.124722 10.742920 11.936578
1001 993 0.001196 0.114631 10.700439 11.889378
1002 994 0.001381 0.108093 10.647461 11.830512
1003 995 0.000846 0.107953 10.582275 11.758083
1004 996 0.001092 0.097132 10.498291 11.664768
1005 997 0.001292 0.095751 10.395264 11.550293
1006 998 0.001196 0.097610 10.263306 11.403673
1007 999 0.000000 0.105539 10.106934 11.229926
1008 1000 0.000488 0.107103 9.938110 11.042345
1009 1001 0.000977 0.118138 9.747559 10.830621
1010 1002 0.001196 0.125716 9.542114 10.602349
1011 1003 0.000488 0.117772 9.323486 10.359429
1012 1004 0.000846 0.125185 9.100952 10.112169
1013 1005 0.000691 0.131021 8.866089 9.851210
1014 1006 0.000691 0.129705 8.629028 9.587810
1015 1007 0.000691 0.112117 8.389893 9.322103
1016 1008 0.000691 0.117248 8.135864 9.039849
1017 1009 0.000977 0.105401 7.882812 8.758680
1018 1010 0.000977 0.093972 7.628418 8.476020
1019 1011 0.000488 0.091305 7.373657 8.192952
1020 1012 0.000691 0.096723 7.123169 7.914632
1021 1013 0.000000 0.085929 6.896484 7.662760
1022 1014 0.000691 0.084459 6.699219 7.443576
1023 1015 0.000691 0.081538 6.532471 7.258301
1024 1016 0.000000 0.075708 6.400269 7.111410
1025 1017 0.000691 0.072314 6.296143 6.995714
1026 1018 0.000488 0.076274 6.218262 6.909180
1027 1019 0.000000 0.069728 6.174194 6.860216
1028 1020 0.000488 0.061092 6.144897 6.827664
1029 1021 0.000691 0.061551 6.125366 6.805963
1030 1022 0.000846 0.058256 6.102661 6.780735
1031 1023 0.000691 0.057534 6.078125 6.753472
1032 1024 0.001381 0.041658 6.052979 6.725532
1033 1025 0.001092 0.033192 6.026733 6.696371
1034 1026 0.001465 0.024478 6.001343 6.668159
1035 1027 0.001465 0.018084 5.974365 6.638184
1036 1028 0.001619 0.030741 5.958252 6.620280
1037 1029 0.001544 0.019464 5.949585 6.610650
1038 1030 0.002013 0.019852 5.951538 6.612820
1039 1031 0.002184 0.018353 5.960449 6.622721
1040 1032 0.001691 0.020586 5.975586 6.639540
1041 1033 0.001465 0.025102 5.999268 6.665853
1042 1034 0.001465 0.026088 6.029785 6.699761
1043 1035 0.001691 0.026365 6.065918 6.739909
1044 1036 0.001092 0.019428 6.106812 6.785346
1045 1037 0.001092 0.029914 6.150879 6.834310
1046 1038 0.000000 0.027138 6.194702 6.883002
1047 1039 0.000691 0.013031 6.232910 6.925456
1048 1040 0.000488 0.015473 6.267578 6.963976
1049 1041 0.000000 0.018343 6.302246 7.002496
1050 1042 0.000488 0.022277 6.341675 7.046305
1051 1043 0.000691 0.027360 6.388062 7.097846
1052 1044 0.000488 0.030202 6.428589 7.142877
1053 1045 0.001092 0.029151 6.466797 7.185330
1054 1046 0.000000 0.037217 6.501221 7.223578
1055 1047 0.001092 0.054568 6.543091 7.270101
1056 1048 0.001619 0.073858 6.592407 7.324897
1057 1049 0.001691 0.066020 6.644897 7.383219
1058 1050 0.001465 0.069354 6.705444 7.450494
1059 1051 0.001691 0.067070 6.761475 7.512750
1060 1052 0.002290 0.069934 6.823853 7.582058
1061 1053 0.002184 0.071795 6.888672 7.654080
1062 1054 0.001761 0.085924 6.958984 7.732205
1063 1055 0.001292 0.084374 7.032104 7.813449
1064 1056 0.001092 0.066220 7.106445 7.896050
1065 1057 0.001381 0.076104 7.178345 7.975939
1066 1058 0.000000 0.072926 7.243408 8.048231
1067 1059 0.000846 0.072729 7.303101 8.114556
1068 1060 0.000488 0.071788 7.356445 8.173828
1069 1061 0.000488 0.065501 7.399536 8.221706
1070 1062 0.000691 0.062932 7.433838 8.259820
1071 1063 0.000000 0.058019 7.459595 8.288439
1072 1064 0.000846 0.057815 7.474609 8.305121
1073 1065 0.000691 0.054513 7.483276 8.314752
1074 1066 0.001196 0.058242 7.483276 8.314752
1075 1067 0.000977 0.059551 7.481567 8.312853
1076 1068 0.000691 0.061442 7.470703 8.300781
1077 1069 0.000977 0.063265 7.459229 8.288032
1078 1070 0.000691 0.055917 7.444824 8.272027
1079 1071 0.000846 0.062437 7.428101 8.253445
1080 1072 0.000691 0.057288 7.409668 8.232965
1081 1073 0.000000 0.057874 7.386963 8.207737
1082 1074 0.000000 0.051966 7.353516 8.170573
1083 1075 0.000488 0.050714 7.303223 8.114692
1084 1076 0.000691 0.038967 7.236572 8.040636
1085 1077 0.000977 0.037067 7.155762 7.950846
1086 1078 0.000488 0.036132 7.064453 7.849392
1087 1079 0.000846 0.031487 6.972168 7.746853
1088 1080 0.000488 0.031585 6.881592 7.646213
1089 1081 0.000488 0.022716 6.794556 7.549506
1090 1082 0.000488 0.022647 6.715576 7.461751
1091 1083 0.000691 0.029139 6.647461 7.386068
1092 1084 0.000846 0.037043 6.598755 7.331950
1093 1085 0.000000 0.043605 6.562866 7.292074
1094 1086 0.000691 0.055656 6.541138 7.267931
1095 1087 0.001196 0.039794 6.518066 7.242296
1096 1088 0.000977 0.076896 6.492554 7.213949
1097 1089 0.000977 0.077260 6.465820 7.184245
1098 1090 0.000691 0.077977 6.441772 7.157525
1099 1091 0.000977 0.059951 6.425049 7.138943
1100 1092 0.001196 0.052556 6.413574 7.126194
