10 2 0.000639 0.037496 1.080650 1.200722
11 3 0.000419 0.039028 1.164282 1.293647
12 4 0.000000 0.039441 1.248638 1.387376
13 5 0.000367 0.039170 1.330805 1.478672
14 6 0.000491 0.036980 1.407679 1.564088
15 7 0.000467 0.032594 1.478799 1.643110
16 8 0.000775 0.036016 1.543030 1.714478
17 9 0.000747 0.042117 1.600164 1.777960
18 10 0.000725 0.039787 1.650130 1.833477
19 11 0.001075 0.038465 1.700034 1.888927
20 12 0.001312 0.047659 1.745650 1.939611
21 13 0.001641 0.047773 1.785130 1.983478
22 14 0.001366 0.062207 1.822123 2.024581
23 15 0.001113 0.077080 1.861457 2.068286
24 16 0.001600 0.079859 1.905977 2.117752
25 17 0.001679 0.065710 1.950615 2.167350
26 18 0.002289 0.062445 2.001090 2.223433
27 19 0.002233 0.055187 2.051581 2.279535
28 20 0.002370 0.047644 2.111115 2.345683
29 21 0.002102 0.046427 2.178610 2.420677
30 22 0.002412 0.036920 2.254149 2.504610
31 23 0.001779 0.034909 2.329520 2.588356
32 24 0.001167 0.029148 2.403537 2.670597
33 25 0.001271 0.026405 2.489385 2.765983
34 26 0.000682 0.022766 2.580925 2.867694
35 27 0.000910 0.034431 2.681810 2.979789
36 28 0.000993 0.031017 2.780513 3.089459
37 29 0.000777 0.038428 2.880777 3.200863
38 30 0.000850 0.037396 2.984650 3.316278
39 31 0.000386 0.029771 3.095039 3.438933
40 32 0.001010 0.036889 3.208041 3.564490
41 33 0.001009 0.035839 3.319106 3.687895
42 34 0.000900 0.034510 3.430453 3.811614
43 35 0.000893 0.023007 3.543032 3.936702
44 36 0.000895 0.021666 3.660688 4.067431
45 37 0.000846 0.014227 3.786163 4.206848
46 38 0.000790 0.013998 3.910178 4.344643
47 39 0.001042 0.012953 4.032348 4.480386
48 40 0.000599 0.008524 4.159257 4.621397
49 41 0.000558 0.006759 4.284681 4.760757
50 42 0.000456 0.006166 4.415082 4.905647
51 43 0.000430 0.005351 4.542989 5.047765
52 44 0.000362 0.005501 4.672036 5.191151
53 45 0.000381 0.004032 4.797583 5.330647
54 46 0.000371 0.004312 4.917871 5.464302
55 47 0.000168 0.005512 5.042442 5.602714
56 48 0.000211 0.008002 5.165915 5.739906
57 49 0.000306 0.006237 5.293105 5.881228
58 50 0.000180 0.004896 5.416931 6.018812
59 51 0.000088 0.003404 5.535387 6.150430
60 52 0.000173 0.004726 5.651871 6.279856
61 53 0.000120 0.006588 5.764065 6.404516
62 54 0.000166 0.005640 5.885920 6.539911
63 55 0.000000 0.004949 5.996088 6.662320
64 56 0.000196 0.006496 6.097929 6.775476
65 57 0.000306 0.006494 6.183420 6.870467
66 58 0.000135 0.007431 6.259514 6.955015
67 59 0.000189 0.006996 6.339903 7.044336
68 60 0.000215 0.008159 6.415939 7.128821
69 61 0.000075 0.009449 6.494061 7.215623
70 62 0.000105 0.007288 6.555977 7.284419
71 63 0.000128 0.007668 6.610834 7.345371
72 64 0.000104 0.006265 6.656719 7.396355
73 65 0.000103 0.006552 6.697046 7.441163
74 66 0.000103 0.005864 6.729597 7.477330
75 67 0.000102 0.005797 6.752403 7.502670
76 68 0.000217 0.004730 6.762421 7.513801
77 69 0.000144 0.005724 6.761234 7.512483
78 70 0.000205 0.004661 6.746311 7.495901
79 71 0.000126 0.004927 6.734388 7.482654
80 72 0.000103 0.006149 6.725338 7.472598
81 73 0.000000 0.007495 6.722084 7.468982
82 74 0.000103 0.007342 6.724850 7.472055
83 75 0.000126 0.007233 6.723682 7.470758
84 76 0.000103 0.006320 6.719181 7.465757
85 77 0.000103 0.009989 6.710293 7.455881
86 78 0.000103 0.011269 6.708954 7.454393
87 79 0.000073 0.011375 6.701759 7.446399
88 80 0.000179 0.013546 6.692623 7.436248
89 81 0.000179 0.010083 6.682423 7.424914
90 82 0.000104 0.012067 6.665794 7.406438
91 83 0.000073 0.010664 6.647968 7.386631
92 84 0.000147 0.013374 6.635571 7.372856
93 85 0.000147 0.006868 6.625244 7.361382
94 86 0.000000 0.008297 6.619228 7.354698
95 87 0.000074 0.008925 6.608356 7.342618
96 88 0.000074 0.007844 6.591099 7.323443
97 89 0.000197 0.009307 6.567886 7.297651
98 90 0.000211 0.009003 6.542576 7.269529
99 91 0.000106 0.009693 6.517200 7.241334
100 92 0.000075 0.008394 6.490498 7.211664
101 93 0.000131 0.009224 6.462379 7.180422
102 94 0.000000 0.008233 6.425453 7.139392
103 95 0.000108 0.006629 6.392609 7.102899
104 96 0.000217 0.006288 6.362312 7.069236
105 97 0.000189 0.007074 6.334541 7.038379
106 98 0.000257 0.005177 6.310028 7.011142
107 99 0.000110 0.005701 6.277058 6.974508
108 100 0.000078 0.006049 6.238274 6.931415
109 101 0.000112 0.006199 6.192223 6.880247
110 102 0.000080 0.007881 6.138718 6.820797
111 103 0.000114 0.008044 6.082676 6.758529
112 104 0.000115 0.008154 6.012470 6.680522
113 105 0.000143 0.007814 5.932053 6.591169
114 106 0.000237 0.009361 5.838085 6.486761
115 107 0.000208 0.009603 5.737728 6.375254
116 108 0.000194 0.010243 5.629856 6.255396
117 109 0.000217 0.010848 5.515404 6.128226
118 110 0.000181 0.010383 5.399204 5.999116
119 111 0.000185 0.009951 5.271194 5.856883
120 112 0.000233 0.009721 5.143135 5.714594
121 113 0.000276 0.008974 5.006439 5.562710
122 114 0.000201 0.008832 4.864243 5.404714
123 115 0.000359 0.009543 4.713211 5.236901
124 116 0.000415 0.010305 4.558304 5.064782
125 117 0.000351 0.012351 4.402084 4.891205
126 118 0.000700 0.010727 4.243683 4.715203
127 119 0.000874 0.022427 4.105293 4.561437
128 120 0.001127 0.019634 3.970016 4.411129
129 121 0.001132 0.021436 3.859505 4.288339
130 122 0.001219 0.022975 3.756828 4.174253
131 123 0.001402 0.026215 3.685989 4.095544
132 124 0.001313 0.026045 3.624451 4.027167
133 125 0.001617 0.025165 3.585464 3.983850
134 126 0.001787 0.029368 3.563469 3.959410
135 127 0.001971 0.030142 3.529922 3.922136
136 128 0.002064 0.026293 3.508484 3.898315
137 129 0.001967 0.033567 3.474609 3.860677
138 130 0.002050 0.033039 3.468491 3.853878
139 131 0.002270 0.030106 3.461014 3.845571
140 132 0.002273 0.027557 3.489861 3.877623
141 133 0.002015 0.019678 3.528549 3.920610
142 134 0.001684 0.025157 3.575172 3.972414
143 135 0.001438 0.023654 3.657761 4.064178
144 136 0.001307 0.021584 3.753922 4.171024
145 137 0.001500 0.015020 3.878120 4.309023
146 138 0.001472 0.014940 4.008026 4.453362
147 139 0.000857 0.020366 4.146652 4.607391
148 140 0.001040 0.018115 4.277618 4.752909
149 141 0.001057 0.014352 4.408524 4.898359
150 142 0.000852 0.013131 4.550598 5.056220
151 143 0.000904 0.011848 4.679634 5.199594
152 144 0.000824 0.013230 4.813065 5.347849
153 145 0.000778 0.013597 4.942520 5.491689
154 146 0.000639 0.013212 5.066917 5.629908
155 147 0.000532 0.013850 5.191498 5.768331
156 148 0.000469 0.014176 5.313477 5.903863
157 149 0.000450 0.016287 5.427277 6.030307
158 150 0.000404 0.014269 5.536858 6.152064
159 151 0.000466 0.014010 5.641968 6.268853
160 152 0.000450 0.011795 5.747581 6.386202
161 153 0.000391 0.011330 5.852547 6.502830
162 154 0.000419 0.013056 5.945816 6.606462
163 155 0.000372 0.013076 6.022041 6.691157
164 156 0.000322 0.013554 6.074364 6.749293
165 157 0.000288 0.010769 6.120071 6.800079
166 158 0.000420 0.011706 6.155197 6.839108
167 159 0.000177 0.011782 6.181122 6.867913
168 160 0.000295 0.011192 6.191483 6.879425
169 161 0.000335 0.012840 6.180717 6.867464
170 162 0.000286 0.011100 6.164024 6.848916
171 163 0.000355 0.011843 6.148682 6.831869
172 164 0.000239 0.011349 6.138222 6.820246
173 165 0.000252 0.011884 6.137291 6.819212
174 166 0.000319 0.010293 6.125557 6.806174
175 167 0.000113 0.010463 6.114128 6.793476
176 168 0.000196 0.008883 6.095566 6.772851
177 169 0.000368 0.007823 6.080765 6.756405
178 170 0.000341 0.007703 6.071785 6.746428
179 171 0.000228 0.007668 6.064102 6.737891
180 172 0.000242 0.006686 6.062271 6.735857
181 173 0.000140 0.007887 6.057198 6.730219
182 174 0.000242 0.008845 6.064125 6.737917
183 175 0.000254 0.010634 6.074883 6.749869
184 176 0.000179 0.009977 6.098213 6.775793
185 177 0.000138 0.009017 6.134460 6.816067
186 178 0.000336 0.011432 6.169113 6.854570
187 179 0.000333 0.009806 6.213402 6.903780
188 180 0.000331 0.010111 6.253265 6.948072
189 181 0.000364 0.011798 6.289421 6.988245
190 182 0.000244 0.009042 6.334068 7.037854
191 183 0.000153 0.007948 6.383430 7.092700
192 184 0.000152 0.007324 6.438507 7.153897
193 185 0.000250 0.006040 6.490570 7.211744
194 186 0.000183 0.006094 6.548851 7.276501
195 187 0.000105 0.006343 6.603706 7.337451
196 188 0.000194 0.007185 6.664116 7.404573
197 189 0.000103 0.006602 6.726738 7.474154
198 190 0.000102 0.007310 6.777130 7.530145
199 191 0.000160 0.008163 6.822182 7.580202
200 192 0.000326 0.008386 6.860046 7.622274
201 193 0.000212 0.007467 6.894371 7.660412
202 194 0.000122 0.007172 6.927284 7.696982
203 195 0.000233 0.006564 6.953232 7.725813
204 196 0.000289 0.008602 6.971535 7.746150
205 197 0.000297 0.005787 6.978363 7.753736
206 198 0.000280 0.006617 6.975792 7.750880
207 199 0.000253 0.007010 6.970917 7.745463
208 200 0.000211 0.007305 6.955360 7.728178
209 201 0.000199 0.006657 6.938744 7.709715
210 202 0.000264 0.007809 6.913292 7.681436
211 203 0.000265 0.007872 6.892654 7.658505
212 204 0.000461 0.005574 6.870895 7.634328
213 205 0.000237 0.006704 6.838547 7.598385
214 206 0.000160 0.007808 6.809174 7.565748
215 207 0.000191 0.006201 6.779938 7.533264
216 208 0.000162 0.006130 6.751343 7.501492
217 209 0.000241 0.006500 6.716919 7.463243
218 210 0.000327 0.005363 6.680527 7.422808
219 211 0.000294 0.006825 6.634003 7.371114
220 212 0.000513 0.011558 6.593658 7.326287
221 213 0.000510 0.010312 6.568298 7.298109
222 214 0.000167 0.013492 6.548050 7.275611
223 215 0.000198 0.011733 6.525131 7.250146
224 216 0.000130 0.011649 6.500046 7.222273
225 217 0.000151 0.011494 6.473022 7.192247
226 218 0.000076 0.012098 6.452240 7.169156
227 219 0.000186 0.010434 6.427704 7.141893
228 220 0.000108 0.007724 6.395325 7.105917
229 221 0.000109 0.006926 6.360275 7.066973
230 222 0.000189 0.006588 6.320755 7.023061
231 223 0.000078 0.008007 6.284882 6.983202
232 224 0.000156 0.007919 6.254425 6.949361
233 225 0.000157 0.007346 6.230057 6.922285
234 226 0.000223 0.007883 6.197174 6.885749
235 227 0.000238 0.008311 6.165222 6.850247
236 228 0.000113 0.009426 6.135651 6.817389
237 229 0.000196 0.011178 6.111679 6.790754
238 230 0.000310 0.011853 6.096710 6.774122
239 231 0.000213 0.012296 6.079178 6.754642
240 232 0.000228 0.009130 6.067261 6.741401
241 233 0.000302 0.009205 6.049194 6.721327
242 234 0.000229 0.008572 6.025330 6.694811
243 235 0.000115 0.009376 6.001907 6.668786
244 236 0.000115 0.009521 5.987976 6.653307
245 237 0.000200 0.009209 5.986267 6.651408
246 238 0.000216 0.009513 5.985947 6.651052
247 239 0.000489 0.011087 5.986176 6.651306
248 240 0.000245 0.010539 5.974365 6.638184
249 241 0.000306 0.011446 5.968033 6.631147
250 242 0.000231 0.011272 5.974823 6.638692
251 243 0.000245 0.010077 5.989349 6.654833
252 244 0.000230 0.010042 6.004517 6.671685
253 245 0.000230 0.010055 6.008881 6.676534
254 246 0.000257 0.008131 6.004303 6.671448
255 247 0.000244 0.006493 6.008698 6.676331
256 248 0.000405 0.004395 6.025681 6.695200
257 249 0.000162 0.006542 6.045227 6.716919
258 250 0.000114 0.003112 6.057053 6.730059
259 251 0.000180 0.005480 6.062836 6.736484
260 252 0.000081 0.007652 6.065384 6.739316
261 253 0.000114 0.008760 6.072800 6.747555
262 254 0.000113 0.005578 6.095078 6.772308
263 255 0.000196 0.004982 6.108871 6.787635
264 256 0.000553 0.004572 6.116974 6.796638
265 257 0.000252 0.003353 6.115982 6.795536
266 258 0.000298 0.002113 6.122742 6.803046
267 259 0.000239 0.003463 6.138275 6.820306
268 260 0.000112 0.004158 6.159470 6.843855
269 261 0.000263 0.006576 6.168533 6.853926
270 262 0.000224 0.005590 6.162689 6.847433
271 263 0.000238 0.004664 6.153046 6.836718
272 264 0.000138 0.006839 6.142395 6.824883
273 265 0.000178 0.005125 6.138306 6.820340
274 266 0.000159 0.004661 6.132217 6.813575
275 267 0.000422 0.004018 6.117996 6.797773
276 268 0.000227 0.004283 6.085709 6.761899
277 269 0.000228 0.004202 6.053772 6.726413
278 270 0.000162 0.003446 6.019958 6.688843
279 271 0.000163 0.003720 5.997574 6.663971
280 272 0.000183 0.005939 5.972488 6.636098
281 273 0.000142 0.006605 5.941483 6.601647
282 274 0.000262 0.003944 5.893875 6.548750
283 275 0.000290 0.004355 5.835327 6.483697
284 276 0.000281 0.004697 5.766693 6.407437
285 277 0.000210 0.005592 5.687408 6.319343
286 278 0.000262 0.006715 5.599609 6.221788
287 279 0.000236 0.003606 5.484238 6.093597
288 280 0.000387 0.001729 5.357300 5.952555
289 281 0.000408 0.001960 5.217010 5.796679
290 282 0.000193 0.001051 5.068024 5.631137
291 283 0.000314 0.000625 4.911789 5.457543
292 284 0.000308 0.004443 4.750595 5.278439
293 285 0.000369 0.005460 4.583252 5.092502
294 286 0.000399 0.007463 4.407547 4.897274
295 287 0.000461 0.007654 4.232193 4.702436
296 288 0.000466 0.006893 4.058884 4.509871
297 289 0.000178 0.001849 3.885559 4.317288
298 290 0.000394 0.005148 3.721268 4.134742
299 291 0.000237 0.007918 3.562073 3.957859
300 292 0.000405 0.013380 3.410263 3.789181
301 293 0.000474 0.010363 3.256378 3.618198
302 294 0.000386 0.012708 3.102402 3.447113
303 295 0.000234 0.016413 2.952805 3.280894
304 296 0.000349 0.015325 2.800995 3.112216
305 297 0.000411 0.012439 2.655533 2.950592
306 298 0.000514 0.010353 2.510986 2.789985
307 299 0.001008 0.012163 2.373886 2.637651
308 300 0.000534 0.011087 2.239487 2.488318
309 301 0.001728 0.021597 2.114456 2.349396
310 302 0.001734 0.026593 2.011307 2.234785
311 303 0.002267 0.033238 1.926331 2.140367
312 304 0.002202 0.031166 1.854965 2.061072
313 305 0.000271 0.039276 1.804260 2.004734
314 306 0.000676 0.045797 1.768860 1.965400
315 307 0.001191 0.040094 1.738800 1.932000
316 308 0.001597 0.046118 1.730011 1.922234
317 309 0.001695 0.047261 1.728348 1.920386
318 310 0.001492 0.041223 1.731247 1.923608
319 311 0.001197 0.037469 1.730789 1.923099
320 312 0.000893 0.039158 1.728134 1.920149
321 313 0.002547 0.043130 1.725479 1.917199
322 314 0.001625 0.044783 1.726456 1.918284
323 315 0.001319 0.068177 1.736298 1.929220
324 316 0.001295 0.067979 1.768463 1.964959
325 317 0.001424 0.067787 1.814789 2.016432
326 318 0.001811 0.064687 1.887192 2.096880
327 319 0.001963 0.067226 1.974136 2.193485
328 320 0.002150 0.065917 2.069458 2.299398
329 321 0.001715 0.075243 2.186691 2.429657
330 322 0.001824 0.079810 2.317932 2.575480
331 323 0.002419 0.063950 2.439499 2.710554
332 324 0.002044 0.065418 2.562378 2.847087
333 325 0.001582 0.055520 2.672318 2.969242
334 326 0.001448 0.059227 2.780640 3.089600
335 327 0.001243 0.052478 2.887299 3.208110
336 328 0.001178 0.042767 2.990143 3.322381
337 329 0.001059 0.025306 3.093170 3.436856
338 330 0.000891 0.021149 3.194305 3.549228
339 331 0.000751 0.021548 3.315842 3.684268
340 332 0.001026 0.023095 3.431534 3.812815
341 333 0.000877 0.022937 3.563843 3.959825
342 334 0.000495 0.019648 3.691559 4.101732
343 335 0.000255 0.018537 3.830063 4.255625
344 336 0.000173 0.012025 3.984009 4.426676
345 337 0.000374 0.010377 4.133163 4.592404
346 338 0.000535 0.024813 4.280136 4.755707
347 339 0.000934 0.022214 4.435928 4.928809
348 340 0.000865 0.018031 4.585098 5.094553
349 341 0.000874 0.015995 4.742615 5.269572
350 342 0.000823 0.013987 4.893555 5.437283
351 343 0.000776 0.011931 5.036285 5.595873
352 344 0.000516 0.021583 5.180481 5.756090
353 345 0.000477 0.022630 5.316666 5.907406
354 346 0.000237 0.008240 5.458954 6.065504
355 347 0.000175 0.007865 5.589462 6.210514
356 348 0.000171 0.006635 5.723434 6.359372
357 349 0.000167 0.008976 5.849335 6.499261
358 350 0.000200 0.013697 5.975952 6.639947
359 351 0.000160 0.011916 6.104080 6.782311
360 352 0.000222 0.005556 6.232834 6.925371
361 353 0.000266 0.004452 6.355881 7.062090
362 354 0.000302 0.005080 6.476761 7.196401
363 355 0.000399 0.007077 6.592041 7.324490
364 356 0.000392 0.008131 6.700180 7.444644
365 357 0.000448 0.005070 6.809326 7.565918
366 358 0.000474 0.005445 6.916626 7.685140
367 359 0.000582 0.006659 7.020599 7.800666
368 360 0.000455 0.006185 7.116272 7.906969
369 361 0.000428 0.005547 7.213150 8.014611
370 362 0.000366 0.004441 7.303894 8.115438
371 363 0.000264 0.006318 7.403900 8.226556
372 364 0.000260 0.007925 7.501022 8.334469
373 365 0.000203 0.004484 7.593811 8.437568
374 366 0.000285 0.005437 7.668152 8.520168
375 367 0.000063 0.005050 7.734146 8.593495
376 368 0.000125 0.007283 7.790756 8.656396
377 369 0.000088 0.009467 7.837494 8.708326
378 370 0.000088 0.008195 7.873322 8.748135
379 371 0.000087 0.008448 7.897095 8.774549
380 372 0.000195 0.010809 7.917007 8.796675
381 373 0.000087 0.010248 7.921555 8.801727
382 374 0.000138 0.010215 7.930954 8.812171
383 375 0.000204 0.010724 7.940689 8.822988
384 376 0.000238 0.012062 7.942535 8.825039
385 377 0.000162 0.016078 7.950592 8.833991
386 378 0.000204 0.012081 7.952591 8.836212
387 379 0.000260 0.013036 7.952805 8.836450
388 380 0.000213 0.013871 7.941223 8.823582
389 381 0.000204 0.017196 7.943741 8.826379
390 382 0.000151 0.021483 7.945114 8.827905
391 383 0.000213 0.018886 7.936630 8.818478
392 384 0.000213 0.018024 7.934067 8.815630
393 385 0.000123 0.019141 7.923203 8.803558
394 386 0.000138 0.020181 7.922668 8.802965
395 387 0.000062 0.020044 7.924820 8.805355
396 388 0.000087 0.019463 7.928726 8.809696
397 389 0.000138 0.017619 7.930435 8.811595
398 390 0.000123 0.018315 7.921539 8.801710
399 391 0.000138 0.017068 7.913132 8.792369
400 392 0.000000 0.016663 7.907288 8.785875
401 393 0.000087 0.014731 7.904892 8.783214
402 394 0.000087 0.014112 7.902344 8.780382
403 395 0.000124 0.014612 7.890091 8.766768
404 396 0.000124 0.013300 7.875732 8.750813
405 397 0.000088 0.014573 7.854736 8.727485
406 398 0.000088 0.012960 7.842468 8.713854
407 399 0.000088 0.011940 7.834320 8.704800
408 400 0.000062 0.013487 7.823486 8.692762
409 401 0.000108 0.015658 7.808746 8.676385
410 402 0.000063 0.015832 7.781189 8.645765
411 403 0.000109 0.015840 7.751953 8.613281
412 404 0.000000 0.014875 7.727722 8.586358
413 405 0.000090 0.013397 7.702637 8.558485
414 406 0.000064 0.013825 7.677490 8.530544
415 407 0.000090 0.013162 7.649323 8.499248
416 408 0.000128 0.012313 7.622528 8.469476
417 409 0.000129 0.009112 7.594513 8.438348
418 410 0.000129 0.009508 7.571899 8.413221
419 411 0.000214 0.008850 7.556030 8.395589
420 412 0.000183 0.010920 7.538391 8.375990
421 413 0.000065 0.010739 7.520660 8.356289
422 414 0.000092 0.011753 7.500031 8.333367
423 415 0.000000 0.014420 7.478088 8.308987
424 416 0.000113 0.015288 7.452362 8.280402
425 417 0.000066 0.017971 7.421021 8.245579
426 418 0.000000 0.018097 7.383881 8.204311
427 419 0.000000 0.018815 7.337067 8.152296
428 420 0.000164 0.020545 7.284241 8.093601
429 421 0.000117 0.020331 7.216858 8.018731
430 422 0.000137 0.021034 7.142792 7.936435
431 423 0.000138 0.021193 7.058899 7.843221
432 424 0.000157 0.021560 6.967712 7.741903
433 425 0.000100 0.021514 6.876251 7.640279
434 426 0.000144 0.020174 6.782990 7.536655
435 427 0.000163 0.020518 6.692047 7.435608
436 428 0.000105 0.017549 6.598999 7.332221
437 429 0.000150 0.017482 6.508148 7.231276
438 430 0.000000 0.015228 6.411743 7.124159
439 431 0.000134 0.013441 6.314789 7.016432
440 432 0.000079 0.011546 6.214935 6.905484
441 433 0.000160 0.012382 6.115356 6.794840
442 434 0.000182 0.012795 6.002136 6.669040
443 435 0.000234 0.013011 5.889465 6.543850
444 436 0.000281 0.015127 5.772858 6.414286
445 437 0.000366 0.015578 5.660065 6.288961
446 438 0.000352 0.015733 5.549927 6.166585
447 439 0.000347 0.014134 5.444397 6.049330
448 440 0.000388 0.014502 5.344025 5.937805
449 441 0.000427 0.013633 5.243652 5.826281
450 442 0.000423 0.011634 5.161194 5.734660
451 443 0.000304 0.012301 5.075775 5.639750
452 444 0.000437 0.009531 4.995850 5.550944
453 445 0.000141 0.015281 4.908844 5.454271
454 446 0.000202 0.016184 4.825989 5.362210
455 447 0.000437 0.015737 4.743988 5.271098
456 448 0.000378 0.017157 4.659943 5.177714
457 449 0.000369 0.021184 4.578278 5.086975
458 450 0.000392 0.025411 4.491241 4.990268
459 451 0.000532 0.034197 4.400452 4.889391
460 452 0.000408 0.040688 4.312317 4.791463
461 453 0.000610 0.037467 4.235046 4.705607
462 454 0.000704 0.039827 4.162048 4.624498
463 455 0.000726 0.039665 4.093781 4.548645
464 456 0.000872 0.040020 4.039215 4.488017
465 457 0.001096 0.040265 3.986145 4.429050
466 458 0.001449 0.037843 3.943817 4.382019
467 459 0.001452 0.026945 3.922729 4.358588
468 460 0.000869 0.025688 3.892395 4.324883
469 461 0.001020 0.019913 3.860138 4.289042
470 462 0.000853 0.017370 3.838165 4.264628
471 463 0.000821 0.017745 3.807617 4.230686
472 464 0.000795 0.020334 3.785187 4.205763
473 465 0.000568 0.017890 3.749390 4.165988
474 466 0.000645 0.017519 3.710541 4.122823
475 467 0.000677 0.018508 3.679688 4.088542
476 468 0.000267 0.022031 3.657257 4.063619
477 469 0.000742 0.025135 3.666138 4.073486
478 470 0.000625 0.020528 3.664886 4.072096
479 471 0.000650 0.022582 3.679962 4.088847
480 472 0.000815 0.016712 3.691803 4.102003
481 473 0.000294 0.018586 3.718842 4.132046
482 474 0.000486 0.017880 3.760437 4.178263
483 475 0.000316 0.015893 3.789612 4.210680
484 476 0.000337 0.014380 3.833160 4.259067
485 477 0.000693 0.014887 3.861176 4.290195
486 478 0.000613 0.013133 3.902313 4.335904
487 479 0.000510 0.011718 3.948059 4.386732
488 480 0.000440 0.012523 3.997070 4.441189
489 481 0.000510 0.011703 4.060760 4.511956
490 482 0.000458 0.010380 4.124908 4.583231
491 483 0.000419 0.007158 4.199036 4.665595
492 484 0.000396 0.006163 4.275940 4.751044
493 485 0.000250 0.005998 4.367310 4.852566
494 486 0.000219 0.005429 4.458954 4.954393
495 487 0.000151 0.006281 4.560120 5.066800
496 488 0.000277 0.006165 4.666412 5.184903
497 489 0.000102 0.007680 4.774292 5.304769
498 490 0.000000 0.010959 4.882660 5.425178
499 491 0.000218 0.010223 4.997223 5.552470
500 492 0.000095 0.012347 5.124359 5.693732
501 493 0.000093 0.009307 5.245941 5.828824
502 494 0.000128 0.008175 5.375336 5.972595
503 495 0.000251 0.007964 5.503998 6.115553
504 496 0.000150 0.010109 5.633026 6.258918
505 497 0.000120 0.012209 5.772064 6.413404
506 498 0.000000 0.012700 5.916748 6.574164
507 499 0.000140 0.013108 6.056915 6.729906
508 500 0.000112 0.013343 6.184601 6.871778
509 501 0.000110 0.012396 6.305786 7.006429
510 502 0.000076 0.012186 6.430634 7.145148
511 503 0.000183 0.011911 6.552185 7.280206
512 504 0.000000 0.010417 6.667847 7.408719
513 505 0.000161 0.009214 6.767822 7.519803
514 506 0.000123 0.011508 6.863678 7.626309
515 507 0.000157 0.011929 6.954163 7.726847
516 508 0.000170 0.012833 7.043640 7.826267
517 509 0.000137 0.013334 7.134888 7.927653
518 510 0.000135 0.011874 7.216614 8.018459
519 511 0.000000 0.012277 7.287292 8.096992
520 512 0.000163 0.012902 7.350006 8.166674
521 513 0.000187 0.012368 7.399048 8.221165
522 514 0.000237 0.013133 7.432617 8.258464
523 515 0.000300 0.013679 7.458893 8.287659
524 516 0.000333 0.012283 7.480713 8.311903
525 517 0.000369 0.012274 7.487915 8.319905
526 518 0.000403 0.013449 7.475708 8.306342
527 519 0.000328 0.013376 7.453766 8.281962
528 520 0.000335 0.011730 7.423187 8.247986
529 521 0.000361 0.010908 7.410400 8.233778
530 522 0.000317 0.009655 7.394745 8.216383
531 523 0.000296 0.008555 7.378448 8.198277
532 524 0.000297 0.007838 7.359619 8.177355
533 525 0.000250 0.009036 7.321381 8.134868
534 526 0.000222 0.009228 7.300201 8.111335
535 527 0.000307 0.008235 7.281433 8.090481
536 528 0.000116 0.008264 7.262451 8.069390
537 529 0.000179 0.007420 7.227448 8.030498
538 530 0.000000 0.008487 7.194061 7.993402
539 531 0.000096 0.007688 7.160461 7.956068
540 532 0.000097 0.009732 7.114777 7.905307
541 533 0.000119 0.009351 7.091034 7.878927
542 534 0.000208 0.009823 7.053986 7.837762
543 535 0.000355 0.010076 7.020935 7.801039
544 536 0.000221 0.010580 6.995209 7.772454
545 537 0.000314 0.012015 6.957947 7.731052
546 538 0.000373 0.011085 6.923126 7.692362
547 539 0.000454 0.012804 6.885803 7.650892
548 540 0.000256 0.013173 6.868378 7.631531
549 541 0.000247 0.012325 6.851440 7.612711
550 542 0.000101 0.011325 6.840942 7.601047
551 543 0.000226 0.008904 6.836395 7.595995
552 544 0.000357 0.008448 6.839142 7.599047
553 545 0.000402 0.008348 6.872223 7.635803
554 546 0.000255 0.007558 6.909424 7.677137
555 547 0.000298 0.006292 6.953949 7.726610
556 548 0.000288 0.005351 6.989441 7.766046
557 549 0.000333 0.005795 7.038849 7.820943
558 550 0.000299 0.004866 7.109406 7.899340
559 551 0.000215 0.004752 7.182037 7.980042
560 552 0.000329 0.003411 7.262390 8.069323
561 553 0.000249 0.003046 7.328125 8.142361
562 554 0.000219 0.003976 7.398407 8.220452
563 555 0.000185 0.004118 7.471283 8.301426
564 556 0.000242 0.003533 7.560272 8.400303
565 557 0.000306 0.004663 7.652283 8.502537
566 558 0.000309 0.004151 7.730011 8.588902
567 559 0.000306 0.003544 7.807373 8.674859
568 560 0.000303 0.003455 7.886353 8.762614
569 561 0.000194 0.004241 7.964966 8.849962
570 562 0.000192 0.003580 8.048004 8.942226
571 563 0.000208 0.003727 8.126343 9.029270
572 564 0.000169 0.003520 8.194916 9.105462
573 565 0.000244 0.004133 8.253693 9.170770
574 566 0.000263 0.004445 8.306091 9.228991
575 567 0.000143 0.006388 8.353302 9.281446
576 568 0.000175 0.006258 8.384094 9.315660
577 569 0.000100 0.005926 8.416992 9.352214
578 570 0.000082 0.005713 8.439026 9.376696
579 571 0.000116 0.005779 8.454285 9.393650
580 572 0.000082 0.004253 8.455292 9.394769
581 573 0.000142 0.003182 8.446960 9.385511
582 574 0.000082 0.002193 8.436279 9.373644
583 575 0.000116 0.002559 8.421600 9.357334
584 576 0.000101 0.002034 8.409515 9.343906
585 577 0.000116 0.002428 8.397095 9.330105
586 578 0.000154 0.002919 8.365112 9.294569
587 579 0.000000 0.001952 8.340851 9.267612
588 580 0.000083 0.002176 8.320343 9.244825
589 581 0.000118 0.002363 8.301392 9.223768
590 582 0.000083 0.001736 8.279083 9.198981
591 583 0.000118 0.002110 8.256317 9.173686
592 584 0.000119 0.002362 8.227112 9.141235
593 585 0.000206 0.002559 8.191650 9.101833
594 586 0.000084 0.003714 8.176056 9.084507
595 587 0.000000 0.003341 8.147064 9.052294
596 588 0.000104 0.004071 8.124634 9.027370
597 589 0.000000 0.004568 8.096375 8.995972
598 590 0.000105 0.004881 8.066986 8.963318
599 591 0.000086 0.005464 8.037262 8.930291
600 592 0.000061 0.005721 8.011536 8.901707
601 593 0.000137 0.006762 7.987457 8.874952
602 594 0.000087 0.006162 7.959991 8.844435
603 595 0.000000 0.006193 7.939697 8.821886
604 596 0.000000 0.006765 7.908783 8.787537
605 597 0.000107 0.007185 7.879822 8.755358
606 598 0.000108 0.006576 7.856506 8.729451
607 599 0.000088 0.006833 7.832794 8.703105
608 600 0.000088 0.008356 7.803955 8.671062
609 601 0.000154 0.006102 7.776215 8.640239
610 602 0.000109 0.006679 7.745575 8.606194
611 603 0.000090 0.007347 7.714447 8.571608
612 604 0.000064 0.006800 7.684021 8.537801
613 605 0.000128 0.006244 7.653259 8.503621
614 606 0.000091 0.007109 7.614716 8.460795
615 607 0.000144 0.006077 7.569336 8.410374
616 608 0.000130 0.006167 7.523224 8.359138
617 609 0.000131 0.007002 7.458740 8.287489
618 610 0.000093 0.007565 7.387726 8.208584
619 611 0.000149 0.007601 7.304382 8.115980
620 612 0.000000 0.007878 7.211731 8.013035
621 613 0.000097 0.007422 7.104858 7.894287
622 614 0.000000 0.007713 6.983582 7.759535
623 615 0.000101 0.007921 6.849609 7.610677
624 616 0.000103 0.008355 6.698273 7.442525
625 617 0.000149 0.009824 6.541382 7.268202
626 618 0.000108 0.013142 6.372406 7.080451
627 619 0.000000 0.013919 6.190277 6.878086
628 620 0.000081 0.013273 5.996490 6.662767
629 621 0.000084 0.015339 5.796844 6.440938
630 622 0.000123 0.015687 5.591858 6.213175
631 623 0.000000 0.017267 5.382507 5.980564
632 624 0.000094 0.017049 5.174561 5.749512
633 625 0.000000 0.016226 4.960754 5.511950
634 626 0.000230 0.013774 4.742371 5.269300
635 627 0.000000 0.013843 4.519836 5.022040
636 628 0.000000 0.013915 4.297089 4.774543
637 629 0.000170 0.015553 4.065247 4.516941
638 630 0.000180 0.018135 3.828644 4.254049
639 631 0.000360 0.018647 3.587494 3.986104
640 632 0.000414 0.024582 3.338806 3.709785
641 633 0.000911 0.023451 3.080231 3.422479
642 634 0.001064 0.027453 2.829468 3.143853
643 635 0.001472 0.033018 2.591248 2.879164
644 636 0.001343 0.032038 2.356598 2.618442
645 637 0.001201 0.031329 2.152069 2.391188
646 638 0.000822 0.032946 1.971130 2.190145
647 639 0.000968 0.031915 1.818542 2.020603
648 640 0.001002 0.029509 1.687500 1.875000
649 641 0.001846 0.038770 1.586884 1.763204
650 642 0.001534 0.046533 1.492706 1.658563
651 643 0.002109 0.065325 1.408142 1.564602
652 644 0.001929 0.044407 1.339233 1.488037
653 645 0.001217 0.047038 1.268433 1.409370
654 646 0.001524 0.050469 1.199005 1.332228
655 647 0.002908 0.076147 1.126556 1.251729
656 648 0.001133 0.053140 1.055359 1.172621
657 649 0.001216 0.061032 0.983521 1.092801
658 650 0.000929 0.058216 0.910583 1.011759
659 651 0.001658 0.059424 0.833038 0.925598
660 652 0.001304 0.061870 0.749054 0.832282
661 653 0.001812 0.074326 0.659973 0.733303
662 654 0.002585 0.051514 0.566772 0.629747
663 655 0.004636 0.042402 0.471069 0.523410
664 656 0.003685 0.106347 0.374817 0.416463
665 657 0.003404 0.138670 0.286926 0.318807
666 658 0.006768 0.159568 0.216431 0.240479
667 659 0.013344 0.205762 0.155243 0.172492
668 660 0.010809 0.226193 0.110657 0.122952
669 661 0.019400 0.197442 0.079590 0.088433
670 662 0.025600 0.758647 0.057220 0.063578
671 663 0.032698 1.084774 0.044800 0.049778
672 664 0.020681 1.047778 0.040894 0.045437
673 665 0.017286 1.084403 0.039948 0.044386
674 666 0.017705 0.981875 0.039001 0.043335
675 667 0.028775 1.332646 0.041565 0.046183
676 668 0.000000 1.248054 0.042542 0.047268
677 669 0.021787 0.966657 0.038818 0.043132
678 670 0.037161 1.303136 0.043579 0.048421
679 671 0.031189 1.074505 0.044281 0.049201
680 672 0.026145 0.928897 0.045746 0.050829
681 673 0.018801 0.824757 0.044983 0.049981
682 674 0.000000 1.076795 0.044434 0.049371
683 675 0.011134 0.959366 0.043854 0.048726
684 676 0.010951 1.184871 0.044586 0.049540
685 677 0.000000 0.908660 0.047607 0.052897
686 678 0.010561 0.881241 0.046234 0.051371
687 679 0.014054 0.933119 0.049133 0.054593
688 680 0.014046 0.995565 0.049164 0.054626
689 681 0.000000 0.847779 0.049500 0.054999
690 682 0.010178 1.007084 0.047974 0.053304
691 683 0.009889 0.852467 0.049377 0.054864
692 684 0.000000 0.910408 0.047455 0.052728
693 685 0.021739 0.981905 0.044922 0.049913
694 686 0.017678 1.139018 0.039062 0.043403
695 687 0.033250 1.593696 0.032837 0.036485
696 688 0.043450 1.602191 0.027527 0.030585
697 689 0.025568 1.143221 0.027008 0.030009
698 690 0.000000 1.405062 0.025299 0.028110
699 691 0.037099 1.951906 0.022797 0.025330
700 692 0.032937 1.295023 0.020966 0.023295
701 693 0.020915 1.111088 0.023346 0.025940
702 694 0.027002 1.254607 0.025574 0.028415
703 695 0.046546 1.557188 0.025696 0.028551
704 696 0.027970 1.574951 0.024689 0.027432
705 697 0.046444 1.387356 0.021027 0.023363
706 698 0.067515 2.195408 0.019135 0.021261
707 699 0.055172 2.879453 0.017700 0.019667
708 700 0.031691 1.701265 0.021790 0.024211
709 701 0.045977 0.761620 0.021240 0.023600
710 702 0.047407 1.712910 0.020599 0.022888
711 703 0.024615 1.227188 0.019836 0.022040
712 704 0.030495 1.019834 0.022644 0.025160
713 705 0.050570 1.464547 0.023651 0.026279
714 706 0.041237 1.418634 0.023682 0.026313
715 707 0.044388 1.654784 0.024597 0.027330
716 708 0.018405 0.695452 0.070190 0.077989
717 709 0.015318 0.845802 0.100800 0.112000
718 710 0.013100 0.987426 0.129120 0.143467
719 711 0.009527 0.977241 0.162079 0.180088
720 712 0.005208 1.045929 0.187500 0.208333
721 713 0.004393 1.054227 0.222321 0.247023
722 714 0.002714 0.982595 0.254456 0.282728
723 715 0.005051 1.010917 0.290009 0.322232
724 716 0.002525 0.906965 0.273438 0.303819
725 717 0.002471 0.844328 0.279449 0.310499
726 718 0.001680 0.686857 0.290588 0.322876
727 719 0.003210 0.594031 0.304199 0.337999
728 720 0.002998 0.489406 0.325714 0.361905
729 721 0.002841 0.400483 0.343689 0.381877
730 722 0.004548 0.328299 0.371918 0.413242
731 723 0.005118 0.182256 0.404755 0.449727
732 724 0.003552 0.184508 0.455963 0.506626
733 725 0.002963 0.153923 0.521057 0.578952
734 726 0.002589 0.126718 0.596405 0.662672
735 727 0.002016 0.092662 0.684937 0.761041
736 728 0.002322 0.061908 0.786682 0.874091
737 729 0.002610 0.040132 0.897247 0.996941
738 730 0.002038 0.043181 1.016479 1.129422
739 731 0.001721 0.043916 1.135101 1.261224
740 732 0.000783 0.042750 1.247864 1.386515
741 733 0.000722 0.038570 1.352356 1.502618
742 734 0.000000 0.081914 1.454742 1.616380
743 735 0.000315 0.077672 1.549225 1.721361
744 736 0.000515 0.076759 1.640778 1.823086
745 737 0.000627 0.075816 1.740967 1.934408
746 738 0.000747 0.081295 1.848511 2.053901
747 739 0.001502 0.095048 1.977905 2.197673
748 740 0.002304 0.082876 2.119598 2.355109
749 741 0.002637 0.077458 2.275269 2.528076
750 742 0.002695 0.041156 2.457550 2.730611
751 743 0.002946 0.028914 2.651886 2.946540
752 744 0.001544 0.023990 2.863983 3.182204
753 745 0.001413 0.016019 3.090057 3.433397
754 746 0.001430 0.011847 3.310303 3.678114
755 747 0.001339 0.017280 3.534760 3.927510
756 748 0.001027 0.019309 3.743866 4.159851
757 749 0.000371 0.025187 3.949402 4.388224
758 750 0.000288 0.027893 4.155762 4.617513
759 751 0.000297 0.026981 4.345917 4.828796
760 752 0.000645 0.012914 4.543488 5.048319
761 753 0.000687 0.017344 4.713043 5.236715
762 754 0.000423 0.014038 4.891724 5.435248
763 755 0.000096 0.017971 5.066956 5.629951
764 756 0.000161 0.015175 5.252747 5.836385
765 757 0.000284 0.010831 5.446442 6.051602
766 758 0.000213 0.012515 5.627655 6.252950
767 759 0.000084 0.010343 5.825073 6.472303
768 760 0.000244 0.013295 6.004730 6.671923
769 761 0.000343 0.011105 6.196442 6.884935
770 762 0.000286 0.009509 6.384491 7.093879
771 763 0.000247 0.009654 6.566986 7.296651
772 764 0.000162 0.010146 6.752533 7.502814
773 765 0.000234 0.010925 6.929993 7.699992
774 766 0.000330 0.011493 7.105377 7.894864
775 767 0.000268 0.010336 7.281799 8.090888
776 768 0.000146 0.009297 7.463684 8.292982
777 769 0.000090 0.008577 7.649597 8.499553
778 770 0.000153 0.008619 7.830292 8.700324
779 771 0.000149 0.006955 8.006348 8.895942
780 772 0.000169 0.005164 8.180389 9.089321
781 773 0.000143 0.004731 8.350372 9.278192
782 774 0.000000 0.003725 8.510773 9.456414
783 775 0.000000 0.004479 8.665497 9.628330
784 776 0.000207 0.005832 8.810791 9.789768
785 777 0.000336 0.006318 8.945435 9.939372
786 778 0.000252 0.009069 9.076324 10.084805
787 779 0.000352 0.008959 9.199768 10.221965
788 780 0.000310 0.008150 9.310516 10.345018
789 781 0.000275 0.007857 9.408173 10.453526
790 782 0.000206 0.008655 9.486603 10.540669
791 783 0.000285 0.007164 9.541534 10.601705
792 784 0.000184 0.008325 9.579407 10.643785
793 785 0.000169 0.007633 9.598633 10.665148
794 786 0.000238 0.007071 9.603851 10.670946
795 787 0.000125 0.006065 9.596008 10.662231
796 788 0.000102 0.006961 9.582703 10.647448
797 789 0.000161 0.006162 9.563080 10.625645
798 790 0.000211 0.006370 9.545776 10.606419
799 791 0.000000 0.006786 9.527679 10.586310
800 792 0.000205 0.005539 9.507782 10.564202
801 793 0.000073 0.006597 9.493286 10.548096
802 794 0.000089 0.005944 9.478546 10.531718
803 795 0.000115 0.006149 9.460022 10.511135
804 796 0.000137 0.005035 9.434265 10.482517
805 797 0.000104 0.006089 9.404419 10.449354
806 798 0.000090 0.004109 9.376373 10.418193
807 799 0.000104 0.004089 9.352753 10.391948
808 800 0.000105 0.002273 9.330933 10.367702
809 801 0.000139 0.002002 9.305603 10.339559
810 802 0.000166 0.003359 9.275299 10.305888
811 803 0.000167 0.003487 9.241943 10.268826
812 804 0.000119 0.003439 9.211914 10.235460
813 805 0.000053 0.004007 9.191162 10.212402
814 806 0.000107 0.005266 9.165955 10.184394
815 807 0.000107 0.003441 9.140625 10.156250
816 808 0.000076 0.002868 9.109558 10.121731
817 809 0.000076 0.003204 9.078003 10.086670
818 810 0.000194 0.004749 9.056519 10.062799
819 811 0.000143 0.007073 9.034668 10.038520
820 812 0.000163 0.008259 9.013611 10.015123
821 813 0.000122 0.009018 8.985535 9.983928
822 814 0.000204 0.010908 8.963196 9.959106
823 815 0.000212 0.011275 8.937744 9.930827
824 816 0.000077 0.012494 8.915955 9.906616
825 817 0.000095 0.012311 8.894653 9.882948
826 818 0.000110 0.010847 8.867798 9.853108
827 819 0.000055 0.010049 8.848145 9.831272
828 820 0.000156 0.007350 8.835571 9.817302
829 821 0.000111 0.006551 8.823303 9.803670
830 822 0.000136 0.006185 8.817139 9.796821
831 823 0.000111 0.004980 8.798157 9.775730
832 824 0.000056 0.004670 8.793213 9.770237
833 825 0.000079 0.005244 8.789856 9.766506
834 826 0.000079 0.005299 8.771423 9.746026
835 827 0.000125 0.004857 8.747986 9.719984
836 828 0.000177 0.006480 8.712219 9.680243
837 829 0.000126 0.006972 8.693115 9.659017
838 830 0.000159 0.008766 8.663757 9.626397
839 831 0.000000 0.008329 8.656128 9.617920
840 832 0.000000 0.009697 8.635864 9.595405
841 833 0.000080 0.010246 8.616150 9.573500
842 834 0.000057 0.008466 8.603516 9.559462
843 835 0.000080 0.007916 8.580017 9.533352
844 836 0.000140 0.009656 8.565002 9.516669
845 837 0.000081 0.009730 8.536072 9.484524
846 838 0.000207 0.010973 8.507202 9.452447
847 839 0.000141 0.011254 8.478210 9.420234
848 840 0.000153 0.009172 8.463074 9.403416
849 841 0.000153 0.007874 8.448669 9.387410
850 842 0.000245 0.009458 8.449280 9.388088
851 843 0.000216 0.006821 8.461060 9.401177
852 844 0.000058 0.002776 8.474670 9.416301
853 845 0.000000 0.002001 8.479309 9.421454
854 846 0.000163 0.004893 8.490356 9.433729
855 847 0.000141 0.009070 8.492310 9.435900
856 848 0.000163 0.008188 8.480408 9.422675
857 849 0.000129 0.006905 8.462158 9.402398
858 850 0.000246 0.009113 8.432312 9.369236
859 851 0.000253 0.008585 8.404907 9.338786
860 852 0.000218 0.007345 8.366882 9.296535
861 853 0.000166 0.007956 8.344666 9.271851
862 854 0.000102 0.004731 8.318115 9.242351
863 855 0.000118 0.001771 8.291382 9.212646
864 856 0.000145 0.002943 8.259705 9.177449
865 857 0.000145 0.005129 8.228149 9.142388
866 858 0.000206 0.005343 8.205017 9.116686
867 859 0.000133 0.005551 8.182190 9.091322
868 860 0.000147 0.006565 8.160950 9.067722
869 861 0.000120 0.007773 8.131531 9.035034
870 862 0.000160 0.008292 8.097168 8.996853
871 863 0.000182 0.007582 8.065247 8.961385
872 864 0.000122 0.008708 8.025146 8.916829
873 865 0.000150 0.008815 7.970825 8.856472
874 866 0.000124 0.008667 7.895996 8.773329
875 867 0.000108 0.009773 7.806885 8.674316
876 868 0.000090 0.009309 7.705200 8.561334
877 869 0.000112 0.009392 7.584229 8.426921
878 870 0.000093 0.008456 7.445862 8.273180
879 871 0.000000 0.009637 7.293762 8.104180
880 872 0.000000 0.009107 7.132263 7.924737
881 873 0.000140 0.011464 6.974304 7.749227
882 874 0.000124 0.010641 6.819214 7.576904
883 875 0.000243 0.011605 6.655640 7.395155
884 876 0.000150 0.013468 6.490601 7.211779
885 877 0.000077 0.014123 6.323425 7.026028
886 878 0.000137 0.015150 6.162476 6.847195
887 879 0.000216 0.016657 5.991272 6.656969
888 880 0.000265 0.016483 5.826477 6.473864
889 881 0.000244 0.017094 5.649719 6.277466
890 882 0.000155 0.019022 5.470947 6.078830
891 883 0.000225 0.019922 5.324341 5.915934
892 884 0.000356 0.020492 5.135803 5.706448
893 885 0.000218 0.021816 4.999023 5.554471
894 886 0.000226 0.021206 4.841125 5.379028
895 887 0.000359 0.019991 4.711365 5.234850
896 888 0.000261 0.017843 4.588379 5.098199
897 889 0.000308 0.015521 4.487610 4.986233
898 890 0.000416 0.017003 4.393616 4.881795
899 891 0.000569 0.014419 4.287659 4.764065
900 892 0.000586 0.022997 4.245850 4.717611
901 893 0.000803 0.020678 4.166809 4.629788
902 894 0.000556 0.030780 4.122314 4.580349
903 895 0.000464 0.033152 4.076660 4.529623
904 896 0.000907 0.035893 4.030640 4.478488
905 897 0.001224 0.044027 3.988220 4.431356
906 898 0.001395 0.042053 3.959045 4.398939
907 899 0.001269 0.041236 3.924744 4.360826
908 900 0.000964 0.031998 3.891602 4.324002
909 901 0.001380 0.029264 3.859619 4.288465
910 902 0.001853 0.026120 3.836731 4.263034
911 903 0.002109 0.026612 3.824768 4.249743
912 904 0.001304 0.020155 3.818115 4.242350
913 905 0.000827 0.015092 3.826904 4.252116
914 906 0.001239 0.012807 3.820374 4.244860
915 907 0.001069 0.011506 3.822632 4.247369
916 908 0.000995 0.016059 3.833191 4.259101
917 909 0.000822 0.015283 3.850586 4.278429
918 910 0.000642 0.020422 3.875916 4.306573
919 911 0.000664 0.022823 3.889771 4.321967
920 912 0.000747 0.024033 3.920532 4.356147
921 913 0.000848 0.026597 3.948975 4.387750
922 914 0.000838 0.026630 3.995361 4.439291
923 915 0.000844 0.025280 4.049744 4.499715
924 916 0.000607 0.018754 4.103882 4.559869
925 917 0.000651 0.016916 4.172974 4.636637
926 918 0.000586 0.013474 4.248352 4.720391
927 919 0.000637 0.012320 4.338013 4.820014
928 920 0.000572 0.007331 4.434692 4.927436
929 921 0.000444 0.007073 4.539124 5.043470
930 922 0.000492 0.007621 4.654175 5.171305
931 923 0.000307 0.007909 4.777710 5.308567
932 924 0.000422 0.007358 4.905640 5.450711
933 925 0.000513 0.008466 5.036987 5.596653
934 926 0.000559 0.009713 5.170593 5.745104
935 927 0.000496 0.008047 5.300598 5.889554
936 928 0.000532 0.010463 5.429565 6.032850
937 929 0.000448 0.004387 5.556396 6.173774
938 930 0.000365 0.004448 5.676697 6.307441
939 931 0.000396 0.004965 5.784729 6.427477
940 932 0.000389 0.006511 5.880554 6.533949
941 933 0.000201 0.004482 5.959106 6.621229
942 934 0.000199 0.005925 6.015015 6.683350
943 935 0.000161 0.007705 6.065125 6.739027
944 936 0.000000 0.003596 6.098206 6.775784
945 937 0.000195 0.002987 6.118286 6.798096
946 938 0.000252 0.003000 6.127380 6.808200
947 939 0.000239 0.001803 6.133789 6.815321
948 940 0.000308 0.002334 6.135498 6.817220
949 941 0.000264 0.002305 6.138916 6.821018
950 942 0.000251 0.001495 6.142334 6.824816
951 943 0.000225 0.002452 6.140503 6.822781
952 944 0.000138 0.003894 6.138550 6.820611
953 945 0.000138 0.007117 6.130920 6.812134
954 946 0.000080 0.008296 6.123474 6.803860
955 947 0.000113 0.010316 6.110291 6.789212
956 948 0.000139 0.011328 6.096436 6.773817
957 949 0.000114 0.012056 6.078125 6.753472
958 950 0.000197 0.013048 6.057190 6.730211
959 951 0.000256 0.012643 6.033386 6.703763
960 952 0.000199 0.013924 6.000183 6.666870
961 953 0.000164 0.014398 5.961853 6.624281
962 954 0.000117 0.015316 5.915039 6.572266
963 955 0.000186 0.015568 5.862244 6.513604
964 956 0.000223 0.017313 5.798401 6.442667
965 957 0.000191 0.018538 5.723938 6.359931
966 958 0.000212 0.017694 5.643860 6.270956
967 959 0.000215 0.017470 5.561096 6.178996
968 960 0.000154 0.018571 5.482605 6.091784
969 961 0.000202 0.018088 5.409241 6.010267
970 962 0.000204 0.018823 5.341858 5.935398
971 963 0.000093 0.018520 5.277222 5.863580
972 964 0.000264 0.018023 5.221863 5.802070
973 965 0.000298 0.017255 5.174316 5.749240
974 966 0.000343 0.016680 5.134277 5.704752
975 967 0.000192 0.016947 5.095581 5.661757
976 968 0.000167 0.015237 5.058777 5.620863
977 969 0.000138 0.015829 5.020996 5.578885
978 970 0.000170 0.017841 4.985596 5.539551
979 971 0.000000 0.019399 4.954285 5.504761
980 972 0.000172 0.021556 4.925842 5.473158
981 973 0.000199 0.022284 4.900208 5.444675
982 974 0.000142 0.022587 4.874268 5.415853
983 975 0.000142 0.022833 4.852295 5.391439
984 976 0.000000 0.022015 4.831604 5.368449
985 977 0.000143 0.022326 4.814087 5.348986
986 978 0.000102 0.021303 4.791565 5.323961
987 979 0.000102 0.020061 4.769775 5.299750
988 980 0.000206 0.020532 4.744446 5.271606
989 981 0.000293 0.021939 4.714905 5.238783
990 982 0.000104 0.019856 4.678284 5.198093
991 983 0.000000 0.017343 4.635010 5.150011
992 984 0.000301 0.019433 4.582947 5.092163
993 985 0.000187 0.018699 4.520874 5.023193
994 986 0.000155 0.017829 4.454468 4.949409
995 987 0.000112 0.017166 4.378784 4.865316
996 988 0.000197 0.016814 4.295288 4.772542
997 989 0.000201 0.016698 4.206604 4.674005
998 990 0.000168 0.018847 4.119568 4.577298
999 991 0.000171 0.019737 4.026917 4.474352
1000 992 0.000248 0.017875 3.936401 4.373779
1001 993 0.000180 0.016774 3.842957 4.269952
1002 994 0.000345 0.015225 3.743774 4.159750
1003 995 0.000327 0.012843 3.656433 4.062704
1004 996 0.000240 0.011349 3.530823 3.923136
1005 997 0.000320 0.010814 3.415405 3.794895
1006 998 0.000470 0.009334 3.282166 3.646851
1007 999 0.000411 0.011190 3.141418 3.490465
1008 1000 0.000231 0.010975 2.992798 3.325331
1009 1001 0.000298 0.012291 2.841370 3.157077
1010 1002 0.000314 0.015892 2.695007 2.994452
1011 1003 0.000272 0.019496 2.542053 2.824504
1012 1004 0.000201 0.019306 2.431702 2.701891
1013 1005 0.000297 0.019675 2.321472 2.579413
1014 1006 0.000000 0.022308 2.237122 2.485691
1015 1007 0.000318 0.022597 2.172058 2.413398
1016 1008 0.000230 0.027699 2.120667 2.356296
1017 1009 0.000000 0.027190 2.086365 2.318183
1018 1010 0.000000 0.026945 2.061646 2.290717
1019 1011 0.000339 0.027337 2.039673 2.266303
1020 1012 0.000241 0.026419 2.027710 2.253011
1021 1013 0.000343 0.027300 2.015564 2.239516
1022 1014 0.000422 0.024590 2.003723 2.226359
1023 1015 0.000347 0.024386 1.992371 2.213745
1024 1016 0.000493 0.022311 1.982544 2.202826
1025 1017 0.000350 0.025367 1.971130 2.190145
1026 1018 0.000352 0.028391 1.961914 2.179904
1027 1019 0.000354 0.032529 1.951843 2.168715
1028 1020 0.000000 0.038413 1.938538 2.153931
1029 1021 0.000253 0.037414 1.929382 2.143758
1030 1022 0.000000 0.038313 1.918457 2.131619
1031 1023 0.000256 0.033099 1.908875 2.120972
1032 1024 0.000514 0.033488 1.898315 2.109239
1033 1025 0.000633 0.024883 1.888123 2.097914
1034 1026 0.000520 0.022892 1.876343 2.084825
1035 1027 0.000453 0.015359 1.867859 2.075399
1036 1028 0.000455 0.010138 1.860046 2.066718
1037 1029 0.000373 0.008467 1.853027 2.058919
1038 1030 0.000529 0.012495 1.844788 2.049764
1039 1031 0.000266 0.013868 1.834900 2.038778
1040 1032 0.000000 0.014380 1.826416 2.029351
1041 1033 0.000379 0.015954 1.820190 2.022434
1042 1034 0.000000 0.023315 1.813904 2.015449
1043 1035 0.000382 0.024543 1.809143 2.010159
1044 1036 0.000270 0.023040 1.809143 2.010159
1045 1037 0.000269 0.021679 1.813843 2.015381
1046 1038 0.000266 0.019951 1.833923 2.037693
1047 1039 0.000370 0.021406 1.867493 2.074992
1048 1040 0.000571 0.024373 1.913757 2.126397
1049 1041 0.000496 0.021551 1.970520 2.189467
1050 1042 0.000239 0.020220 2.039612 2.266235
1051 1043 0.000231 0.017218 2.117371 2.352634
1052 1044 0.000222 0.014512 2.198914 2.443237
1053 1045 0.000214 0.012919 2.280212 2.533569
1054 1046 0.000000 0.018101 2.357605 2.619561
1055 1047 0.000000 0.014373 2.432800 2.703111
1056 1048 0.000338 0.008298 2.502930 2.781033
1057 1049 0.000000 0.014431 2.570679 2.856310
1058 1050 0.000185 0.013378 2.633850 2.926500
1059 1051 0.000181 0.013511 2.697632 2.997369
1060 1052 0.000250 0.015907 2.764832 3.072035
1061 1053 0.000344 0.012975 2.835327 3.150363
1062 1054 0.000335 0.019556 2.912048 3.235609
1063 1055 0.000231 0.034721 2.988953 3.321059
1064 1056 0.000392 0.045299 3.053284 3.392537
1065 1057 0.000222 0.049788 3.104675 3.449639
1066 1058 0.000348 0.054363 3.140076 3.488973
1067 1059 0.000409 0.062364 3.162231 3.513591
1068 1060 0.000534 0.065569 3.167725 3.519694
1069 1061 0.000741 0.075716 3.159058 3.510064
1070 1062 0.000810 0.079473 3.133179 3.481310
1071 1063 0.000985 0.062794 3.095459 3.439399
1072 1064 0.001069 0.060054 3.063965 3.404405
1073 1065 0.000738 0.057136 3.033325 3.370361
1074 1066 0.000488 0.054869 3.004028 3.337809
1075 1067 0.000232 0.052322 2.972412 3.302680
1076 1068 0.000575 0.049503 2.943787 3.270874
1077 1069 0.000290 0.045478 2.917175 3.241306
1078 1070 0.000478 0.045460 2.891479 3.212755
1079 1071 0.000614 0.040894 2.865906 3.184340
1080 1072 0.000808 0.035725 2.835999 3.151109
1081 1073 0.000921 0.028625 2.804443 3.116048
1082 1074 0.000963 0.023255 2.776184 3.084649
1083 1075 0.001043 0.020157 2.730225 3.033583
1084 1076 0.001289 0.018423 2.652588 2.947320
1085 1077 0.001090 0.016023 2.535095 2.816772
1086 1078 0.000679 0.015358 2.383850 2.648722
1087 1079 0.000737 0.025376 2.197266 2.441406
1088 1080 0.000604 0.021858 1.979858 2.199843
1089 1081 0.000398 0.020117 1.734375 1.927083
1090 1082 0.000670 0.021698 1.457520 1.619466
1091 1083 0.000721 0.011309 1.173401 1.303779
1092 1084 0.000000 0.017807 0.898804 0.998671
1093 1085 0.001431 0.015488 0.682251 0.758057
1094 1086 0.001400 0.036460 0.493408 0.548231
1095 1087 0.002054 0.052491 0.336121 0.373467
1096 1088 0.005573 0.098989 0.214600 0.238444
1097 1089 0.007748 0.170691 0.126038 0.140042
1098 1090 0.015528 0.299974 0.070312 0.078125
1099 1091 0.000000 0.399777 0.045410 0.050456
1100 1092 0.000000 0.440867 0.047485 0.052762
