10 2 0.003782 0.044504 2.671591 2.968435
11 3 0.003906 0.049582 2.758394 3.064883
12 4 0.003202 0.049108 2.846867 3.163185
13 5 0.001953 0.052975 2.933855 3.259838
14 6 0.002184 0.058692 3.027812 3.364236
15 7 0.001953 0.051119 3.118676 3.465196
16 8 0.002238 0.042762 3.205786 3.561984
17 9 0.002392 0.035783 3.298717 3.665241
18 10 0.001092 0.026824 3.394280 3.771422
19 11 0.001691 0.025665 3.490714 3.878571
20 12 0.002072 0.033681 3.598699 3.998554
21 13 0.001953 0.027688 3.700863 4.112070
22 14 0.001891 0.027239 3.808808 4.232009
23 15 0.001381 0.030665 3.915998 4.351109
24 16 0.000846 0.036522 4.023208 4.470231
25 17 0.000691 0.040506 4.130636 4.589596
26 18 0.001761 0.053538 4.230679 4.700754
27 19 0.000691 0.061887 4.329399 4.810443
28 20 0.000691 0.078963 4.416361 4.907068
29 21 0.000691 0.096253 4.518388 5.020431
30 22 0.000691 0.106374 4.609026 5.121140
31 23 0.002013 0.104497 4.703274 5.225860
32 24 0.001196 0.112120 4.795979 5.328866
33 25 0.001092 0.104599 4.891768 5.435298
34 26 0.000000 0.108880 4.992011 5.546679
35 27 0.000691 0.116284 5.094510 5.660567
36 28 0.000691 0.090295 5.217555 5.797283
37 29 0.000000 0.082650 5.300842 5.889825
38 30 0.001196 0.074391 5.404878 6.005420
39 31 0.000488 0.074889 5.511419 6.123799
40 32 0.000846 0.064760 5.616438 6.240487
41 33 0.000691 0.055588 5.722267 6.358075
42 34 0.000977 0.030999 5.824118 6.471242
43 35 0.001465 0.023402 5.928946 6.587717
44 36 0.001381 0.029513 6.010622 6.678469
45 37 0.001196 0.054051 6.142614 6.825127
46 38 0.000488 0.053328 6.230619 6.922911
47 39 0.000691 0.069322 6.322306 7.024784
48 40 0.000000 0.075667 6.406797 7.118664
49 41 0.001292 0.086670 6.488073 7.208971
50 42 0.000691 0.088164 6.568037 7.297819
51 43 0.000691 0.088785 6.644087 7.382318
52 44 0.000691 0.080596 6.721077 7.467863
53 45 0.000691 0.069942 6.787245 7.541383
54 46 0.000488 0.084184 6.878082 7.642313
55 47 0.001761 0.072916 6.958078 7.731198
56 48 0.001196 0.077363 7.044313 7.827015
57 49 0.000488 0.065314 7.129566 7.921740
58 50 0.000977 0.062517 7.220665 8.022961
59 51 0.000691 0.060704 7.311291 8.123656
60 52 0.001196 0.068003 7.409248 8.232498
61 53 0.001691 0.055395 7.495485 8.328317
62 54 0.000846 0.059496 7.603937 8.448819
63 55 0.001092 0.078847 7.720028 8.577808
64 56 0.001691 0.091603 7.832039 8.702266
65 57 0.001619 0.116292 7.946625 8.829583
66 58 0.002392 0.116592 8.059216 8.954684
67 59 0.001544 0.122328 8.168400 9.076000
68 60 0.002238 0.119157 8.268829 9.187588
69 61 0.001292 0.124257 8.365738 9.295264
70 62 0.000977 0.119899 8.427422 9.363802
71 63 0.001827 0.099815 8.470634 9.411816
72 64 0.001381 0.093131 8.505127 9.450141
73 65 0.000977 0.077685 8.538086 9.486762
74 66 0.000691 0.074231 8.559612 9.510680
75 67 0.000000 0.061360 8.574795 9.527550
76 68 0.001292 0.061851 8.580009 9.533344
77 69 0.001827 0.064522 8.574600 9.527333
78 70 0.000846 0.085741 8.567257 9.519175
79 71 0.001827 0.090772 8.558277 9.509197
80 72 0.001544 0.106753 8.560905 9.512117
81 73 0.001891 0.109396 8.555729 9.506366
82 74 0.001827 0.099931 8.556190 9.506878
83 75 0.002072 0.101792 8.552769 9.503077
84 76 0.001381 0.082355 8.553593 9.503992
85 77 0.000977 0.081167 8.566357 9.518174
86 78 0.001761 0.063826 8.578171 9.531301
87 79 0.002072 0.013409 8.604664 9.560738
88 80 0.001953 0.014393 8.610577 9.567307
89 81 0.002013 0.014322 8.621662 9.579624
90 82 0.001761 0.028262 8.629910 9.588788
91 83 0.002184 0.026598 8.644878 9.605420
92 84 0.001761 0.049733 8.661591 9.623989
93 85 0.002847 0.056607 8.678135 9.642372
94 86 0.003164 0.076857 8.717079 9.685643
95 87 0.002674 0.064043 8.740555 9.711727
96 88 0.002719 0.070203 8.762772 9.736413
97 89 0.003555 0.105772 8.794380 9.771534
98 90 0.001891 0.093636 8.825706 9.806340
99 91 0.003312 0.124671 8.860992 9.845547
100 92 0.002930 0.127711 8.898628 9.887364
101 93 0.002128 0.142953 8.944099 9.937888
102 94 0.002674 0.157011 8.971321 9.968135
103 95 0.001544 0.167947 9.005989 10.006655
104 96 0.001292 0.163105 9.056664 10.062960
105 97 0.002128 0.160639 9.094498 10.104998
106 98 0.001891 0.161736 9.136940 10.152156
107 99 0.001292 0.149564 9.175270 10.194744
108 100 0.001381 0.153582 9.214546 10.238384
109 101 0.000691 0.159287 9.243980 10.271090
110 102 0.000977 0.149498 9.274689 10.305210
111 103 0.000977 0.141558 9.315727 10.350808
112 104 0.001544 0.134471 9.359657 10.399619
113 105 0.001196 0.127695 9.399399 10.443776
114 106 0.002342 0.113889 9.434769 10.483076
115 107 0.001465 0.110707 9.474686 10.527429
116 108 0.000977 0.110625 9.507149 10.563498
117 109 0.001196 0.098658 9.545715 10.606350
118 110 0.001544 0.097692 9.592514 10.658349
119 111 0.001292 0.087162 9.630592 10.700658
120 112 0.002674 0.095793 9.665138 10.739042
121 113 0.002392 0.112657 9.700287 10.778096
122 114 0.001953 0.109296 9.736526 10.818363
123 115 0.001619 0.104410 9.767250 10.852500
124 116 0.002392 0.090262 9.802986 10.892207
125 117 0.002013 0.100943 9.837906 10.931006
126 118 0.002392 0.104127 9.866249 10.962499
127 119 0.001691 0.120855 9.891731 10.990812
128 120 0.001381 0.129570 9.922485 11.024983
129 121 0.002072 0.115765 9.946396 11.051551
130 122 0.001953 0.120758 9.982124 11.091249
131 123 0.001761 0.120128 10.015411 11.128235
132 124 0.002072 0.114885 10.049774 11.166416
133 125 0.001544 0.103993 10.078949 11.198833
134 126 0.001544 0.094775 10.104523 11.227247
135 127 0.001381 0.085391 10.131447 11.257163
136 128 0.000977 0.075051 10.150002 11.277780
137 129 0.000488 0.072185 10.177048 11.307831
138 130 0.000977 0.070465 10.177681 11.308535
139 131 0.001465 0.061965 10.181931 11.313256
140 132 0.002013 0.070479 10.222084 11.357871
141 133 0.000846 0.070803 10.167404 11.297115
142 134 0.001196 0.080017 10.151077 11.278975
143 135 0.001381 0.080900 10.126129 11.251255
144 136 0.001691 0.087202 10.099480 11.221644
145 137 0.001381 0.093106 10.058289 11.175877
146 138 0.000691 0.083448 10.005501 11.117223
147 139 0.000691 0.095060 9.935867 11.039852
148 140 0.000691 0.147353 9.823044 10.914494
149 141 0.002013 0.125285 9.793259 10.881398
150 142 0.001761 0.120181 9.715424 10.794915
151 143 0.001381 0.127565 9.628708 10.698565
152 144 0.000977 0.118801 9.533691 10.592991
153 145 0.001544 0.128473 9.437332 10.485925
154 146 0.001761 0.139912 9.357269 10.396966
155 147 0.001691 0.126769 9.281693 10.312992
156 148 0.001465 0.121383 9.208328 10.231476
157 149 0.001953 0.108313 9.141022 10.156691
158 150 0.001196 0.103301 9.080170 10.089077
159 151 0.002013 0.083694 9.029877 10.033196
160 152 0.000846 0.059614 8.986389 9.984877
161 153 0.000488 0.051168 8.947632 9.941813
162 154 0.000488 0.033763 8.910797 9.900886
163 155 0.001092 0.017526 8.876816 9.863129
164 156 0.000488 0.015020 8.847900 9.831000
165 157 0.000000 0.033820 8.823288 9.803654
166 158 0.000000 0.048623 8.799820 9.777577
167 159 0.000977 0.062472 8.773529 9.748365
168 160 0.001465 0.100554 8.747269 9.719188
169 161 0.000846 0.116005 8.711044 9.678938
170 162 0.001292 0.127133 8.670898 9.634332
171 163 0.002674 0.158055 8.627853 9.586504
172 164 0.002013 0.152692 8.573380 9.525977
173 165 0.002238 0.153366 8.512299 9.458110
174 166 0.002392 0.140244 8.440720 9.378577
175 167 0.001619 0.122070 8.367935 9.297706
176 168 0.001292 0.098197 8.288757 9.209730
177 169 0.002072 0.075076 8.218460 9.131622
178 170 0.002762 0.070597 8.150131 9.055701
179 171 0.001465 0.062143 8.079712 8.977458
180 172 0.001691 0.065513 8.007950 8.897722
181 173 0.001465 0.064439 7.934052 8.815613
182 174 0.001465 0.085146 7.866104 8.740116
183 175 0.001761 0.080680 7.796021 8.662245
184 176 0.001292 0.097709 7.711990 8.568878
185 177 0.001691 0.117922 7.630951 8.478834
186 178 0.002238 0.122015 7.532776 8.369751
187 179 0.002290 0.128358 7.439041 8.265601
188 180 0.002290 0.126862 7.344055 8.160061
189 181 0.002238 0.122514 7.258514 8.065016
190 182 0.002674 0.121665 7.174561 7.971734
191 183 0.002847 0.140735 7.073318 7.859243
192 184 0.001827 0.131393 7.000488 7.778320
193 185 0.003010 0.131394 6.928970 7.698856
194 186 0.001292 0.124873 6.883682 7.648536
195 187 0.001292 0.117410 6.836212 7.595791
196 188 0.001619 0.105124 6.801193 7.556881
197 189 0.001691 0.118678 6.766098 7.517887
198 190 0.000691 0.114136 6.735016 7.483351
199 191 0.000691 0.103468 6.728119 7.475688
200 192 0.002128 0.092591 6.719772 7.466413
201 193 0.001544 0.071441 6.730713 7.478570
202 194 0.001691 0.093703 6.711853 7.457614
203 195 0.001544 0.099232 6.718109 7.464566
204 196 0.001196 0.104426 6.725159 7.472399
205 197 0.001196 0.087117 6.740662 7.489624
206 198 0.001827 0.083270 6.759125 7.510139
207 199 0.001619 0.069551 6.795227 7.550252
208 200 0.000977 0.081476 6.839996 7.599996
209 201 0.001292 0.089885 6.884583 7.649536
210 202 0.000977 0.064000 6.957214 7.730238
211 203 0.001196 0.068469 7.023407 7.803785
212 204 0.000691 0.073198 7.102036 7.891150
213 205 0.000488 0.078842 7.184296 7.982551
214 206 0.000691 0.076007 7.277878 8.086531
215 207 0.000691 0.100446 7.367767 8.186408
216 208 0.000846 0.099105 7.456924 8.285472
217 209 0.000691 0.098563 7.543030 8.381145
218 210 0.000000 0.105263 7.639420 8.488244
219 211 0.000488 0.095676 7.753372 8.614858
220 212 0.001381 0.116731 7.827057 8.696730
221 213 0.001196 0.126905 7.921997 8.802219
222 214 0.000977 0.140815 8.017212 8.908013
223 215 0.001092 0.108491 8.115662 9.017402
224 216 0.000977 0.124230 8.205032 9.116703
225 217 0.001092 0.140955 8.299728 9.221920
226 218 0.001619 0.147813 8.397552 9.330614
227 219 0.001953 0.157960 8.471283 9.412537
228 220 0.002290 0.144953 8.588715 9.543016
229 221 0.002238 0.154527 8.685333 9.650371
230 222 0.003088 0.152976 8.778168 9.753520
231 223 0.003088 0.150206 8.870728 9.856364
232 224 0.003347 0.144671 8.972610 9.969567
233 225 0.003312 0.142535 9.074722 10.083025
234 226 0.003164 0.127573 9.180649 10.200721
235 227 0.003127 0.132916 9.285736 10.317485
236 228 0.003010 0.138566 9.397217 10.441352
237 229 0.003239 0.117614 9.490463 10.544959
238 230 0.002719 0.116546 9.592728 10.658587
239 231 0.002674 0.134528 9.686493 10.762770
240 232 0.002584 0.154258 9.777161 10.863512
241 233 0.002762 0.151952 9.870422 10.967136
242 234 0.002490 0.168542 9.955536 11.061707
243 235 0.002342 0.185872 10.039413 11.154903
244 236 0.002290 0.204036 10.109085 11.232317
245 237 0.002490 0.204476 10.198517 11.331685
246 238 0.002762 0.197268 10.281677 11.424086
247 239 0.003088 0.201901 10.374008 11.526676
248 240 0.002762 0.186678 10.463989 11.626655
249 241 0.002490 0.193947 10.557617 11.730686
250 242 0.002629 0.199534 10.651550 11.835056
251 243 0.002290 0.192298 10.741943 11.935493
252 244 0.002584 0.183662 10.830658 12.034064
253 245 0.002290 0.219666 10.917816 12.130907
254 246 0.001691 0.233683 11.002411 12.224901
255 247 0.001292 0.234499 11.085449 12.317165
256 248 0.001292 0.235693 11.166412 12.407125
257 249 0.000977 0.240834 11.238022 12.486691
258 250 0.000977 0.246876 11.309174 12.565748
259 251 0.001381 0.262118 11.377136 12.641262
260 252 0.001891 0.261137 11.460785 12.734205
261 253 0.002490 0.218333 11.528717 12.809686
262 254 0.002441 0.207022 11.608124 12.897915
263 255 0.003127 0.206775 11.673157 12.970174
264 256 0.003521 0.214295 11.737732 13.041924
265 257 0.003782 0.199638 11.802536 13.113929
266 258 0.004257 0.192838 11.854767 13.171963
267 259 0.003782 0.172496 11.915649 13.239611
268 260 0.003621 0.170852 11.952942 13.281047
269 261 0.003845 0.179981 11.999695 13.332994
270 262 0.003521 0.184409 12.031616 13.368463
271 263 0.003164 0.188293 12.073029 13.414476
272 264 0.003010 0.186570 12.110535 13.456150
273 265 0.002584 0.215581 12.133942 13.482158
274 266 0.002072 0.232176 12.162933 13.514370
275 267 0.001544 0.249892 12.194794 13.549770
276 268 0.000000 0.267988 12.223907 13.582119
277 269 0.000977 0.283877 12.254211 13.615790
278 270 0.000977 0.302565 12.275513 13.639459
279 271 0.001196 0.279012 12.287384 13.652649
280 272 0.001292 0.280944 12.287231 13.652479
281 273 0.001953 0.256100 12.274597 13.638441
282 274 0.001891 0.258928 12.243164 13.603516
283 275 0.000846 0.264710 12.185913 13.539904
284 276 0.001092 0.248115 12.132355 13.480394
285 277 0.000977 0.278082 12.054718 13.394131
286 278 0.001619 0.272885 11.969727 13.299696
287 279 0.002674 0.301398 11.869904 13.188782
288 280 0.002238 0.306737 11.767883 13.075426
289 281 0.002490 0.298521 11.669495 12.966105
290 282 0.002290 0.317017 11.566742 12.851935
291 283 0.002184 0.309952 11.473816 12.748684
292 284 0.002392 0.311500 11.362061 12.624512
293 285 0.002290 0.294765 11.253326 12.503696
294 286 0.003164 0.281196 11.146332 12.384813
295 287 0.002342 0.296539 11.037964 12.264404
296 288 0.003127 0.294705 10.919037 12.132263
297 289 0.002537 0.316719 10.799377 11.999309
298 290 0.003202 0.300643 10.692810 11.880900
299 291 0.002072 0.297505 10.583435 11.759373
300 292 0.002290 0.305596 10.476074 11.640082
301 293 0.002184 0.312745 10.372742 11.525269
302 294 0.001761 0.319033 10.270996 11.412218
303 295 0.001619 0.324772 10.177521 11.308356
304 296 0.001953 0.312797 10.097534 11.219482
305 297 0.002584 0.325334 10.014740 11.127489
306 298 0.002290 0.324803 9.928406 11.031562
307 299 0.002584 0.335931 9.843506 10.937229
308 300 0.001619 0.328262 9.767578 10.852864
309 301 0.002342 0.306361 9.705353 10.783726
310 302 0.001761 0.317907 9.597839 10.664266
311 303 0.002128 0.318992 9.500031 10.555590
312 304 0.002072 0.314345 9.399078 10.443420
313 305 0.001761 0.319183 9.301910 10.335456
314 306 0.001544 0.351825 9.199280 10.221422
315 307 0.001544 0.320958 9.087555 10.097283
316 308 0.002629 0.329391 8.978210 9.975789
317 309 0.000691 0.342079 8.865784 9.850871
318 310 0.001196 0.306129 8.801575 9.779528
319 311 0.001465 0.271426 8.717896 9.686550
320 312 0.001691 0.286636 8.636871 9.596523
321 313 0.000691 0.269611 8.555634 9.506260
322 314 0.001465 0.235969 8.481995 9.424438
323 315 0.000488 0.247205 8.424133 9.360148
324 316 0.002441 0.236077 8.360413 9.289348
325 317 0.001691 0.204811 8.290985 9.212206
326 318 0.000846 0.223424 8.219696 9.132996
327 319 0.001465 0.207636 8.170929 9.078810
328 320 0.001544 0.176427 8.132477 9.036085
329 321 0.000691 0.152143 8.086273 8.984748
330 322 0.000691 0.151437 8.049408 8.943787
331 323 0.000977 0.132145 8.015503 8.906115
332 324 0.000977 0.086905 7.989532 8.877258
333 325 0.001381 0.111977 7.965759 8.850843
334 326 0.002128 0.073999 7.946045 8.828938
335 327 0.001691 0.064774 7.913666 8.792962
336 328 0.000977 0.091212 7.881012 8.756680
337 329 0.001691 0.069753 7.864319 8.738132
338 330 0.002441 0.047781 7.846039 8.717821
339 331 0.000846 0.053205 7.823059 8.692287
340 332 0.000488 0.067050 7.801453 8.668281
341 333 0.000977 0.059730 7.780426 8.644917
342 334 0.001381 0.068650 7.763397 8.625997
343 335 0.000488 0.083079 7.750214 8.611348
344 336 0.001544 0.077599 7.736084 8.595649
345 337 0.000977 0.072274 7.720795 8.578661
346 338 0.002342 0.087135 7.702637 8.558485
347 339 0.001092 0.070901 7.684784 8.538649
348 340 0.001196 0.072100 7.661469 8.512743
349 341 0.001953 0.083976 7.637573 8.486193
350 342 0.002013 0.069415 7.614929 8.461033
351 343 0.002128 0.060060 7.600891 8.445435
352 344 0.002805 0.050640 7.593719 8.437466
353 345 0.001827 0.066375 7.594604 8.438450
354 346 0.001827 0.056661 7.605469 8.450521
355 347 0.001691 0.056511 7.625183 8.472425
356 348 0.001953 0.050408 7.654327 8.504808
357 349 0.001292 0.029369 7.690369 8.544854
358 350 0.001196 0.047463 7.727844 8.586493
359 351 0.001691 0.054007 7.766602 8.629558
360 352 0.000488 0.052781 7.802094 8.668993
361 353 0.000846 0.057296 7.833221 8.703579
362 354 0.001092 0.060190 7.858673 8.731859
363 355 0.000977 0.070841 7.881317 8.757019
364 356 0.000000 0.071543 7.904846 8.783162
365 357 0.001196 0.076429 7.926849 8.807611
366 358 0.001691 0.084027 7.926849 8.807611
367 359 0.001381 0.079323 7.929047 8.810052
368 360 0.001196 0.071641 7.932556 8.813951
369 361 0.001691 0.073327 7.935760 8.817512
370 362 0.000846 0.068964 7.933929 8.815477
371 363 0.002072 0.055692 7.932770 8.814189
372 364 0.002184 0.058603 7.924988 8.805542
373 365 0.001691 0.053000 7.910339 8.789266
374 366 0.002128 0.056443 7.917877 8.797642
375 367 0.001691 0.050754 7.915314 8.794793
376 368 0.001827 0.059163 7.913788 8.793097
377 369 0.001381 0.056189 7.908875 8.787639
378 370 0.002674 0.067421 7.906525 8.785028
379 371 0.001381 0.067083 7.896515 8.773906
380 372 0.000846 0.074216 7.887329 8.763699
381 373 0.000977 0.070129 7.877625 8.752916
382 374 0.001292 0.071235 7.859802 8.733113
383 375 0.001953 0.065905 7.841034 8.712260
384 376 0.001953 0.058580 7.812378 8.680420
385 377 0.001292 0.068300 7.788452 8.653835
386 378 0.002072 0.090971 7.768311 8.631456
387 379 0.001691 0.071992 7.730316 8.589240
388 380 0.001381 0.062898 7.698700 8.554111
389 381 0.001196 0.058735 7.666534 8.518372
390 382 0.001381 0.058621 7.643524 8.492805
391 383 0.000691 0.052973 7.613434 8.459371
392 384 0.001381 0.046416 7.591553 8.435059
393 385 0.000977 0.042716 7.561066 8.401184
394 386 0.002013 0.042731 7.531799 8.368666
395 387 0.002238 0.050004 7.526428 8.362698
396 388 0.002290 0.043736 7.518677 8.354085
397 389 0.002072 0.046188 7.515045 8.350050
398 390 0.002970 0.031934 7.510803 8.345337
399 391 0.002290 0.081374 7.524567 8.360630
400 392 0.002392 0.116644 7.544891 8.383213
401 393 0.002184 0.143853 7.566528 8.407253
402 394 0.001292 0.179668 7.584991 8.427769
403 395 0.000977 0.188398 7.600311 8.444790
404 396 0.000977 0.213774 7.615265 8.461406
405 397 0.002072 0.220124 7.637939 8.486599
406 398 0.002490 0.245760 7.654999 8.505554
407 399 0.001691 0.219487 7.667358 8.519287
408 400 0.000846 0.183801 7.673126 8.525696
409 401 0.000488 0.167456 7.689026 8.543362
410 402 0.000977 0.150317 7.706177 8.562419
411 403 0.001196 0.131924 7.716888 8.574321
412 404 0.000977 0.111963 7.734833 8.594258
413 405 0.001544 0.108834 7.750946 8.612163
414 406 0.002072 0.100828 7.775330 8.639256
415 407 0.001092 0.089560 7.798218 8.664686
416 408 0.001092 0.080020 7.819458 8.688287
417 409 0.001619 0.070925 7.835114 8.705682
418 410 0.002490 0.081971 7.847321 8.719245
419 411 0.001092 0.065559 7.869202 8.743557
420 412 0.000691 0.077439 7.878967 8.754408
421 413 0.000691 0.067366 7.879303 8.754781
422 414 0.001381 0.067804 7.872711 8.747457
423 415 0.000000 0.072180 7.864105 8.737895
424 416 0.001092 0.072601 7.863007 8.736674
425 417 0.001381 0.069408 7.854218 8.726909
426 418 0.001092 0.058219 7.847290 8.719212
427 419 0.000846 0.068912 7.833252 8.703613
428 420 0.001292 0.066265 7.835754 8.706394
429 421 0.000691 0.077526 7.817719 8.686354
430 422 0.000691 0.079051 7.817688 8.686320
431 423 0.000977 0.075583 7.814423 8.682692
432 424 0.000977 0.080786 7.802277 8.669196
433 425 0.000691 0.091798 7.811859 8.679844
434 426 0.000691 0.088698 7.804871 8.672078
435 427 0.000000 0.102059 7.833405 8.703783
436 428 0.001381 0.073499 7.819458 8.688287
437 429 0.000000 0.083884 7.852020 8.724467
438 430 0.000691 0.084496 7.869751 8.744167
439 431 0.000846 0.096579 7.901031 8.778924
440 432 0.001761 0.098711 7.938690 8.820766
441 433 0.000488 0.069928 7.970673 8.856303
442 434 0.001092 0.071740 8.016754 8.907505
443 435 0.001292 0.066305 8.043030 8.936700
444 436 0.001292 0.082876 8.103119 9.003466
445 437 0.001381 0.068776 8.141296 9.045885
446 438 0.001196 0.074558 8.184570 9.093967
447 439 0.000846 0.074444 8.221039 9.134487
448 440 0.002072 0.070362 8.260315 9.178127
449 441 0.001619 0.071411 8.294861 9.216512
450 442 0.001953 0.082924 8.337616 9.264018
451 443 0.000846 0.073550 8.370178 9.300198
452 444 0.001381 0.065362 8.404755 9.338616
453 445 0.002013 0.067234 8.441986 9.379985
454 446 0.001691 0.067990 8.475769 9.417521
455 447 0.001381 0.052990 8.511902 9.457668
456 448 0.001292 0.049440 8.545593 9.495104
457 449 0.001619 0.056456 8.583984 9.537761
458 450 0.000846 0.043280 8.616821 9.574245
459 451 0.002490 0.047014 8.655579 9.617310
460 452 0.001619 0.034066 8.689880 9.655422
461 453 0.002392 0.043527 8.726013 9.695570
462 454 0.001465 0.036987 8.757965 9.731072
463 455 0.001891 0.049920 8.786133 9.762370
464 456 0.002072 0.036561 8.815918 9.795465
465 457 0.001544 0.041893 8.845367 9.828186
466 458 0.001691 0.036717 8.882111 9.869012
467 459 0.001292 0.072183 8.911072 9.901191
468 460 0.001544 0.035852 8.941437 9.934930
469 461 0.000846 0.034231 8.969513 9.966125
470 462 0.000691 0.040381 9.000153 10.000170
471 463 0.000691 0.029526 9.032562 10.036180
472 464 0.000488 0.041049 9.063507 10.070563
473 465 0.000977 0.034391 9.087189 10.096876
474 466 0.001292 0.041805 9.099854 10.110949
475 467 0.001381 0.047918 9.114868 10.127631
476 468 0.002013 0.054905 9.124023 10.137804
477 469 0.001827 0.070343 9.134552 10.149502
478 470 0.001381 0.074231 9.136230 10.151367
479 471 0.001092 0.081336 9.132721 10.147468
480 472 0.000846 0.083839 9.122833 10.136481
481 473 0.000977 0.077105 9.110168 10.122410
482 474 0.000488 0.069462 9.094543 10.105048
483 475 0.000691 0.063405 9.077209 10.085789
484 476 0.001092 0.077971 9.061218 10.068020
485 477 0.000000 0.074467 9.035553 10.039503
486 478 0.001292 0.079349 9.013916 10.015462
487 479 0.001092 0.089494 8.991943 9.991048
488 480 0.000691 0.057530 8.970337 9.967041
489 481 0.001092 0.080702 8.948853 9.943170
490 482 0.001761 0.075549 8.932526 9.925029
491 483 0.002537 0.086215 8.917267 9.908074
492 484 0.001544 0.071284 8.900391 9.889323
493 485 0.002629 0.074422 8.888245 9.875828
494 486 0.002072 0.056350 8.875061 9.861179
495 487 0.001544 0.079025 8.861145 9.845716
496 488 0.001381 0.095218 8.852356 9.835951
497 489 0.001544 0.099969 8.841614 9.824016
498 490 0.001092 0.098516 8.833923 9.815471
499 491 0.002128 0.096736 8.827026 9.807807
500 492 0.002184 0.092565 8.817322 9.797024
501 493 0.000488 0.100554 8.800598 9.778442
502 494 0.002072 0.109998 8.784241 9.760267
503 495 0.000977 0.080432 8.766296 9.740330
504 496 0.002970 0.082185 8.744141 9.715712
505 497 0.000977 0.069381 8.714539 9.682820
506 498 0.001544 0.077931 8.673828 9.637587
507 499 0.001953 0.076037 8.617249 9.574720
508 500 0.002128 0.089664 8.551025 9.501140
509 501 0.001381 0.080570 8.475037 9.416707
510 502 0.002128 0.081597 8.391968 9.324409
511 503 0.001381 0.074530 8.294983 9.216648
512 504 0.002537 0.089709 8.181396 9.090441
513 505 0.001292 0.083506 8.066040 8.962267
514 506 0.001544 0.095988 7.953979 8.837755
515 507 0.001827 0.091252 7.857544 8.730604
516 508 0.001619 0.082047 7.772156 8.635729
517 509 0.002629 0.071376 7.698730 8.554145
518 510 0.002290 0.038213 7.635254 8.483616
519 511 0.001891 0.035639 7.586670 8.429633
520 512 0.002674 0.020680 7.550476 8.389418
521 513 0.002072 0.022770 7.525940 8.362156
522 514 0.001891 0.042241 7.496094 8.328993
523 515 0.001691 0.057833 7.472778 8.303087
524 516 0.002128 0.066913 7.447754 8.275282
525 517 0.003049 0.062266 7.415833 8.239814
526 518 0.002184 0.042567 7.395569 8.217299
527 519 0.001544 0.053925 7.382874 8.203193
528 520 0.001292 0.043921 7.361877 8.179864
529 521 0.000488 0.040960 7.356445 8.173828
530 522 0.000846 0.038956 7.346863 8.163181
531 523 0.000691 0.063416 7.346313 8.162571
532 524 0.000691 0.065613 7.352234 8.169148
533 525 0.001196 0.073867 7.361877 8.179864
534 526 0.000691 0.070005 7.374268 8.193630
535 527 0.001381 0.066753 7.393311 8.214789
536 528 0.002238 0.080045 7.429688 8.255208
537 529 0.002490 0.046437 7.453979 8.282200
538 530 0.003275 0.046014 7.494690 8.327434
539 531 0.002674 0.035706 7.531799 8.368666
540 532 0.003088 0.039690 7.578186 8.420207
541 533 0.002930 0.041989 7.645447 8.494941
542 534 0.002238 0.048310 7.703979 8.559978
543 535 0.002719 0.049758 7.758606 8.620673
544 536 0.002441 0.074086 7.819824 8.688694
545 537 0.000691 0.052720 7.889893 8.766547
546 538 0.001381 0.059148 7.971863 8.857625
547 539 0.000691 0.060154 8.058899 8.954332
548 540 0.000488 0.060307 8.145569 9.050632
549 541 0.000488 0.038404 8.231873 9.146525
550 542 0.000846 0.037801 8.321472 9.246080
551 543 0.001292 0.038050 8.413940 9.348823
552 544 0.001691 0.029254 8.501770 9.446411
553 545 0.000000 0.042307 8.584473 9.538303
554 546 0.000000 0.040712 8.663635 9.626262
555 547 0.000488 0.037999 8.729370 9.699300
556 548 0.001092 0.041529 8.791382 9.768202
557 549 0.000488 0.064465 8.843994 9.826660
558 550 0.000846 0.067175 8.884399 9.871555
559 551 0.000000 0.069868 8.917419 9.908244
560 552 0.001196 0.064767 8.942627 9.936253
561 553 0.000846 0.059181 8.960876 9.956530
562 554 0.001196 0.049471 8.972717 9.969686
563 555 0.000691 0.060771 8.981384 9.979316
564 556 0.000846 0.049717 8.979004 9.976671
565 557 0.001381 0.049866 8.971191 9.967991
566 558 0.001381 0.059232 8.960938 9.956597
567 559 0.001465 0.051665 8.943237 9.936931
568 560 0.001381 0.059651 8.928162 9.920179
569 561 0.002013 0.065389 8.908997 9.898885
570 562 0.002392 0.060864 8.882690 9.869656
571 563 0.002072 0.061432 8.855347 9.839274
572 564 0.003164 0.074582 8.827637 9.808485
573 565 0.001761 0.087578 8.805054 9.783393
574 566 0.001827 0.070370 8.791504 9.768337
575 567 0.002584 0.069662 8.787231 9.763591
576 568 0.000846 0.063253 8.782410 9.758233
577 569 0.000691 0.055297 8.784058 9.760064
578 570 0.000977 0.057256 8.793091 9.770101
579 571 0.000977 0.048283 8.804565 9.782850
580 572 0.001544 0.035794 8.823242 9.803602
581 573 0.000691 0.028604 8.837708 9.819675
582 574 0.000488 0.033680 8.848206 9.831340
583 575 0.002629 0.037303 8.862000 9.846666
584 576 0.001381 0.042438 8.876770 9.863078
585 577 0.001196 0.039305 8.891968 9.879964
586 578 0.001544 0.022398 8.904541 9.893934
587 579 0.001381 0.009112 8.918762 9.909736
588 580 0.001691 0.037216 8.932495 9.924994
589 581 0.001544 0.033504 8.946533 9.940593
590 582 0.001465 0.035839 8.959106 9.954563
591 583 0.001092 0.034098 8.962708 9.958564
592 584 0.000691 0.057630 8.960327 9.955919
593 585 0.000977 0.062723 8.955444 9.950494
594 586 0.000691 0.057497 8.951355 9.945950
595 587 0.000488 0.077715 8.938660 9.931844
596 588 0.000000 0.078591 8.921509 9.912787
597 589 0.000488 0.084431 8.908264 9.898071
598 590 0.000488 0.077016 8.892822 9.880914
599 591 0.000691 0.098563 8.873230 9.859144
600 592 0.000488 0.092561 8.851501 9.835002
601 593 0.000846 0.098196 8.825867 9.806519
602 594 0.000000 0.101262 8.803345 9.781494
603 595 0.000488 0.101169 8.776550 9.751722
604 596 0.000488 0.104903 8.747864 9.719849
605 597 0.001092 0.094945 8.709900 9.677667
606 598 0.000488 0.112640 8.667542 9.630602
607 599 0.001761 0.096708 8.634216 9.593574
608 600 0.000000 0.107756 8.597351 9.552612
609 601 0.000691 0.102979 8.557922 9.508802
610 602 0.000977 0.103596 8.511108 9.456787
611 603 0.001196 0.096120 8.469788 9.410875
612 604 0.001092 0.092255 8.427002 9.363336
613 605 0.000846 0.100982 8.382996 9.314440
614 606 0.000000 0.090417 8.340088 9.266765
615 607 0.002184 0.099940 8.285706 9.206340
616 608 0.000846 0.093240 8.242798 9.158665
617 609 0.000000 0.098575 8.201477 9.112752
618 610 0.000846 0.106502 8.155273 9.061415
619 611 0.000846 0.096528 8.105774 9.006415
620 612 0.000000 0.081418 8.057678 8.952976
621 613 0.001196 0.078478 8.017273 8.908081
622 614 0.000488 0.059867 7.979248 8.865831
623 615 0.000000 0.051454 7.943054 8.825616
624 616 0.000846 0.036803 7.902100 8.780110
625 617 0.000691 0.032481 7.859253 8.732503
626 618 0.000000 0.028043 7.825562 8.695068
627 619 0.000488 0.033882 7.792969 8.658854
628 620 0.001092 0.032379 7.765320 8.628133
629 621 0.001544 0.032766 7.732422 8.591579
630 622 0.000691 0.030016 7.692993 8.547771
631 623 0.000488 0.010240 7.662964 8.514404
632 624 0.000977 0.008237 7.630188 8.477986
633 625 0.000846 0.012047 7.599731 8.444146
634 626 0.000977 0.012907 7.560303 8.400336
635 627 0.000977 0.030363 7.515991 8.351101
636 628 0.001691 0.041630 7.463989 8.293322
637 629 0.001827 0.044242 7.407776 8.230862
638 630 0.000977 0.038231 7.351501 8.168335
639 631 0.002184 0.047448 7.283691 8.092991
640 632 0.000977 0.041853 7.204529 8.005032
641 633 0.000691 0.034213 7.117065 7.907850
642 634 0.000977 0.040438 7.022461 7.802734
643 635 0.000691 0.031720 6.926575 7.696194
644 636 0.000691 0.030395 6.829712 7.588569
645 637 0.000977 0.023380 6.738281 7.486979
646 638 0.000488 0.023407 6.653564 7.392849
647 639 0.000977 0.059094 6.574402 7.304891
648 640 0.001619 0.064604 6.510742 7.234158
649 641 0.000846 0.057506 6.458374 7.175971
650 642 0.001196 0.055103 6.423218 7.136909
651 643 0.001292 0.048067 6.397888 7.108765
652 644 0.000691 0.077746 6.378479 7.087199
653 645 0.000488 0.083818 6.373413 7.081570
654 646 0.000488 0.094505 6.356628 7.062921
655 647 0.000691 0.077906 6.349609 7.055121
656 648 0.001092 0.082587 6.346802 7.052002
657 649 0.000846 0.108830 6.331848 7.035387
658 650 0.001761 0.110306 6.329102 7.032335
659 651 0.002238 0.148357 6.309387 7.010430
660 652 0.002392 0.106475 6.312866 7.014296
661 653 0.002490 0.115492 6.304443 7.004937
662 654 0.001292 0.107350 6.296265 6.995850
663 655 0.001381 0.100584 6.301636 7.001818
664 656 0.001092 0.098614 6.305420 7.006022
665 657 0.001544 0.097156 6.312500 7.013889
666 658 0.001292 0.080140 6.323242 7.025825
667 659 0.002072 0.075451 6.339844 7.044271
668 660 0.000691 0.093569 6.354065 7.060072
669 661 0.000691 0.081541 6.377075 7.085639
670 662 0.000691 0.090329 6.405212 7.116903
671 663 0.001196 0.081616 6.430969 7.145521
672 664 0.001827 0.069440 6.445007 7.161119
673 665 0.001619 0.053063 6.488831 7.209812
674 666 0.001465 0.069619 6.521484 7.246094
675 667 0.001761 0.045193 6.558655 7.287394
676 668 0.002762 0.042782 6.590637 7.322930
677 669 0.001196 0.061474 6.621399 7.357110
678 670 0.001381 0.054833 6.658936 7.398817
679 671 0.000977 0.047007 6.692017 7.435574
680 672 0.001092 0.055611 6.734497 7.482775
681 673 0.002184 0.083522 6.769104 7.521227
682 674 0.000691 0.085164 6.797363 7.552626
683 675 0.001381 0.101383 6.827332 7.585924
684 676 0.000691 0.092106 6.853455 7.614950
685 677 0.002013 0.068963 6.880066 7.644518
686 678 0.000977 0.071317 6.901245 7.668050
687 679 0.001691 0.104601 6.925171 7.694634
688 680 0.000488 0.096335 6.952026 7.724474
689 681 0.002072 0.089020 6.965454 7.739393
690 682 0.000977 0.094579 6.987000 7.763333
691 683 0.000000 0.107507 7.000610 7.778456
692 684 0.001691 0.106754 7.015198 7.794664
693 685 0.002342 0.115324 7.025696 7.806329
694 686 0.002719 0.121245 7.026978 7.807753
695 687 0.001544 0.099155 7.022217 7.802463
696 688 0.000977 0.100673 7.012695 7.791883
697 689 0.000977 0.105243 6.987549 7.763943
698 690 0.000977 0.085552 6.969177 7.743530
699 691 0.001691 0.068353 6.956055 7.728950
700 692 0.001196 0.082993 6.945740 7.717489
701 693 0.001544 0.083735 6.937317 7.708130
702 694 0.001544 0.079012 6.941772 7.713080
703 695 0.002490 0.073633 6.943726 7.715250
704 696 0.001381 0.072076 6.955811 7.728678
705 697 0.001092 0.065313 6.987427 7.763807
706 698 0.001196 0.067243 7.016724 7.796360
707 699 0.000977 0.083777 7.045593 7.828437
708 700 0.001092 0.074765 7.073608 7.859565
709 701 0.001381 0.062639 7.101501 7.890557
710 702 0.000691 0.064927 7.127441 7.919379
711 703 0.000000 0.064028 7.161011 7.956678
712 704 0.000000 0.056282 7.192627 7.991808
713 705 0.000977 0.076629 7.218140 8.020155
714 706 0.000691 0.076863 7.246521 8.051690
715 707 0.000977 0.054740 7.281677 8.090753
716 708 0.001544 0.067834 7.317566 8.130629
717 709 0.001292 0.091244 7.355408 8.172675
718 710 0.001381 0.091484 7.401550 8.223945
719 711 0.001691 0.106517 7.444519 8.271688
720 712 0.002128 0.106894 7.490723 8.323025
721 713 0.002290 0.102752 7.537537 8.375041
722 714 0.001827 0.101679 7.583618 8.426243
723 715 0.001381 0.108940 7.632263 8.480292
724 716 0.001196 0.092243 7.678833 8.532037
725 717 0.001544 0.120424 7.727417 8.586019
726 718 0.001381 0.124342 7.771667 8.635186
727 719 0.001381 0.114275 7.818176 8.686863
728 720 0.001196 0.118671 7.862793 8.736437
729 721 0.001196 0.135749 7.917480 8.797200
730 722 0.001827 0.137832 7.968567 8.853963
731 723 0.002238 0.120235 8.021301 8.912557
732 724 0.002970 0.121426 8.066833 8.963148
733 725 0.000977 0.146877 8.113525 9.015028
734 726 0.000691 0.143343 8.165466 9.072741
735 727 0.000977 0.146677 8.214417 9.127130
736 728 0.000977 0.162730 8.257629 9.175144
737 729 0.001381 0.149321 8.309082 9.232313
738 730 0.002584 0.147440 8.350037 9.277819
739 731 0.003275 0.159991 8.391479 9.323866
740 732 0.002762 0.152648 8.435303 9.372559
741 733 0.000977 0.139511 8.480042 9.422268
742 734 0.001761 0.147237 8.533691 9.481879
743 735 0.000488 0.148340 8.572571 9.525079
744 736 0.000488 0.128140 8.618591 9.576213
745 737 0.000488 0.127339 8.657410 9.619344
746 738 0.000846 0.137257 8.700256 9.666951
747 739 0.001196 0.133120 8.746948 9.718831
748 740 0.001619 0.155742 8.792969 9.769965
749 741 0.001465 0.097963 8.832825 9.814250
750 742 0.001619 0.101283 8.865051 9.850057
751 743 0.002238 0.093047 8.908142 9.897936
752 744 0.002072 0.087100 8.950195 9.944661
753 745 0.000691 0.087100 8.990845 9.989827
754 746 0.000691 0.087299 9.030945 10.034383
755 747 0.001196 0.087104 9.072937 10.081041
756 748 0.001619 0.068367 9.115967 10.128852
757 749 0.001761 0.068046 9.165283 10.183648
758 750 0.002537 0.063563 9.215088 10.238987
759 751 0.001953 0.047979 9.271545 10.301717
760 752 0.002392 0.049265 9.311096 10.345662
761 753 0.001292 0.045007 9.356262 10.395847
762 754 0.001465 0.083703 9.468811 10.520901
763 755 0.001544 0.051498 9.451538 10.501709
764 756 0.000977 0.056919 9.497375 10.552639
765 757 0.000488 0.064389 9.544067 10.604519
766 758 0.000488 0.071362 9.596375 10.662639
767 759 0.001292 0.065530 9.639038 10.710042
768 760 0.000488 0.067794 9.696472 10.773858
769 761 0.001381 0.070167 9.748901 10.832112
770 762 0.000691 0.080642 9.735779 10.817532
771 763 0.001196 0.070808 9.848755 10.943061
772 764 0.001544 0.064751 9.895935 10.995483
773 765 0.001619 0.057149 9.944885 11.049872
774 766 0.002290 0.065802 9.995605 11.106228
775 767 0.000488 0.063037 10.042664 11.158515
776 768 0.001544 0.063255 10.092651 11.214057
777 769 0.001827 0.076380 10.143433 11.270481
778 770 0.001381 0.081974 10.194214 11.326904
779 771 0.001292 0.083173 10.256470 11.396077
780 772 0.001544 0.087525 10.328552 11.476170
781 773 0.001953 0.085556 10.388062 11.542291
782 774 0.001691 0.088644 10.442627 11.602919
783 775 0.002013 0.067922 10.505310 11.672566
784 776 0.001761 0.089717 10.568542 11.742825
785 777 0.001544 0.078631 10.634705 11.816339
786 778 0.001953 0.071230 10.698975 11.887750
787 779 0.001544 0.096211 10.755005 11.950006
788 780 0.002392 0.082520 10.803650 12.004055
789 781 0.001691 0.084906 10.859070 12.065633
790 782 0.001465 0.083284 10.917480 12.130534
791 783 0.002342 0.085314 10.972412 12.191569
792 784 0.001891 0.084938 11.023010 12.247789
793 785 0.001544 0.096860 11.068298 12.298109
794 786 0.000846 0.105937 11.109680 12.344090
795 787 0.000846 0.061006 11.152100 12.391222
796 788 0.001953 0.060949 11.184631 12.427368
797 789 0.001381 0.066371 11.216003 12.462226
798 790 0.000977 0.065334 11.236511 12.485012
799 791 0.001381 0.054797 11.254517 12.505018
800 792 0.001292 0.053312 11.269714 12.521905
801 793 0.000000 0.048838 11.279358 12.532619
802 794 0.001827 0.056900 11.287231 12.541368
803 795 0.000977 0.045413 11.285095 12.538995
804 796 0.000691 0.072006 11.288757 12.543064
805 797 0.000977 0.075918 11.288330 12.542589
806 798 0.001891 0.091050 11.285950 12.539944
807 799 0.000691 0.083589 11.286194 12.540215
808 800 0.001381 0.094321 11.290039 12.544488
809 801 0.001465 0.067965 11.284790 12.538655
810 802 0.000691 0.070463 11.276489 12.529432
811 803 0.000846 0.076907 11.266052 12.517836
812 804 0.001092 0.061049 11.248779 12.498644
813 805 0.000691 0.074119 11.227722 12.475246
814 806 0.000846 0.065414 11.215820 12.462023
815 807 0.001891 0.061707 11.196289 12.440321
816 808 0.001544 0.072460 11.168823 12.409803
817 809 0.001827 0.074182 11.149475 12.388306
818 810 0.001381 0.061729 11.129395 12.365993
819 811 0.000691 0.061451 11.118103 12.353448
820 812 0.001381 0.043172 11.100586 12.333984
821 813 0.000846 0.039433 11.085815 12.317573
822 814 0.001196 0.040179 11.059692 12.288548
823 815 0.000691 0.041048 11.033203 12.259114
824 816 0.002013 0.028590 11.009949 12.233276
825 817 0.001619 0.035012 10.978088 12.197876
826 818 0.001292 0.033999 10.947693 12.164104
827 819 0.001196 0.019110 10.909241 12.121379
828 820 0.001827 0.032107 10.878113 12.086792
829 821 0.000977 0.028569 10.841675 12.046306
830 822 0.001196 0.038964 10.805725 12.006361
831 823 0.000691 0.034433 10.760803 11.956448
832 824 0.001619 0.060846 10.696472 11.884969
833 825 0.001196 0.047873 10.630005 11.811116
834 826 0.000977 0.044915 10.548401 11.720446
835 827 0.001381 0.058129 10.447510 11.608344
836 828 0.001465 0.060567 10.328491 11.476101
837 829 0.001761 0.062463 10.195129 11.327922
838 830 0.000691 0.061834 10.053711 11.170790
839 831 0.001619 0.082487 9.899658 10.999620
840 832 0.001827 0.069806 9.745483 10.828315
841 833 0.001196 0.096886 9.579590 10.643989
842 834 0.000488 0.095176 9.412292 10.458103
843 835 0.000691 0.089151 9.250427 10.278253
844 836 0.001827 0.110294 9.093201 10.103557
845 837 0.001292 0.098887 8.949341 9.943712
846 838 0.001465 0.093495 8.807678 9.786309
847 839 0.002072 0.067740 8.679443 9.643826
848 840 0.001544 0.053756 8.565491 9.517212
849 841 0.000691 0.042773 8.462158 9.402398
850 842 0.002537 0.055108 8.372925 9.303249
851 843 0.003049 0.057197 8.294189 9.215766
852 844 0.002013 0.051350 8.235596 9.150661
853 845 0.002013 0.054441 8.183289 9.092543
854 846 0.001196 0.058275 8.147095 9.052327
855 847 0.001619 0.059531 8.117188 9.019097
856 848 0.000977 0.071702 8.096375 8.995972
857 849 0.001196 0.077843 8.089478 8.988308
858 850 0.000691 0.092000 8.077698 8.975220
859 851 0.001953 0.082261 8.071777 8.968641
860 852 0.000977 0.077279 8.064758 8.960842
861 853 0.000846 0.079318 8.059448 8.954943
862 854 0.001381 0.071793 8.057007 8.952229
863 855 0.002072 0.097872 8.050537 8.945042
864 856 0.000977 0.078953 8.049866 8.944295
865 857 0.001196 0.067275 8.059692 8.955214
866 858 0.001381 0.078123 8.076111 8.973456
867 859 0.001953 0.110480 8.109314 9.010349
868 860 0.002184 0.083051 8.148254 9.053616
869 861 0.000977 0.054410 8.182617 9.091797
870 862 0.001827 0.090731 8.227234 9.141371
871 863 0.002072 0.069753 8.284912 9.205458
872 864 0.001544 0.053947 8.320190 9.244656
873 865 0.000691 0.043055 8.363708 9.293010
874 866 0.002392 0.041795 8.402283 9.335870
875 867 0.001619 0.041745 8.445374 9.383748
876 868 0.001544 0.043573 8.484863 9.427626
877 869 0.003275 0.057336 8.528076 9.475640
878 870 0.002342 0.053905 8.571777 9.524197
879 871 0.001827 0.045498 8.614746 9.571940
880 872 0.002674 0.077360 8.658264 9.620294
881 873 0.002184 0.073488 8.699341 9.665935
882 874 0.000977 0.087666 8.747498 9.719441
883 875 0.000977 0.086924 8.794983 9.772203
884 876 0.000977 0.085234 8.843933 9.826592
885 877 0.002072 0.077178 8.880615 9.867351
886 878 0.000977 0.086086 8.922119 9.913465
887 879 0.001891 0.086990 8.957092 9.952325
888 880 0.002762 0.103780 8.998962 9.998847
889 881 0.002342 0.070529 9.037476 10.041639
890 882 0.002762 0.083438 9.070862 10.078735
891 883 0.002184 0.051630 9.103821 10.115356
892 884 0.003347 0.060608 9.130737 10.145264
893 885 0.001196 0.022452 9.166565 10.185072
894 886 0.001827 0.029184 9.191162 10.212402
895 887 0.002392 0.042476 9.216309 10.240343
896 888 0.001292 0.040288 9.255676 10.284084
897 889 0.001544 0.011492 9.284973 10.316637
898 890 0.001092 0.008927 9.327087 10.363430
899 891 0.001092 0.031479 9.353821 10.393134
900 892 0.001196 0.029560 9.371094 10.412327
901 893 0.001381 0.081256 9.390869 10.434299
902 894 0.000691 0.087437 9.394775 10.438640
903 895 0.000977 0.101819 9.402588 10.447320
904 896 0.001381 0.070048 9.398743 10.443048
905 897 0.000977 0.072898 9.387085 10.430095
906 898 0.001381 0.067946 9.367920 10.408800
907 899 0.000977 0.078364 9.338379 10.375977
908 900 0.001196 0.074137 9.313721 10.348578
909 901 0.001292 0.094305 9.273682 10.304090
910 902 0.000691 0.094187 9.228821 10.254246
911 903 0.001092 0.112120 9.169189 10.187988
912 904 0.001292 0.090003 9.104797 10.116442
913 905 0.000977 0.097397 9.021545 10.023939
914 906 0.002184 0.111571 8.919617 9.910686
915 907 0.000846 0.067385 8.811646 9.790717
916 908 0.000000 0.084691 8.684265 9.649183
917 909 0.000977 0.087697 8.562683 9.514092
918 910 0.001292 0.087583 8.431702 9.368557
919 911 0.001292 0.077119 8.287659 9.208509
920 912 0.000000 0.071835 8.142822 9.047581
921 913 0.000977 0.072539 7.998779 8.887532
922 914 0.000691 0.059288 7.850342 8.722602
923 915 0.001544 0.074265 7.693237 8.548041
924 916 0.001465 0.077257 7.520691 8.356323
925 917 0.001544 0.081046 7.352051 8.168945
926 918 0.001465 0.095238 7.174255 7.971395
927 919 0.001691 0.071584 7.023132 7.803480
928 920 0.001381 0.072452 6.875122 7.639025
929 921 0.001544 0.095656 6.714966 7.461073
930 922 0.001827 0.094350 6.590576 7.322863
931 923 0.002847 0.117212 6.447449 7.163832
932 924 0.002847 0.107010 6.351562 7.057292
933 925 0.001953 0.066972 6.266052 6.962280
934 926 0.002238 0.089586 6.166992 6.852213
935 927 0.001953 0.086520 6.104614 6.782905
936 928 0.002441 0.133582 6.009583 6.677314
937 929 0.003347 0.083317 5.992981 6.658868
938 930 0.002889 0.078308 5.966919 6.629910
939 931 0.004502 0.093350 5.947266 6.608073
940 932 0.003164 0.081194 5.938477 6.598307
941 933 0.002537 0.139663 5.893005 6.547784
942 934 0.001827 0.100764 5.908203 6.564670
943 935 0.002970 0.120165 5.881042 6.534492
944 936 0.001292 0.151245 5.878662 6.531847
945 937 0.001761 0.160051 5.852417 6.502686
946 938 0.001619 0.186491 5.811523 6.457248
947 939 0.001544 0.183376 5.815125 6.461249
948 940 0.001691 0.184374 5.802307 6.447008
949 941 0.002392 0.187128 5.817993 6.464437
950 942 0.002392 0.192449 5.819275 6.465861
951 943 0.002128 0.206659 5.829224 6.476915
952 944 0.003088 0.168905 5.855591 6.506212
953 945 0.003383 0.192194 5.866333 6.518148
954 946 0.001544 0.183535 5.896057 6.551175
955 947 0.002128 0.215439 5.915161 6.572401
956 948 0.001953 0.214721 5.933716 6.593018
957 949 0.002392 0.210550 5.955872 6.617635
958 950 0.002805 0.202244 5.975220 6.639133
959 951 0.002072 0.192133 5.984863 6.649848
960 952 0.002584 0.172844 5.994934 6.661038
961 953 0.002072 0.155976 6.003601 6.670668
962 954 0.002342 0.183763 6.011169 6.679077
963 955 0.001381 0.110602 6.016296 6.684774
964 956 0.001292 0.145318 6.020752 6.689724
965 957 0.001953 0.112717 6.014221 6.682468
966 958 0.001691 0.103629 5.997070 6.663412
967 959 0.003275 0.137118 5.995605 6.661784
968 960 0.002392 0.143802 5.968750 6.631945
969 961 0.003521 0.180599 5.947327 6.608141
970 962 0.004085 0.166282 5.891113 6.545681
971 963 0.004907 0.173104 5.826782 6.474203
972 964 0.003312 0.180880 5.767883 6.408759
973 965 0.002674 0.172912 5.707397 6.341553
974 966 0.002674 0.164348 5.657898 6.286553
975 967 0.002184 0.160829 5.610168 6.233521
976 968 0.001465 0.141878 5.577759 6.197510
977 969 0.000977 0.139349 5.548889 6.165432
978 970 0.001196 0.146120 5.541809 6.157566
979 971 0.002290 0.163466 5.542236 6.158041
980 972 0.001691 0.161423 5.555176 6.172418
981 973 0.002072 0.170866 5.567078 6.185642
982 974 0.002847 0.189225 5.572937 6.192152
983 975 0.002584 0.164606 5.589172 6.210192
984 976 0.002184 0.156132 5.589600 6.210666
985 977 0.003202 0.142826 5.616577 6.240641
986 978 0.002970 0.134156 5.630127 6.255697
987 979 0.002184 0.115764 5.644592 6.271769
988 980 0.002674 0.109503 5.666870 6.296522
989 981 0.002805 0.105723 5.682129 6.313477
990 982 0.002184 0.095627 5.712891 6.347656
991 983 0.000691 0.072382 5.753418 6.392687
992 984 0.002184 0.091760 5.799377 6.443753
993 985 0.001619 0.084113 5.832397 6.480442
994 986 0.001196 0.082632 5.877625 6.530694
995 987 0.001196 0.093271 5.934692 6.594103
996 988 0.001691 0.115080 5.982605 6.647339
997 989 0.001761 0.112875 6.054810 6.727566
998 990 0.001761 0.102617 6.126221 6.806912
999 991 0.003521 0.130684 6.178467 6.864963
1000 992 0.001544 0.141679 6.254028 6.948920
1001 993 0.001196 0.145762 6.319580 7.021756
1002 994 0.002072 0.131562 6.405029 7.116699
1003 995 0.001953 0.117461 6.489136 7.210151
1004 996 0.001827 0.119672 6.566772 7.296414
1005 997 0.001544 0.111386 6.648438 7.387153
1006 998 0.001381 0.109412 6.723877 7.470974
1007 999 0.001196 0.100590 6.807861 7.564291
1008 1000 0.001465 0.087854 6.894165 7.660183
1009 1001 0.001381 0.082722 6.973633 7.748481
1010 1002 0.000691 0.073821 7.050293 7.833659
1011 1003 0.001465 0.066956 7.126465 7.918294
1012 1004 0.000488 0.061241 7.203735 8.004150
1013 1005 0.000691 0.062157 7.283447 8.092719
1014 1006 0.000846 0.062752 7.370728 8.189697
1015 1007 0.000691 0.056940 7.438354 8.264838
1016 1008 0.001196 0.065669 7.511108 8.345676
1017 1009 0.001619 0.062944 7.583862 8.426514
1018 1010 0.000846 0.051329 7.655151 8.505724
1019 1011 0.001196 0.057740 7.727173 8.585748
1020 1012 0.000846 0.071035 7.794312 8.660346
1021 1013 0.000000 0.063945 7.852417 8.724908
1022 1014 0.001196 0.068177 7.901611 8.779568
1023 1015 0.000846 0.071579 7.952026 8.835585
1024 1016 0.001196 0.052062 7.993774 8.881971
1025 1017 0.002719 0.048812 8.026978 8.918864
1026 1018 0.002342 0.061932 8.055664 8.950738
1027 1019 0.001196 0.055611 8.083130 8.981256
1028 1020 0.002013 0.058490 8.103760 9.004177
1029 1021 0.001092 0.055393 8.118286 9.020318
1030 1022 0.000488 0.036678 8.129639 9.032932
1031 1023 0.002674 0.041863 8.140625 9.045139
1032 1024 0.000977 0.044816 8.147583 9.052870
1033 1025 0.003782 0.065651 8.155029 9.061144
1034 1026 0.002072 0.034071 8.160156 9.066840
1035 1027 0.001196 0.053124 8.154053 9.060059
1036 1028 0.001465 0.051047 8.150024 9.055583
1037 1029 0.001544 0.067529 8.148193 9.053548
1038 1030 0.002072 0.057255 8.151367 9.057075
1039 1031 0.001691 0.061570 8.148560 9.053955
1040 1032 0.000977 0.075743 8.143799 9.048665
1041 1033 0.000488 0.080194 8.144409 9.049343
1042 1034 0.000977 0.097921 8.135254 9.039171
1043 1035 0.000846 0.105953 8.126221 9.029134
1044 1036 0.001196 0.116664 8.115967 9.017741
1045 1037 0.001619 0.113112 8.107666 9.008518
1046 1038 0.002013 0.102767 8.093140 8.992377
1047 1039 0.001196 0.099834 8.086914 8.985460
1048 1040 0.001381 0.095019 8.078979 8.976644
1049 1041 0.001953 0.096022 8.060059 8.955621
1050 1042 0.001891 0.096188 8.058594 8.953993
1051 1043 0.001544 0.076030 8.054321 8.949245
1052 1044 0.000488 0.087696 8.054688 8.949653
1053 1045 0.001465 0.081256 8.051392 8.945991
1054 1046 0.000000 0.085594 8.045288 8.939209
1055 1047 0.000691 0.071533 8.040405 8.933784
1056 1048 0.002392 0.055623 8.033447 8.926052
1057 1049 0.000977 0.065610 8.037842 8.930935
1058 1050 0.001196 0.050739 8.034546 8.927273
1059 1051 0.000691 0.039372 8.045044 8.938938
1060 1052 0.001196 0.026269 8.031982 8.924425
1061 1053 0.000691 0.025546 8.028320 8.920356
1062 1054 0.001092 0.034288 8.028320 8.920356
1063 1055 0.001196 0.034092 8.025635 8.917372
1064 1056 0.001381 0.047599 8.026733 8.918592
1065 1057 0.000691 0.054180 8.026611 8.918457
1066 1058 0.000691 0.055095 8.028320 8.920356
1067 1059 0.000000 0.054113 8.019043 8.910048
1068 1060 0.000000 0.046205 8.025146 8.916829
1069 1061 0.000000 0.049870 8.026733 8.918592
1070 1062 0.000691 0.045906 8.028442 8.920491
1071 1063 0.000488 0.038612 8.023560 8.915066
1072 1064 0.000000 0.038278 8.016235 8.906928
1073 1065 0.001544 0.045851 8.002563 8.891737
1074 1066 0.001381 0.042452 7.984863 8.872070
1075 1067 0.001292 0.064072 7.967407 8.852674
1076 1068 0.000846 0.072007 7.950073 8.833415
1077 1069 0.002013 0.069737 7.930298 8.811442
1078 1070 0.000846 0.070990 7.903564 8.781738
1079 1071 0.001292 0.075789 7.883911 8.759901
1080 1072 0.001092 0.060865 7.864014 8.737793
1081 1073 0.000846 0.069719 7.839600 8.710667
1082 1074 0.001196 0.066267 7.828247 8.698052
1083 1075 0.000846 0.056235 7.773193 8.636882
1084 1076 0.000977 0.059824 7.731934 8.591038
1085 1077 0.001196 0.074130 7.680298 8.533665
1086 1078 0.001196 0.091185 7.625488 8.472765
1087 1079 0.001465 0.094334 7.551025 8.390028
1088 1080 0.002490 0.105588 7.460327 8.289252
1089 1081 0.001691 0.096812 7.356201 8.173557
1090 1082 0.001465 0.102330 7.211548 8.012831
1091 1083 0.002013 0.094751 7.087646 7.875163
1092 1084 0.001465 0.077510 6.935913 7.706570
1093 1085 0.002072 0.084101 6.768555 7.520617
1094 1086 0.001691 0.080808 6.587280 7.319201
1095 1087 0.001953 0.069310 6.401001 7.112223
1096 1088 0.000488 0.068653 6.217285 6.908094
1097 1089 0.000691 0.085498 6.047852 6.719835
1098 1090 0.002072 0.104380 5.911133 6.567925
1099 1091 0.002290 0.124784 5.797852 6.442057
1100 1092 0.001891 0.140455 5.689697 6.321886
1101 1093 0.001381 0.151523 5.599854 6.222059
1102 1094 0.000977 0.168039 5.531006 6.145562
1103 1095 0.001691 0.200811 5.475708 6.084120
1104 1096 0.002584 0.216653 5.431396 6.034885
1105 1097 0.002762 0.217322 5.402222 6.002469
1106 1098 0.003588 0.197485 5.344971 5.938856
1107 1099 0.004858 0.201998 5.305664 5.895182
1108 1100 0.004257 0.197139 5.248047 5.831163
1109 1101 0.003967 0.189112 5.232666 5.814074
1110 1102 0.004056 0.171905 5.185547 5.761719
1111 1103 0.003621 0.135010 5.139771 5.710856
1112 1104 0.005167 0.177765 5.141479 5.712755
1113 1105 0.004683 0.162880 5.093750 5.659722
1114 1106 0.004658 0.198005 5.119995 5.688883
1115 1107 0.003967 0.178004 5.097900 5.664334
1116 1108 0.004285 0.195231 5.112305 5.680338
1117 1109 0.004809 0.197166 5.138672 5.709635
1118 1110 0.003383 0.203763 5.161499 5.734999
1119 1111 0.003521 0.244557 5.237915 5.819906
1120 1112 0.002584 0.222833 5.239624 5.821805
1121 1113 0.002342 0.219107 5.278931 5.865479
1122 1114 0.002184 0.209276 5.314697 5.905219
1123 1115 0.001761 0.189744 5.353271 5.948080
1124 1116 0.002537 0.190149 5.419556 6.021729
1125 1117 0.001544 0.166704 5.430542 6.033936
1126 1118 0.002719 0.160933 5.492432 6.102702
1127 1119 0.002072 0.143512 5.537964 6.153293
1128 1120 0.002238 0.122004 5.615112 6.239014
1129 1121 0.002970 0.130535 5.712769 6.347521
1130 1122 0.002342 0.112392 5.780273 6.422526
1131 1123 0.002930 0.116996 5.886230 6.540256
1132 1124 0.001827 0.104497 5.985596 6.650662
1133 1125 0.002238 0.095942 6.097412 6.774902
1134 1126 0.002537 0.094700 6.218872 6.909858
1135 1127 0.001953 0.096858 6.323120 7.025689
1136 1128 0.001953 0.089150 6.447998 7.164442
1137 1129 0.002584 0.084735 6.569702 7.299669
1138 1130 0.002184 0.092745 6.693237 7.436930
1139 1131 0.002184 0.098974 6.825806 7.584229
1140 1132 0.001891 0.097537 6.941528 7.712809
1141 1133 0.001619 0.102181 7.070801 7.856445
1142 1134 0.001891 0.115335 7.182617 7.980686
1143 1135 0.001691 0.111677 7.298218 8.109131
1144 1136 0.001381 0.133779 7.407104 8.230116
1145 1137 0.001092 0.128215 7.506836 8.340929
1146 1138 0.001196 0.139245 7.606567 8.451741
1147 1139 0.000977 0.135224 7.694824 8.549805
1148 1140 0.000977 0.118656 7.779419 8.643799
1149 1141 0.000977 0.110784 7.861694 8.735216
1150 1142 0.000691 0.101881 7.949097 8.832330
1151 1143 0.001196 0.097268 8.023071 8.914524
1152 1144 0.001196 0.083972 8.094604 8.994005
1153 1145 0.001619 0.076990 8.158325 9.064806
1154 1146 0.000846 0.062452 8.217407 9.130452
1155 1147 0.000846 0.055856 8.267578 9.186198
1156 1148 0.000977 0.045433 8.314575 9.238417
1157 1149 0.001544 0.037145 8.351318 9.279243
1158 1150 0.000846 0.053490 8.384277 9.315864
1159 1151 0.000977 0.058117 8.411621 9.346246
1160 1152 0.000977 0.058774 8.429932 9.366590
1161 1153 0.001196 0.061156 8.456909 9.396565
1162 1154 0.000488 0.068065 8.474976 9.416639
1163 1155 0.001381 0.073642 8.495239 9.439155
1164 1156 0.001381 0.051599 8.505493 9.450548
1165 1157 0.001092 0.038563 8.522949 9.469944
1166 1158 0.000691 0.039591 8.520386 9.467095
1167 1159 0.001619 0.028377 8.528687 9.476318
1168 1160 0.000488 0.029635 8.541626 9.490696
1169 1161 0.000977 0.040509 8.542603 9.491780
1170 1162 0.000488 0.049259 8.544556 9.493951
1171 1163 0.000691 0.072096 8.543823 9.493137
1172 1164 0.001465 0.074416 8.544067 9.493408
1173 1165 0.002290 0.086618 8.546265 9.495850
1174 1166 0.001761 0.082744 8.561768 9.513075
1175 1167 0.001827 0.109783 8.572388 9.524876
1176 1168 0.002392 0.109042 8.586304 9.540338
1177 1169 0.002290 0.109655 8.604126 9.560140
1178 1170 0.002072 0.095399 8.627930 9.586589
1179 1171 0.001953 0.096926 8.657837 9.619819
1180 1172 0.002013 0.072039 8.702515 9.669460
1181 1173 0.001465 0.081462 8.738892 9.709880
1182 1174 0.001092 0.054016 8.779663 9.755181
1183 1175 0.001953 0.058425 8.819580 9.799534
1184 1176 0.000977 0.031476 8.853882 9.837646
1185 1177 0.001292 0.035793 8.892456 9.880507
1186 1178 0.001761 0.042325 8.928589 9.920654
1187 1179 0.001092 0.040413 8.967163 9.963514
1188 1180 0.000488 0.040166 9.000366 10.000407
1189 1181 0.000977 0.048838 9.035400 10.039333
1190 1182 0.001761 0.049206 9.079834 10.088704
1191 1183 0.001196 0.048165 9.117920 10.131022
1192 1184 0.000691 0.062719 9.160400 10.178223
1193 1185 0.001619 0.065531 9.204346 10.227051
1194 1186 0.001381 0.076706 9.251465 10.279406
1195 1187 0.000691 0.072985 9.301514 10.335015
1196 1188 0.000977 0.087590 9.354004 10.393337
1197 1189 0.000846 0.087708 9.409180 10.454644
1198 1190 0.000977 0.095169 9.449707 10.499675
1199 1191 0.000691 0.101501 9.504272 10.560303
1200 1192 0.000691 0.113078 9.557617 10.619575
1201 1193 0.001092 0.118603 9.615845 10.684272
1202 1194 0.001381 0.132299 9.664917 10.738796
1203 1195 0.000977 0.125979 9.713623 10.792914
1204 1196 0.001092 0.128654 9.765137 10.850152
1205 1197 0.001465 0.124865 9.819336 10.910374
1206 1198 0.002072 0.125913 9.875244 10.972493
1207 1199 0.001761 0.121074 9.921997 11.024441
1208 1200 0.000488 0.108034 9.966675 11.074083
1209 1201 0.002392 0.101987 10.009521 11.121691
1210 1202 0.001381 0.092730 10.055054 11.172282
1211 1203 0.001953 0.093074 10.100586 11.222874
1212 1204 0.002290 0.095288 10.141235 11.268040
1213 1205 0.002072 0.093153 10.168457 11.298285
1214 1206 0.001292 0.084062 10.201172 11.334636
1215 1207 0.001544 0.065638 10.241821 11.379802
1216 1208 0.002072 0.083425 10.285767 11.428630
1217 1209 0.002128 0.068184 10.320068 11.466743
1218 1210 0.002674 0.086661 10.351929 11.502143
1219 1211 0.001691 0.076008 10.366089 11.517877
1220 1212 0.001691 0.046589 10.379639 11.532932
1221 1213 0.001196 0.033514 10.400146 11.555718
1222 1214 0.001292 0.042370 10.421631 11.579590
1223 1215 0.001953 0.052005 10.443115 11.603461
1224 1216 0.002584 0.048702 10.459961 11.622179
1225 1217 0.002392 0.044894 10.484863 11.649848
1226 1218 0.003049 0.048678 10.510742 11.678602
1227 1219 0.000977 0.056999 10.544434 11.716038
1228 1220 0.001092 0.048176 10.577026 11.752252
1229 1221 0.001196 0.048591 10.619263 11.799181
1230 1222 0.000691 0.061141 10.658325 11.842584
1231 1223 0.002072 0.063379 10.694824 11.883138
1232 1224 0.001196 0.098843 10.733887 11.926540
1233 1225 0.002392 0.108738 10.770752 11.967503
1234 1226 0.001465 0.115552 10.802979 12.003309
1235 1227 0.001092 0.159416 10.841309 12.045898
1236 1228 0.001544 0.162687 10.877563 12.086182
1237 1229 0.000488 0.148394 10.898193 12.109104
1238 1230 0.001381 0.127960 10.923950 12.137722
1239 1231 0.002072 0.116203 10.941895 12.157660
1240 1232 0.001544 0.086383 10.960815 12.178684
1241 1233 0.003088 0.077179 10.975098 12.194553
1242 1234 0.001619 0.068747 10.993530 12.215034
1243 1235 0.001196 0.064139 11.024048 12.248942
1244 1236 0.001092 0.073527 11.051392 12.279324
1245 1237 0.001465 0.101458 11.087524 12.319471
1246 1238 0.001691 0.128535 11.120117 12.355686
1247 1239 0.001292 0.117010 11.164062 12.404514
1248 1240 0.001381 0.143501 11.208008 12.453342
1249 1241 0.000977 0.142997 11.263794 12.515326
1250 1242 0.000977 0.179396 11.316162 12.573513
1251 1243 0.000000 0.162557 11.357788 12.619764
1252 1244 0.001092 0.185380 11.406860 12.674290
1253 1245 0.001619 0.191995 11.450317 12.722575
1254 1246 0.001196 0.196363 11.487061 12.763401
1255 1247 0.000977 0.225021 11.522705 12.803005
1256 1248 0.002392 0.247282 11.556274 12.840305
1257 1249 0.002238 0.262643 11.583252 12.870280
1258 1250 0.000488 0.287624 11.622925 12.914361
1259 1251 0.001196 0.306736 11.654053 12.948948
1260 1252 0.002013 0.323160 11.688843 12.987603
1261 1253 0.002184 0.324134 11.707886 13.008762
1262 1254 0.001691 0.334680 11.739502 13.043891
1263 1255 0.003275 0.336187 11.759033 13.065593
1264 1256 0.001691 0.291279 11.779175 13.087972
1265 1257 0.001092 0.281935 11.795288 13.105876
1266 1258 0.001292 0.240932 11.792480 13.102757
1267 1259 0.002013 0.251463 11.800781 13.111979
1268 1260 0.000488 0.211845 11.793701 13.104113
1269 1261 0.001196 0.194692 11.807983 13.119982
1270 1262 0.002013 0.194434 11.809692 13.121881
1271 1263 0.001196 0.171463 11.809082 13.121202
1272 1264 0.000691 0.191564 11.814209 13.126899
1273 1265 0.000977 0.192327 11.809082 13.121202
1274 1266 0.000691 0.174611 11.805054 13.116726
1275 1267 0.000977 0.153520 11.796509 13.107232
1276 1268 0.000691 0.169277 11.790527 13.100586
1277 1269 0.001544 0.150417 11.782715 13.091906
1278 1270 0.000846 0.152760 11.774658 13.082953
1279 1271 0.001196 0.139254 11.763306 13.070339
1280 1272 0.001691 0.130966 11.744141 13.049046
1281 1273 0.001092 0.114348 11.736328 13.040364
1282 1274 0.001761 0.122772 11.737183 13.041314
1283 1275 0.001953 0.121662 11.736816 13.040907
1284 1276 0.000000 0.118645 11.736328 13.040364
1285 1277 0.000691 0.121083 11.732666 13.036296
1286 1278 0.001196 0.117599 11.727661 13.030735
1287 1279 0.001761 0.116682 11.726807 13.029785
1288 1280 0.001196 0.105429 11.718872 13.020969
1289 1281 0.002184 0.103602 11.714355 13.015950
1290 1282 0.000846 0.078086 11.703003 13.003337
1291 1283 0.001381 0.086080 11.688843 12.987603
1292 1284 0.001761 0.041254 11.678101 12.975667
1293 1285 0.001544 0.050521 11.668579 12.965088
1294 1286 0.000977 0.065155 11.661865 12.957628
1295 1287 0.002128 0.084565 11.656982 12.952203
1296 1288 0.000691 0.085494 11.662842 12.958714
1297 1289 0.002342 0.100714 11.649292 12.943658
1298 1290 0.002290 0.102070 11.642090 12.935656
1299 1291 0.000977 0.117226 11.643311 12.937012
1300 1292 0.001544 0.125530 11.645020 12.938910
1301 1293 0.002128 0.125175 11.643555 12.937283
1302 1294 0.001196 0.131029 11.626099 12.917888
1303 1295 0.000488 0.121362 11.611938 12.902154
1304 1296 0.001953 0.125629 11.591919 12.879910
1305 1297 0.002674 0.131698 11.590942 12.878825
1306 1298 0.001691 0.105316 11.584961 12.872179
1307 1299 0.000977 0.114581 11.575073 12.861193
1308 1300 0.000488 0.106020 11.559204 12.843560
1309 1301 0.001292 0.112199 11.546509 12.829454
1310 1302 0.001381 0.113261 11.542480 12.824978
1311 1303 0.000846 0.122763 11.544312 12.827013
1312 1304 0.000977 0.109828 11.549438 12.832709
1313 1305 0.000977 0.117637 11.552368 12.835964
1314 1306 0.000691 0.087142 11.557617 12.841797
1315 1307 0.001544 0.094580 11.559570 12.843967
1316 1308 0.001953 0.074373 11.573486 12.859429
1317 1309 0.000000 0.073322 11.581787 12.868652
1318 1310 0.000846 0.056512 11.599609 12.888454
1319 1311 0.000488 0.045248 11.609741 12.899713
1320 1312 0.000000 0.050144 11.618408 12.909343
1321 1313 0.000691 0.044517 11.621948 12.913276
1322 1314 0.000000 0.044736 11.624756 12.916395
1323 1315 0.000977 0.036049 11.630493 12.922771
1324 1316 0.000691 0.044021 11.623779 12.915310
1325 1317 0.000000 0.046430 11.630493 12.922771
1326 1318 0.001092 0.046529 11.625610 12.917345
1327 1319 0.000977 0.055726 11.619629 12.910699
1328 1320 0.000691 0.046982 11.607422 12.897136
1329 1321 0.000846 0.042351 11.603516 12.892796
1330 1322 0.000846 0.050256 11.599121 12.887913
1331 1323 0.001381 0.034378 11.593994 12.882215
1332 1324 0.000846 0.043922 11.604370 12.893744
1333 1325 0.000691 0.037815 11.600830 12.889812
1334 1326 0.001381 0.060069 11.612061 12.902289
1335 1327 0.000977 0.068296 11.612061 12.902289
1336 1328 0.001292 0.089346 11.610596 12.900661
1337 1329 0.001691 0.093261 11.601562 12.890625
1338 1330 0.001465 0.089908 11.598022 12.886692
1339 1331 0.001292 0.128648 11.588989 12.876655
1340 1332 0.001292 0.147923 11.566162 12.851292
1341 1333 0.000977 0.166052 11.541260 12.823622
1342 1334 0.000691 0.177981 11.513672 12.792969
1343 1335 0.001196 0.178614 11.492676 12.769640
1344 1336 0.001381 0.184221 11.485352 12.761501
1345 1337 0.001827 0.151896 11.474365 12.749294
1346 1338 0.000000 0.139869 11.456665 12.729628
1347 1339 0.000691 0.115072 11.445068 12.716743
1348 1340 0.001381 0.074567 11.438477 12.709418
1349 1341 0.000846 0.043520 11.437134 12.707927
1350 1342 0.000846 0.032848 11.428223 12.698025
1351 1343 0.000691 0.052546 11.430542 12.700603
1352 1344 0.000846 0.083012 11.431030 12.701145
1353 1345 0.001891 0.088691 11.431885 12.702094
1354 1346 0.001092 0.116739 11.439209 12.710232
1355 1347 0.002013 0.125344 11.438965 12.709961
1356 1348 0.003275 0.118655 11.433960 12.704400
1357 1349 0.002290 0.104628 11.424316 12.693685
1358 1350 0.001761 0.102506 11.418091 12.686768
1359 1351 0.003312 0.093203 11.405762 12.673069
1360 1352 0.002490 0.075420 11.393799 12.659777
1361 1353 0.002013 0.053311 11.383057 12.647840
1362 1354 0.001761 0.036140 11.368408 12.631565
1363 1355 0.001292 0.026998 11.365112 12.627903
1364 1356 0.001465 0.013584 11.368286 12.631429
1365 1357 0.001465 0.024143 11.381226 12.645806
1366 1358 0.003010 0.045374 11.396484 12.662761
1367 1359 0.000846 0.037114 11.411011 12.678901
1368 1360 0.002930 0.054667 11.416504 12.685004
1369 1361 0.003239 0.090470 11.430786 12.700873
1370 1362 0.000488 0.096552 11.451172 12.723524
1371 1363 0.000977 0.096483 11.459961 12.733290
1372 1364 0.000846 0.100101 11.465088 12.738987
1373 1365 0.001292 0.100683 11.469360 12.743733
1374 1366 0.001196 0.116676 11.464355 12.738173
1375 1367 0.001092 0.115251 11.469971 12.744411
1376 1368 0.001292 0.118744 11.479126 12.754584
1377 1369 0.001544 0.104784 11.484497 12.760552
1378 1370 0.001465 0.121058 11.492310 12.769233
1379 1371 0.001953 0.096430 11.503906 12.782118
1380 1372 0.001953 0.083737 11.515747 12.795275
1381 1373 0.001761 0.080708 11.529907 12.811008
1382 1374 0.000691 0.061123 11.558350 12.842610
1383 1375 0.001381 0.047217 11.581909 12.868788
1384 1376 0.000846 0.041927 11.600952 12.889947
1385 1377 0.000977 0.059131 11.623657 12.915174
1386 1378 0.001953 0.097834 11.634766 12.927517
1387 1379 0.001196 0.120955 11.655029 12.950032
1388 1380 0.001691 0.123022 11.677002 12.974446
1389 1381 0.001196 0.124877 11.688599 12.987331
1390 1382 0.000846 0.122371 11.691040 12.990045
1391 1383 0.001292 0.103551 11.692139 12.991265
1392 1384 0.000977 0.097942 11.703979 13.004421
1393 1385 0.000846 0.087022 11.710571 13.011745
1394 1386 0.001891 0.079062 11.725708 13.028564
1395 1387 0.001292 0.087955 11.732056 13.035618
1396 1388 0.001292 0.064916 11.733398 13.037109
1397 1389 0.000691 0.069226 11.745361 13.050402
1398 1390 0.000488 0.060639 11.760254 13.066949
1399 1391 0.000000 0.051891 11.776123 13.084581
1400 1392 0.000000 0.063734 11.786133 13.095703
1401 1393 0.000977 0.038053 11.794312 13.104791
1402 1394 0.000977 0.041035 11.803589 13.115099
1403 1395 0.001691 0.033209 11.822021 13.135579
1404 1396 0.000488 0.043378 11.846802 13.163113
1405 1397 0.000846 0.071591 11.869873 13.188747
1406 1398 0.000846 0.065263 11.902466 13.224962
1407 1399 0.000691 0.080393 11.923462 13.248291
1408 1400 0.000488 0.068343 11.938599 13.265110
1409 1401 0.001092 0.089460 11.957642 13.286268
1410 1402 0.000846 0.098594 11.980103 13.311225
1411 1403 0.001381 0.105448 12.005005 13.338894
1412 1404 0.001619 0.098384 12.018921 13.354357
1413 1405 0.002072 0.072644 12.010986 13.345540
1414 1406 0.002184 0.083019 11.987305 13.319227
1415 1407 0.001953 0.075674 11.981812 13.313124
1416 1408 0.001292 0.074838 11.989136 13.321262
1417 1409 0.000846 0.068203 11.988525 13.320583
1418 1410 0.001196 0.041542 11.978271 13.309191
1419 1411 0.001619 0.021755 11.953369 13.281521
1420 1412 0.000488 0.026710 11.947632 13.275146
1421 1413 0.000977 0.042315 11.965942 13.295491
1422 1414 0.000846 0.054000 11.991821 13.324245
1423 1415 0.000846 0.067467 11.999268 13.332520
1424 1416 0.000691 0.069976 11.996460 13.329400
1425 1417 0.000488 0.079974 11.990845 13.323161
1426 1418 0.000977 0.088919 11.986938 13.318821
1427 1419 0.000691 0.109948 11.987915 13.319905
1428 1420 0.001619 0.120871 11.981201 13.312446
1429 1421 0.000691 0.103955 11.966064 13.295628
1430 1422 0.001381 0.100855 11.943726 13.270806
1431 1423 0.001292 0.112306 11.937012 13.263347
1432 1424 0.001827 0.113228 11.925049 13.250054
1433 1425 0.000977 0.122983 11.922485 13.247206
1434 1426 0.000846 0.139186 11.919556 13.243951
1435 1427 0.000691 0.129114 11.914551 13.238390
1436 1428 0.000691 0.118471 11.906494 13.229438
1437 1429 0.000488 0.127128 11.900879 13.223199
1438 1430 0.000977 0.099190 11.899170 13.221300
1439 1431 0.000977 0.079547 11.885132 13.205702
1440 1432 0.000846 0.073236 11.881958 13.202175
1441 1433 0.000846 0.074929 11.883911 13.204346
1442 1434 0.000846 0.056187 11.881348 13.201497
1443 1435 0.001381 0.053077 11.875854 13.195394
1444 1436 0.001544 0.074862 11.886475 13.207194
1445 1437 0.000846 0.049537 11.892212 13.213569
1446 1438 0.001292 0.082753 11.907227 13.230251
1447 1439 0.001196 0.099012 11.917725 13.241917
1448 1440 0.001827 0.136018 11.942749 13.269721
1449 1441 0.000977 0.146144 11.948975 13.276638
1450 1442 0.000000 0.199331 11.971191 13.301324
1451 1443 0.001196 0.238001 11.985229 13.316921
1452 1444 0.001953 0.252759 11.984009 13.315565
1453 1445 0.001196 0.291500 11.981079 13.312310
1454 1446 0.001196 0.263443 11.967773 13.297526
1455 1447 0.000977 0.260447 11.964233 13.293592
1456 1448 0.001544 0.233628 11.951660 13.279622
1457 1449 0.001953 0.241931 11.955688 13.284099
1458 1450 0.001691 0.177165 11.939331 13.265924
1459 1451 0.000691 0.188940 11.935181 13.261312
1460 1452 0.001381 0.167979 11.923096 13.247884
1461 1453 0.000000 0.147531 11.912231 13.235813
1462 1454 0.000000 0.142497 11.902466 13.224962
1463 1455 0.001761 0.157479 11.894043 13.215603
1464 1456 0.000691 0.172882 11.864380 13.182644
1465 1457 0.001381 0.148252 11.830811 13.145345
1466 1458 0.000691 0.178434 11.804565 13.116184
1467 1459 0.001292 0.172530 11.783813 13.093126
1468 1460 0.000000 0.192604 11.784790 13.094212
1469 1461 0.001196 0.219205 11.774658 13.082953
1470 1462 0.000977 0.259840 11.757568 13.063965
1471 1463 0.000977 0.264683 11.713745 13.015272
1472 1464 0.000000 0.237188 11.670898 12.967665
1473 1465 0.002290 0.250571 11.620605 12.911784
1474 1466 0.001381 0.244602 11.559570 12.843967
1475 1467 0.001292 0.220717 11.472534 12.747260
1476 1468 0.000977 0.176348 11.349854 12.610949
1477 1469 0.001092 0.122257 11.229370 12.477077
1478 1470 0.000691 0.085031 11.102295 12.335883
1479 1471 0.001092 0.045999 10.984131 12.204590
1480 1472 0.001691 0.036821 10.851685 12.057427
1481 1473 0.001827 0.026897 10.713135 11.903483
1482 1474 0.001381 0.024441 10.579712 11.755236
1483 1475 0.001092 0.042345 10.427124 11.585693
1484 1476 0.000846 0.050576 10.278076 11.420085
1485 1477 0.001196 0.051347 10.134033 11.260036
1486 1478 0.000691 0.046253 9.982910 11.092122
1487 1479 0.000977 0.036439 9.813232 10.903591
1488 1480 0.000000 0.040272 9.626709 10.696343
1489 1481 0.000977 0.047097 9.428467 10.476074
1490 1482 0.000488 0.074551 9.210571 10.233968
1491 1483 0.000691 0.070325 9.003906 10.004340
1492 1484 0.001292 0.084133 8.773315 9.748128
1493 1485 0.001619 0.112995 8.515625 9.461805
1494 1486 0.000691 0.139032 8.242920 9.158800
1495 1487 0.000691 0.140196 7.980103 8.866780
1496 1488 0.001691 0.126781 7.722534 8.580593
1497 1489 0.001196 0.107629 7.460815 8.289795
1498 1490 0.001544 0.093368 7.198120 7.997911
1499 1491 0.001465 0.074495 6.934937 7.705485
1500 1492 0.001465 0.051369 6.687134 7.430149
1501 1493 0.001827 0.049601 6.447998 7.164442
1502 1494 0.002805 0.062436 6.215698 6.906332
1503 1495 0.002847 0.063410 5.980347 6.644830
1504 1496 0.003088 0.059761 5.754639 6.394043
1505 1497 0.002128 0.072492 5.540405 6.156006
1506 1498 0.001891 0.069796 5.349731 5.944146
1507 1499 0.002674 0.101343 5.177124 5.752360
1508 1500 0.003906 0.097637 5.024902 5.583225
1509 1501 0.004759 0.110789 4.887451 5.430501
1510 1502 0.005304 0.109462 4.776489 5.307210
1511 1503 0.004422 0.108163 4.675781 5.195312
1512 1504 0.005074 0.109792 4.597168 5.107965
1513 1505 0.005121 0.110592 4.529419 5.032688
1514 1506 0.005736 0.128944 4.456543 4.951715
1515 1507 0.008301 0.177969 4.375488 4.861654
1516 1508 0.009790 0.192399 4.301147 4.779053
1517 1509 0.008870 0.201568 4.239624 4.710693
1518 1510 0.008023 0.196127 4.178345 4.642605
1519 1511 0.010219 0.221783 4.139038 4.598931
1520 1512 0.009226 0.209231 4.102051 4.557834
1521 1513 0.011102 0.228838 4.074707 4.527452
1522 1514 0.010393 0.208323 4.068970 4.521078
1523 1515 0.008830 0.201011 4.082153 4.535726
1524 1516 0.007658 0.198298 4.105103 4.561225
1525 1517 0.006551 0.190977 4.133911 4.593235
1526 1518 0.008401 0.198511 4.174438 4.638265
1527 1519 0.007340 0.191270 4.219360 4.688178
1528 1520 0.010219 0.209554 4.273071 4.747857
1529 1521 0.005960 0.210735 4.330688 4.811876
1530 1522 0.005777 0.219839 4.388428 4.876031
1531 1523 0.003845 0.209506 4.451904 4.946560
1532 1524 0.002584 0.224027 4.514404 5.016005
1533 1525 0.003654 0.247104 4.585449 5.094944
1534 1526 0.002184 0.233562 4.654297 5.171441
1535 1527 0.003164 0.230149 4.729126 5.254584
1536 1528 0.006441 0.222100 4.804077 5.337863
1537 1529 0.002184 0.183141 4.893677 5.437418
1538 1530 0.003010 0.181750 4.976196 5.529107
1539 1531 0.003164 0.172989 5.065552 5.628391
1540 1532 0.003418 0.146473 5.152954 5.725504
1541 1533 0.005027 0.109684 5.239136 5.821262
1542 1534 0.003876 0.118747 5.332031 5.924479
1543 1535 0.003937 0.122647 5.421509 6.023899
1544 1536 0.004759 0.151768 5.516602 6.129557
1545 1537 0.003782 0.163978 5.597290 6.219211
1546 1538 0.003164 0.158319 5.685791 6.317545
1547 1539 0.003010 0.164387 5.770020 6.411133
1548 1540 0.003049 0.180086 5.857666 6.508518
1549 1541 0.001953 0.170740 5.934326 6.593696
1550 1542 0.001761 0.170009 6.011475 6.679416
1551 1543 0.001465 0.180090 6.087646 6.764051
1552 1544 0.001092 0.200413 6.163208 6.848009
1553 1545 0.001691 0.200802 6.242676 6.936306
1554 1546 0.000488 0.218322 6.316528 7.018365
1555 1547 0.002128 0.212224 6.390625 7.100695
1556 1548 0.001196 0.222528 6.467285 7.185873
1557 1549 0.002013 0.229829 6.549805 7.277561
1558 1550 0.002342 0.227241 6.625122 7.361247
1559 1551 0.003751 0.219427 6.696045 7.440050
1560 1552 0.001761 0.212310 6.749634 7.499593
1561 1553 0.002674 0.219789 6.786865 7.540961
1562 1554 0.002584 0.218130 6.806152 7.562391
1563 1555 0.001544 0.253118 6.813477 7.570529
1564 1556 0.002072 0.233693 6.797485 7.552762
1565 1557 0.002238 0.229276 6.765137 7.516819
1566 1558 0.001619 0.230209 6.717163 7.463514
1567 1559 0.002184 0.231324 6.652466 7.391629
1568 1560 0.001544 0.203222 6.584595 7.316216
1569 1561 0.001381 0.170114 6.511475 7.234972
1570 1562 0.001544 0.138522 6.439087 7.154541
1571 1563 0.000691 0.101235 6.366211 7.073568
1572 1564 0.001381 0.121086 6.299927 6.999918
1573 1565 0.001292 0.120368 6.230957 6.923285
1574 1566 0.001691 0.114161 6.158325 6.842584
1575 1567 0.002013 0.119415 6.085815 6.762017
1576 1568 0.002072 0.135399 6.020752 6.689724
1577 1569 0.001544 0.132672 5.964478 6.627197
1578 1570 0.002184 0.111670 5.909058 6.565619
1579 1571 0.002238 0.118909 5.853149 6.503500
1580 1572 0.002290 0.074527 5.790527 6.433919
1581 1573 0.002128 0.109372 5.737793 6.375326
1582 1574 0.001619 0.118182 5.705688 6.339654
1583 1575 0.002072 0.120130 5.691040 6.323378
1584 1576 0.002072 0.113177 5.683716 6.315240
1585 1577 0.002719 0.117922 5.683472 6.314969
1586 1578 0.002970 0.137066 5.689209 6.321343
1587 1579 0.003588 0.145598 5.700806 6.334229
1588 1580 0.001292 0.170701 5.720581 6.356201
1589 1581 0.002290 0.124170 5.743774 6.381971
1590 1582 0.002238 0.119088 5.769409 6.410455
