10 2 0.001613 0.012445 1.712870 1.903189
11 3 0.001655 0.012462 1.818645 2.020717
12 4 0.001726 0.007703 1.918800 2.132000
13 5 0.001409 0.018768 2.020149 2.244610
14 6 0.001494 0.021022 2.117761 2.353067
15 7 0.001322 0.023848 2.215638 2.461820
16 8 0.001318 0.025681 2.314251 2.571390
17 9 0.001669 0.026811 2.412234 2.680260
18 10 0.001833 0.020781 2.513375 2.792639
19 11 0.001663 0.022684 2.626308 2.918120
20 12 0.001419 0.022102 2.752598 3.058442
21 13 0.001311 0.017404 2.884887 3.205430
22 14 0.001249 0.016457 3.028047 3.364497
23 15 0.001265 0.015109 3.183296 3.536995
24 16 0.001063 0.014562 3.345130 3.716812
25 17 0.000889 0.017178 3.515679 3.906310
26 18 0.000815 0.013061 3.691796 4.101995
27 19 0.000745 0.014632 3.877748 4.308609
28 20 0.000690 0.013829 4.066668 4.518519
29 21 0.000715 0.018223 4.262313 4.735903
30 22 0.000766 0.015327 4.459820 4.955355
31 23 0.000687 0.019560 4.658055 5.175616
32 24 0.000659 0.017099 4.860104 5.400115
33 25 0.000655 0.016996 5.059120 5.621244
34 26 0.000526 0.015458 5.255266 5.839185
35 27 0.000411 0.017453 5.443024 6.047804
36 28 0.000301 0.017678 5.622762 6.247513
37 29 0.000315 0.014734 5.792140 6.435711
38 30 0.000082 0.018152 5.945164 6.605738
39 31 0.000139 0.014767 6.079191 6.754657
40 32 0.000249 0.014947 6.192225 6.880250
41 33 0.000246 0.016177 6.286189 6.984654
42 34 0.000307 0.016829 6.363723 7.070803
43 35 0.000215 0.014416 6.426785 7.140873
44 36 0.000282 0.014090 6.475595 7.195106
45 37 0.000437 0.013638 6.511660 7.235178
46 38 0.000416 0.010297 6.541275 7.268084
47 39 0.000356 0.010605 6.571415 7.301572
48 40 0.000355 0.011775 6.598928 7.332143
49 41 0.000361 0.010528 6.627512 7.363902
50 42 0.000275 0.011638 6.652355 7.391506
51 43 0.000407 0.010673 6.673779 7.415309
52 44 0.000242 0.011203 6.693771 7.437524
53 45 0.000103 0.011390 6.710096 7.455663
54 46 0.000103 0.011543 6.722397 7.469330
55 47 0.000162 0.009266 6.731382 7.479314
56 48 0.000145 0.007553 6.745750 7.495278
57 49 0.000261 0.004722 6.751585 7.501761
58 50 0.000324 0.002197 6.746073 7.495636
59 51 0.000229 0.001882 6.734634 7.482927
60 52 0.000163 0.000543 6.718115 7.464572
61 53 0.000146 0.002515 6.706839 7.452043
62 54 0.000372 0.004551 6.699106 7.443451
63 55 0.000146 0.003225 6.688944 7.432160
64 56 0.000254 0.003546 6.671833 7.413148
65 57 0.000000 0.003430 6.656372 7.395969
66 58 0.000535 0.004348 6.643345 7.381495
67 59 0.000233 0.005111 6.625359 7.361509
68 60 0.000462 0.004826 6.603443 7.337159
69 61 0.000493 0.004305 6.571068 7.301187
70 62 0.000308 0.004769 6.540871 7.267634
71 63 0.000468 0.004978 6.511044 7.234493
72 64 0.000499 0.005315 6.486855 7.207616
73 65 0.000682 0.006562 6.480545 7.200605
74 66 0.000225 0.006554 6.496815 7.218683
75 67 0.000409 0.008809 6.542870 7.269855
76 68 0.000276 0.006781 6.614971 7.349968
77 69 0.000334 0.006070 6.706264 7.451405
78 70 0.000344 0.006206 6.811367 7.568186
79 71 0.000199 0.006152 6.931690 7.701878
80 72 0.000293 0.005953 7.064091 7.848989
81 73 0.000136 0.007599 7.202477 8.002751
82 74 0.000188 0.009626 7.340347 8.155941
83 75 0.000196 0.008809 7.472668 8.302964
84 76 0.000111 0.010509 7.597591 8.441769
85 77 0.000200 0.008691 7.723003 8.581115
86 78 0.000176 0.008681 7.843342 8.714825
87 79 0.000204 0.008884 7.953266 8.836963
88 80 0.000136 0.008970 8.051857 8.946507
89 81 0.000134 0.008528 8.129375 9.032640
90 82 0.000084 0.008277 8.189648 9.099608
91 83 0.000103 0.008894 8.234028 9.148920
92 84 0.000000 0.008433 8.267235 9.185817
93 85 0.000059 0.010115 8.281773 9.201969
94 86 0.000144 0.008657 8.279942 9.199935
95 87 0.000205 0.009024 8.270706 9.189673
96 88 0.000084 0.009352 8.252914 9.169905
97 89 0.000000 0.008197 8.229561 9.143956
98 90 0.000060 0.008188 8.204174 9.115749
99 91 0.000084 0.007820 8.175373 9.083748
100 92 0.000000 0.008516 8.148491 9.053879
101 93 0.000085 0.008297 8.119667 9.021852
102 94 0.000226 0.008374 8.088287 8.986986
103 95 0.000149 0.010298 8.051056 8.945618
104 96 0.000136 0.012551 8.009979 8.899977
105 97 0.000184 0.010016 7.976196 8.862440
106 98 0.000061 0.010021 7.941040 8.823378
107 99 0.000151 0.010373 7.909180 8.787977
108 100 0.000088 0.009030 7.880569 8.756188
109 101 0.000152 0.009901 7.853607 8.726231
110 102 0.000395 0.011482 7.826843 8.696492
111 103 0.000089 0.007225 7.791405 8.657116
112 104 0.000089 0.005335 7.757645 8.619605
113 105 0.000219 0.007967 7.727379 8.585977
114 106 0.000168 0.008621 7.703041 8.558934
115 107 0.000238 0.009402 7.679611 8.532902
116 108 0.000313 0.008859 7.649971 8.499968
117 109 0.000157 0.005996 7.623260 8.470289
118 110 0.000407 0.011595 7.595551 8.439501
119 111 0.000353 0.010490 7.583344 8.425938
120 112 0.000204 0.009759 7.572617 8.414019
121 113 0.000303 0.006374 7.555450 8.394945
122 114 0.000183 0.009545 7.534073 8.371192
123 115 0.000159 0.008146 7.514984 8.349982
124 116 0.000374 0.006472 7.500122 8.333469
125 117 0.000333 0.007868 7.479095 8.310106
126 118 0.000131 0.006420 7.468597 8.298442
127 119 0.000196 0.003712 7.457489 8.286098
128 120 0.000000 0.003847 7.442451 8.269390
129 121 0.000114 0.003888 7.435211 8.261346
130 122 0.000186 0.003189 7.424988 8.249987
131 123 0.000447 0.004120 7.409851 8.233168
132 124 0.000468 0.004563 7.383720 8.204134
133 125 0.000296 0.006760 7.366081 8.184535
134 126 0.000370 0.006333 7.352310 8.169233
135 127 0.000545 0.005473 7.339409 8.154899
136 128 0.000442 0.005465 7.324837 8.138707
137 129 0.000564 0.007958 7.299736 8.110818
138 130 0.000577 0.005473 7.281654 8.090727
139 131 0.000529 0.005771 7.270454 8.078282
140 132 0.000134 0.004061 7.268486 8.076096
141 133 0.000386 0.005032 7.260704 8.067449
142 134 0.000178 0.006769 7.250290 8.055878
143 135 0.000165 0.005828 7.242928 8.047697
144 136 0.000382 0.006745 7.237724 8.041916
145 137 0.000270 0.006620 7.235649 8.039610
146 138 0.000117 0.006107 7.230042 8.033380
147 139 0.000151 0.006194 7.217422 8.019359
148 140 0.000303 0.006197 7.206055 8.006727
149 141 0.000096 0.007181 7.201424 8.001582
150 142 0.000152 0.006744 7.196724 7.996360
151 143 0.000096 0.007036 7.190239 7.989154
152 144 0.000167 0.007233 7.180862 7.978736
153 145 0.000180 0.007852 7.176285 7.973650
154 146 0.000167 0.007067 7.174950 7.972166
155 147 0.000245 0.008075 7.181519 7.979465
156 148 0.000096 0.008182 7.184113 7.982347
157 149 0.000096 0.009162 7.182281 7.980313
158 150 0.000118 0.008889 7.176262 7.973624
159 151 0.000118 0.008995 7.169106 7.965673
160 152 0.000136 0.009515 7.171951 7.968835
161 153 0.000136 0.008421 7.173119 7.970132
162 154 0.000204 0.007159 7.173164 7.970182
163 155 0.000068 0.007952 7.166458 7.962731
164 156 0.000118 0.008241 7.167656 7.964062
165 157 0.000096 0.007975 7.167480 7.963867
166 158 0.000096 0.007931 7.164429 7.960476
167 159 0.000068 0.006976 7.160851 7.956501
168 160 0.000097 0.005553 7.151962 7.946625
169 161 0.000097 0.006655 7.146088 7.940097
170 162 0.000068 0.006998 7.140305 7.933672
171 163 0.000227 0.005356 7.136398 7.929331
172 164 0.000362 0.005857 7.131302 7.923669
173 165 0.000257 0.005875 7.119415 7.910461
174 166 0.000275 0.005697 7.100479 7.889421
175 167 0.000182 0.007039 7.080170 7.866855
176 168 0.000169 0.005921 7.065781 7.850867
177 169 0.000310 0.006858 7.048477 7.831641
178 170 0.000069 0.006964 7.028473 7.809414
179 171 0.000251 0.005405 7.002228 7.780253
180 172 0.000121 0.006134 6.966949 7.741055
181 173 0.000211 0.006875 6.935226 7.705807
182 174 0.000374 0.006775 6.911346 7.679274
183 175 0.000375 0.009432 6.884964 7.649960
184 176 0.000334 0.007602 6.848633 7.609592
185 177 0.000713 0.006597 6.817429 7.574921
186 178 0.000504 0.006617 6.780762 7.534180
187 179 0.000638 0.007446 6.756012 7.506680
188 180 0.000637 0.006378 6.721512 7.468347
189 181 0.000400 0.006824 6.684265 7.426961
190 182 0.000294 0.005918 6.645142 7.383491
191 183 0.000209 0.006378 6.608231 7.342478
192 184 0.000257 0.006337 6.582092 7.313436
193 185 0.000075 0.007458 6.545456 7.272729
194 186 0.000237 0.007474 6.508743 7.231937
195 187 0.000076 0.008372 6.465134 7.183482
196 188 0.000416 0.007912 6.434479 7.149421
197 189 0.000350 0.007552 6.401031 7.112257
198 190 0.000384 0.007309 6.364975 7.072195
199 191 0.000394 0.006144 6.321060 7.023400
200 192 0.000397 0.005859 6.271713 6.968570
201 193 0.000483 0.006262 6.234802 6.927558
202 194 0.000294 0.006117 6.209976 6.899973
203 195 0.000194 0.005980 6.179031 6.865591
204 196 0.000225 0.007039 6.135712 6.817457
205 197 0.000226 0.007177 6.098450 6.776055
206 198 0.000322 0.010096 6.073135 6.747928
207 199 0.000418 0.009996 6.068115 6.742350
208 200 0.000242 0.010860 6.064087 6.737875
209 201 0.000242 0.011565 6.051926 6.724362
210 202 0.000280 0.012856 6.030258 6.700287
211 203 0.000406 0.012317 6.014221 6.682468
212 204 0.000115 0.014037 6.018112 6.686791
213 205 0.000081 0.014100 6.022095 6.691216
214 206 0.000199 0.013120 6.020798 6.689775
215 207 0.000501 0.013841 6.007935 6.675483
216 208 0.000115 0.015252 5.986267 6.651408
217 209 0.000164 0.014752 5.962677 6.625196
218 210 0.000285 0.013907 5.941269 6.601410
219 211 0.000421 0.014440 5.916382 6.573758
220 212 0.000299 0.013925 5.878815 6.532016
221 213 0.000167 0.012881 5.851151 6.501278
222 214 0.000366 0.013635 5.821457 6.468286
223 215 0.000267 0.013400 5.785202 6.428002
224 216 0.000294 0.011600 5.750793 6.389771
225 217 0.000270 0.011528 5.715561 6.350623
226 218 0.000243 0.012483 5.680450 6.311612
227 219 0.000212 0.011320 5.646118 6.273465
228 220 0.000123 0.011105 5.615967 6.239963
229 221 0.000088 0.010757 5.576004 6.195560
230 222 0.000125 0.010565 5.532532 6.147257
231 223 0.000126 0.010146 5.489990 6.099989
232 224 0.000000 0.009636 5.445602 6.050669
233 225 0.000181 0.010432 5.403915 6.004351
234 226 0.000303 0.009401 5.349518 5.943909
235 227 0.000412 0.008928 5.303223 5.892469
236 228 0.000208 0.007612 5.253006 5.836673
237 229 0.000296 0.007027 5.208237 5.786930
238 230 0.000299 0.005685 5.164062 5.737847
239 231 0.000330 0.005106 5.117981 5.686646
240 232 0.000304 0.003734 5.075394 5.639326
241 233 0.000217 0.003027 5.027023 5.585581
242 234 0.000195 0.004544 4.998459 5.553843
243 235 0.000139 0.004530 4.972427 5.524920
244 236 0.000451 0.003752 4.965256 5.516951
245 237 0.000539 0.002228 4.960434 5.511593
246 238 0.000139 0.003874 4.961594 5.512882
247 239 0.000260 0.002286 4.961990 5.513323
248 240 0.000326 0.004964 4.966995 5.518884
249 241 0.000139 0.006625 4.980042 5.533380
250 242 0.000277 0.006938 4.994385 5.549316
251 243 0.000138 0.007182 5.007004 5.563337
252 244 0.000275 0.005547 5.017929 5.575477
253 245 0.000291 0.005824 5.029129 5.587921
254 246 0.000362 0.006301 5.043320 5.603689
255 247 0.000272 0.006871 5.069382 5.632647
256 248 0.000253 0.007667 5.096588 5.662876
257 249 0.000213 0.007591 5.123077 5.692308
258 250 0.000268 0.007996 5.147217 5.719130
259 251 0.000094 0.008634 5.174835 5.749817
260 252 0.000188 0.011070 5.202286 5.780317
261 253 0.000187 0.012460 5.235992 5.817770
262 254 0.000093 0.013085 5.264053 5.848948
263 255 0.000160 0.014368 5.290161 5.877957
264 256 0.000183 0.012732 5.330811 5.923123
265 257 0.000182 0.013283 5.373459 5.970510
266 258 0.000220 0.013218 5.429550 6.032834
267 259 0.000333 0.011958 5.488449 6.098277
268 260 0.000279 0.010072 5.530960 6.145511
269 261 0.000316 0.007059 5.574387 6.193763
270 262 0.000212 0.006324 5.630936 6.256595
271 263 0.000242 0.008484 5.702362 6.335958
272 264 0.000224 0.009552 5.762848 6.403164
273 265 0.000222 0.008850 5.824341 6.471490
274 266 0.000220 0.008345 5.870361 6.522624
275 267 0.000274 0.008236 5.908798 6.565331
276 268 0.000232 0.008706 5.950989 6.612210
277 269 0.000245 0.009459 5.978622 6.642914
278 270 0.000199 0.009660 5.995544 6.661716
279 271 0.000364 0.007089 5.993973 6.659970
280 272 0.000326 0.005819 5.991669 6.657410
281 273 0.000115 0.002900 5.990860 6.656511
282 274 0.000200 0.002540 5.987839 6.653154
283 275 0.000141 0.003115 5.982666 6.647407
284 276 0.000115 0.005279 5.978958 6.643287
285 277 0.000116 0.004889 5.975311 6.639235
286 278 0.000183 0.005777 5.972794 6.636437
287 279 0.000417 0.007323 5.966980 6.629978
288 280 0.000259 0.007251 5.964722 6.627469
289 281 0.000116 0.004696 5.957932 6.619924
290 282 0.000272 0.004635 5.957962 6.619958
291 283 0.000082 0.004423 5.957535 6.619483
292 284 0.000164 0.004752 5.951797 6.613108
293 285 0.000328 0.005620 5.952240 6.613600
294 286 0.000348 0.004501 5.950867 6.612074
295 287 0.000417 0.008267 5.964844 6.627604
296 288 0.000283 0.006879 5.970734 6.634149
297 289 0.000283 0.007279 5.982178 6.646864
298 290 0.000631 0.006368 5.993729 6.659698
299 291 0.000325 0.006822 6.007339 6.674822
300 292 0.000397 0.007764 6.028305 6.698117
301 293 0.000302 0.008710 6.050613 6.722904
302 294 0.000377 0.013142 6.081680 6.757422
303 295 0.000375 0.011380 6.105484 6.783871
304 296 0.000356 0.011762 6.140488 6.822764
305 297 0.000194 0.010391 6.167847 6.853163
306 298 0.000361 0.009646 6.194809 6.883121
307 299 0.000272 0.012803 6.221527 6.912808
308 300 0.000282 0.012769 6.247360 6.941511
309 301 0.000301 0.014375 6.272751 6.969723
310 302 0.000205 0.011874 6.294983 6.994425
311 303 0.000245 0.013549 6.313141 7.014601
312 304 0.000231 0.015290 6.329330 7.032589
313 305 0.000077 0.017489 6.348709 7.054121
314 306 0.000376 0.018107 6.361984 7.068871
315 307 0.000242 0.013116 6.368561 7.076179
316 308 0.000360 0.010848 6.368500 7.076111
317 309 0.000243 0.007627 6.367218 7.074687
318 310 0.000133 0.005532 6.365540 7.072822
319 311 0.000133 0.004619 6.362244 7.069160
320 312 0.000255 0.007214 6.341980 7.046644
321 313 0.000256 0.010478 6.320312 7.022570
322 314 0.000110 0.013477 6.305130 7.005700
323 315 0.000134 0.014418 6.305313 7.005903
324 316 0.000109 0.014047 6.316696 7.018551
325 317 0.000189 0.014631 6.329849 7.033166
326 318 0.000154 0.011964 6.338959 7.043287
327 319 0.000172 0.008596 6.348633 7.054037
328 320 0.000230 0.006217 6.358887 7.065430
329 321 0.000108 0.004668 6.369995 7.077772
330 322 0.000108 0.004683 6.378189 7.086877
331 323 0.000188 0.003612 6.376831 7.085368
332 324 0.000188 0.003343 6.368347 7.075941
333 325 0.000266 0.004066 6.362778 7.069753
334 326 0.000109 0.003918 6.363419 7.070465
335 327 0.000242 0.003427 6.369537 7.077264
336 328 0.000242 0.005018 6.390198 7.100220
337 329 0.000132 0.004309 6.411209 7.123566
338 330 0.000186 0.004980 6.436005 7.151116
339 331 0.000151 0.005383 6.454895 7.172106
340 332 0.000370 0.005375 6.461731 7.179701
341 333 0.000385 0.003987 6.461670 7.179633
342 334 0.000303 0.004755 6.452454 7.169393
343 335 0.000262 0.004273 6.457092 7.174547
344 336 0.000151 0.003518 6.462860 7.180956
345 337 0.000169 0.004720 6.462616 7.180685
346 338 0.000214 0.005811 6.456421 7.173801
347 339 0.000346 0.003889 6.462006 7.180006
348 340 0.000301 0.004711 6.484589 7.205099
349 341 0.000106 0.004546 6.503693 7.226325
350 342 0.000183 0.007018 6.524170 7.249078
351 343 0.000224 0.006492 6.526825 7.252028
352 344 0.000183 0.006673 6.523773 7.248637
353 345 0.000280 0.005597 6.528717 7.254130
354 346 0.000106 0.006824 6.535187 7.261319
355 347 0.000149 0.009210 6.537048 7.263387
356 348 0.000183 0.009866 6.532990 7.258877
357 349 0.000236 0.010074 6.530579 7.256198
358 350 0.000270 0.013163 6.528290 7.253655
359 351 0.000183 0.014472 6.525269 7.250299
360 352 0.000416 0.015528 6.528564 7.253961
361 353 0.000290 0.015592 6.529907 7.255453
362 354 0.000224 0.014578 6.531647 7.257385
363 355 0.000183 0.015414 6.526917 7.252130
364 356 0.000270 0.014536 6.531433 7.257148
365 357 0.000224 0.014952 6.541870 7.268744
366 358 0.000183 0.011382 6.551239 7.279154
367 359 0.000341 0.011514 6.561401 7.290446
368 360 0.000182 0.011235 6.560669 7.289632
369 361 0.000149 0.011779 6.558197 7.286886
370 362 0.000247 0.011237 6.558746 7.287496
371 363 0.000379 0.010178 6.562347 7.291497
372 364 0.000387 0.010395 6.555389 7.283766
373 365 0.000402 0.010299 6.542084 7.268982
374 366 0.000485 0.009076 6.531036 7.256707
375 367 0.000396 0.009238 6.529907 7.255453
376 368 0.000299 0.011287 6.530029 7.255588
377 369 0.000183 0.013022 6.530670 7.256300
378 370 0.000183 0.012582 6.523010 7.247789
379 371 0.000198 0.012944 6.516022 7.240024
380 372 0.000150 0.012390 6.520020 7.244466
381 373 0.000167 0.013072 6.526398 7.251553
382 374 0.000308 0.013481 6.538635 7.265150
383 375 0.000197 0.013728 6.545013 7.272237
384 376 0.000166 0.012725 6.557861 7.286512
385 377 0.000324 0.011747 6.565125 7.294583
386 378 0.000246 0.011250 6.572693 7.302992
387 379 0.000278 0.013938 6.576935 7.307705
388 380 0.000287 0.014944 6.581848 7.313165
389 381 0.000234 0.017214 6.596893 7.329882
390 382 0.000000 0.016069 6.615112 7.350125
391 383 0.000147 0.016444 6.630035 7.366706
392 384 0.000104 0.014078 6.650024 7.388916
393 385 0.000273 0.014937 6.681122 7.423469
394 386 0.000162 0.013505 6.719238 7.465820
395 387 0.000125 0.011695 6.764496 7.516107
396 388 0.000143 0.010722 6.805786 7.561985
397 389 0.000226 0.006957 6.841736 7.601929
398 390 0.000285 0.005326 6.863281 7.625868
399 391 0.000317 0.004064 6.892731 7.658590
400 392 0.000300 0.003500 6.914185 7.682427
401 393 0.000263 0.003622 6.938293 7.709215
402 394 0.000262 0.005394 6.966858 7.740953
403 395 0.000242 0.006014 6.998108 7.775675
404 396 0.000184 0.008289 7.034729 7.816366
405 397 0.000239 0.007939 7.074738 7.860819
406 398 0.000119 0.009552 7.116760 7.907511
407 399 0.000328 0.007903 7.148468 7.942742
408 400 0.000167 0.005870 7.173981 7.971090
409 401 0.000288 0.002390 7.185120 7.983466
410 402 0.000192 0.002632 7.191132 7.990146
411 403 0.000166 0.005914 7.194824 7.994249
412 404 0.000166 0.005786 7.198792 7.998657
413 405 0.000235 0.008728 7.208038 8.008931
414 406 0.000179 0.011208 7.226196 8.029107
415 407 0.000301 0.013790 7.249573 8.055080
416 408 0.000212 0.016301 7.278931 8.087701
417 409 0.000318 0.021184 7.373688 8.192986
418 410 0.000357 0.034481 7.489349 8.321499
419 411 0.000240 0.050899 7.603760 8.448622
420 412 0.000180 0.059001 7.684753 8.538615
421 413 0.000227 0.065681 7.746826 8.607585
422 414 0.000250 0.073369 7.803894 8.670994
423 415 0.000256 0.078377 7.857513 8.730571
424 416 0.000174 0.086124 7.917786 8.797540
425 417 0.000185 0.080021 7.917816 8.797573
426 418 0.000124 0.070764 7.891479 8.768311
427 419 0.000088 0.056922 7.845184 8.716871
428 420 0.000176 0.051937 7.834564 8.705071
429 421 0.000197 0.046663 7.822754 8.691949
430 422 0.000265 0.039996 7.814728 8.683031
431 423 0.000234 0.036876 7.800049 8.666721
432 424 0.000217 0.031033 7.783447 8.648274
433 425 0.000109 0.028019 7.761627 8.624030
434 426 0.000089 0.023428 7.741669 8.601854
435 427 0.000296 0.021613 7.738495 8.598328
436 428 0.000219 0.021317 7.713654 8.570726
437 429 0.000190 0.018908 7.702332 8.558146
438 430 0.000229 0.016515 7.680054 8.533393
439 431 0.000090 0.016873 7.666962 8.518847
440 432 0.000202 0.015464 7.643066 8.492296
441 433 0.000212 0.014871 7.628296 8.475884
442 434 0.000143 0.014983 7.617035 8.463372
443 435 0.000144 0.015769 7.606049 8.451165
444 436 0.000265 0.013961 7.602936 8.447706
445 437 0.000249 0.012870 7.593964 8.437737
446 438 0.000258 0.014278 7.583710 8.426344
447 439 0.000266 0.013227 7.572845 8.414272
448 440 0.000183 0.012939 7.561829 8.402032
449 441 0.000259 0.010917 7.553741 8.393046
450 442 0.000383 0.010653 7.548584 8.387316
451 443 0.000065 0.010037 7.549042 8.387824
452 444 0.000112 0.010500 7.555389 8.394877
453 445 0.000144 0.008696 7.558502 8.398335
454 446 0.000194 0.011296 7.568329 8.409254
455 447 0.000091 0.007236 7.579773 8.421970
456 448 0.000000 0.008861 7.603912 8.448792
457 449 0.000202 0.007539 7.627167 8.474629
458 450 0.000090 0.006598 7.647125 8.496806
459 451 0.000230 0.008778 7.666321 8.518134
460 452 0.000127 0.010083 7.690460 8.544956
461 453 0.000219 0.009731 7.718964 8.576626
462 454 0.000282 0.008670 7.738525 8.598362
463 455 0.000141 0.009538 7.755463 8.617181
464 456 0.000154 0.010210 7.770752 8.634169
465 457 0.000125 0.007585 7.789398 8.654887
466 458 0.000153 0.008940 7.812317 8.680352
467 459 0.000197 0.006389 7.832275 8.702528
468 460 0.000216 0.006625 7.847015 8.718906
469 461 0.000176 0.007737 7.862213 8.735792
470 462 0.000223 0.007966 7.891937 8.768819
471 463 0.000123 0.006859 7.921661 8.801846
472 464 0.000194 0.007355 7.951599 8.835110
473 465 0.000173 0.007070 7.975464 8.861627
474 466 0.000228 0.007687 7.996521 8.885023
475 467 0.000086 0.006675 8.015686 8.906318
476 468 0.000210 0.005320 8.039246 8.932495
477 469 0.000086 0.005829 8.057281 8.952535
478 470 0.000257 0.006859 8.070862 8.967625
479 471 0.000000 0.005507 8.087189 8.985765
480 472 0.000148 0.005913 8.093384 8.992649
481 473 0.000000 0.006097 8.097412 8.997125
482 474 0.000000 0.006037 8.099213 8.999125
483 475 0.000060 0.005808 8.107635 9.008484
484 476 0.000147 0.004963 8.110229 9.011366
485 477 0.000085 0.005605 8.117279 9.019199
486 478 0.000120 0.004805 8.115631 9.017368
487 479 0.000159 0.006028 8.106598 9.007331
488 480 0.000135 0.006599 8.103821 9.004246
489 481 0.000085 0.006606 8.102905 9.003228
490 482 0.000135 0.007841 8.109558 9.010620
491 483 0.000148 0.009529 8.108643 9.009603
492 484 0.000060 0.010343 8.105560 9.006178
493 485 0.000170 0.011627 8.102478 9.002753
494 486 0.000148 0.012561 8.101990 9.002211
495 487 0.000135 0.012749 8.109375 9.010417
496 488 0.000209 0.012826 8.111603 9.012892
497 489 0.000170 0.012578 8.118561 9.020623
498 490 0.000147 0.011964 8.117401 9.019335
499 491 0.000135 0.011808 8.113739 9.015265
500 492 0.000241 0.012637 8.111328 9.012587
501 493 0.000209 0.012889 8.105652 9.006280
502 494 0.000313 0.013506 8.107941 9.008823
503 495 0.000276 0.013315 8.108490 9.009434
504 496 0.000170 0.013379 8.111328 9.012587
505 497 0.000135 0.012342 8.105255 9.005839
506 498 0.000148 0.011225 8.095428 8.994921
507 499 0.000000 0.010720 8.084991 8.983324
508 500 0.000000 0.009124 8.070648 8.967387
509 501 0.000136 0.007768 8.054565 8.949517
510 502 0.000172 0.006523 8.032593 8.925103
511 503 0.000122 0.006886 8.000824 8.889805
512 504 0.000137 0.005882 7.961273 8.845860
513 505 0.000214 0.005493 7.913361 8.792623
514 506 0.000311 0.005048 7.856628 8.729588
515 507 0.000517 0.004804 7.791962 8.657735
516 508 0.000482 0.006023 7.717163 8.574626
517 509 0.000300 0.004829 7.634247 8.482496
518 510 0.000194 0.005878 7.536743 8.374159
519 511 0.000161 0.004775 7.432251 8.258057
520 512 0.000133 0.006480 7.318634 8.131816
521 513 0.000117 0.006428 7.198273 7.998081
522 514 0.000069 0.007049 7.071747 7.857496
523 515 0.000281 0.007901 6.940918 7.712131
524 516 0.000304 0.006824 6.810577 7.567308
525 517 0.000387 0.009092 6.681671 7.424079
526 518 0.000307 0.010047 6.558533 7.287259
527 519 0.000152 0.012403 6.439636 7.155151
528 520 0.000109 0.012555 6.326813 7.029792
529 521 0.000235 0.013300 6.222504 6.913893
530 522 0.000226 0.014633 6.122528 6.802809
531 523 0.000214 0.015555 6.024475 6.693861
532 524 0.000202 0.015319 5.931122 6.590136
533 525 0.000205 0.016262 5.847046 6.496717
534 526 0.000267 0.017121 5.778107 6.420118
535 527 0.000295 0.017293 5.733429 6.370477
536 528 0.000242 0.017974 5.707184 6.341315
537 529 0.000171 0.020661 5.694885 6.327650
538 530 0.000121 0.020955 5.701660 6.335178
539 531 0.000121 0.020147 5.721680 6.357422
540 532 0.000170 0.021461 5.753326 6.392585
541 533 0.000470 0.019868 5.786011 6.428901
542 534 0.000517 0.018201 5.821136 6.467929
543 535 0.000646 0.015703 5.853943 6.504381
544 536 0.000598 0.014097 5.890259 6.544732
545 537 0.000419 0.010783 5.941711 6.601902
546 538 0.000399 0.010655 5.998718 6.665243
547 539 0.000302 0.010363 6.059235 6.732483
548 540 0.000357 0.008048 6.113953 6.793281
549 541 0.000326 0.008794 6.171722 6.857470
550 542 0.000333 0.007935 6.227661 6.919623
551 543 0.000364 0.006030 6.285797 6.984219
552 544 0.000370 0.005363 6.335632 7.039591
553 545 0.000473 0.006185 6.368164 7.075738
554 546 0.000562 0.005359 6.380188 7.089098
555 547 0.000171 0.005713 6.383209 7.092455
556 548 0.000242 0.005725 6.385010 7.094455
557 549 0.000108 0.004097 6.379822 7.088691
558 550 0.000352 0.003653 6.363281 7.070312
559 551 0.000423 0.003274 6.328827 7.032030
560 552 0.000155 0.003652 6.282745 6.980828
561 553 0.000537 0.005491 6.229004 6.921115
562 554 0.000481 0.006826 6.173126 6.859029
563 555 0.000320 0.006517 6.110626 6.789585
564 556 0.000548 0.006467 6.041718 6.713019
565 557 0.000433 0.007534 5.971344 6.634827
566 558 0.000287 0.008750 5.903076 6.558973
567 559 0.000417 0.010310 5.850494 6.500549
568 560 0.000565 0.010596 5.793976 6.437751
569 561 0.000190 0.010149 5.750153 6.389059
570 562 0.000121 0.009761 5.721497 6.357218
571 563 0.000171 0.008244 5.700378 6.333754
572 564 0.000121 0.007507 5.710999 6.345554
573 565 0.000381 0.007104 5.724762 6.360847
574 566 0.000293 0.006313 5.764984 6.405538
575 567 0.000412 0.008061 5.802399 6.447110
576 568 0.000250 0.008570 5.852692 6.502991
577 569 0.000351 0.009223 5.902466 6.558295
578 570 0.000296 0.009205 5.951172 6.612413
579 571 0.000430 0.009023 6.010895 6.678772
580 572 0.000323 0.009240 6.054138 6.726820
581 573 0.000439 0.008895 6.093781 6.770867
582 574 0.000531 0.009480 6.102661 6.780735
583 575 0.000543 0.008619 6.100616 6.778463
584 576 0.000487 0.010944 6.102814 6.780904
585 577 0.000586 0.010616 6.120972 6.801080
586 578 0.000263 0.011110 6.150909 6.834344
587 579 0.000419 0.009413 6.170868 6.856520
588 580 0.000582 0.010117 6.162964 6.847738
589 581 0.000276 0.010900 6.136932 6.818814
590 582 0.000436 0.012704 6.131622 6.812914
591 583 0.000841 0.012675 6.143463 6.826070
592 584 0.000159 0.010437 6.157532 6.841702
593 585 0.000471 0.013006 6.132355 6.813727
594 586 0.000448 0.010640 6.070435 6.744927
595 587 0.000163 0.012054 5.998840 6.665378
596 588 0.000201 0.014254 5.946198 6.606886
597 589 0.000234 0.012335 5.914490 6.571655
598 590 0.000618 0.010231 5.861847 6.513163
599 591 0.000783 0.010346 5.782867 6.425408
600 592 0.000454 0.010724 5.689728 6.321920
601 593 0.000276 0.010674 5.602356 6.224840
602 594 0.000250 0.014886 5.533020 6.147800
603 595 0.000334 0.015425 5.470428 6.078254
604 596 0.000383 0.016895 5.406403 6.007114
605 597 0.000389 0.017934 5.330170 5.922411
606 598 0.000186 0.017226 5.258118 5.842353
607 599 0.000231 0.015825 5.170624 5.745138
608 600 0.000096 0.018380 5.068909 5.632121
609 601 0.000241 0.019276 4.960602 5.511780
610 602 0.000226 0.019035 4.831787 5.368652
611 603 0.000233 0.019669 4.695740 5.217489
612 604 0.000357 0.018725 4.537628 5.041809
613 605 0.000296 0.020054 4.359589 4.843987
614 606 0.000389 0.021570 4.162323 4.624804
615 607 0.000301 0.025507 3.969086 4.410095
616 608 0.000342 0.025912 3.772369 4.191522
617 609 0.000386 0.022049 3.581329 3.979255
618 610 0.000144 0.022446 3.399414 3.777127
619 611 0.000372 0.020455 3.218475 3.576084
620 612 0.000392 0.023033 3.049011 3.387790
621 613 0.000559 0.021154 2.897766 3.219740
622 614 0.000663 0.017090 2.753876 3.059862
623 615 0.001121 0.012742 2.613434 2.903815
624 616 0.000835 0.015817 2.482330 2.758145
625 617 0.000209 0.019506 2.340637 2.600708
626 618 0.000446 0.021401 2.190796 2.434218
627 619 0.000760 0.018845 2.031158 2.256843
628 620 0.001280 0.018986 1.868622 2.076247
629 621 0.000493 0.026274 1.715240 1.905823
630 622 0.000536 0.035432 1.579102 1.754557
631 623 0.001290 0.049916 1.466370 1.629300
632 624 0.001327 0.058146 1.376434 1.529372
633 625 0.000991 0.060492 1.303925 1.448805
634 626 0.001296 0.072020 1.249878 1.388753
635 627 0.001699 0.081268 1.219513 1.355014
636 628 0.001514 0.083130 1.207123 1.341248
637 629 0.001281 0.074046 1.205627 1.339586
638 630 0.001500 0.084147 1.217682 1.352980
639 631 0.000681 0.079209 1.242371 1.380412
640 632 0.001321 0.069250 1.280884 1.423204
641 633 0.001408 0.079494 1.342682 1.491869
642 634 0.000687 0.066490 1.421143 1.579047
643 635 0.000856 0.066090 1.508789 1.676432
644 636 0.001051 0.064182 1.609558 1.788398
645 637 0.001105 0.065190 1.711456 1.901618
646 638 0.000762 0.052718 1.813293 2.014771
647 639 0.000887 0.054560 1.906982 2.118869
648 640 0.000985 0.054212 1.983276 2.203640
649 641 0.001061 0.051444 2.058533 2.287259
650 642 0.001411 0.056244 2.133850 2.370944
651 643 0.001420 0.057827 2.201202 2.445781
652 644 0.001173 0.051931 2.280396 2.533773
653 645 0.000619 0.048735 2.367401 2.630446
654 646 0.000633 0.045944 2.439728 2.710809
655 647 0.000472 0.044975 2.534973 2.816637
656 648 0.000558 0.044624 2.625702 2.917447
657 649 0.000253 0.045391 2.729523 3.032803
658 650 0.000243 0.040190 2.837006 3.152228
659 651 0.000524 0.037345 2.944824 3.272027
660 652 0.000749 0.041242 3.058746 3.398607
661 653 0.000376 0.054875 3.179291 3.532545
662 654 0.000255 0.064182 3.311584 3.679538
663 655 0.000284 0.066773 3.441864 3.824293
664 656 0.000385 0.072664 3.585632 3.984036
665 657 0.000454 0.073747 3.724640 4.138489
666 658 0.000536 0.077700 3.867523 4.297248
667 659 0.000322 0.081826 4.015564 4.461738
668 660 0.000333 0.069340 4.149872 4.610969
669 661 0.000279 0.055873 4.284943 4.761047
670 662 0.000349 0.042338 4.419464 4.910516
671 663 0.000339 0.034710 4.550537 5.056152
672 664 0.000255 0.032769 4.682800 5.203112
673 665 0.000287 0.029689 4.820374 5.355970
674 666 0.000279 0.028442 4.955505 5.506117
675 667 0.000406 0.024021 5.101868 5.668742
676 668 0.000228 0.026043 5.244446 5.827162
677 669 0.000287 0.027342 5.381470 5.979411
678 670 0.000000 0.029260 5.523865 6.137628
679 671 0.000000 0.032214 5.657532 6.286146
680 672 0.000146 0.025686 5.793518 6.437243
681 673 0.000185 0.023216 5.913452 6.570502
682 674 0.000140 0.019931 6.030701 6.700778
683 675 0.000263 0.015695 6.146851 6.829834
684 676 0.000135 0.014789 6.261658 6.957397
685 677 0.000108 0.013220 6.375488 7.083876
686 678 0.000106 0.012536 6.484375 7.204861
687 679 0.000182 0.011368 6.585449 7.317166
688 680 0.000126 0.011863 6.689392 7.432658
689 681 0.000144 0.011302 6.783936 7.537706
690 682 0.000174 0.012177 6.877991 7.642212
691 683 0.000198 0.013621 6.967468 7.741632
692 684 0.000196 0.012801 7.059753 7.844171
693 685 0.000167 0.012167 7.153320 7.948133
694 686 0.000095 0.010689 7.246765 8.051961
695 687 0.000115 0.011895 7.343079 8.158977
696 688 0.000000 0.012585 7.431946 8.257717
697 689 0.000000 0.013823 7.528748 8.365275
698 690 0.000000 0.012513 7.622803 8.469781
699 691 0.000179 0.012024 7.718750 8.576389
700 692 0.000177 0.012294 7.809082 8.676758
701 693 0.000138 0.013046 7.895386 8.772651
702 694 0.000106 0.012672 7.986694 8.874104
703 695 0.000135 0.011455 8.077026 8.974474
704 696 0.000085 0.010299 8.161621 9.068468
705 697 0.000084 0.008861 8.227478 9.141643
706 698 0.000118 0.010324 8.293030 9.214478
707 699 0.000175 0.010769 8.350159 9.277954
708 700 0.000142 0.010789 8.410278 9.344753
709 701 0.000182 0.012439 8.460999 9.401110
710 702 0.000115 0.013125 8.502808 9.447564
711 703 0.000140 0.016329 8.535217 9.483575
712 704 0.000161 0.017413 8.563171 9.514635
713 705 0.000179 0.016922 8.609131 9.565701
714 706 0.000196 0.017359 8.643127 9.603475
715 707 0.000258 0.017089 8.667419 9.630466
716 708 0.000169 0.018077 8.685120 9.650133
717 709 0.000056 0.019798 8.701294 9.668104
718 710 0.000158 0.021094 8.730652 9.700725
719 711 0.000216 0.018818 8.760254 9.733616
720 712 0.000208 0.020073 8.771790 9.746433
721 713 0.000157 0.021361 8.785522 9.761692
722 714 0.000343 0.023077 8.783875 9.759861
723 715 0.000136 0.023816 8.805237 9.783596
724 716 0.000136 0.020792 8.821594 9.801771
725 717 0.000096 0.021445 8.815979 9.795532
726 718 0.000124 0.017106 8.818176 9.797974
727 719 0.000111 0.017903 8.799500 9.777222
728 720 0.000192 0.016107 8.820862 9.800958
729 721 0.000221 0.015025 8.829102 9.810113
730 722 0.000302 0.009976 8.849304 9.832561
731 723 0.000296 0.008761 8.870544 9.856160
732 724 0.000306 0.010918 8.887878 9.875421
733 725 0.000257 0.011567 8.921265 9.912517
734 726 0.000278 0.011752 8.944275 9.938084
735 727 0.000326 0.010810 8.984863 9.983181
736 728 0.000334 0.010436 9.013184 10.014648
737 729 0.000301 0.010511 9.039368 10.043742
738 730 0.000252 0.010626 9.075134 10.083483
739 731 0.000170 0.013212 9.092224 10.102471
740 732 0.000107 0.013240 9.116943 10.129937
741 733 0.000160 0.012510 9.154907 10.172119
742 734 0.000130 0.012358 9.188538 10.209486
743 735 0.000275 0.014145 9.236206 10.262451
744 736 0.000129 0.012821 9.288208 10.320231
745 737 0.000202 0.010792 9.346436 10.384929
746 738 0.000127 0.013612 9.405396 10.450439
747 739 0.000089 0.012256 9.465210 10.516900
748 740 0.000115 0.011936 9.534729 10.594143
749 741 0.000190 0.010760 9.605591 10.672878
750 742 0.000071 0.012842 9.676697 10.751885
751 743 0.000071 0.010972 9.743347 10.825941
752 744 0.000100 0.011812 9.800903 10.889893
753 745 0.000086 0.012188 9.863037 10.958930
754 746 0.000220 0.012529 9.930725 11.034139
755 747 0.000147 0.012957 9.997620 11.108466
756 748 0.000069 0.014007 10.062012 11.180013
757 749 0.000160 0.013264 10.125610 11.250678
758 750 0.000068 0.013026 10.186157 11.317952
759 751 0.000067 0.012466 10.247314 11.385905
760 752 0.000067 0.012440 10.331848 11.479832
761 753 0.000094 0.011384 10.413086 11.570095
762 754 0.000093 0.008762 10.491089 11.656765
763 755 0.000146 0.007603 10.570862 11.745402
764 756 0.000138 0.007579 10.649170 11.832411
765 757 0.000223 0.008554 10.726685 11.918538
766 758 0.000212 0.009500 10.801941 12.002156
767 759 0.000201 0.011463 10.875427 12.083808
768 760 0.000141 0.010719 10.930054 12.144505
769 761 0.000063 0.009211 10.982849 12.203166
770 762 0.000140 0.008098 11.036316 12.262573
771 763 0.000116 0.005454 11.095215 12.328016
772 764 0.000098 0.005671 11.147583 12.386204
773 765 0.000000 0.003967 11.207153 12.452393
774 766 0.000075 0.005064 11.262085 12.513428
775 767 0.000061 0.003926 11.324463 12.582737
776 768 0.000086 0.005605 11.383057 12.647840
777 769 0.000121 0.005928 11.444397 12.715997
778 770 0.000085 0.003421 11.502197 12.780219
779 771 0.000084 0.006158 11.565002 12.850002
780 772 0.000157 0.006762 11.625061 12.916735
781 773 0.000059 0.005960 11.681702 12.979669
782 774 0.000156 0.006122 11.742004 13.046672
783 775 0.000058 0.005105 11.804199 13.115777
784 776 0.000058 0.003738 11.856995 13.174438
785 777 0.000101 0.003567 11.897400 13.219334
786 778 0.000041 0.004253 11.938599 13.265110
787 779 0.000041 0.004988 11.968628 13.298475
788 780 0.000115 0.005512 12.003845 13.337605
789 781 0.000070 0.007142 12.034729 13.371922
790 782 0.000091 0.008421 12.058960 13.398845
791 783 0.000081 0.009565 12.070496 13.411662
792 784 0.000099 0.011270 12.088562 13.431736
793 785 0.000128 0.011961 12.108826 13.454250
794 786 0.000081 0.013963 12.130920 13.478801
795 787 0.000133 0.014583 12.145569 13.495076
796 788 0.000114 0.015516 12.152527 13.502808
797 789 0.000098 0.014325 12.151917 13.502130
798 790 0.000090 0.013037 12.154053 13.504503
799 791 0.000040 0.012270 12.151917 13.502130
800 792 0.000090 0.011932 12.144104 13.493449
801 793 0.000133 0.010549 12.132507 13.480564
802 794 0.000057 0.009065 12.115479 13.461643
803 795 0.000040 0.007242 12.104065 13.448961
804 796 0.000070 0.005280 12.092224 13.435804
805 797 0.000057 0.004615 12.078552 13.420613
806 798 0.000099 0.003473 12.059082 13.398980
807 799 0.000099 0.003761 12.049622 13.388469
808 800 0.000107 0.003950 12.042664 13.380737
809 801 0.000081 0.003601 12.039062 13.376736
810 802 0.000122 0.003742 12.033691 13.370769
811 803 0.000107 0.004037 12.028748 13.365275
812 804 0.000000 0.004667 12.023071 13.358968
813 805 0.000135 0.004427 12.024048 13.360053
814 806 0.000041 0.003652 12.022949 13.358832
815 807 0.000108 0.003553 12.013977 13.348864
816 808 0.000081 0.003241 12.004028 13.337810
817 809 0.000100 0.004270 11.997253 13.330281
818 810 0.000058 0.003734 11.980103 13.311225
819 811 0.000041 0.005846 11.952148 13.280165
820 812 0.000164 0.006308 11.925293 13.250325
821 813 0.000092 0.004311 11.885498 13.206109
822 814 0.000071 0.005256 11.842407 13.158230
823 815 0.000059 0.005657 11.787781 13.097534
824 816 0.000083 0.006022 11.730042 13.033380
825 817 0.000103 0.006608 11.662415 12.958239
826 818 0.000073 0.006912 11.594421 12.882690
827 819 0.000085 0.007131 11.529907 12.811008
828 820 0.000060 0.007562 11.452271 12.724745
829 821 0.000043 0.008509 11.368958 12.632175
830 822 0.000075 0.008598 11.269714 12.521905
831 823 0.000164 0.010273 11.162720 12.403022
832 824 0.000089 0.007775 11.034241 12.260267
833 825 0.000063 0.008662 10.886658 12.096287
834 826 0.000046 0.010197 10.715759 11.906399
835 827 0.000080 0.009141 10.530212 11.700236
836 828 0.000067 0.009975 10.336731 11.485256
837 829 0.000068 0.008643 10.121521 11.246135
838 830 0.000070 0.010277 9.898193 10.997993
839 831 0.000124 0.009092 9.659851 10.733168
840 832 0.000073 0.011956 9.414917 10.461019
841 833 0.000107 0.012261 9.157654 10.175171
842 834 0.000078 0.009707 8.899902 9.888781
843 835 0.000234 0.011102 8.616638 9.574042
844 836 0.000166 0.010126 8.315063 9.238959
845 837 0.000202 0.010788 8.012451 8.902723
846 838 0.000179 0.010643 7.697205 8.552449
847 839 0.000000 0.011152 7.377075 8.196751
848 840 0.000000 0.011731 7.051636 7.835151
849 841 0.000103 0.013128 6.722290 7.469211
850 842 0.000305 0.013514 6.401367 7.112630
851 843 0.000299 0.014751 6.103821 6.782023
852 844 0.000413 0.015977 5.795166 6.439074
853 845 0.000633 0.013167 5.558960 6.176622
854 846 0.000748 0.021695 5.300781 5.889757
855 847 0.000705 0.014089 5.138550 5.709500
856 848 0.000608 0.005107 5.016846 5.574273
857 849 0.000390 0.011395 4.848267 5.386963
858 850 0.000569 0.008386 4.775818 5.306464
859 851 0.000804 0.018523 4.623413 5.137125
860 852 0.000787 0.007160 4.603149 5.114611
861 853 0.000559 0.014462 4.456604 4.951782
862 854 0.000440 0.009506 4.436829 4.929810
863 855 0.000582 0.018142 4.359680 4.844089
864 856 0.000633 0.013896 4.222351 4.691501
865 857 0.000910 0.012636 4.224670 4.694078
866 858 0.000812 0.033672 4.122009 4.580010
867 859 0.000675 0.004236 4.156677 4.618530
868 860 0.000732 0.002789 4.111328 4.568142
869 861 0.001079 0.008540 4.148621 4.609579
870 862 0.001411 0.011732 4.138489 4.598321
871 863 0.001594 0.050451 4.143799 4.604221
872 864 0.001586 0.014642 4.211060 4.678955
873 865 0.001262 0.018096 4.236755 4.707506
874 866 0.001371 0.014326 4.332764 4.814182
875 867 0.001437 0.010235 4.364807 4.849786
876 868 0.001495 0.035592 4.454895 4.949883
877 869 0.001211 0.005583 4.507507 5.008341
878 870 0.001009 0.008637 4.567444 5.074938
879 871 0.000691 0.011092 4.690491 5.211657
880 872 0.000984 0.013410 4.761230 5.290256
881 873 0.001066 0.015853 4.845520 5.383911
882 874 0.001114 0.012297 4.957825 5.508694
883 875 0.000987 0.022221 5.066833 5.629815
884 876 0.000886 0.005237 5.137756 5.708618
885 877 0.001176 0.017162 5.298828 5.887587
886 878 0.001036 0.019137 5.434448 6.038276
887 879 0.001041 0.012941 5.510376 6.122640
888 880 0.000873 0.016328 5.651306 6.279229
889 881 0.000976 0.015936 5.769470 6.410522
890 882 0.000786 0.016098 5.857849 6.508721
891 883 0.000730 0.024626 5.978760 6.643066
892 884 0.000662 0.023812 6.080261 6.755846
893 885 0.000336 0.024593 6.161011 6.845568
894 886 0.000524 0.018285 6.245239 6.939155
895 887 0.000219 0.016691 6.317749 7.019721
896 888 0.000366 0.017440 6.390808 7.100898
897 889 0.000355 0.016402 6.449646 7.166273
898 890 0.000515 0.014160 6.497375 7.219306
899 891 0.000643 0.009157 6.531433 7.257148
900 892 0.000607 0.010676 6.582520 7.313910
901 893 0.000675 0.011140 6.625305 7.361450
902 894 0.000758 0.012029 6.663757 7.404175
903 895 0.000618 0.012037 6.703979 7.448866
904 896 0.000501 0.013085 6.749023 7.498915
905 897 0.000411 0.015174 6.818359 7.575955
906 898 0.000414 0.013765 6.872437 7.636041
907 899 0.000553 0.015314 6.946594 7.718438
908 900 0.000616 0.012687 7.002197 7.780219
909 901 0.000443 0.009996 7.059082 7.843424
910 902 0.000274 0.010384 7.127197 7.919108
911 903 0.000214 0.010426 7.205627 8.006252
912 904 0.000260 0.009024 7.271179 8.079088
913 905 0.000333 0.007959 7.335144 8.150160
914 906 0.000162 0.008451 7.395935 8.217706
915 907 0.000262 0.009544 7.458313 8.287014
916 908 0.000330 0.011179 7.539368 8.377075
917 909 0.000406 0.011476 7.615112 8.461236
918 910 0.000276 0.013113 7.699646 8.555162
919 911 0.000188 0.014340 7.777344 8.641493
920 912 0.000264 0.013363 7.852722 8.725246
921 913 0.000516 0.011382 7.922180 8.802423
922 914 0.000351 0.010285 7.983459 8.870510
923 915 0.000272 0.008639 8.038574 8.931749
924 916 0.000410 0.005326 8.074036 8.971150
925 917 0.000135 0.004995 8.103210 9.003567
926 918 0.000085 0.006506 8.115601 9.017334
927 919 0.000148 0.007871 8.107971 9.008857
928 920 0.000104 0.008928 8.095520 8.995022
929 921 0.000085 0.009523 8.076538 8.973931
930 922 0.000121 0.009979 8.048950 8.943278
931 923 0.000305 0.012369 8.014465 8.904962
932 924 0.000184 0.012450 7.969727 8.855251
933 925 0.000174 0.011890 7.924438 8.804932
934 926 0.000196 0.011667 7.877563 8.752849
935 927 0.000233 0.011497 7.830811 8.700901
936 928 0.000199 0.011991 7.775146 8.639051
937 929 0.000090 0.012123 7.712219 8.569133
938 930 0.000128 0.013258 7.653137 8.503486
939 931 0.000182 0.012278 7.588867 8.432075
940 932 0.000194 0.013918 7.533752 8.370836
941 933 0.000236 0.014340 7.460266 8.289185
942 934 0.000148 0.013611 7.381042 8.201159
943 935 0.000134 0.015083 7.290894 8.100993
944 936 0.000225 0.015020 7.191650 7.990723
945 937 0.000138 0.018119 7.091125 7.879028
946 938 0.000140 0.019709 6.977478 7.752753
947 939 0.000319 0.023255 6.851196 7.612440
948 940 0.000230 0.024422 6.705627 7.450697
949 941 0.000394 0.024071 6.551880 7.279867
950 942 0.000153 0.026461 6.384827 7.094252
951 943 0.000176 0.025878 6.211853 6.902059
952 944 0.000421 0.026194 6.025208 6.694675
953 945 0.000237 0.024690 5.824402 6.471558
954 946 0.000151 0.025642 5.614807 6.238675
955 947 0.000128 0.023840 5.397583 5.997314
956 948 0.000000 0.021431 5.163208 5.736898
957 949 0.000140 0.022022 4.920959 5.467733
958 950 0.000296 0.024918 4.672119 5.191244
959 951 0.000221 0.023755 4.414551 4.905056
960 952 0.000262 0.024648 4.161499 4.623888
961 953 0.000250 0.022905 3.900757 4.334174
962 954 0.000519 0.020308 3.643005 4.047784
963 955 0.000408 0.019103 3.386963 3.763292
964 956 0.000347 0.019307 3.142212 3.491347
965 957 0.001050 0.022518 2.904236 3.226929
966 958 0.000794 0.025536 2.679626 2.977363
967 959 0.000767 0.027979 2.466980 2.741089
968 960 0.001007 0.030001 2.273682 2.526313
969 961 0.001246 0.030621 2.110779 2.345310
970 962 0.000990 0.036487 1.971863 2.190959
971 963 0.000980 0.046323 1.863342 2.070380
972 964 0.000948 0.048670 1.783813 1.982015
973 965 0.000749 0.041115 1.723999 1.915555
974 966 0.000711 0.042022 1.681030 1.867811
975 967 0.000831 0.043709 1.661255 1.845839
976 968 0.000727 0.048039 1.646301 1.829224
977 969 0.000421 0.050934 1.641357 1.823730
978 970 0.000599 0.046499 1.631470 1.812744
979 971 0.001045 0.043300 1.618042 1.797824
980 972 0.001404 0.038708 1.593994 1.771105
981 973 0.000821 0.036531 1.572632 1.747369
982 974 0.000832 0.039004 1.552673 1.725193
983 975 0.000905 0.032379 1.526428 1.696031
984 976 0.000979 0.035066 1.496643 1.662937
985 977 0.001256 0.038070 1.454834 1.616482
986 978 0.001037 0.030175 1.411987 1.568875
987 979 0.000715 0.025992 1.364929 1.516588
988 980 0.000639 0.023367 1.324158 1.471286
989 981 0.000659 0.024259 1.283020 1.425578
990 982 0.000000 0.012898 1.242859 1.380954
991 983 0.000000 0.014168 1.204895 1.338772
992 984 0.000828 0.022310 1.179810 1.310899
993 985 0.000595 0.025313 1.160095 1.288995
994 986 0.000000 0.014468 1.140564 1.267293
995 987 0.000869 0.026903 1.123169 1.247965
996 988 0.001078 0.022585 1.109192 1.232435
997 989 0.001257 0.021323 1.099121 1.221246
998 990 0.000633 0.032338 1.091431 1.212701
999 991 0.000894 0.025084 1.092163 1.213515
1000 992 0.000997 0.019075 1.095398 1.217109
1001 993 0.000880 0.019476 1.110046 1.233385
1002 994 0.000599 0.025772 1.152649 1.280721
1003 995 0.000000 0.018897 1.226929 1.363254
1004 996 0.000519 0.024286 1.329285 1.476983
1005 997 0.000820 0.029532 1.458984 1.621094
1006 998 0.000605 0.025985 1.615051 1.794501
1007 999 0.000770 0.024751 1.794556 1.993951
1008 1000 0.000850 0.024200 1.990784 2.211982
1009 1001 0.000884 0.025386 2.208618 2.454020
1010 1002 0.000604 0.025178 2.426819 2.696465
1011 1003 0.000921 0.033495 2.651489 2.946099
1012 1004 0.000722 0.033639 2.868530 3.187256
1013 1005 0.000448 0.036152 3.080994 3.423326
1014 1006 0.000394 0.038021 3.279541 3.643934
1015 1007 0.000344 0.036813 3.474854 3.860948
1016 1008 0.000266 0.037082 3.671448 4.079386
1017 1009 0.000253 0.038132 3.858826 4.287584
1018 1010 0.000320 0.037236 4.040344 4.489271
1019 1011 0.000284 0.036609 4.210876 4.678751
1020 1012 0.000386 0.033762 4.383728 4.870809
1021 1013 0.000304 0.031046 4.542297 5.046997
1022 1014 0.000254 0.028824 4.709595 5.232883
1023 1015 0.000224 0.028826 4.867859 5.408732
1024 1016 0.000218 0.025896 5.017151 5.574612
1025 1017 0.000232 0.022111 5.164062 5.737847
1026 1018 0.000290 0.020527 5.316040 5.906711
1027 1019 0.000358 0.017052 5.457581 6.063978
1028 1020 0.000123 0.014408 5.595520 6.217245
1029 1021 0.000474 0.014221 5.739380 6.377089
1030 1022 0.000235 0.012566 5.883484 6.537204
1031 1023 0.000214 0.008792 6.030090 6.700100
1032 1024 0.000079 0.007595 6.169250 6.854723
1033 1025 0.000190 0.008086 6.306213 7.006904
1034 1026 0.000240 0.006967 6.434998 7.149997
1035 1027 0.000196 0.011323 6.580261 7.311401
1036 1028 0.000145 0.011731 6.714905 7.461005
1037 1029 0.000319 0.012567 6.844971 7.605523
1038 1030 0.000298 0.012601 6.960388 7.733765
1039 1031 0.000069 0.014979 7.063232 7.848036
1040 1032 0.000246 0.013918 7.153076 7.947863
1041 1033 0.000224 0.014262 7.225098 8.027886
1042 1034 0.000314 0.012858 7.285400 8.094890
1043 1035 0.000177 0.010183 7.314026 8.126696
1044 1036 0.000163 0.009993 7.338562 8.153957
1045 1037 0.000133 0.007946 7.350769 8.167521
1046 1038 0.000176 0.008296 7.353394 8.170437
1047 1039 0.000094 0.005316 7.349976 8.166639
1048 1040 0.000094 0.007455 7.356201 8.173557
1049 1041 0.000357 0.008227 7.369690 8.188544
1050 1042 0.000093 0.008004 7.385498 8.206109
1051 1043 0.000302 0.011133 7.405579 8.228420
1052 1044 0.000348 0.009482 7.426208 8.251343
1053 1045 0.000473 0.009095 7.450073 8.277859
1054 1046 0.000160 0.007666 7.478455 8.309394
1055 1047 0.000092 0.009792 7.509033 8.343370
1056 1048 0.000130 0.007324 7.528809 8.365343
1057 1049 0.000183 0.007209 7.546814 8.385349
1058 1050 0.000129 0.005767 7.569885 8.410984
1059 1051 0.000170 0.002429 7.592651 8.436279
1060 1052 0.000128 0.002393 7.619019 8.465576
1061 1053 0.000064 0.002513 7.644287 8.493652
1062 1054 0.000110 0.002558 7.666199 8.517999
1063 1055 0.000000 0.001340 7.688354 8.542616
1064 1056 0.000089 0.002220 7.719482 8.577203
1065 1057 0.000167 0.001909 7.748901 8.609890
1066 1058 0.000000 0.003659 7.767639 8.630711
1067 1059 0.000314 0.002912 7.785645 8.650716
1068 1060 0.000198 0.003796 7.791626 8.657362
1069 1061 0.000280 0.005069 7.801453 8.668281
1070 1062 0.000153 0.006875 7.805054 8.672282
1071 1063 0.000375 0.006281 7.806396 8.673774
1072 1064 0.000266 0.007780 7.792847 8.658718
1073 1065 0.000178 0.006039 7.775879 8.639866
1074 1066 0.000252 0.004721 7.759399 8.621555
1075 1067 0.000167 0.006161 7.738831 8.598701
1076 1068 0.000200 0.002209 7.714050 8.571167
1077 1069 0.000156 0.002537 7.679932 8.533257
1078 1070 0.000221 0.004455 7.649902 8.499891
1079 1071 0.000327 0.003701 7.617615 8.464016
1080 1072 0.000170 0.004975 7.591736 8.435262
1081 1073 0.000129 0.003298 7.557129 8.396810
1082 1074 0.000225 0.001847 7.514465 8.349406
1083 1075 0.000277 0.001566 7.478027 8.308919
1084 1076 0.000174 0.003925 7.444946 8.272162
1085 1077 0.000161 0.002457 7.412842 8.236491
1086 1078 0.000375 0.002034 7.371643 8.190715
1087 1079 0.000298 0.002326 7.318665 8.131849
1088 1080 0.000374 0.003550 7.261902 8.068780
1089 1081 0.000372 0.005116 7.198975 7.998861
1090 1082 0.000193 0.003352 7.137329 7.930366
1091 1083 0.000286 0.002388 7.045471 7.828301
1092 1084 0.000366 0.003539 6.937927 7.708808
1093 1085 0.000304 0.003014 6.818665 7.576294
1094 1086 0.000146 0.002632 6.691833 7.435370
1095 1087 0.000182 0.002202 6.556885 7.285428
1096 1088 0.000153 0.003227 6.391418 7.101576
1097 1089 0.000333 0.004228 6.212830 6.903144
1098 1090 0.000141 0.002598 6.012634 6.680705
1099 1091 0.000084 0.004148 5.812500 6.458333
1100 1092 0.000123 0.005482 5.611633 6.235148
1101 1093 0.000128 0.004842 5.401794 6.001994
1102 1094 0.000133 0.003805 5.185608 5.761786
1103 1095 0.000139 0.004665 4.968445 5.520494
1104 1096 0.000145 0.006695 4.769104 5.299005
1105 1097 0.000384 0.010819 4.588623 5.098470
1106 1098 0.000348 0.012650 4.430664 4.922960
1107 1099 0.000197 0.012474 4.291321 4.768134
1108 1100 0.000203 0.015199 4.163452 4.626058
1109 1101 0.000241 0.013395 4.045959 4.495511
1110 1102 0.000248 0.013076 3.940491 4.378323
1111 1103 0.000179 0.008939 3.848083 4.275648
1112 1104 0.000225 0.007680 3.764954 4.183282
1113 1105 0.000230 0.004771 3.681946 4.091051
1114 1106 0.000303 0.008213 3.600830 4.000922
1115 1107 0.000340 0.005752 3.515808 3.906453
1116 1108 0.000494 0.005410 3.424988 3.805542
1117 1109 0.000293 0.007843 3.335144 3.705716
1118 1110 0.000213 0.007797 3.241882 3.602092
1119 1111 0.000310 0.011146 3.147766 3.497518
1120 1112 0.000531 0.016292 3.047913 3.386569
1121 1113 0.000574 0.019862 2.946838 3.274265
1122 1114 0.000486 0.027147 2.843628 3.159587
1123 1115 0.000616 0.032952 2.747131 3.052368
1124 1116 0.000552 0.031627 2.653748 2.948608
1125 1117 0.000382 0.034141 2.558655 2.842950
1126 1118 0.000396 0.029411 2.463806 2.737562
1127 1119 0.000292 0.026314 2.364746 2.627496
1128 1120 0.000374 0.020605 2.261230 2.512478
1129 1121 0.000640 0.017788 2.156616 2.396240
1130 1122 0.000753 0.012904 2.049805 2.277561
1131 1123 0.001067 0.013543 1.940613 2.156236
1132 1124 0.000802 0.015124 1.827515 2.030572
1133 1125 0.000898 0.016867 1.719116 1.910129
1134 1126 0.001572 0.021277 1.613708 1.793009
1135 1127 0.001164 0.020608 1.512817 1.680908
1136 1128 0.000686 0.017340 1.423828 1.582031
1137 1129 0.000365 0.022758 1.336365 1.484850
1138 1130 0.000778 0.025731 1.255005 1.394450
1139 1131 0.001018 0.033884 1.175110 1.305678
1140 1132 0.000888 0.035186 1.100342 1.222602
1141 1133 0.001341 0.033637 1.029907 1.144341
1142 1134 0.000715 0.040503 0.965881 1.073202
1143 1135 0.000761 0.041223 0.907654 1.008504
1144 1136 0.000812 0.036221 0.850769 0.945299
1145 1137 0.000000 0.035947 0.796204 0.884671
1146 1138 0.000928 0.034852 0.743896 0.826552
1147 1139 0.000991 0.027786 0.696472 0.773858
1148 1140 0.001496 0.024510 0.652832 0.725369
1149 1141 0.001957 0.020478 0.611267 0.679186
1150 1142 0.001479 0.024525 0.571838 0.635376
1151 1143 0.001587 0.029750 0.532898 0.592109
1152 1144 0.001394 0.035815 0.495361 0.550401
1153 1145 0.000000 0.033299 0.462158 0.513509
1154 1146 0.001612 0.042991 0.428284 0.475871
1155 1147 0.000000 0.068522 0.395081 0.438978
1156 1148 0.000000 0.086852 0.363525 0.403917
1157 1149 0.001474 0.097756 0.331360 0.368178
1158 1150 0.000000 0.090803 0.296631 0.329590
1159 1151 0.000000 0.110678 0.261414 0.290460
1160 1152 0.000000 0.131844 0.228210 0.253567
1161 1153 0.003506 0.095245 0.196960 0.218845
1162 1154 0.000000 0.105927 0.170898 0.189887
1163 1155 0.003320 0.097422 0.147095 0.163439
1164 1156 0.004997 0.134620 0.138184 0.153537
1165 1157 0.008202 0.175545 0.133118 0.147909
1166 1158 0.005856 0.264555 0.144409 0.160455
1167 1159 0.000000 0.335045 0.159973 0.177748
1168 1160 0.003829 0.362814 0.180359 0.200399
1169 1161 0.000000 0.326694 0.200989 0.223321
1170 1162 0.002191 0.306511 0.222900 0.247667
1171 1163 0.001954 0.268923 0.249878 0.277642
1172 1164 0.000000 0.238232 0.271179 0.301310
1173 1165 0.002320 0.198687 0.297607 0.330675
1174 1166 0.000000 0.154772 0.316589 0.351766
1175 1167 0.000000 0.102914 0.341980 0.379978
1176 1168 0.001875 0.065033 0.368225 0.409139
1177 1169 0.001709 0.050417 0.404175 0.449083
1178 1170 0.001105 0.045046 0.441711 0.490790
1179 1171 0.001438 0.053478 0.480225 0.533583
1180 1172 0.000941 0.050040 0.519043 0.576714
1181 1173 0.001235 0.067812 0.559082 0.621202
1182 1174 0.000000 0.069791 0.599243 0.665826
1183 1175 0.001085 0.068094 0.636597 0.707330
1184 1176 0.000721 0.077394 0.677490 0.752767
1185 1177 0.000000 0.074648 0.712036 0.791151
1186 1178 0.000655 0.078298 0.745972 0.828857
1187 1179 0.000000 0.071437 0.775818 0.862020
1188 1180 0.000605 0.068956 0.807312 0.897013
1189 1181 0.000000 0.061611 0.834473 0.927192
1190 1182 0.000803 0.061578 0.859924 0.955471
1191 1183 0.000000 0.064447 0.881775 0.979750
1192 1184 0.000000 0.056812 0.896240 0.995822
1193 1185 0.000540 0.062830 0.904480 1.004978
1194 1186 0.000763 0.062329 0.904907 1.005453
1195 1187 0.000768 0.064131 0.899292 0.999213
1196 1188 0.000000 0.067994 0.882935 0.981038
1197 1189 0.000803 0.068752 0.860474 0.956082
1198 1190 0.000000 0.067305 0.829224 0.921360
1199 1191 0.000616 0.080380 0.792053 0.880059
1200 1192 0.000000 0.082219 0.746765 0.829739
