10 4 0.001691 0.264021 5.942072 8.488675
11 5 0.002392 0.259290 5.925187 8.464553
12 6 0.002184 0.259680 5.912507 8.446439
13 7 0.002490 0.265761 5.897423 8.424891
14 8 0.002238 0.252232 5.884325 8.406178
15 9 0.002490 0.313507 5.863842 8.376917
16 10 0.002490 0.285773 5.847431 8.353473
17 11 0.002674 0.340733 5.830839 8.329770
18 12 0.001953 0.335573 5.811782 8.302546
19 13 0.002290 0.377393 5.791670 8.273814
20 14 0.001691 0.383129 5.769816 8.242595
21 15 0.001827 0.377461 5.754942 8.221346
22 16 0.002629 0.380781 5.739300 8.198999
23 17 0.002290 0.374434 5.726730 8.181044
24 18 0.002930 0.368439 5.726645 8.180921
25 19 0.002537 0.338016 5.734276 8.191823
26 20 0.003088 0.344543 5.746651 8.209501
27 21 0.004257 0.313669 5.771729 8.245326
28 22 0.003010 0.340376 5.806116 8.294452
29 23 0.002805 0.287620 5.846607 8.352296
30 24 0.003453 0.292718 5.878820 8.398314
31 25 0.004085 0.289384 5.915756 8.451080
32 26 0.003453 0.273732 5.966167 8.523096
33 27 0.002392 0.274545 6.016157 8.594510
34 28 0.003088 0.263424 6.068308 8.669011
35 29 0.003127 0.271956 6.128084 8.754406
36 30 0.003164 0.289008 6.199537 8.856482
37 31 0.002762 0.272701 6.276730 8.966757
38 32 0.002584 0.333227 6.353567 9.076525
39 33 0.003275 0.331937 6.430542 9.186488
40 34 0.003845 0.362136 6.507404 9.296292
41 35 0.003453 0.405321 6.584080 9.405828
42 36 0.003312 0.412889 6.655212 9.507446
43 37 0.003010 0.437656 6.720028 9.600039
44 38 0.003088 0.419571 6.777168 9.681669
45 39 0.002441 0.435768 6.834732 9.763903
46 40 0.002072 0.419404 6.898533 9.855047
47 41 0.001953 0.402271 6.972702 9.961003
48 42 0.001827 0.400384 7.065277 10.093253
49 43 0.001544 0.396440 7.174587 10.249411
50 44 0.001544 0.398671 7.294418 10.420598
51 45 0.001761 0.380582 7.427776 10.611109
52 46 0.001544 0.393302 7.563736 10.805337
53 47 0.000977 0.381306 7.701542 11.002203
54 48 0.000488 0.394708 7.838531 11.197902
55 49 0.000691 0.375572 7.970646 11.386637
56 50 0.000846 0.351109 8.106277 11.580397
57 51 0.001092 0.359760 8.235905 11.765578
58 52 0.001827 0.319018 8.368160 11.954515
59 53 0.001544 0.311189 8.490734 12.129621
60 54 0.002128 0.265039 8.612720 12.303886
61 55 0.001891 0.261723 8.739315 12.484735
62 56 0.002762 0.247553 8.864479 12.663542
63 57 0.003164 0.224246 8.991798 12.845427
64 58 0.002719 0.206024 9.112633 13.018046
65 59 0.002762 0.183398 9.246895 13.209849
66 60 0.002584 0.170807 9.375038 13.392912
67 61 0.003088 0.167362 9.499374 13.570535
68 62 0.002930 0.166501 9.619774 13.742534
69 63 0.001691 0.232007 9.727692 13.896703
70 64 0.001827 0.241598 9.835815 14.051165
71 65 0.002342 0.262631 9.928185 14.183121
72 66 0.002889 0.267051 10.018150 14.311644
73 67 0.002719 0.250452 10.109108 14.441583
74 68 0.001953 0.234527 10.196892 14.566988
75 69 0.002629 0.171063 10.292427 14.703467
76 70 0.002970 0.156254 10.386772 14.838246
77 71 0.002128 0.149178 10.477814 14.968306
78 72 0.001761 0.141500 10.569092 15.098702
79 73 0.000977 0.135261 10.653938 15.219912
80 74 0.001196 0.135737 10.747673 15.353819
81 75 0.000977 0.112700 10.835609 15.479442
82 76 0.001381 0.119241 10.924393 15.606276
83 77 0.000977 0.088356 11.014435 15.734907
84 78 0.001544 0.083713 11.108849 15.869783
85 79 0.000846 0.068198 11.201782 16.002546
86 80 0.000691 0.065951 11.284851 16.121216
87 81 0.001292 0.066765 11.367027 16.238611
88 82 0.000977 0.075264 11.437714 16.339590
89 83 0.000977 0.066362 11.511116 16.444452
90 84 0.000488 0.060058 11.574028 16.534327
91 85 0.001761 0.074632 11.638329 16.626184
92 86 0.001196 0.067018 11.702522 16.717890
93 87 0.001619 0.070186 11.766953 16.809933
94 88 0.000977 0.073696 11.837173 16.910248
95 89 0.001619 0.078084 11.901199 17.001713
96 90 0.001619 0.088575 11.963753 17.091076
97 91 0.001691 0.093568 12.021912 17.174160
98 92 0.000691 0.126244 12.084213 17.263163
99 93 0.000846 0.142509 12.144066 17.348665
100 94 0.000691 0.144112 12.197334 17.424763
101 95 0.000691 0.164191 12.257156 17.510223
102 96 0.000977 0.173068 12.315811 17.594015
103 97 0.001196 0.175555 12.378876 17.684109
104 98 0.000846 0.169581 12.431274 17.758963
105 99 0.001292 0.183849 12.487381 17.839115
106 100 0.001092 0.180850 12.546722 17.923889
107 101 0.000977 0.211571 12.607071 18.010101
108 102 0.002290 0.190478 12.659912 18.085588
109 103 0.000691 0.214076 12.713165 18.161665
110 104 0.000000 0.236999 12.771561 18.245087
111 105 0.000000 0.227527 12.820663 18.315233
112 106 0.001092 0.249357 12.872635 18.389479
113 107 0.002184 0.263228 12.926575 18.466536
114 108 0.001196 0.286789 12.979584 18.542263
115 109 0.002762 0.263728 13.031113 18.615875
116 110 0.002184 0.262154 13.079330 18.684757
117 111 0.001891 0.267634 13.130142 18.757345
118 112 0.001691 0.273005 13.186874 18.838392
119 113 0.001092 0.252660 13.231522 18.902174
120 114 0.000691 0.247957 13.287231 18.981760
121 115 0.000488 0.270854 13.338699 19.055285
122 116 0.001292 0.258316 13.393433 19.133474
123 117 0.001196 0.270906 13.450531 19.215044
124 118 0.000846 0.311250 13.498093 19.282990
125 119 0.001381 0.343535 13.551102 19.358717
126 120 0.002238 0.350606 13.601776 19.431108
127 121 0.002342 0.378114 13.650665 19.500950
128 122 0.001953 0.401594 13.700638 19.572340
129 123 0.002290 0.406842 13.752701 19.646715
130 124 0.001092 0.347633 13.801819 19.716885
131 125 0.001381 0.321611 13.845627 19.779467
132 126 0.001381 0.319955 13.901184 19.858835
133 127 0.000846 0.283520 13.956116 19.937307
134 128 0.001196 0.285103 14.003357 20.004795
135 129 0.000977 0.287725 14.055878 20.079824
136 130 0.001196 0.290776 14.087997 20.125711
137 131 0.000846 0.290423 14.143753 20.205362
138 132 0.000488 0.336801 14.164948 20.235640
139 133 0.000691 0.365890 14.194183 20.277405
140 134 0.000691 0.354403 14.225006 20.321438
141 135 0.001092 0.329866 14.243927 20.348467
142 136 0.001465 0.329579 14.275955 20.394222
143 137 0.001292 0.329890 14.288971 20.412815
144 138 0.001381 0.311743 14.334137 20.477339
145 139 0.001691 0.266354 14.341492 20.487844
146 140 0.001196 0.279114 14.356720 20.509600
147 141 0.001381 0.294089 14.373215 20.533163
148 142 0.000977 0.326511 14.391357 20.559082
149 143 0.001381 0.330710 14.404510 20.577871
150 144 0.000977 0.345583 14.400146 20.571638
151 145 0.001465 0.381834 14.418213 20.597446
152 146 0.001292 0.346200 14.430542 20.615061
153 147 0.001196 0.344245 14.435425 20.622036
154 148 0.001381 0.326651 14.442825 20.632608
155 149 0.001292 0.323697 14.442307 20.631866
156 150 0.001827 0.277845 14.441208 20.630297
157 151 0.001381 0.279776 14.441528 20.630754
158 152 0.001292 0.283287 14.432556 20.617937
159 153 0.001196 0.287654 14.430725 20.615322
160 154 0.001381 0.260588 14.419708 20.599583
161 155 0.001691 0.263529 14.420654 20.600935
162 156 0.001827 0.260047 14.428802 20.612576
163 157 0.001619 0.240144 14.437469 20.624956
164 158 0.001827 0.258499 14.453217 20.647451
165 159 0.001827 0.229787 14.462189 20.660269
166 160 0.001196 0.250161 14.502319 20.717600
167 161 0.001619 0.223507 14.511108 20.730154
168 162 0.001292 0.240644 14.537872 20.768389
169 163 0.001465 0.242913 14.577881 20.825544
170 164 0.002072 0.237100 14.614563 20.877947
171 165 0.002184 0.232237 14.675903 20.965576
172 166 0.002072 0.235233 14.717957 21.025652
173 167 0.001953 0.259643 14.808075 21.154392
174 168 0.001465 0.277054 14.859741 21.228201
175 169 0.000977 0.319191 14.916718 21.309597
176 170 0.001465 0.298744 14.993378 21.419111
177 171 0.001691 0.293464 15.054749 21.506784
178 172 0.000488 0.325721 15.127655 21.610935
179 173 0.001381 0.316389 15.179291 21.684702
180 174 0.001381 0.275137 15.266388 21.809126
181 175 0.001092 0.217106 15.331848 21.902639
182 176 0.001196 0.261353 15.394043 21.991489
183 177 0.000846 0.321927 15.457672 22.082388
184 178 0.001544 0.300374 15.519379 22.170542
185 179 0.001465 0.352136 15.590424 22.272034
186 180 0.001196 0.399342 15.653534 22.362192
187 181 0.000000 0.419751 15.729126 22.470181
188 182 0.000846 0.366382 15.794006 22.562866
189 183 0.000977 0.301392 15.857513 22.653591
190 184 0.000691 0.266240 15.921753 22.745361
191 185 0.000488 0.230462 15.985504 22.836435
192 186 0.000691 0.219499 16.035217 22.907454
193 187 0.001381 0.224100 16.077728 22.968184
194 188 0.001544 0.290249 16.111572 23.016531
195 189 0.000846 0.350899 16.145874 23.065535
196 190 0.001196 0.379482 16.168915 23.098450
197 191 0.001544 0.386840 16.179077 23.112967
198 192 0.001381 0.354295 16.194153 23.134504
199 193 0.001292 0.320395 16.205292 23.150417
200 194 0.002128 0.288527 16.229034 23.184336
201 195 0.001544 0.253070 16.245117 23.207310
202 196 0.001381 0.290745 16.259155 23.227365
203 197 0.001196 0.322258 16.276581 23.252258
204 198 0.001465 0.348686 16.287018 23.267168
205 199 0.001196 0.402268 16.311340 23.301914
206 200 0.001092 0.404678 16.315338 23.307627
207 201 0.000691 0.413433 16.319977 23.314253
208 202 0.000691 0.376199 16.335327 23.336182
209 203 0.001196 0.317381 16.336243 23.337490
210 204 0.001691 0.284560 16.342316 23.346165
211 205 0.001544 0.260207 16.332733 23.332476
212 206 0.002537 0.248602 16.333984 23.334263
213 207 0.000977 0.233846 16.327393 23.324846
214 208 0.001092 0.224601 16.313751 23.305359
215 209 0.002537 0.224148 16.313202 23.304575
216 210 0.000691 0.215815 16.283051 23.261501
217 211 0.000977 0.206794 16.269165 23.241665
218 212 0.001092 0.204224 16.255859 23.222656
219 213 0.000691 0.202678 16.257782 23.225403
220 214 0.000488 0.171468 16.255280 23.221828
221 215 0.001544 0.154323 16.243866 23.205523
222 216 0.000691 0.160839 16.252228 23.217468
223 217 0.000691 0.148803 16.239655 23.199507
224 218 0.001691 0.163327 16.226868 23.181240
225 219 0.002184 0.172485 16.208649 23.155212
226 220 0.000691 0.158858 16.190460 23.129229
227 221 0.000691 0.147297 16.175507 23.107866
228 222 0.000691 0.135505 16.160919 23.087027
229 223 0.000977 0.145451 16.167023 23.095747
230 224 0.000488 0.142183 16.163269 23.090384
231 225 0.001381 0.152671 16.160614 23.086592
232 226 0.001465 0.162640 16.158234 23.083191
233 227 0.002072 0.171145 16.148560 23.069370
234 228 0.002184 0.168531 16.161194 23.087420
235 229 0.003876 0.181855 16.148590 23.069414
236 230 0.004085 0.183090 16.141022 23.058603
237 231 0.003876 0.176023 16.130371 23.043386
238 232 0.002847 0.156238 16.120026 23.028608
239 233 0.003164 0.202476 16.123444 23.033491
240 234 0.003049 0.200263 16.106476 23.009251
241 235 0.001292 0.199833 16.103546 23.005066
242 236 0.001092 0.201164 16.094482 22.992117
243 237 0.000977 0.199485 16.091034 22.987192
244 238 0.001381 0.198135 16.078766 22.969666
245 239 0.001196 0.194768 16.065613 22.950876
246 240 0.001953 0.204749 16.056396 22.937710
247 241 0.001691 0.214485 16.034576 22.906538
248 242 0.001953 0.216074 16.039520 22.913601
249 243 0.002719 0.219838 16.037140 22.910200
250 244 0.002441 0.216721 16.041473 22.916391
251 245 0.001292 0.223109 16.035645 22.908064
252 246 0.001196 0.235612 16.028992 22.898560
253 247 0.000846 0.239652 16.041718 22.916739
254 248 0.001827 0.245621 16.034271 22.906101
255 249 0.000000 0.234876 16.025299 22.893284
256 250 0.001196 0.244292 16.015320 22.879028
257 251 0.000846 0.234218 16.014221 22.877459
258 252 0.000488 0.240211 16.019043 22.884348
259 253 0.000488 0.250386 16.010803 22.872576
260 254 0.000691 0.250848 16.001343 22.859060
261 255 0.000846 0.249153 15.997742 22.853916
262 256 0.001544 0.242841 15.989441 22.842058
263 257 0.002013 0.270738 15.990967 22.844238
264 258 0.001544 0.266792 15.987915 22.839878
265 259 0.001953 0.241543 15.985107 22.835867
266 260 0.001619 0.260830 15.983521 22.833601
267 261 0.002584 0.274013 15.984070 22.834385
268 262 0.002013 0.280115 15.987244 22.838919
269 263 0.000977 0.311973 15.982849 22.832642
270 264 0.001196 0.315403 15.977356 22.824795
271 265 0.000846 0.334960 15.973511 22.819302
272 266 0.000691 0.286658 15.978760 22.826799
273 267 0.000691 0.245926 15.974976 22.821394
274 268 0.000977 0.262819 15.975281 22.821829
275 269 0.000488 0.223518 15.971924 22.817034
276 270 0.000488 0.216457 15.965393 22.807705
277 271 0.001092 0.233194 15.978516 22.826450
278 272 0.000691 0.250017 15.975342 22.821917
279 273 0.001691 0.277176 15.975708 22.822439
280 274 0.000977 0.281152 15.976135 22.823050
281 275 0.001761 0.283689 15.970459 22.814941
282 276 0.001544 0.337819 15.984253 22.834646
283 277 0.001619 0.323273 15.973389 22.819126
284 278 0.001544 0.348769 15.972290 22.817556
285 279 0.000488 0.348972 15.970825 22.815464
286 280 0.001544 0.370171 15.969727 22.813894
287 281 0.001544 0.364798 15.980591 22.829416
288 282 0.001092 0.337395 15.973999 22.819998
289 283 0.002392 0.356926 15.972168 22.817383
290 284 0.003127 0.430216 15.971924 22.817034
291 285 0.003588 0.430875 15.966492 22.809275
292 286 0.003588 0.413739 15.974609 22.820871
293 287 0.003521 0.403501 15.969116 22.813023
294 288 0.004026 0.430888 15.969727 22.813894
295 289 0.001953 0.428509 15.974304 22.820435
296 290 0.000977 0.349716 15.978821 22.826887
297 291 0.000000 0.312442 15.990845 22.844065
298 292 0.000691 0.327619 15.983032 22.832903
299 293 0.000488 0.309966 15.988159 22.840227
300 294 0.001196 0.287935 15.983704 22.833862
301 295 0.001092 0.244765 15.990662 22.843801
302 296 0.000488 0.259898 15.994995 22.849993
303 297 0.000977 0.290282 15.991455 22.844936
304 298 0.000000 0.241826 15.996460 22.852085
305 299 0.001381 0.254781 15.994568 22.849382
306 300 0.001092 0.238708 16.010498 22.872141
307 301 0.000691 0.239144 16.007568 22.867954
308 302 0.000000 0.204144 16.008911 22.869873
309 303 0.000488 0.187779 16.011841 22.874058
310 304 0.000488 0.194833 16.009521 22.870745
311 305 0.001292 0.206584 16.021301 22.887573
312 306 0.001465 0.208061 16.018066 22.882952
313 307 0.002072 0.215798 16.016907 22.881296
314 308 0.001619 0.245958 16.014404 22.877720
315 309 0.001953 0.255266 16.006104 22.865862
316 310 0.000977 0.244583 16.008911 22.869873
317 311 0.001465 0.249749 15.993347 22.847639
318 312 0.000846 0.256795 15.992859 22.846941
319 313 0.001292 0.290827 16.013428 22.876326
320 314 0.001092 0.259616 15.962585 22.803694
321 315 0.001196 0.276994 15.962830 22.804043
322 316 0.001691 0.331174 15.951233 22.787476
323 317 0.001544 0.328981 15.949524 22.785034
324 318 0.001619 0.330941 15.936951 22.767073
325 319 0.000691 0.274482 15.902893 22.718418
326 320 0.001092 0.303389 15.943054 22.775791
327 321 0.001196 0.299459 15.945129 22.778757
328 322 0.001827 0.273701 15.951416 22.787737
329 323 0.000846 0.271132 15.946777 22.781111
330 324 0.001465 0.277247 15.953735 22.791050
331 325 0.000691 0.293868 15.960571 22.800816
332 326 0.001092 0.271950 15.955383 22.793406
333 327 0.001691 0.220240 15.958679 22.798113
334 328 0.001196 0.196642 15.953369 22.790527
335 329 0.001092 0.184277 15.960876 22.801252
336 330 0.001196 0.178736 15.960632 22.800903
337 331 0.000691 0.177983 15.959595 22.799421
338 332 0.000488 0.203731 15.968323 22.811890
339 333 0.002342 0.243035 15.962708 22.803867
340 334 0.002290 0.257246 15.973145 22.818777
341 335 0.003010 0.256862 15.970337 22.814768
342 336 0.002490 0.271721 15.970032 22.814331
343 337 0.002805 0.259853 15.960083 22.800119
344 338 0.002072 0.254631 15.956543 22.795061
345 339 0.001196 0.253187 15.958008 22.797153
346 340 0.001544 0.250973 15.945740 22.779629
347 341 0.001196 0.272291 15.943054 22.775791
348 342 0.001196 0.243529 15.933777 22.762539
349 343 0.000846 0.270854 15.936646 22.766636
350 344 0.001381 0.256878 15.936829 22.766897
351 345 0.001196 0.243182 15.929199 22.755999
352 346 0.000691 0.215096 15.928040 22.754343
353 347 0.000846 0.215090 15.919373 22.741961
354 348 0.001381 0.213223 15.913452 22.733503
355 349 0.000846 0.178484 15.919983 22.742832
356 350 0.000846 0.184089 15.915771 22.736816
357 351 0.000488 0.209971 15.915405 22.736294
358 352 0.000691 0.228884 15.915894 22.736990
359 353 0.001196 0.216868 15.924744 22.749634
360 354 0.000977 0.243046 15.929993 22.757132
361 355 0.000691 0.267198 15.929321 22.756174
362 356 0.000691 0.285137 15.927917 22.754168
363 357 0.001092 0.254726 15.933594 22.762278
364 358 0.001092 0.283831 15.938110 22.768728
365 359 0.001196 0.285325 15.940735 22.772478
366 360 0.001196 0.297554 15.943420 22.776316
367 361 0.001196 0.308871 15.939758 22.771084
368 362 0.001292 0.312919 15.938599 22.769426
369 363 0.000488 0.275747 15.939575 22.770823
370 364 0.000846 0.273112 15.937988 22.768555
371 365 0.000488 0.316239 15.938049 22.768642
372 366 0.000000 0.295650 15.938416 22.769165
373 367 0.000488 0.309939 15.936768 22.766811
374 368 0.000488 0.316443 15.945251 22.778931
375 369 0.001292 0.378605 15.943176 22.775967
376 370 0.001092 0.380274 15.939636 22.770908
377 371 0.001381 0.357237 15.936035 22.765764
378 372 0.000846 0.371103 15.938782 22.769688
379 373 0.000691 0.345587 15.938721 22.769602
380 374 0.000977 0.323528 15.929810 22.756870
381 375 0.001544 0.292056 15.919373 22.741961
382 376 0.001381 0.288891 15.912903 22.732718
383 377 0.000977 0.246883 15.903564 22.719378
384 378 0.001691 0.221567 15.893860 22.705515
385 379 0.001691 0.219863 15.889648 22.699497
386 380 0.001761 0.212023 15.888611 22.698015
387 381 0.000691 0.228739 15.893188 22.704556
388 382 0.001761 0.201025 15.894348 22.706211
389 383 0.002184 0.212729 15.892700 22.703857
390 384 0.001691 0.208213 15.891602 22.702288
391 385 0.002847 0.205359 15.888306 22.697580
392 386 0.002128 0.206066 15.891174 22.701677
393 387 0.003312 0.198556 15.889160 22.698801
394 388 0.003453 0.219604 15.888916 22.698452
395 389 0.001827 0.210391 15.892212 22.703159
396 390 0.002490 0.223539 15.893066 22.704380
397 391 0.001292 0.224878 15.896057 22.708652
398 392 0.002013 0.230774 15.895813 22.708303
399 393 0.001196 0.202323 15.895447 22.707781
400 394 0.000691 0.214128 15.898987 22.712839
401 395 0.001092 0.242590 15.899048 22.712925
402 396 0.000977 0.259379 15.898499 22.712141
403 397 0.001092 0.282046 15.907349 22.724783
404 398 0.000000 0.267741 15.906677 22.723825
405 399 0.000691 0.271160 15.911987 22.731411
406 400 0.000488 0.255859 15.915771 22.736816
407 401 0.000846 0.223184 15.918762 22.741089
408 402 0.000000 0.224785 15.924805 22.749722
409 403 0.001092 0.232448 15.922607 22.746582
410 404 0.000977 0.244486 15.922058 22.745798
411 405 0.000977 0.247523 15.915710 22.736729
412 406 0.001544 0.231984 15.916809 22.738298
413 407 0.000977 0.245293 15.915955 22.737078
414 408 0.001292 0.240416 15.908142 22.725918
415 409 0.001092 0.231269 15.902588 22.717983
416 410 0.000977 0.251293 15.890808 22.701155
417 411 0.000000 0.238756 15.890442 22.700632
418 412 0.000846 0.252198 15.876587 22.680838
419 413 0.000691 0.269815 15.868347 22.669067
420 414 0.000846 0.268190 15.858704 22.655291
421 415 0.001292 0.267746 15.844360 22.634800
422 416 0.000846 0.273888 15.836731 22.623901
423 417 0.000691 0.277315 15.820923 22.601318
424 418 0.001196 0.257798 15.812256 22.588938
425 419 0.001544 0.246499 15.805359 22.579084
426 420 0.001465 0.241438 15.797119 22.567312
427 421 0.001691 0.250029 15.799377 22.570539
428 422 0.002128 0.238207 15.799500 22.570713
429 423 0.001381 0.252694 15.805298 22.578997
430 424 0.000846 0.254045 15.806519 22.580740
431 425 0.000977 0.256558 15.808350 22.583357
432 426 0.000846 0.259416 15.820862 22.601231
433 427 0.000691 0.258651 15.822205 22.603149
434 428 0.000488 0.257524 15.829224 22.613176
435 429 0.001196 0.244447 15.828857 22.612654
436 430 0.001381 0.238026 15.839294 22.627563
437 431 0.002072 0.223625 15.853516 22.647879
438 432 0.002184 0.224447 15.860352 22.657644
439 433 0.002013 0.246895 15.869690 22.670986
440 434 0.002392 0.247261 15.879822 22.685459
441 435 0.001196 0.244427 15.902222 22.717459
442 436 0.001292 0.269058 15.914551 22.735073
443 437 0.001381 0.277222 15.919434 22.742048
444 438 0.001381 0.254978 15.925598 22.750854
445 439 0.001196 0.237668 15.932251 22.760359
446 440 0.000977 0.244230 15.950562 22.786516
447 441 0.001827 0.256403 15.949585 22.785122
448 442 0.001196 0.252737 15.956116 22.794451
449 443 0.001465 0.290291 15.963501 22.805002
450 444 0.001691 0.287918 15.974121 22.820173
451 445 0.001691 0.260747 15.989868 22.842669
452 446 0.002184 0.241312 15.985107 22.835867
453 447 0.002184 0.225559 15.993896 22.848423
454 448 0.001891 0.208526 15.988647 22.840925
455 449 0.001691 0.224540 15.973633 22.819475
456 450 0.002128 0.230225 15.967529 22.810757
457 451 0.002072 0.228060 15.951416 22.787737
458 452 0.002290 0.229366 15.940552 22.772217
459 453 0.001691 0.250186 15.919800 22.742571
460 454 0.001691 0.237837 15.908691 22.726702
461 455 0.000691 0.239406 15.926514 22.752163
462 456 0.000691 0.218597 15.875244 22.678921
463 457 0.000691 0.220699 15.854858 22.649797
464 458 0.000000 0.232505 15.824829 22.606899
465 459 0.001092 0.236452 15.808350 22.583357
466 460 0.000488 0.236627 15.780762 22.543945
467 461 0.000977 0.252438 15.731689 22.473843
468 462 0.000846 0.224947 15.738770 22.483957
469 463 0.000691 0.203650 15.710327 22.443325
470 464 0.000977 0.195570 15.708740 22.441057
471 465 0.000691 0.202498 15.681641 22.402344
472 466 0.000691 0.197123 15.665039 22.378628
473 467 0.000488 0.200778 15.649414 22.356306
474 468 0.001196 0.217447 15.626221 22.323172
475 469 0.000691 0.235782 15.619263 22.313232
476 470 0.000691 0.247050 15.604004 22.291433
477 471 0.000000 0.253357 15.600952 22.287075
478 472 0.001092 0.230962 15.600586 22.286551
479 473 0.000977 0.235121 15.585083 22.264404
480 474 0.001544 0.232528 15.578735 22.255337
481 475 0.001196 0.211677 15.576172 22.251675
482 476 0.000977 0.223710 15.569946 22.242781
483 477 0.001196 0.246403 15.569702 22.242432
484 478 0.000846 0.268597 15.550415 22.214878
485 479 0.000691 0.256248 15.562988 22.232840
486 480 0.000691 0.265538 15.573608 22.248013
487 481 0.001381 0.261716 15.572754 22.246792
488 482 0.000488 0.260938 15.571533 22.245047
489 483 0.001196 0.268558 15.568726 22.241037
490 484 0.000691 0.271443 15.587036 22.267195
491 485 0.001381 0.287161 15.589966 22.271379
492 486 0.001292 0.262539 15.599731 22.285330
493 487 0.001827 0.260983 15.606079 22.294399
494 488 0.001544 0.257370 15.609497 22.299282
495 489 0.000977 0.262787 15.625000 22.321428
496 490 0.001465 0.254439 15.625610 22.322300
497 491 0.001761 0.277239 15.633179 22.333113
498 492 0.001092 0.280107 15.631348 22.330496
499 493 0.001092 0.288892 15.645142 22.350203
500 494 0.000977 0.318381 15.646851 22.352644
501 495 0.000691 0.318433 15.638916 22.341309
502 496 0.000977 0.348533 15.640625 22.343750
503 497 0.001196 0.321157 15.635742 22.336775
504 498 0.000000 0.338285 15.639038 22.341482
505 499 0.001381 0.336520 15.630615 22.329451
506 500 0.000488 0.301415 15.636475 22.337820
507 501 0.000488 0.283903 15.640503 22.343576
508 502 0.000691 0.268235 15.643921 22.348459
509 503 0.000691 0.261578 15.649292 22.356131
510 504 0.001619 0.248093 15.652710 22.361013
511 505 0.000977 0.241249 15.655273 22.364676
512 506 0.000488 0.253581 15.654419 22.363455
513 507 0.000691 0.229704 15.651978 22.359968
514 508 0.000846 0.233429 15.653076 22.361538
515 509 0.000488 0.273532 15.645996 22.351423
516 510 0.000977 0.303305 15.636230 22.337473
517 511 0.000977 0.360163 15.626099 22.322998
518 512 0.001465 0.388181 15.618896 22.312710
519 513 0.001196 0.502742 15.610718 22.301025
520 514 0.001827 0.523467 15.595337 22.279053
521 515 0.001827 0.485403 15.581665 22.259521
522 516 0.001381 0.485577 15.568604 22.240862
523 517 0.001544 0.413366 15.556641 22.223772
524 518 0.000000 0.397762 15.540649 22.200928
525 519 0.000488 0.352429 15.522705 22.175293
526 520 0.001381 0.323510 15.504639 22.149485
527 521 0.000846 0.324434 15.486328 22.123325
528 522 0.000488 0.302004 15.470337 22.100481
529 523 0.000691 0.307580 15.451416 22.073452
530 524 0.001465 0.309521 15.427368 22.039097
531 525 0.001092 0.290704 15.407349 22.010498
532 526 0.000000 0.269744 15.381226 21.973179
533 527 0.000691 0.284753 15.368774 21.955393
534 528 0.001196 0.297359 15.352173 21.931675
535 529 0.000977 0.302356 15.336792 21.909702
536 530 0.001761 0.335632 15.328003 21.897146
537 531 0.001465 0.360138 15.319092 21.884417
538 532 0.000846 0.383675 15.314453 21.877790
539 533 0.000000 0.393306 15.302246 21.860352
540 534 0.000977 0.399897 15.291138 21.844482
541 535 0.000977 0.420406 15.280884 21.829834
542 536 0.001827 0.383583 15.277466 21.824951
543 537 0.002930 0.413810 15.275391 21.821987
544 538 0.001619 0.401160 15.270996 21.815708
545 539 0.002290 0.403574 15.262451 21.803501
546 540 0.001465 0.392507 15.254028 21.791470
547 541 0.001619 0.374997 15.248901 21.784145
548 542 0.000691 0.393167 15.237183 21.767405
549 543 0.002290 0.342645 15.225464 21.750662
550 544 0.002238 0.344515 15.225830 21.751186
551 545 0.002238 0.332270 15.222168 21.745955
552 546 0.002441 0.337398 15.230957 21.758511
553 547 0.001827 0.316655 15.229126 21.755894
554 548 0.001381 0.301369 15.222534 21.746477
555 549 0.000977 0.297805 15.218750 21.741072
556 550 0.001292 0.292644 15.208374 21.726248
557 551 0.000691 0.286262 15.217285 21.738979
558 552 0.002072 0.286300 15.204346 21.720493
559 553 0.001619 0.337184 15.207764 21.725376
560 554 0.002342 0.330519 15.221313 21.744734
561 555 0.002013 0.340380 15.223267 21.747524
562 556 0.001619 0.418945 15.233154 21.761648
563 557 0.001691 0.470000 15.220825 21.744036
564 558 0.001465 0.427713 15.223999 21.748569
565 559 0.000691 0.406130 15.219727 21.742466
566 560 0.000846 0.408534 15.213501 21.733572
567 561 0.000691 0.393251 15.213135 21.733049
568 562 0.000000 0.334927 15.212402 21.732004
569 563 0.000846 0.313323 15.217773 21.739676
570 564 0.000977 0.324225 15.213135 21.733049
571 565 0.001381 0.311397 15.223633 21.748047
572 566 0.000977 0.315384 15.233887 21.762695
573 567 0.001465 0.330177 15.244019 21.777170
574 568 0.002290 0.317235 15.252197 21.788853
575 569 0.002184 0.282110 15.262329 21.803328
576 570 0.001827 0.305904 15.281738 21.831055
577 571 0.002072 0.318086 15.289917 21.842739
578 572 0.001196 0.321504 15.298706 21.855295
579 573 0.000977 0.359692 15.310913 21.872732
580 574 0.000000 0.387668 15.321045 21.887207
581 575 0.001381 0.434805 15.340820 21.915457
582 576 0.001381 0.406732 15.350830 21.929758
583 577 0.001953 0.377788 15.360962 21.944231
584 578 0.002072 0.372801 15.371216 21.958879
585 579 0.002184 0.305559 15.378052 21.968645
586 580 0.003239 0.249658 15.391479 21.987827
587 581 0.003010 0.203161 15.393066 21.990095
588 582 0.003239 0.209291 15.405640 22.008057
589 583 0.003049 0.186029 15.415527 22.022182
590 584 0.002847 0.184255 15.419556 22.027937
591 585 0.002537 0.215777 15.434570 22.049387
592 586 0.002290 0.229453 15.444946 22.064209
593 587 0.002392 0.270670 15.463013 22.090017
594 588 0.002290 0.286360 15.474243 22.106062
595 589 0.001691 0.301953 15.486938 22.124197
596 590 0.001691 0.362062 15.576172 22.251675
597 591 0.002072 0.291753 15.535767 22.193953
598 592 0.002674 0.264026 15.559814 22.228306
599 593 0.001292 0.248990 15.575684 22.250977
600 594 0.001381 0.262444 15.615967 22.308523
601 595 0.001381 0.283462 15.639282 22.341831
602 596 0.001092 0.243260 15.589844 22.271206
603 597 0.001292 0.269980 15.672119 22.388742
604 598 0.000691 0.299414 15.698120 22.425886
605 599 0.000691 0.282067 15.716675 22.452393
606 600 0.001196 0.269810 15.721680 22.459543
607 601 0.001953 0.282222 15.752563 22.503662
608 602 0.002072 0.263792 15.772339 22.531912
609 603 0.001544 0.259273 15.781982 22.545689
610 604 0.001196 0.280277 15.798828 22.569754
611 605 0.001196 0.296743 15.816040 22.594343
612 606 0.000977 0.293780 15.829224 22.613176
613 607 0.001292 0.292872 15.836914 22.624163
614 608 0.001196 0.335372 15.854492 22.649275
615 609 0.000691 0.350724 15.875244 22.678921
616 610 0.000691 0.379231 15.880615 22.686594
617 611 0.000691 0.351909 15.899536 22.713623
618 612 0.000691 0.357675 15.916016 22.737165
619 613 0.000691 0.361249 15.924805 22.749722
620 614 0.000691 0.325489 15.946533 22.780762
621 615 0.000691 0.385040 15.965088 22.807268
622 616 0.001381 0.357848 15.981323 22.830462
623 617 0.001196 0.374930 15.992554 22.846506
624 618 0.000488 0.343618 16.020264 22.886091
625 619 0.000488 0.310504 16.041138 22.915911
626 620 0.000488 0.313315 16.056274 22.937534
627 621 0.000488 0.308658 16.075195 22.964565
628 622 0.000000 0.343484 16.095459 22.993513
629 623 0.001196 0.342068 16.126953 23.038504
630 624 0.001544 0.356568 16.143555 23.062222
631 625 0.001953 0.404167 16.170654 23.100935
632 626 0.000691 0.418752 16.189819 23.128313
633 627 0.001691 0.378035 16.202637 23.146624
634 628 0.001953 0.366493 16.244995 23.207136
635 629 0.002290 0.355710 16.243652 23.205217
636 630 0.002392 0.327325 16.260254 23.228933
637 631 0.002128 0.293801 16.281006 23.258579
638 632 0.002584 0.308415 16.298340 23.283342
639 633 0.000846 0.329787 16.336060 23.337229
640 634 0.000488 0.326008 16.335693 23.336704
641 635 0.000691 0.397435 16.370605 23.386580
642 636 0.001691 0.396009 16.385254 23.407505
643 637 0.001619 0.367814 16.390381 23.414829
644 638 0.001381 0.343898 16.400024 23.428606
645 639 0.000691 0.331289 16.392944 23.418491
646 640 0.000691 0.274372 16.391724 23.416748
647 641 0.000977 0.232736 16.392090 23.417271
648 642 0.000846 0.246844 16.389526 23.413609
649 643 0.001092 0.272482 16.392822 23.418318
650 644 0.000977 0.262433 16.393921 23.419888
651 645 0.000000 0.247234 16.388550 23.412214
652 646 0.000691 0.254783 16.380859 23.401228
653 647 0.000846 0.281031 16.381104 23.401577
654 648 0.000977 0.275072 16.380371 23.400530
655 649 0.000691 0.265932 16.375610 23.393728
656 650 0.001953 0.265102 16.374878 23.392683
657 651 0.002441 0.259088 16.370850 23.386929
658 652 0.001691 0.281431 16.376343 23.394775
659 653 0.002072 0.250394 16.371216 23.387451
660 654 0.001092 0.209899 16.372314 23.389021
661 655 0.001465 0.203323 16.371948 23.388498
662 656 0.001827 0.209112 16.363770 23.376814
663 657 0.002584 0.210654 16.369873 23.385532
664 658 0.002342 0.237842 16.370117 23.385881
665 659 0.001381 0.234746 16.369019 23.384312
666 660 0.000977 0.273518 16.360107 23.371582
667 661 0.000977 0.301684 16.351196 23.358852
668 662 0.000488 0.307957 16.359619 23.370884
669 663 0.000977 0.341334 16.356445 23.366350
670 664 0.001953 0.321650 16.352539 23.360769
671 665 0.000846 0.366703 16.354858 23.364084
672 666 0.001544 0.360154 16.351562 23.359375
673 667 0.001092 0.354069 16.356323 23.366177
674 668 0.000846 0.321172 16.340576 23.343679
675 669 0.000691 0.279962 16.326416 23.323452
676 670 0.000488 0.286883 16.311401 23.302002
677 671 0.001544 0.247014 16.290039 23.271484
678 672 0.001196 0.217620 16.276123 23.251604
679 673 0.000000 0.199960 16.256226 23.223179
680 674 0.000000 0.213430 16.240845 23.201206
681 675 0.000488 0.194519 16.225464 23.179234
682 676 0.000000 0.194842 16.217651 23.168074
683 677 0.001465 0.206759 16.208862 23.155518
684 678 0.000846 0.233756 16.203857 23.148367
685 679 0.001827 0.226190 16.193237 23.133196
686 680 0.001691 0.204570 16.191162 23.130232
687 681 0.000977 0.218786 16.197510 23.139299
688 682 0.000691 0.211779 16.190796 23.129709
689 683 0.000977 0.214707 16.191772 23.131104
690 684 0.000691 0.251145 16.189209 23.127441
691 685 0.000000 0.272063 16.183472 23.119246
692 686 0.000846 0.293600 16.180176 23.114536
693 687 0.000488 0.321894 16.167847 23.096924
694 688 0.000691 0.349794 16.156982 23.081404
695 689 0.000000 0.359339 16.138550 23.055071
696 690 0.000691 0.328108 16.112793 23.018276
697 691 0.001092 0.342240 16.099609 22.999441
698 692 0.001292 0.345063 16.075562 22.965088
699 693 0.000846 0.354847 16.055176 22.935965
700 694 0.000977 0.344641 16.042725 22.918179
701 695 0.001691 0.356154 16.031006 22.901438
702 696 0.000846 0.352562 16.030762 22.901089
703 697 0.000691 0.328705 16.023804 22.891148
704 698 0.001092 0.360204 16.020142 22.885916
705 699 0.000977 0.359545 16.015747 22.879639
706 700 0.001381 0.387749 16.010010 22.871443
707 701 0.001891 0.388062 16.010498 22.872141
708 702 0.002342 0.420734 16.002563 22.860806
709 703 0.001761 0.463773 15.992188 22.845982
710 704 0.001465 0.433092 15.979126 22.827322
711 705 0.001827 0.439014 15.971436 22.816336
712 706 0.001381 0.419546 15.959106 22.798723
713 707 0.001092 0.410005 15.938354 22.769077
714 708 0.000000 0.333974 15.921021 22.744314
715 709 0.000691 0.286629 15.903809 22.719727
716 710 0.000846 0.298355 15.891968 22.702810
717 711 0.000488 0.275496 15.864258 22.663225
718 712 0.000691 0.275559 15.839478 22.627825
719 713 0.001691 0.255476 15.819580 22.599400
720 714 0.000977 0.298802 15.792114 22.560163
721 715 0.000977 0.342436 15.773315 22.533308
722 716 0.001465 0.325925 15.743774 22.491106
723 717 0.001544 0.320373 15.722046 22.460066
724 718 0.001544 0.323913 15.698975 22.427107
725 719 0.000000 0.320709 15.662720 22.375315
726 720 0.000000 0.314098 15.636108 22.337297
727 721 0.000000 0.240873 15.605103 22.293003
728 722 0.000846 0.237192 15.574951 22.249929
729 723 0.000977 0.267425 15.541016 22.201450
730 724 0.000846 0.266851 15.506104 22.151577
731 725 0.002013 0.258344 15.476807 22.109724
732 726 0.002441 0.258473 15.447510 22.067871
733 727 0.002072 0.285521 15.406494 22.009277
734 728 0.001761 0.289319 15.364014 21.948591
735 729 0.001544 0.289040 15.338745 21.912493
736 730 0.002238 0.268876 15.309937 21.871338
737 731 0.002184 0.292315 15.286133 21.837332
738 732 0.001465 0.296856 15.251099 21.787283
739 733 0.002847 0.292557 15.225586 21.750837
740 734 0.003845 0.296792 15.213257 21.733225
741 735 0.002805 0.251518 15.188477 21.697824
742 736 0.001827 0.278456 15.164429 21.663469
743 737 0.001827 0.295989 15.140137 21.628767
744 738 0.002072 0.270934 15.120728 21.601040
745 739 0.001092 0.290678 15.105103 21.578718
746 740 0.000488 0.284627 15.075195 21.535994
747 741 0.001292 0.306189 15.049316 21.499023
748 742 0.001381 0.307555 15.025269 21.464670
749 743 0.001619 0.280635 15.001587 21.430838
750 744 0.002490 0.292477 14.982544 21.403635
751 745 0.001827 0.286533 14.955322 21.364746
752 746 0.001891 0.270723 14.934692 21.335276
753 747 0.002490 0.262200 14.904175 21.291677
754 748 0.002674 0.272666 14.870728 21.243896
755 749 0.002441 0.268245 14.846802 21.209717
756 750 0.001761 0.272597 14.811279 21.158970
757 751 0.001619 0.266318 14.780518 21.115025
758 752 0.001953 0.270827 14.747314 21.067593
759 753 0.001196 0.250855 14.722778 21.032541
760 754 0.001465 0.200894 14.697510 20.996443
761 755 0.000691 0.208833 14.659912 20.942732
762 756 0.000691 0.202151 14.629150 20.898787
763 757 0.000846 0.212086 14.597534 20.853621
764 758 0.000977 0.202260 14.575439 20.822056
765 759 0.001092 0.231069 14.555054 20.792934
766 760 0.001196 0.252177 14.534302 20.763288
767 761 0.001381 0.244815 14.517334 20.739048
768 762 0.001292 0.237771 14.498047 20.711496
769 763 0.001544 0.227952 14.494507 20.706438
770 764 0.001691 0.221768 14.479858 20.685513
771 765 0.001544 0.205850 14.460815 20.658308
772 766 0.000977 0.197386 14.446777 20.638254
773 767 0.000691 0.191692 14.426025 20.608608
774 768 0.000691 0.203494 14.420532 20.600760
775 769 0.000488 0.221387 14.390991 20.558559
776 770 0.000691 0.289377 14.366943 20.524204
777 771 0.000488 0.313878 14.343506 20.490723
778 772 0.000977 0.342276 14.315186 20.450266
779 773 0.001953 0.358158 14.294189 20.420271
780 774 0.002013 0.345753 14.258301 20.369001
781 775 0.002013 0.305892 14.233154 20.333078
782 776 0.001891 0.267356 14.206299 20.294712
783 777 0.001761 0.233945 14.171753 20.245361
784 778 0.001381 0.189618 14.147949 20.211355
785 779 0.001196 0.163615 14.116821 20.166887
786 780 0.001827 0.169122 14.087646 20.125210
787 781 0.002290 0.166128 14.048950 20.069929
788 782 0.002128 0.164026 14.017090 20.024414
789 783 0.001691 0.184583 13.985352 19.979074
790 784 0.002072 0.188810 13.945435 19.922049
791 785 0.000977 0.194885 13.907959 19.868513
792 786 0.000977 0.180873 13.870117 19.814453
793 787 0.001381 0.180671 13.843628 19.776611
794 788 0.001691 0.186695 13.804077 19.720110
795 789 0.001465 0.159869 13.775146 19.678782
796 790 0.001827 0.163952 13.743530 19.633615
797 791 0.000691 0.135344 13.702148 19.574497
798 792 0.001292 0.145277 13.676514 19.537876
799 793 0.000846 0.168631 13.640015 19.485735
800 794 0.000488 0.135797 13.608765 19.441092
801 795 0.000691 0.133887 13.575928 19.394182
802 796 0.001381 0.160978 13.540039 19.342913
803 797 0.000488 0.200076 13.518799 19.312571
804 798 0.003521 0.205077 13.472656 19.246653
805 799 0.000846 0.201066 13.433105 19.190151
806 800 0.001196 0.232836 13.395386 19.136265
807 801 0.000977 0.234335 13.365845 19.094065
808 802 0.000000 0.204991 13.341919 19.059885
809 803 0.001292 0.217771 13.316895 19.024136
810 804 0.003312 0.216767 13.307007 19.010010
811 805 0.000691 0.197563 13.291382 18.987688
812 806 0.000691 0.193222 13.276855 18.966936
813 807 0.001196 0.213700 13.259888 18.942698
814 808 0.000691 0.235827 13.252197 18.931711
815 809 0.000691 0.202853 13.225830 18.894043
816 810 0.000691 0.195228 13.199097 18.855852
817 811 0.000000 0.189152 13.186523 18.837891
818 812 0.000000 0.172027 13.173340 18.819057
819 813 0.000488 0.152145 13.155884 18.794119
820 814 0.001691 0.132739 13.128052 18.754360
821 815 0.001381 0.128275 13.112671 18.732388
822 816 0.000846 0.135287 13.095825 18.708323
823 817 0.001092 0.123123 13.071777 18.673967
824 818 0.000488 0.129663 13.050049 18.642927
825 819 0.001196 0.121950 13.022583 18.603689
826 820 0.000691 0.123060 13.002808 18.575439
827 821 0.000000 0.130382 12.997192 18.567417
828 822 0.000691 0.133031 12.972168 18.531668
829 823 0.000846 0.147047 12.942505 18.489292
830 824 0.000488 0.141550 12.925049 18.464355
831 825 0.000691 0.146091 12.902466 18.432095
832 826 0.000691 0.135774 12.873657 18.390940
833 827 0.000691 0.164665 12.836426 18.337751
834 828 0.000846 0.143795 12.824951 18.321360
835 829 0.000000 0.160596 12.810425 18.300608
836 830 0.000846 0.174448 12.785400 18.264858
837 831 0.000691 0.209955 12.769409 18.242014
838 832 0.000977 0.207881 12.753662 18.219517
839 833 0.001292 0.186933 12.739624 18.199463
840 834 0.001196 0.206860 12.708984 18.155691
841 835 0.001465 0.186607 12.684082 18.120117
842 836 0.001092 0.169921 12.666748 18.095354
843 837 0.000691 0.156429 12.616089 18.022984
844 838 0.000977 0.149129 12.575439 17.964914
845 839 0.001092 0.159501 12.515747 17.879639
846 840 0.000488 0.135931 12.465820 17.808315
847 841 0.000846 0.128776 12.403931 17.719900
848 842 0.001544 0.145705 12.324097 17.605852
849 843 0.001196 0.154602 12.271729 17.531040
850 844 0.001465 0.138886 12.198608 17.426584
851 845 0.001092 0.203060 12.152466 17.360666
852 846 0.001691 0.224453 12.083496 17.262136
853 847 0.001292 0.230014 12.028076 17.182966
854 848 0.001196 0.222330 11.978516 17.112165
855 849 0.001381 0.187143 11.920410 17.029158
856 850 0.001381 0.205453 11.882080 16.974400
857 851 0.001196 0.137290 11.826904 16.895578
858 852 0.000977 0.137001 11.788818 16.841169
859 853 0.000691 0.132112 11.740479 16.772112
860 854 0.000691 0.096923 11.682373 16.689104
861 855 0.000691 0.092568 11.629639 16.613770
862 856 0.000000 0.097836 11.557861 16.511230
863 857 0.000000 0.092751 11.477539 16.396484
864 858 0.000977 0.100047 11.390381 16.271973
865 859 0.000691 0.094046 11.302002 16.145718
866 860 0.000691 0.110802 11.214600 16.020857
867 861 0.000000 0.099476 11.128662 15.898088
868 862 0.000691 0.092981 11.040771 15.772531
869 863 0.000691 0.105599 10.956543 15.652205
870 864 0.000846 0.098863 10.874023 15.534319
871 865 0.000691 0.094217 10.788086 15.411551
872 866 0.000000 0.097797 10.694580 15.277971
873 867 0.001196 0.090201 10.591064 15.130092
874 868 0.000977 0.096213 10.489014 14.984305
875 869 0.001196 0.089547 10.386230 14.837472
876 870 0.001292 0.080701 10.279541 14.685059
877 871 0.001381 0.080344 10.170898 14.529855
878 872 0.001619 0.074654 10.069092 14.384417
879 873 0.001292 0.074187 9.958496 14.226423
880 874 0.001092 0.076514 9.869141 14.098772
881 875 0.001196 0.079384 9.784180 13.977400
882 876 0.001196 0.068045 9.676270 13.823242
883 877 0.001544 0.066141 9.607422 13.724889
884 878 0.000846 0.078411 9.540039 13.628627
885 879 0.000977 0.073953 9.465576 13.522252
886 880 0.001196 0.078361 9.408936 13.441337
887 881 0.000846 0.099516 9.317139 13.310198
888 882 0.002072 0.092464 9.300537 13.286482
889 883 0.000000 0.089156 9.261963 13.231376
890 884 0.001619 0.097221 9.187988 13.125697
891 885 0.001381 0.091398 9.193115 13.133021
892 886 0.001381 0.095579 9.174072 13.105818
893 887 0.002629 0.096471 9.140381 13.057687
894 888 0.000977 0.091682 9.127441 13.039202
895 889 0.002184 0.130287 9.055176 12.935966
896 890 0.000977 0.097577 9.097168 12.995955
897 891 0.002290 0.101383 9.094482 12.992118
898 892 0.001691 0.148667 9.020996 12.887137
899 893 0.000846 0.106099 9.075439 12.964913
900 894 0.001691 0.104303 9.063721 12.948173
901 895 0.002128 0.101357 9.053955 12.934221
902 896 0.002013 0.089676 9.040283 12.914690
903 897 0.000691 0.148860 8.958984 12.798549
904 898 0.001827 0.089410 9.019043 12.884347
905 899 0.001196 0.083955 9.012939 12.875628
906 900 0.001544 0.104223 8.942383 12.774833
907 901 0.000977 0.085589 9.002686 12.860979
908 902 0.001196 0.075867 8.992676 12.846680
909 903 0.000977 0.083376 9.000000 12.857142
910 904 0.001092 0.079693 8.991211 12.844587
911 905 0.002238 0.099956 8.919922 12.742745
912 906 0.001827 0.071518 8.980957 12.829939
913 907 0.001827 0.065238 8.967041 12.810059
914 908 0.001619 0.075543 8.915283 12.736119
915 909 0.002674 0.050512 8.965332 12.807617
916 910 0.001891 0.047942 8.958740 12.798201
917 911 0.001196 0.052389 8.966553 12.809361
918 912 0.000846 0.055732 8.961670 12.802385
919 913 0.001092 0.063860 8.966797 12.809710
920 914 0.001619 0.068994 8.971191 12.815988
921 915 0.001196 0.066371 8.969727 12.813895
922 916 0.002013 0.123506 8.930908 12.758440
923 917 0.002290 0.065254 8.980225 12.828893
924 918 0.002238 0.077381 8.986084 12.837263
925 919 0.002184 0.121018 8.955566 12.793666
926 920 0.001827 0.067844 9.000977 12.858538
927 921 0.002013 0.070282 9.006348 12.866211
928 922 0.002342 0.087042 9.027100 12.895857
929 923 0.001761 0.078882 9.039551 12.913644
930 924 0.001891 0.136188 9.023926 12.891322
931 925 0.001544 0.077982 9.073486 12.962123
932 926 0.001381 0.059951 9.091553 12.987932
933 927 0.001092 0.121315 9.081055 12.972936
934 928 0.000846 0.047673 9.118896 13.026995
935 929 0.000691 0.054437 9.126953 13.038505
936 930 0.001292 0.045950 9.148438 13.069197
937 931 0.000977 0.055730 9.150635 13.072335
938 932 0.000977 0.080412 9.149414 13.070592
939 933 0.001381 0.078074 9.167236 13.096052
940 934 0.001092 0.096521 9.167236 13.096052
941 935 0.001381 0.170139 9.160156 13.085938
942 936 0.001381 0.148662 9.174805 13.106864
943 937 0.001292 0.150031 9.174316 13.106166
944 938 0.001827 0.214618 9.179932 13.114188
945 939 0.001381 0.168441 9.184082 13.120117
946 940 0.001691 0.166181 9.179688 13.113839
947 941 0.001761 0.170890 9.190186 13.128837
948 942 0.000977 0.162845 9.174561 13.106515
949 943 0.001196 0.196930 9.179199 13.113142
950 944 0.000691 0.154506 9.162598 13.089425
951 945 0.001381 0.186041 9.150879 13.072684
952 946 0.000691 0.214599 9.167969 13.097098
953 947 0.001196 0.213290 9.150146 13.071638
954 948 0.001092 0.225393 9.151855 13.074080
955 949 0.001619 0.232858 9.167725 13.096749
956 950 0.001381 0.246934 9.174805 13.106864
957 951 0.000691 0.195099 9.222656 13.175223
958 952 0.001196 0.186492 9.211670 13.159529
959 953 0.001196 0.168487 9.227539 13.182199
960 954 0.001544 0.143123 9.281982 13.259974
961 955 0.001544 0.176263 9.272949 13.247070
962 956 0.001381 0.188562 9.299072 13.284389
963 957 0.001092 0.214118 9.324951 13.321359
964 958 0.000977 0.223569 9.353516 13.362165
965 959 0.001619 0.245100 9.390625 13.415178
966 960 0.002392 0.285413 9.424561 13.463658
967 961 0.002490 0.265085 9.459473 13.513533
968 962 0.001827 0.238491 9.525879 13.608398
969 963 0.002238 0.275798 9.531494 13.616420
970 964 0.001827 0.289400 9.575195 13.678850
971 965 0.001381 0.281388 9.634521 13.763602
972 966 0.000846 0.291084 9.644531 13.777902
973 967 0.001196 0.290455 9.691650 13.845215
974 968 0.001619 0.299173 9.720703 13.886719
975 969 0.001292 0.277994 9.767822 13.954032
976 970 0.001381 0.256635 9.813477 14.019252
977 971 0.001381 0.231036 9.850830 14.072615
978 972 0.001196 0.202898 9.897705 14.139579
979 973 0.000977 0.196928 9.952881 14.218401
980 974 0.000977 0.228655 9.979980 14.257115
981 975 0.000000 0.230013 10.036865 14.338379
982 976 0.000488 0.223988 10.084961 14.407087
983 977 0.000846 0.240312 10.115967 14.451381
984 978 0.000977 0.250060 10.155762 14.508231
985 979 0.000977 0.239905 10.175781 14.536830
986 980 0.000691 0.197674 10.205811 14.579729
987 981 0.000977 0.179714 10.214844 14.592634
988 982 0.000691 0.145786 10.222900 14.604143
989 983 0.000691 0.129894 10.231201 14.616002
990 984 0.000000 0.118388 10.230957 14.615653
991 985 0.000691 0.107333 10.239502 14.627860
992 986 0.000691 0.115159 10.243652 14.633789
993 987 0.000000 0.104074 10.248291 14.640416
994 988 0.000488 0.108785 10.253418 14.647740
995 989 0.000846 0.113994 10.257812 14.654017
996 990 0.000488 0.116683 10.269775 14.671107
997 991 0.000691 0.129129 10.273926 14.677037
998 992 0.000488 0.129168 10.279053 14.684361
999 993 0.000488 0.129821 10.282227 14.688895
1000 994 0.000691 0.134961 10.282471 14.689244
1001 995 0.000977 0.132742 10.283691 14.690988
1002 996 0.001092 0.129091 10.268555 14.669364
1003 997 0.000691 0.126216 10.249512 14.642159
1004 998 0.000691 0.122519 10.220459 14.600656
1005 999 0.001196 0.115714 10.183105 14.547294
1006 1000 0.001092 0.112955 10.148682 14.498116
1007 1001 0.000846 0.120070 10.104980 14.435686
1008 1002 0.001196 0.110210 10.066406 14.380580
1009 1003 0.001092 0.099416 10.025635 14.322335
1010 1004 0.001292 0.090870 9.990723 14.272461
1011 1005 0.000977 0.092321 9.941406 14.202009
1012 1006 0.001092 0.082381 9.893555 14.133650
1013 1007 0.000977 0.068907 9.830811 14.044015
1014 1008 0.000691 0.085275 9.759521 13.942174
1015 1009 0.001196 0.094873 9.700928 13.858468
1016 1010 0.001691 0.104036 9.614502 13.735003
1017 1011 0.001891 0.109562 9.556885 13.652693
1018 1012 0.001465 0.111209 9.464111 13.520159
1019 1013 0.001544 0.145428 9.372559 13.389369
1020 1014 0.001292 0.124188 9.319336 13.313337
1021 1015 0.000977 0.139144 9.211426 13.159180
1022 1016 0.001092 0.160431 9.122314 13.031878
1023 1017 0.000977 0.144752 9.061035 12.944336
1024 1018 0.001196 0.174201 8.971924 12.817034
1025 1019 0.001953 0.125600 8.973145 12.818778
1026 1020 0.002072 0.138713 8.896484 12.709264
1027 1021 0.001292 0.153077 8.850098 12.642997
1028 1022 0.002072 0.127313 8.895508 12.707869
1029 1023 0.002013 0.143828 8.820801 12.601144
1030 1024 0.001691 0.151115 8.812744 12.589635
1031 1025 0.001381 0.168234 8.819824 12.599749
1032 1026 0.001827 0.227797 8.784912 12.549874
1033 1027 0.001953 0.235362 8.873291 12.676130
1034 1028 0.001761 0.241366 8.767578 12.525111
1035 1029 0.001196 0.260971 8.731689 12.473842
1036 1030 0.001619 0.268077 8.816895 12.595564
1037 1031 0.002184 0.261364 8.693848 12.419783
1038 1032 0.001619 0.223296 8.658447 12.369210
1039 1033 0.002290 0.226338 8.647217 12.353167
1040 1034 0.001827 0.206204 8.624023 12.320033
1041 1035 0.002930 0.180602 8.740967 12.487096
1042 1036 0.002290 0.187569 8.599609 12.285156
1043 1037 0.002537 0.197469 8.582031 12.260045
1044 1038 0.003010 0.160514 8.694336 12.420480
1045 1039 0.002342 0.214883 8.559082 12.227260
1046 1040 0.001827 0.257337 8.548340 12.211914
1047 1041 0.001619 0.233281 8.530273 12.186105
1048 1042 0.001691 0.245898 8.531006 12.187151
1049 1043 0.002128 0.163232 8.640137 12.343053
1050 1044 0.001827 0.264276 8.518555 12.169364
1051 1045 0.002290 0.256493 8.531494 12.187849
1052 1046 0.003049 0.128400 8.635742 12.336775
1053 1047 0.003010 0.256643 8.541748 12.202497
1054 1048 0.002889 0.196578 8.561768 12.231096
1055 1049 0.001544 0.198869 8.554199 12.220284
1056 1050 0.002290 0.175844 8.578369 12.254813
1057 1051 0.002537 0.208297 8.591064 12.272949
1058 1052 0.001891 0.211837 8.607910 12.297014
1059 1053 0.002184 0.239087 8.618896 12.312709
1060 1054 0.002342 0.136056 8.715332 12.450475
1061 1055 0.003275 0.242405 8.633789 12.333984
1062 1056 0.003239 0.271221 8.646729 12.352469
1063 1057 0.000488 0.167969 8.743652 12.490932
1064 1058 0.001196 0.251470 8.681885 12.402693
1065 1059 0.003049 0.256744 8.701172 12.430245
1066 1060 0.002392 0.267393 8.702637 12.432338
1067 1061 0.001953 0.253907 8.734619 12.478027
1068 1062 0.001761 0.160878 8.816895 12.595564
1069 1063 0.002762 0.234044 8.757324 12.510463
1070 1064 0.002805 0.278564 8.767822 12.525460
1071 1065 0.001619 0.193770 8.834229 12.620326
1072 1066 0.001691 0.302107 8.788574 12.555106
1073 1067 0.002238 0.319683 8.820312 12.600447
1074 1068 0.002184 0.342211 8.823975 12.605678
1075 1069 0.001691 0.344662 8.859863 12.656947
1076 1070 0.001827 0.281187 8.925293 12.750419
1077 1071 0.001827 0.352014 8.927490 12.753557
1078 1072 0.001292 0.346463 8.983887 12.834124
1079 1073 0.001465 0.321774 9.046143 12.923060
1080 1074 0.001544 0.355581 9.066650 12.952357
1081 1075 0.001619 0.344448 9.118652 13.026647
1082 1076 0.001953 0.370577 9.147949 13.068499
1083 1077 0.001761 0.326583 9.218750 13.169642
1084 1078 0.002290 0.325645 9.256348 13.223353
1085 1079 0.002392 0.297058 9.300049 13.285784
1086 1080 0.002013 0.302951 9.350830 13.358329
1087 1081 0.001953 0.290609 9.402344 13.431920
1088 1082 0.002013 0.274241 9.465088 13.521554
1089 1083 0.001827 0.300858 9.505615 13.579451
1090 1084 0.002184 0.292047 9.558838 13.655482
1091 1085 0.001827 0.339512 9.604492 13.720703
1092 1086 0.001544 0.313064 9.666260 13.808943
1093 1087 0.001196 0.340199 9.727783 13.896833
1094 1088 0.001196 0.337357 9.784668 13.978097
1095 1089 0.001196 0.344946 9.824951 14.035645
1096 1090 0.001092 0.332926 9.891357 14.130510
1097 1091 0.000977 0.289694 9.956055 14.222936
1098 1092 0.001292 0.275599 10.039795 14.342565
1099 1093 0.001292 0.311760 10.053223 14.361747
1100 1094 0.001292 0.329801 10.102051 14.431501
