10 4 0.000691 0.120444 5.618905 8.027007
11 5 0.001196 0.086606 5.583404 7.976292
12 6 0.000691 0.090848 5.601402 8.002003
13 7 0.000977 0.075019 5.548025 7.925749
14 8 0.000000 0.087898 5.528181 7.897401
15 9 0.001092 0.106199 5.507288 7.867554
16 10 0.000691 0.121071 5.481200 7.830286
17 11 0.000488 0.116597 5.459005 7.798579
18 12 0.000000 0.118415 5.405334 7.721906
19 13 0.000691 0.100212 5.413120 7.733029
20 14 0.000846 0.082568 5.395196 7.707423
21 15 0.000691 0.057366 5.374254 7.677506
22 16 0.000977 0.041994 5.350734 7.643905
23 17 0.000977 0.036157 5.324092 7.605845
24 18 0.001544 0.032411 5.296238 7.566054
25 19 0.000691 0.022671 5.267506 7.525008
26 20 0.000977 0.020940 5.232391 7.474845
27 21 0.001292 0.027757 5.202658 7.432368
28 22 0.000691 0.020996 5.148710 7.355300
29 23 0.000846 0.041832 5.098669 7.283813
30 24 0.000000 0.040354 5.043915 7.205593
31 25 0.000691 0.038708 4.977617 7.110882
32 26 0.000846 0.038342 4.913475 7.019250
33 27 0.000691 0.046168 4.841061 6.915801
34 28 0.001196 0.039805 4.786409 6.837728
35 29 0.000977 0.037237 4.729172 6.755960
36 30 0.000691 0.037371 4.675226 6.678895
37 31 0.000000 0.039108 4.622955 6.604222
38 32 0.000691 0.033037 4.568174 6.525963
39 33 0.000691 0.031100 4.511061 6.444373
40 34 0.000488 0.020348 4.481134 6.401620
41 35 0.000000 0.019997 4.404802 6.292575
42 36 0.000488 0.029879 4.337837 6.196910
43 37 0.000691 0.017569 4.281811 6.116872
44 38 0.000000 0.021690 4.220654 6.029505
45 39 0.000691 0.027084 4.155422 5.936317
46 40 0.000846 0.055036 4.066174 5.808819
47 41 0.000977 0.049149 4.013168 5.733098
48 42 0.000977 0.038513 3.957130 5.653043
49 43 0.001953 0.030684 3.918629 5.598041
50 44 0.001827 0.042476 3.847553 5.496505
51 45 0.000977 0.036557 3.783691 5.405273
52 46 0.000977 0.045807 3.715733 5.308189
53 47 0.000691 0.034300 3.646809 5.209727
54 48 0.001465 0.052015 3.557590 5.082272
55 49 0.000488 0.054892 3.434601 4.906573
56 50 0.000691 0.034653 3.336246 4.766067
57 51 0.000691 0.042609 3.220417 4.600596
58 52 0.000691 0.053808 3.099300 4.427572
59 53 0.000691 0.073059 2.970074 4.242962
60 54 0.000000 0.058076 2.843681 4.062402
61 55 0.001092 0.054656 2.714138 3.877340
62 56 0.000000 0.074022 2.579033 3.684333
63 57 0.000691 0.056725 2.458912 3.512731
64 58 0.000691 0.063022 2.306488 3.294983
65 59 0.000000 0.038007 2.166107 3.094439
66 60 0.000488 0.044175 2.020203 2.886004
67 61 0.000488 0.053460 1.890465 2.700664
68 62 0.001092 0.036026 1.779613 2.542305
69 63 0.000691 0.053736 1.676121 2.394458
70 64 0.000691 0.043863 1.622570 2.317957
71 65 0.001619 0.043806 1.590473 2.272105
72 66 0.000846 0.052535 1.556358 2.223369
73 67 0.001092 0.049717 1.540382 2.200546
74 68 0.000846 0.049489 1.534630 2.192328
75 69 0.000977 0.037025 1.514339 2.163342
76 70 0.000691 0.040049 1.505501 2.150715
77 71 0.000691 0.051509 1.488327 2.126181
78 72 0.000846 0.025621 1.501759 2.145369
79 73 0.000977 0.022733 1.507671 2.153816
80 74 0.001381 0.027288 1.515888 2.165555
81 75 0.001196 0.027996 1.532864 2.189805
82 76 0.001196 0.034374 1.544991 2.207129
83 77 0.001465 0.028997 1.562534 2.232192
84 78 0.001465 0.029847 1.574623 2.249462
85 79 0.001465 0.031618 1.589653 2.270933
86 80 0.001196 0.039233 1.613552 2.305074
87 81 0.001891 0.027904 1.657894 2.368420
88 82 0.001619 0.024661 1.700485 2.429265
89 83 0.001465 0.022528 1.759747 2.513924
90 84 0.001196 0.027134 1.835121 2.621602
91 85 0.001544 0.021072 1.922104 2.745863
92 86 0.001544 0.047047 2.023354 2.890505
93 87 0.001465 0.070774 2.121914 3.031306
94 88 0.001953 0.095355 2.227859 3.182657
95 89 0.003383 0.125765 2.329113 3.327304
96 90 0.002805 0.128732 2.425743 3.465347
97 91 0.002342 0.117326 2.523670 3.605243
98 92 0.002674 0.125097 2.598019 3.711455
99 93 0.002490 0.124359 2.672882 3.818403
100 94 0.002238 0.106365 2.752533 3.932190
101 95 0.001196 0.120017 2.831371 4.044816
102 96 0.000977 0.118244 2.918552 4.169361
103 97 0.002392 0.106144 2.976837 4.252625
104 98 0.001761 0.092361 3.047417 4.353452
105 99 0.001381 0.073968 3.126560 4.466515
106 100 0.001196 0.080890 3.203823 4.576890
107 101 0.001544 0.055981 3.275410 4.679157
108 102 0.002342 0.059308 3.332115 4.760165
109 103 0.001619 0.057911 3.422226 4.888894
110 104 0.001292 0.067615 3.489941 4.985630
111 105 0.001544 0.078364 3.556965 5.081378
112 106 0.001619 0.097353 3.621849 5.174070
113 107 0.000691 0.091298 3.683533 5.262189
114 108 0.000977 0.095290 3.755215 5.364593
115 109 0.001381 0.123014 3.812088 5.445840
116 110 0.000691 0.128237 3.892532 5.560760
117 111 0.000488 0.108606 3.959885 5.656978
118 112 0.000488 0.115495 4.020332 5.743332
119 113 0.000488 0.118230 4.078079 5.825828
120 114 0.000000 0.107404 4.127129 5.895898
121 115 0.001381 0.097195 4.185982 5.979974
122 116 0.001381 0.085755 4.242630 6.060900
123 117 0.000691 0.081725 4.293884 6.134120
124 118 0.001381 0.072829 4.338257 6.197510
125 119 0.000000 0.076605 4.368225 6.240322
126 120 0.000977 0.090215 4.394791 6.278272
127 121 0.000977 0.090124 4.410912 6.301302
128 122 0.000846 0.114880 4.402985 6.289978
129 123 0.000691 0.108217 4.407692 6.296703
130 124 0.001761 0.099351 4.411682 6.302403
131 125 0.000488 0.085589 4.409096 6.298708
132 126 0.000846 0.092697 4.413597 6.305139
133 127 0.000000 0.097039 4.414658 6.306653
134 128 0.000691 0.064774 4.425209 6.321727
135 129 0.000977 0.083594 4.417686 6.310981
136 130 0.001465 0.095434 4.414024 6.305749
137 131 0.000691 0.102126 4.424736 6.321052
138 132 0.000691 0.083221 4.430710 6.329586
139 133 0.000977 0.071765 4.434258 6.334653
140 134 0.000977 0.074157 4.432816 6.332593
141 135 0.001292 0.080465 4.440689 6.343842
142 136 0.000846 0.068492 4.449127 6.355896
143 137 0.000000 0.073013 4.462837 6.375482
144 138 0.000488 0.067088 4.468056 6.382937
145 139 0.000977 0.089099 4.483444 6.404920
146 140 0.000691 0.082397 4.499069 6.427242
147 141 0.000977 0.080839 4.511803 6.445432
148 142 0.001092 0.088350 4.530701 6.472430
149 143 0.001292 0.088858 4.548851 6.498359
150 144 0.001381 0.094028 4.578331 6.540473
151 145 0.000000 0.070403 4.600044 6.571492
152 146 0.000691 0.062098 4.625198 6.607426
153 147 0.000977 0.063214 4.656685 6.652407
154 148 0.001196 0.055983 4.687683 6.696690
155 149 0.001196 0.052841 4.731995 6.759992
156 150 0.000846 0.051833 4.737495 6.767850
157 151 0.001465 0.072445 4.754013 6.791447
158 152 0.001465 0.064759 4.782860 6.832657
159 153 0.000977 0.075692 4.817474 6.882106
160 154 0.001381 0.071511 4.823448 6.890640
161 155 0.000691 0.054628 4.833878 6.905540
162 156 0.000691 0.065592 4.876373 6.966248
163 157 0.001953 0.070520 4.907578 7.010825
164 158 0.001381 0.054209 4.920715 7.029593
165 159 0.001827 0.048293 4.931419 7.044885
166 160 0.000977 0.057827 4.927238 7.038912
167 161 0.000977 0.059241 4.905914 7.008449
168 162 0.001292 0.055119 4.878128 6.968754
169 163 0.000488 0.073169 4.826942 6.895632
170 164 0.000977 0.074392 4.785568 6.836526
171 165 0.001196 0.061702 4.741638 6.773769
172 166 0.000977 0.056487 4.703873 6.719818
173 167 0.001761 0.054916 4.667053 6.667219
174 168 0.002342 0.063961 4.627975 6.611393
175 169 0.001196 0.050956 4.591995 6.559993
176 170 0.000977 0.068999 4.540527 6.486468
177 171 0.000977 0.067118 4.470085 6.385836
178 172 0.000977 0.062165 4.420204 6.314578
179 173 0.001953 0.066549 4.350868 6.215526
180 174 0.001381 0.066882 4.285583 6.122262
181 175 0.000977 0.063104 4.230072 6.042960
182 176 0.001092 0.060550 4.176994 5.967135
183 177 0.000846 0.061007 4.126328 5.894753
184 178 0.001196 0.067088 4.071236 5.816051
185 179 0.001092 0.062326 4.021324 5.744749
186 180 0.001381 0.058665 3.966599 5.666569
187 181 0.000691 0.057347 3.922401 5.603431
188 182 0.000977 0.047852 3.835129 5.478755
189 183 0.001092 0.043308 3.785706 5.408151
190 184 0.000846 0.037256 3.725311 5.321873
191 185 0.001092 0.030024 3.673988 5.248555
192 186 0.000846 0.041938 3.618240 5.168915
193 187 0.001691 0.047731 3.541046 5.058637
194 188 0.000000 0.040677 3.507820 5.011172
195 189 0.000691 0.048003 3.441277 4.916110
196 190 0.000000 0.047514 3.395775 4.851107
197 191 0.000488 0.051194 3.349571 4.785102
198 192 0.000488 0.050871 3.323006 4.747151
199 193 0.001092 0.047080 3.310989 4.729985
200 194 0.000691 0.038132 3.308945 4.727064
201 195 0.000000 0.035917 3.315536 4.736481
202 196 0.000691 0.024641 3.332375 4.760535
203 197 0.000691 0.046854 3.345871 4.779816
204 198 0.000977 0.045125 3.364380 4.806257
205 199 0.002537 0.025312 3.405975 4.865679
206 200 0.001465 0.030857 3.428421 4.897744
207 201 0.001891 0.043430 3.452179 4.931684
208 202 0.002342 0.043963 3.500961 5.001373
209 203 0.002184 0.035467 3.529251 5.041787
210 204 0.002184 0.030546 3.584961 5.121373
211 205 0.001292 0.053874 3.614502 5.163574
212 206 0.000977 0.051206 3.673004 5.247149
213 207 0.000691 0.056373 3.734009 5.334298
214 208 0.000691 0.065160 3.784317 5.406167
215 209 0.000000 0.035840 3.872360 5.531943
216 210 0.001196 0.039477 3.944168 5.634526
217 211 0.001196 0.052019 4.031235 5.758907
218 212 0.001691 0.057654 4.119629 5.885184
219 213 0.001953 0.070192 4.212082 6.017260
220 214 0.003347 0.087503 4.302826 6.146894
221 215 0.001381 0.101941 4.381592 6.259417
222 216 0.001292 0.119336 4.463303 6.376147
223 217 0.001761 0.112023 4.532120 6.474457
224 218 0.001381 0.112401 4.589386 6.556266
225 219 0.001092 0.102552 4.627670 6.610958
226 220 0.002889 0.069607 4.658829 6.655469
227 221 0.001381 0.050433 4.682281 6.688973
228 222 0.001196 0.033856 4.669876 6.671252
229 223 0.000977 0.030680 4.655777 6.651110
230 224 0.000977 0.030751 4.627609 6.610870
231 225 0.000846 0.036610 4.609238 6.584625
232 226 0.001292 0.060774 4.548035 6.497192
233 227 0.000691 0.072743 4.505081 6.435830
234 228 0.000846 0.069638 4.472992 6.389988
235 229 0.000488 0.083644 4.414032 6.305760
236 230 0.000488 0.082662 4.385590 6.265128
237 231 0.000000 0.090489 4.300156 6.143079
238 232 0.000977 0.074927 4.253250 6.076072
239 233 0.000691 0.067075 4.190247 5.986066
240 234 0.000977 0.073956 4.115295 5.878994
241 235 0.000691 0.069686 4.065140 5.807343
242 236 0.000846 0.079381 3.987259 5.696084
243 237 0.000977 0.050063 3.949356 5.641937
244 238 0.001544 0.058180 3.889557 5.556510
245 239 0.000977 0.065136 3.833099 5.475856
246 240 0.000846 0.068202 3.776398 5.394854
247 241 0.001196 0.053639 3.721710 5.316729
248 242 0.000691 0.049564 3.665268 5.236097
249 243 0.000691 0.028004 3.618378 5.169111
250 244 0.001196 0.022154 3.580017 5.114310
251 245 0.000846 0.029037 3.541245 5.058921
252 246 0.000691 0.028952 3.515030 5.021472
253 247 0.000691 0.021744 3.491028 4.987183
254 248 0.000846 0.009860 3.465897 4.951281
255 249 0.000691 0.031272 3.457581 4.939401
256 250 0.000488 0.041092 3.447342 4.924774
257 251 0.000488 0.047398 3.447144 4.924491
258 252 0.000488 0.059379 3.455841 4.936916
259 253 0.001196 0.060818 3.482208 4.974583
260 254 0.001381 0.066500 3.530441 5.043488
261 255 0.001465 0.061722 3.576691 5.109558
262 256 0.001292 0.077569 3.638489 5.197841
263 257 0.001196 0.076688 3.691681 5.273830
264 258 0.001381 0.082816 3.749252 5.356075
265 259 0.000488 0.088804 3.803513 5.433589
266 260 0.001953 0.095000 3.868790 5.526843
267 261 0.001381 0.092713 3.938675 5.626678
268 262 0.000846 0.095710 4.014633 5.735190
269 263 0.000691 0.108066 4.106125 5.865893
270 264 0.000977 0.104523 4.193375 5.990535
271 265 0.000691 0.108056 4.279633 6.113761
272 266 0.001292 0.096085 4.351639 6.216627
273 267 0.001092 0.083116 4.424805 6.321149
274 268 0.001381 0.070210 4.499512 6.427874
275 269 0.000691 0.062335 4.572891 6.532702
276 270 0.000977 0.075450 4.647598 6.639426
277 271 0.001381 0.091067 4.742233 6.774619
278 272 0.001691 0.090192 4.800247 6.857496
279 273 0.001092 0.087830 4.886887 6.981266
280 274 0.001196 0.094554 4.964432 7.092045
281 275 0.001292 0.094475 5.019226 7.170323
282 276 0.001292 0.103239 5.077209 7.253156
283 277 0.000691 0.078581 5.103958 7.291369
284 278 0.001196 0.090273 5.189911 7.414158
285 279 0.000977 0.092302 5.205887 7.436981
286 280 0.000691 0.086242 5.238297 7.483281
287 281 0.000977 0.073670 5.288269 7.554670
288 282 0.000691 0.061701 5.326263 7.608948
289 283 0.001092 0.062765 5.362808 7.661155
290 284 0.001544 0.048658 5.372528 7.675040
291 285 0.001381 0.033617 5.399521 7.713601
292 286 0.002674 0.021889 5.426010 7.751443
293 287 0.001691 0.038637 5.421463 7.744947
294 288 0.002537 0.037006 5.439606 7.770865
295 289 0.002290 0.026294 5.466324 7.809034
296 290 0.001891 0.022627 5.488098 7.840140
297 291 0.001292 0.023233 5.518768 7.883955
298 292 0.001544 0.029613 5.529495 7.899279
299 293 0.001196 0.037955 5.573334 7.961905
300 294 0.000846 0.038871 5.591919 7.988456
301 295 0.002013 0.054101 5.624619 8.035170
302 296 0.001953 0.034249 5.622620 8.032313
303 297 0.001891 0.034361 5.638855 8.055507
304 298 0.002184 0.046292 5.654602 8.078003
305 299 0.001544 0.048876 5.665237 8.093196
306 300 0.001465 0.055859 5.690811 8.129730
307 301 0.001465 0.067850 5.654327 8.077611
308 302 0.000846 0.065512 5.666626 8.095180
309 303 0.000488 0.080292 5.676773 8.109675
310 304 0.000977 0.077803 5.671631 8.102330
311 305 0.000000 0.092895 5.651306 8.073295
312 306 0.000691 0.084424 5.618423 8.026320
313 307 0.000691 0.085312 5.611755 8.016793
314 308 0.001544 0.090318 5.588608 7.983726
315 309 0.000691 0.083683 5.555618 7.936597
316 310 0.002392 0.092545 5.550781 7.929688
317 311 0.002392 0.082789 5.528854 7.898364
318 312 0.001196 0.092186 5.528015 7.897164
319 313 0.002072 0.105801 5.501709 7.859584
320 314 0.001544 0.077430 5.495224 7.850320
321 315 0.000691 0.079283 5.491714 7.845306
322 316 0.002490 0.077613 5.454422 7.792031
323 317 0.001761 0.093916 5.430222 7.757459
324 318 0.000691 0.120165 5.394363 7.706234
325 319 0.001691 0.129514 5.403992 7.719988
326 320 0.000846 0.153688 5.403214 7.718876
327 321 0.001544 0.180742 5.383957 7.691367
328 322 0.001953 0.176532 5.391678 7.702397
329 323 0.002013 0.169532 5.410721 7.729601
330 324 0.002441 0.149742 5.434875 7.764108
331 325 0.001381 0.159128 5.451187 7.787410
332 326 0.000977 0.160023 5.478729 7.826756
333 327 0.002392 0.158013 5.512558 7.875083
334 328 0.001465 0.160762 5.543549 7.919355
335 329 0.000691 0.161315 5.583130 7.975900
336 330 0.001381 0.174197 5.619980 8.028543
337 331 0.000977 0.161036 5.620407 8.029153
338 332 0.001381 0.144618 5.615921 8.022744
339 333 0.001196 0.148167 5.655197 8.078853
340 334 0.001465 0.142235 5.649643 8.070918
341 335 0.000691 0.147970 5.627533 8.039332
342 336 0.003906 0.151245 5.595932 7.994189
343 337 0.000977 0.136697 5.606400 8.009142
344 338 0.000846 0.137170 5.594437 7.992053
345 339 0.001292 0.133505 5.527649 7.896641
346 340 0.000846 0.111892 5.493607 7.848010
347 341 0.000691 0.106602 5.452789 7.789699
348 342 0.004143 0.104463 5.421005 7.744293
349 343 0.000977 0.085362 5.342804 7.632577
350 344 0.000000 0.073176 5.270462 7.529232
351 345 0.001092 0.061160 5.216293 7.451848
352 346 0.002072 0.052422 5.164597 7.377995
353 347 0.002441 0.043686 5.116348 7.309069
354 348 0.002342 0.064976 5.040771 7.201102
355 349 0.001827 0.061614 4.999313 7.141876
356 350 0.000846 0.066625 4.949844 7.071206
357 351 0.001827 0.044971 4.886642 6.980918
358 352 0.001691 0.042225 4.837387 6.910553
359 353 0.000691 0.050102 4.770096 6.814423
360 354 0.002072 0.039710 4.734726 6.763894
361 355 0.002970 0.023705 4.694717 6.706739
362 356 0.002072 0.009193 4.650391 6.643415
363 357 0.000977 0.012969 4.603180 6.575971
364 358 0.002072 0.039814 4.542023 6.488604
365 359 0.001381 0.031128 4.503128 6.433040
366 360 0.001381 0.031489 4.435638 6.336627
367 361 0.001761 0.052190 4.369110 6.241586
368 362 0.001196 0.064359 4.320190 6.171700
369 363 0.002072 0.075120 4.267303 6.096148
370 364 0.001691 0.083873 4.207397 6.010568
371 365 0.001891 0.081280 4.149475 5.927822
372 366 0.001381 0.096627 4.093170 5.847386
373 367 0.000691 0.093829 4.049530 5.785043
374 368 0.001196 0.078849 4.003937 5.719910
375 369 0.000977 0.079853 3.983704 5.691005
376 370 0.000977 0.093274 3.977112 5.681588
377 371 0.000691 0.074047 3.986786 5.695408
378 372 0.001196 0.060784 4.009705 5.728149
379 373 0.001544 0.062800 4.040649 5.772357
380 374 0.000846 0.069045 4.076599 5.823713
381 375 0.001092 0.057584 4.108978 5.869969
382 376 0.001292 0.049603 4.146484 5.923549
383 377 0.001092 0.035761 4.186066 5.980094
384 378 0.000000 0.023474 4.233307 6.047581
385 379 0.000846 0.021484 4.278259 6.111799
386 380 0.000691 0.027127 4.334686 6.192409
387 381 0.000488 0.023016 4.395844 6.279777
388 382 0.001196 0.015487 4.461761 6.373945
389 383 0.000691 0.032260 4.529938 6.471340
390 384 0.000488 0.023252 4.612885 6.589835
391 385 0.001196 0.022030 4.680420 6.686314
392 386 0.000000 0.020504 4.752808 6.789725
393 387 0.001196 0.026447 4.824677 6.892395
394 388 0.001544 0.028235 4.884918 6.978455
395 389 0.000691 0.021408 4.920990 7.029986
396 390 0.000488 0.011604 4.957611 7.082302
397 391 0.000977 0.014656 5.029663 7.185233
398 392 0.001292 0.007310 5.101227 7.287467
399 393 0.002072 0.016952 5.181763 7.402518
400 394 0.001092 0.015630 5.231567 7.473668
401 395 0.001381 0.020456 5.286926 7.552752
402 396 0.000691 0.036070 5.362457 7.660653
403 397 0.000846 0.046673 5.384583 7.692261
404 398 0.000000 0.057108 5.410095 7.728707
405 399 0.000488 0.062747 5.415222 7.736032
406 400 0.000000 0.054721 5.456848 7.795497
407 401 0.000488 0.060377 5.511810 7.874015
408 402 0.000977 0.050525 5.526703 7.895290
409 403 0.000846 0.041902 5.578369 7.969099
410 404 0.000691 0.031925 5.612885 8.018407
411 405 0.000977 0.034095 5.647888 8.068412
412 406 0.000846 0.037012 5.684662 8.120946
413 407 0.000488 0.035208 5.715057 8.164368
414 408 0.000691 0.038202 5.735779 8.193970
415 409 0.000691 0.045274 5.745514 8.207877
416 410 0.000691 0.063315 5.749298 8.213283
417 411 0.001292 0.076409 5.753082 8.218689
418 412 0.001292 0.053557 5.756989 8.224269
419 413 0.002392 0.057015 5.749664 8.213806
420 414 0.002128 0.031203 5.743195 8.204564
421 415 0.002072 0.036662 5.744568 8.206526
422 416 0.001381 0.027768 5.749695 8.213850
423 417 0.000488 0.020120 5.725159 8.178798
424 418 0.001465 0.014789 5.705017 8.150024
425 419 0.002629 0.029577 5.724274 8.177534
426 420 0.001544 0.065020 5.690094 8.128706
427 421 0.002537 0.038939 5.693207 8.133153
428 422 0.001691 0.080266 5.657501 8.082145
429 423 0.000000 0.078926 5.662231 8.088902
430 424 0.000691 0.097716 5.659393 8.084847
431 425 0.001619 0.130761 5.627747 8.039638
432 426 0.000691 0.052168 5.658966 8.084237
433 427 0.000000 0.062711 5.643250 8.061785
434 428 0.000000 0.053379 5.651825 8.074036
435 429 0.001196 0.049612 5.653015 8.075736
436 430 0.000691 0.056185 5.658630 8.083757
437 431 0.001292 0.055881 5.644989 8.064270
438 432 0.000000 0.039105 5.622040 8.031486
439 433 0.000691 0.046114 5.598755 7.998221
440 434 0.000691 0.040423 5.594299 7.991856
441 435 0.000691 0.042747 5.587311 7.981873
442 436 0.001465 0.048874 5.571442 7.959202
443 437 0.000691 0.052311 5.569519 7.956456
444 438 0.000846 0.051545 5.560516 7.943595
445 439 0.001092 0.045336 5.557373 7.939105
446 440 0.000488 0.056468 5.538269 7.911813
447 441 0.000691 0.061500 5.512817 7.875453
448 442 0.000977 0.060035 5.496124 7.851606
449 443 0.001092 0.063922 5.479858 7.828369
450 444 0.000000 0.065182 5.466125 7.808751
451 445 0.000488 0.061946 5.439880 7.771258
452 446 0.001691 0.057886 5.416534 7.737906
453 447 0.000691 0.054452 5.411072 7.730103
454 448 0.001092 0.060065 5.400482 7.714974
455 449 0.001827 0.062281 5.390900 7.701285
456 450 0.000691 0.057042 5.381683 7.688119
457 451 0.002290 0.059395 5.375122 7.678746
458 452 0.003782 0.056116 5.373932 7.677045
459 453 0.002184 0.046908 5.360504 7.657863
460 454 0.000977 0.056811 5.339325 7.627607
461 455 0.001092 0.058085 5.313110 7.590158
462 456 0.000488 0.054170 5.289612 7.556588
463 457 0.000000 0.057482 5.273163 7.533090
464 458 0.000488 0.061351 5.262299 7.517570
465 459 0.000846 0.058268 5.251709 7.502441
466 460 0.000691 0.051169 5.241180 7.487401
467 461 0.000691 0.052983 5.235046 7.478638
468 462 0.001292 0.053562 5.224915 7.464164
469 463 0.000691 0.044318 5.221588 7.459412
470 464 0.000977 0.051242 5.214417 7.449166
471 465 0.000691 0.057392 5.206696 7.438137
472 466 0.000691 0.052464 5.199280 7.427543
473 467 0.000691 0.041076 5.195892 7.422703
474 468 0.001381 0.048171 5.193359 7.419085
475 469 0.000000 0.049848 5.183624 7.405178
476 470 0.000691 0.041780 5.169312 7.384731
477 471 0.000000 0.024731 5.149475 7.356393
478 472 0.000691 0.018554 5.137756 7.339652
479 473 0.000488 0.034402 5.080383 7.257690
480 474 0.000488 0.021932 5.039825 7.199750
481 475 0.000977 0.027859 4.991943 7.131348
482 476 0.000691 0.023549 4.945679 7.065255
483 477 0.001196 0.045499 4.883759 6.976798
484 478 0.000846 0.042107 4.810028 6.871469
485 479 0.001196 0.026454 4.768188 6.811698
486 480 0.000488 0.027104 4.704010 6.720014
487 481 0.001691 0.035568 4.640167 6.628810
488 482 0.000846 0.031658 4.575531 6.536473
489 483 0.000691 0.019662 4.510803 6.444005
490 484 0.000691 0.026135 4.449127 6.355896
491 485 0.000846 0.031182 4.372955 6.247079
492 486 0.000488 0.046054 4.295105 6.135864
493 487 0.001092 0.054530 4.216736 6.023908
494 488 0.000691 0.043117 4.129700 5.899571
495 489 0.000691 0.045350 4.051208 5.787441
496 490 0.000977 0.029274 3.964508 5.663583
497 491 0.000977 0.023957 3.894318 5.563311
498 492 0.000846 0.017364 3.822479 5.460685
499 493 0.000846 0.017801 3.759094 5.370135
500 494 0.001196 0.009292 3.671356 5.244794
501 495 0.000691 0.021903 3.607574 5.153678
502 496 0.000977 0.021035 3.541718 5.059597
503 497 0.001196 0.030449 3.476288 4.966125
504 498 0.001196 0.026925 3.412903 4.875576
505 499 0.000691 0.031576 3.342102 4.774432
506 500 0.000488 0.040539 3.298248 4.711783
507 501 0.001196 0.049472 3.233215 4.618879
508 502 0.000977 0.053335 3.171783 4.531119
509 503 0.000488 0.058723 3.115784 4.451119
510 504 0.000691 0.049235 3.062347 4.374782
511 505 0.001092 0.048851 3.021271 4.316101
512 506 0.000846 0.037740 2.986633 4.266619
513 507 0.000000 0.033254 2.969421 4.242031
514 508 0.000000 0.033183 2.968170 4.240243
515 509 0.000488 0.023246 2.976471 4.252101
516 510 0.000000 0.019136 2.999512 4.285017
517 511 0.000488 0.025103 3.022949 4.318499
518 512 0.000488 0.017309 3.057648 4.368068
519 513 0.000000 0.024281 3.091888 4.416984
520 514 0.000977 0.020044 3.137299 4.481855
521 515 0.000691 0.020389 3.189789 4.556841
522 516 0.000691 0.023000 3.249084 4.641549
523 517 0.001381 0.019034 3.318695 4.740993
524 518 0.000691 0.022345 3.384460 4.834943
525 519 0.000488 0.019256 3.449066 4.927238
526 520 0.001196 0.029675 3.507477 5.010681
527 521 0.001381 0.027930 3.572815 5.104022
528 522 0.000691 0.023345 3.634949 5.192784
529 523 0.001196 0.023275 3.697235 5.281765
530 524 0.000691 0.027329 3.763824 5.376892
531 525 0.001619 0.025027 3.834869 5.478385
532 526 0.000977 0.035176 3.904053 5.577218
533 527 0.000000 0.025766 3.967285 5.667550
534 528 0.001381 0.036334 4.038971 5.769958
535 529 0.000977 0.035074 4.096130 5.851615
536 530 0.000488 0.040542 4.153931 5.934186
537 531 0.000691 0.026017 4.209686 6.013837
538 532 0.001092 0.027238 4.262573 6.089390
539 533 0.000846 0.026042 4.316071 6.165815
540 534 0.000691 0.032064 4.365204 6.236005
541 535 0.000488 0.031621 4.425171 6.321673
542 536 0.001827 0.019866 4.481781 6.402544
543 537 0.001092 0.024238 4.535553 6.479362
544 538 0.000000 0.030036 4.590576 6.557966
545 539 0.000691 0.017398 4.641968 6.631382
546 540 0.000000 0.007123 4.690460 6.700657
547 541 0.001092 0.005940 4.738586 6.769409
548 542 0.000691 0.007828 4.782990 6.832842
549 543 0.000846 0.006435 4.837158 6.910226
550 544 0.000000 0.010328 4.884125 6.977321
551 545 0.000000 0.010204 4.935089 7.050128
552 546 0.000488 0.010314 4.982819 7.118312
553 547 0.000691 0.023252 5.027710 7.182443
554 548 0.000488 0.014729 5.074768 7.249669
555 549 0.000691 0.002039 5.116058 7.308655
556 550 0.000691 0.033309 5.171204 7.387434
557 551 0.000691 0.024267 5.212799 7.446856
558 552 0.000691 0.024080 5.255035 7.507194
559 553 0.000488 0.035780 5.298950 7.569929
560 554 0.000000 0.035274 5.338745 7.626779
561 555 0.000000 0.039686 5.374908 7.678441
562 556 0.001292 0.037941 5.399506 7.713580
563 557 0.001691 0.046954 5.431335 7.759051
564 558 0.001827 0.043104 5.457275 7.796108
565 559 0.001691 0.038915 5.476990 7.824271
566 560 0.001827 0.045670 5.497742 7.853917
567 561 0.001891 0.027352 5.513733 7.876761
568 562 0.001544 0.041055 5.526031 7.894331
569 563 0.000977 0.047372 5.534851 7.906930
570 564 0.000977 0.050914 5.538727 7.912467
571 565 0.000977 0.046495 5.537659 7.910941
572 566 0.000977 0.038037 5.531616 7.902309
573 567 0.001891 0.055770 5.518860 7.884086
574 568 0.002441 0.071763 5.510193 7.871704
575 569 0.001465 0.048566 5.497406 7.853437
576 570 0.001465 0.048970 5.488159 7.840228
577 571 0.002013 0.057975 5.479889 7.828413
578 572 0.001465 0.061495 5.475494 7.822135
579 573 0.001691 0.056137 5.469116 7.813023
580 574 0.001761 0.068549 5.458221 7.797459
581 575 0.001092 0.051650 5.447754 7.782506
582 576 0.000846 0.041423 5.440491 7.772130
583 577 0.002290 0.040356 5.437378 7.767683
584 578 0.002674 0.039209 5.425018 7.750026
585 579 0.001292 0.027541 5.420990 7.744271
586 580 0.000488 0.021968 5.419678 7.742397
587 581 0.001196 0.039049 5.422852 7.746931
588 582 0.000000 0.052742 5.421173 7.744533
589 583 0.002719 0.078396 5.418365 7.740522
590 584 0.002930 0.090068 5.423187 7.747410
591 585 0.001761 0.101061 5.432281 7.760402
592 586 0.001465 0.111749 5.440247 7.771781
593 587 0.001092 0.116321 5.445770 7.779672
594 588 0.001381 0.133067 5.453857 7.791225
595 589 0.001196 0.138983 5.465973 7.808533
596 590 0.000977 0.160542 5.474396 7.820565
597 591 0.000846 0.157980 5.477142 7.824489
598 592 0.000846 0.153806 5.479950 7.828500
599 593 0.001544 0.171155 5.480652 7.829503
600 594 0.000691 0.164978 5.479828 7.828326
601 595 0.000977 0.144574 5.473511 7.819301
602 596 0.001292 0.130745 5.468475 7.812108
603 597 0.001619 0.111447 5.467255 7.810364
604 598 0.001196 0.096717 5.456818 7.795454
605 599 0.000691 0.065681 5.451447 7.787781
606 600 0.000977 0.037949 5.442932 7.775617
607 601 0.000691 0.027456 5.435120 7.764457
608 602 0.000977 0.023892 5.432007 7.760010
609 603 0.000488 0.025786 5.425232 7.750331
610 604 0.000488 0.025623 5.434723 7.763890
611 605 0.000488 0.030743 5.440826 7.772609
612 606 0.000488 0.037944 5.454254 7.791791
613 607 0.000488 0.046525 5.465851 7.808358
614 608 0.000000 0.043916 5.479889 7.828413
615 609 0.000000 0.041925 5.489014 7.841448
616 610 0.000000 0.030847 5.488098 7.840140
617 611 0.000846 0.039706 5.473846 7.819781
618 612 0.000977 0.037601 5.456421 7.794887
619 613 0.000488 0.035382 5.431274 7.758964
620 614 0.000000 0.050128 5.395935 7.708478
621 615 0.000000 0.070261 5.369476 7.670681
622 616 0.000846 0.052129 5.347778 7.639683
623 617 0.001619 0.076926 5.330658 7.615226
624 618 0.001196 0.073757 5.307404 7.582005
625 619 0.001196 0.095851 5.282196 7.545994
626 620 0.000000 0.072578 5.263367 7.519095
627 621 0.000691 0.071899 5.241180 7.487401
628 622 0.000488 0.103497 5.211639 7.445199
629 623 0.001092 0.054168 5.190643 7.415205
630 624 0.000000 0.077568 5.159058 7.370082
631 625 0.001544 0.063878 5.134460 7.334943
632 626 0.000488 0.061510 5.105499 7.293571
633 627 0.000488 0.064431 5.075867 7.251238
634 628 0.000488 0.048396 5.062683 7.232404
635 629 0.000846 0.042447 5.046631 7.209473
636 630 0.000846 0.024574 5.038513 7.197876
637 631 0.000488 0.020060 5.028107 7.183010
638 632 0.001196 0.019183 5.025970 7.179958
639 633 0.001092 0.018506 5.039642 7.199489
640 634 0.000846 0.039234 5.048096 7.211565
641 635 0.000000 0.026908 5.061401 7.230573
642 636 0.000691 0.044388 5.086090 7.265843
643 637 0.000488 0.037288 5.140564 7.343663
644 638 0.001381 0.031496 5.167877 7.382682
645 639 0.000691 0.072236 5.239044 7.484349
646 640 0.000846 0.049411 5.248444 7.497777
647 641 0.000000 0.039505 5.289001 7.555717
648 642 0.000488 0.033913 5.329987 7.614266
649 643 0.000846 0.057827 5.357147 7.653068
650 644 0.001092 0.048173 5.398560 7.712228
651 645 0.000846 0.107246 5.385406 7.693438
652 646 0.000691 0.083898 5.428253 7.754647
653 647 0.000691 0.062465 5.439911 7.771301
654 648 0.001092 0.064433 5.452118 7.788740
655 649 0.001292 0.059346 5.447815 7.782593
656 650 0.000488 0.052821 5.450165 7.785950
657 651 0.000691 0.057568 5.441071 7.772958
658 652 0.000000 0.051505 5.436951 7.767072
659 653 0.000488 0.063435 5.431610 7.759443
660 654 0.000000 0.077580 5.408325 7.726179
661 655 0.000977 0.090167 5.388550 7.697928
662 656 0.000846 0.103144 5.355408 7.650582
663 657 0.000000 0.079533 5.324310 7.606158
664 658 0.001292 0.075024 5.277985 7.539978
665 659 0.000691 0.072365 5.229584 7.470834
666 660 0.000691 0.069426 5.173462 7.390660
667 661 0.000488 0.061692 5.112335 7.303336
668 662 0.000488 0.066415 5.053650 7.219500
669 663 0.000488 0.091033 4.990448 7.129211
670 664 0.000691 0.080751 4.926849 7.038356
671 665 0.000977 0.069450 4.864349 6.949070
672 666 0.000488 0.060541 4.816772 6.881104
673 667 0.000488 0.064223 4.775482 6.822117
674 668 0.001196 0.049155 4.744019 6.777169
675 669 0.000691 0.039681 4.713654 6.733791
676 670 0.001196 0.057219 4.683746 6.691066
677 671 0.001196 0.055221 4.650543 6.643633
678 672 0.002072 0.069699 4.627319 6.610456
679 673 0.001761 0.067212 4.602783 6.575405
680 674 0.002392 0.071809 4.575867 6.536952
681 675 0.001381 0.057532 4.577332 6.539045
682 676 0.000691 0.060681 4.562256 6.517509
683 677 0.000846 0.070818 4.566650 6.523786
684 678 0.001953 0.079165 4.573425 6.533465
685 679 0.001196 0.080775 4.585632 6.550903
686 680 0.002013 0.075888 4.602356 6.574794
687 681 0.001381 0.065761 4.583435 6.547764
688 682 0.000846 0.055463 4.575134 6.535906
689 683 0.000488 0.041871 4.554138 6.505912
690 684 0.001381 0.038968 4.519470 6.456386
691 685 0.000488 0.019766 4.458923 6.369891
692 686 0.000691 0.029080 4.390015 6.271450
693 687 0.001196 0.033819 4.333862 6.191232
694 688 0.000977 0.033905 4.288940 6.127058
695 689 0.000000 0.046343 4.212158 6.017369
696 690 0.001292 0.037167 4.145630 5.922328
697 691 0.000488 0.045677 4.107300 5.867571
698 692 0.000000 0.050406 4.027649 5.753784
699 693 0.000488 0.053343 3.961975 5.659965
700 694 0.000977 0.047913 3.906616 5.580880
701 695 0.000000 0.046952 3.835144 5.478777
702 696 0.000000 0.038539 3.781494 5.402134
703 697 0.000691 0.062449 3.675537 5.250767
704 698 0.000000 0.057057 3.629822 5.185460
705 699 0.000000 0.054748 3.559937 5.085624
706 700 0.000691 0.079213 3.476807 4.966866
707 701 0.000488 0.053006 3.427612 4.896589
708 702 0.000000 0.071631 3.344482 4.777832
709 703 0.000000 0.050053 3.300537 4.715053
710 704 0.000488 0.044337 3.224426 4.606323
711 705 0.000488 0.049076 3.156372 4.509103
712 706 0.000488 0.048045 3.091675 4.416678
713 707 0.000846 0.051747 3.017029 4.310041
714 708 0.000846 0.052857 2.948914 4.212734
715 709 0.000000 0.056495 2.876709 4.109584
716 710 0.000488 0.051043 2.816040 4.022914
717 711 0.000691 0.037403 2.753052 3.932931
718 712 0.000691 0.056335 2.666138 3.808768
719 713 0.000691 0.049904 2.592102 3.703003
720 714 0.000000 0.052270 2.513794 3.591134
721 715 0.000488 0.056840 2.431458 3.473511
722 716 0.000691 0.051264 2.360107 3.371582
723 717 0.000000 0.067212 2.278503 3.255005
724 718 0.000000 0.045294 2.214539 3.163626
725 719 0.001092 0.065739 2.145813 3.065447
726 720 0.000000 0.054124 2.078857 2.969796
727 721 0.000000 0.039344 2.018921 2.884173
728 722 0.000691 0.053019 1.947571 2.782244
729 723 0.000691 0.040467 1.890930 2.701329
730 724 0.000488 0.040671 1.843567 2.633667
731 725 0.001196 0.033179 1.803284 2.576120
732 726 0.000846 0.039674 1.772217 2.531738
733 727 0.000846 0.031682 1.746399 2.494856
734 728 0.000846 0.024048 1.729065 2.470093
735 729 0.000846 0.020368 1.713745 2.448207
736 730 0.000977 0.023001 1.701599 2.430856
737 731 0.000691 0.013632 1.693726 2.419608
738 732 0.000691 0.016525 1.689514 2.413592
739 733 0.000691 0.028708 1.690125 2.414464
740 734 0.000691 0.040999 1.706909 2.438442
741 735 0.000000 0.049315 1.722961 2.461374
742 736 0.000488 0.048086 1.742981 2.489973
743 737 0.000000 0.040774 1.773865 2.534092
744 738 0.000691 0.036984 1.809875 2.585536
745 739 0.000977 0.042525 1.850159 2.643084
746 740 0.000977 0.021736 1.866943 2.667062
747 741 0.000846 0.016112 1.894287 2.706125
748 742 0.001292 0.019778 1.916992 2.738560
749 743 0.000977 0.033266 1.914368 2.734811
750 744 0.001196 0.048939 1.903931 2.719901
751 745 0.001761 0.041103 1.882812 2.689732
752 746 0.001891 0.042495 1.861938 2.659912
753 747 0.001544 0.040228 1.822937 2.604196
754 748 0.001691 0.044562 1.770325 2.529035
755 749 0.001381 0.059741 1.730469 2.472098
756 750 0.001953 0.083546 1.653198 2.361712
757 751 0.000691 0.081499 1.639893 2.342704
758 752 0.001691 0.097160 1.615234 2.307478
759 753 0.002290 0.098684 1.602356 2.289080
760 754 0.002238 0.116107 1.597351 2.281930
761 755 0.002072 0.098052 1.611816 2.302595
762 756 0.001544 0.098068 1.665588 2.379412
763 757 0.001953 0.073703 1.652832 2.361189
764 758 0.001465 0.059264 1.670898 2.386998
765 759 0.000000 0.057478 1.686707 2.409581
766 760 0.001953 0.017293 1.694214 2.420305
767 761 0.001292 0.025566 1.686035 2.408622
768 762 0.001465 0.011716 1.650696 2.358137
769 763 0.001092 0.024625 1.622742 2.318202
770 764 0.001196 0.027212 1.585449 2.264927
771 765 0.001619 0.022524 1.527405 2.182007
772 766 0.001381 0.020790 1.473816 2.105451
773 767 0.000846 0.011705 1.417725 2.025321
774 768 0.000488 0.023098 1.366882 1.952689
775 769 0.001619 0.019280 1.297119 1.853027
776 770 0.002072 0.018704 1.227722 1.753889
777 771 0.001619 0.036813 1.176025 1.680036
778 772 0.005459 0.065506 1.103149 1.575928
779 773 0.001691 0.061909 1.028137 1.468767
780 774 0.002238 0.063686 0.959717 1.371024
781 775 0.001092 0.053930 0.906372 1.294817
782 776 0.001196 0.070925 0.847900 1.211286
783 777 0.000000 0.083553 0.798096 1.140137
784 778 0.004475 0.086211 0.759399 1.084856
785 779 0.000691 0.098384 0.715027 1.021467
786 780 0.000691 0.078038 0.684814 0.978306
787 781 0.000977 0.092440 0.653442 0.933489
788 782 0.000691 0.098328 0.621033 0.887190
789 783 0.001827 0.083561 0.577393 0.824847
790 784 0.001196 0.072737 0.545654 0.779506
791 785 0.001381 0.065087 0.511902 0.731288
792 786 0.001381 0.064866 0.475525 0.679321
793 787 0.001544 0.052950 0.436523 0.623605
794 788 0.001196 0.041960 0.402710 0.575300
795 789 0.001381 0.021734 0.373657 0.533796
796 790 0.000977 0.012375 0.351807 0.502581
797 791 0.000846 0.007929 0.334839 0.478341
798 792 0.001196 0.013480 0.315063 0.450091
799 793 0.000691 0.014722 0.300842 0.429775
800 794 0.000977 0.010395 0.284668 0.406669
