10 4 0.000061 0.008089 7.981608 11.402297
11 5 0.000061 0.008264 7.999429 11.427756
12 6 0.000061 0.008585 8.022564 11.460806
13 7 0.000121 0.007655 8.043967 11.491382
14 8 0.000191 0.007015 8.065780 11.522542
15 9 0.000000 0.008254 8.083193 11.547419
16 10 0.000060 0.005601 8.100071 11.571530
17 11 0.000120 0.007176 8.126323 11.609033
18 12 0.000104 0.004405 8.142547 11.632210
19 13 0.000254 0.005097 8.167614 11.668020
20 14 0.000119 0.007497 8.186777 11.695395
21 15 0.000103 0.003369 8.209290 11.727556
22 16 0.000084 0.003573 8.230116 11.757308
23 17 0.000167 0.003417 8.245289 11.778984
24 18 0.000177 0.004601 8.264414 11.806306
25 19 0.000221 0.005136 8.270416 11.814880
26 20 0.000167 0.003589 8.292040 11.845771
27 21 0.000083 0.005714 8.314829 11.878327
28 22 0.000059 0.004207 8.337465 11.910665
29 23 0.000117 0.003779 8.353371 11.933387
30 24 0.000117 0.004222 8.370613 11.958018
31 25 0.000130 0.005170 8.394745 11.992493
32 26 0.000164 0.005744 8.409145 12.013064
33 27 0.000000 0.005084 8.421570 12.030814
34 28 0.000058 0.004596 8.436565 12.052237
35 29 0.000100 0.006205 8.456631 12.080901
36 30 0.000058 0.004498 8.476452 12.109217
37 31 0.000100 0.005993 8.492275 12.131822
38 32 0.000128 0.006511 8.510784 12.158263
39 33 0.000000 0.008532 8.529922 12.185603
40 34 0.000000 0.006838 8.544342 12.206203
41 35 0.000114 0.005912 8.560505 12.229293
42 36 0.000127 0.008262 8.566780 12.238257
43 37 0.000081 0.008175 8.572330 12.246186
44 38 0.000127 0.008114 8.575714 12.251020
45 39 0.000140 0.006670 8.571655 12.245222
46 40 0.000099 0.010145 8.568230 12.240328
47 41 0.000081 0.010436 8.556160 12.223085
48 42 0.000081 0.009220 8.544804 12.206862
49 43 0.000128 0.006563 8.530403 12.186290
50 44 0.000057 0.007996 8.513821 12.162601
51 45 0.000057 0.010836 8.503162 12.147375
52 46 0.000058 0.008898 8.488892 12.126988
53 47 0.000216 0.008473 8.469063 12.098661
54 48 0.000100 0.007618 8.454071 12.077245
55 49 0.000058 0.010730 8.442474 12.060678
56 50 0.000183 0.007230 8.425835 12.036906
57 51 0.000000 0.007478 8.405891 12.008416
58 52 0.000116 0.008127 8.386559 11.980798
59 53 0.000000 0.007318 8.372017 11.960024
60 54 0.000083 0.007927 8.355728 11.936754
61 55 0.000101 0.006880 8.340096 11.914422
62 56 0.000059 0.008772 8.325768 11.893953
63 57 0.000144 0.006537 8.316254 11.880363
64 58 0.000059 0.006861 8.304741 11.863915
65 59 0.000083 0.007390 8.296532 11.852188
66 60 0.000118 0.005793 8.279190 11.827415
67 61 0.000000 0.002584 8.258827 11.798325
68 62 0.000000 0.006661 8.239044 11.770063
69 63 0.000000 0.004846 8.211975 11.731393
70 64 0.000084 0.003871 8.186249 11.694641
71 65 0.000085 0.004717 8.160736 11.658195
72 66 0.000000 0.008256 8.141693 11.630990
73 67 0.000120 0.010566 8.120781 11.601115
74 68 0.000170 0.008218 8.103874 11.576963
75 69 0.000135 0.009694 8.086891 11.552702
76 70 0.000105 0.015652 8.072403 11.532004
77 71 0.000121 0.013022 8.056908 11.509868
78 72 0.000172 0.013268 8.051750 11.502501
79 73 0.000149 0.012527 8.047783 11.496833
80 74 0.000061 0.014417 8.040993 11.487132
81 75 0.000061 0.015756 8.032608 11.475154
82 76 0.000122 0.011376 8.022476 11.460680
83 77 0.000000 0.009934 8.009804 11.442576
84 78 0.000000 0.009633 7.996620 11.423743
85 79 0.000000 0.007899 7.988274 11.411819
86 80 0.000086 0.005131 7.984154 11.405934
87 81 0.000106 0.003829 7.985764 11.408234
88 82 0.000000 0.004335 8.000366 11.429094
89 83 0.000086 0.009214 8.041000 11.487144
90 84 0.000086 0.008705 8.065453 11.522075
91 85 0.000060 0.012406 8.092056 11.560081
92 86 0.000000 0.013749 8.111389 11.587699
93 87 0.000060 0.017051 8.133408 11.619154
94 88 0.000085 0.018708 8.147530 11.639328
95 89 0.000085 0.020251 8.140968 11.629954
96 90 0.000060 0.013843 8.133797 11.619710
97 91 0.000085 0.013238 8.128441 11.612059
98 92 0.000085 0.013268 8.126747 11.609639
99 93 0.000000 0.012882 8.124420 11.606315
100 94 0.000104 0.012199 8.113220 11.590315
101 95 0.000085 0.011052 8.107468 11.582097
102 96 0.000000 0.011850 8.108963 11.584233
103 97 0.000120 0.011918 8.105377 11.579110
104 98 0.000000 0.011852 8.102798 11.575426
105 99 0.000085 0.010233 8.097076 11.567252
106 100 0.000148 0.010061 8.098984 11.569977
107 101 0.000085 0.009860 8.090561 11.557944
108 102 0.000060 0.010498 8.093292 11.561846
109 103 0.000121 0.009414 8.092041 11.560059
110 104 0.000085 0.010914 8.087891 11.554130
111 105 0.000085 0.010093 8.083847 11.548353
112 106 0.000181 0.010933 8.081833 11.545476
113 107 0.000085 0.007876 8.085510 11.550729
114 108 0.000085 0.006301 8.081238 11.544625
115 109 0.000105 0.005414 8.082031 11.545759
116 110 0.000209 0.003351 8.085846 11.551208
117 111 0.000085 0.003613 8.088852 11.555503
118 112 0.000135 0.004195 8.093323 11.561890
119 113 0.000085 0.005050 8.095978 11.565682
120 114 0.000171 0.007045 8.098038 11.568625
121 115 0.000121 0.008726 8.099213 11.570304
122 116 0.000104 0.008928 8.108521 11.583601
123 117 0.000000 0.010256 8.122910 11.604156
124 118 0.000134 0.009052 8.132706 11.618151
125 119 0.000120 0.011390 8.142578 11.632255
126 120 0.000134 0.010324 8.156311 11.651873
127 121 0.000207 0.012908 8.174072 11.677246
128 122 0.000119 0.013081 8.192093 11.702990
129 123 0.000168 0.014280 8.210602 11.729431
130 124 0.000059 0.016443 8.226898 11.752711
131 125 0.000103 0.017202 8.242676 11.775251
132 126 0.000084 0.015231 8.259399 11.799142
133 127 0.000118 0.012343 8.269775 11.813965
134 128 0.000213 0.012672 8.281860 11.831229
135 129 0.000083 0.011891 8.296402 11.852003
136 130 0.000195 0.011552 8.315353 11.879076
137 131 0.000083 0.010086 8.339371 11.913386
138 132 0.000083 0.009626 8.359741 11.942488
139 133 0.000082 0.010392 8.384964 11.978520
140 134 0.000000 0.011889 8.404602 12.006575
141 135 0.000082 0.014622 8.419083 12.027261
142 136 0.000082 0.013199 8.442184 12.060264
143 137 0.000100 0.015746 8.462341 12.089059
144 138 0.000000 0.016754 8.482803 12.118291
145 139 0.000000 0.017213 8.498657 12.140939
146 140 0.000115 0.014514 8.514496 12.163566
147 141 0.000114 0.014524 8.539536 12.199336
148 142 0.000000 0.014838 8.558899 12.226998
149 143 0.000000 0.013288 8.576981 12.252830
150 144 0.000057 0.010633 8.592804 12.275434
151 145 0.000000 0.007900 8.620285 12.314692
152 146 0.000126 0.005380 8.645920 12.351314
153 147 0.000080 0.004014 8.667542 12.382202
154 148 0.000079 0.005639 8.691498 12.416426
155 149 0.000112 0.004297 8.714371 12.449101
156 150 0.000112 0.005465 8.745636 12.493766
157 151 0.000079 0.005709 8.770065 12.528665
158 152 0.000079 0.005504 8.795654 12.565221
159 153 0.000078 0.004877 8.820892 12.601274
160 154 0.000000 0.004276 8.836441 12.623487
161 155 0.000095 0.004635 8.862137 12.660195
162 156 0.000000 0.004706 8.877151 12.681645
163 157 0.000055 0.005030 8.894379 12.706255
164 158 0.000000 0.003962 8.909454 12.727792
165 159 0.000055 0.005344 8.920151 12.743073
166 160 0.000077 0.004602 8.933640 12.762342
167 161 0.000077 0.005758 8.941650 12.773787
168 162 0.000055 0.006586 8.954208 12.791726
169 163 0.000077 0.007729 8.960403 12.800576
170 164 0.000000 0.007532 8.971527 12.816467
171 165 0.000133 0.006816 8.986084 12.837263
172 166 0.000054 0.006605 9.000595 12.857993
173 167 0.000054 0.007918 9.016846 12.881208
174 168 0.000076 0.007063 9.031113 12.901589
175 169 0.000132 0.005846 9.051575 12.930821
176 170 0.000170 0.006252 9.065033 12.950047
177 171 0.000076 0.005417 9.080399 12.971998
178 172 0.000000 0.004097 9.099594 12.999420
179 173 0.000054 0.004687 9.109589 13.013698
180 174 0.000093 0.004707 9.126862 13.038374
181 175 0.000093 0.005386 9.138321 13.054744
182 176 0.000092 0.006789 9.156403 13.080575
183 177 0.000107 0.007039 9.166733 13.095332
184 178 0.000176 0.008168 9.176605 13.109436
185 179 0.000150 0.007271 9.194321 13.134744
186 180 0.000140 0.007014 9.205185 13.150264
187 181 0.000130 0.007967 9.212387 13.160553
188 182 0.000150 0.007986 9.217407 13.167725
189 183 0.000053 0.006500 9.224213 13.177446
190 184 0.000167 0.005989 9.235718 13.193883
191 185 0.000118 0.009706 9.238708 13.198155
192 186 0.000075 0.011937 9.239410 13.199158
193 187 0.000053 0.010539 9.244263 13.206090
194 188 0.000075 0.009731 9.248077 13.211539
195 189 0.000075 0.012161 9.256622 13.223746
196 190 0.000183 0.013094 9.253143 13.218776
197 191 0.000000 0.012865 9.258881 13.226973
198 192 0.000000 0.012343 9.261139 13.230199
199 193 0.000053 0.013665 9.271942 13.245631
200 194 0.000074 0.013470 9.281219 13.258885
201 195 0.000053 0.013352 9.288727 13.269609
202 196 0.000105 0.013106 9.297089 13.281555
203 197 0.000129 0.012448 9.295288 13.278983
204 198 0.000105 0.011601 9.308044 13.297206
205 199 0.000105 0.010079 9.311523 13.302176
206 200 0.000117 0.011040 9.317474 13.310678
207 201 0.000105 0.007498 9.322266 13.317522
208 202 0.000105 0.007666 9.334045 13.334351
209 203 0.000148 0.006486 9.358276 13.368966
210 204 0.000138 0.005466 9.375366 13.393380
211 205 0.000116 0.004007 9.399384 13.427691
212 206 0.000127 0.004991 9.429077 13.470110
213 207 0.000115 0.005215 9.454498 13.506426
214 208 0.000154 0.006123 9.483917 13.548453
215 209 0.000136 0.007289 9.511139 13.587341
216 210 0.000102 0.007151 9.538544 13.626491
217 211 0.000102 0.007005 9.563721 13.662458
218 212 0.000102 0.007242 9.584808 13.692583
219 213 0.000072 0.008133 9.614807 13.735438
220 214 0.000000 0.008560 9.634521 13.763602
221 215 0.000051 0.008161 9.662018 13.802882
222 216 0.000101 0.008376 9.690033 13.842904
223 217 0.000181 0.009441 9.715942 13.879918
224 218 0.000000 0.009170 9.736786 13.909694
225 219 0.000132 0.009152 9.752289 13.931841
226 220 0.000158 0.008444 9.772278 13.960397
227 221 0.000071 0.008421 9.774292 13.963274
228 222 0.000071 0.010569 9.775696 13.965280
229 223 0.000100 0.009716 9.776367 13.966239
230 224 0.000173 0.008879 9.774628 13.963754
231 225 0.000100 0.008629 9.771423 13.959176
232 226 0.000050 0.007744 9.758331 13.940474
233 227 0.000087 0.007830 9.752411 13.932015
234 228 0.000000 0.008060 9.736969 13.909956
235 229 0.000101 0.008190 9.714813 13.878304
236 230 0.000050 0.007677 9.699646 13.856637
237 231 0.000101 0.007804 9.680695 13.829564
238 232 0.000000 0.006964 9.679565 13.827950
239 233 0.000000 0.008255 9.665985 13.808550
240 234 0.000124 0.006758 9.652344 13.789062
241 235 0.000101 0.006471 9.647583 13.782262
242 236 0.000072 0.006822 9.635712 13.765303
243 237 0.000072 0.005803 9.625977 13.751395
244 238 0.000051 0.007366 9.603210 13.718872
245 239 0.000072 0.007717 9.595337 13.707624
246 240 0.000144 0.006988 9.587433 13.696333
247 241 0.000102 0.007609 9.577759 13.682512
248 242 0.000072 0.008181 9.569275 13.670393
249 243 0.000088 0.007823 9.562103 13.660148
250 244 0.000000 0.007354 9.558746 13.655352
251 245 0.000051 0.007768 9.545563 13.636518
252 246 0.000089 0.007418 9.551788 13.645411
253 247 0.000135 0.007551 9.556030 13.651472
254 248 0.000051 0.007758 9.562225 13.660322
255 249 0.000051 0.008926 9.577179 13.681684
256 250 0.000102 0.006699 9.574707 13.678153
257 251 0.000101 0.008767 9.629730 13.756758
258 252 0.000168 0.010041 9.641937 13.774196
259 253 0.000088 0.008954 9.600616 13.715166
260 254 0.000161 0.008381 9.609497 13.727853
261 255 0.000244 0.006301 9.609344 13.727635
262 256 0.000072 0.008170 9.634705 13.763864
263 257 0.000088 0.005819 9.607452 13.724932
264 258 0.000215 0.007362 9.618073 13.740104
265 259 0.000237 0.006591 9.672577 13.817967
266 260 0.000101 0.006822 9.683044 13.832921
267 261 0.000208 0.007384 9.695343 13.850490
268 262 0.000101 0.008240 9.701324 13.859035
269 263 0.000071 0.007970 9.718079 13.882970
270 264 0.000159 0.013741 9.719421 13.884888
