10 4 0.007658 0.062983 7.155006 10.221437
11 5 0.006366 0.047944 7.152093 10.217277
12 6 0.006940 0.043991 7.153173 10.218820
13 7 0.007109 0.050892 7.153687 10.219552
14 8 0.006533 0.052524 7.153285 10.218979
15 9 0.005652 0.045743 7.155147 10.221638
16 10 0.002184 0.036513 7.159177 10.227395
17 11 0.001544 0.026628 7.160636 10.229480
18 12 0.000691 0.036196 7.163543 10.233632
19 13 0.000000 0.041730 7.164571 10.235101
20 14 0.000000 0.032249 7.167793 10.239705
21 15 0.000000 0.036033 7.168324 10.240462
22 16 0.000691 0.037822 7.169081 10.241544
23 17 0.001196 0.037497 7.174156 10.248795
24 18 0.000691 0.027531 7.175123 10.250176
25 19 0.000977 0.019915 7.172192 10.245988
26 20 0.000977 0.017741 7.177729 10.253898
27 21 0.000977 0.018339 7.187906 10.268437
28 22 0.000488 0.022716 7.180071 10.257244
29 23 0.001092 0.024079 7.176205 10.251721
30 24 0.000977 0.028398 7.178673 10.255247
31 25 0.000691 0.037708 7.184359 10.263370
32 26 0.000691 0.031705 7.182451 10.260645
33 27 0.000000 0.028189 7.177120 10.253029
34 28 0.000488 0.024269 7.185818 10.265454
35 29 0.000846 0.034414 7.187553 10.267934
36 30 0.000846 0.042059 7.187046 10.267209
37 31 0.000000 0.035670 7.190071 10.271530
38 32 0.000488 0.039614 7.192337 10.274767
39 33 0.000691 0.037507 7.194019 10.277170
40 34 0.000488 0.038770 7.202110 10.288729
41 35 0.000977 0.038622 7.208511 10.297873
42 36 0.001196 0.044641 7.209801 10.299715
43 37 0.000846 0.035460 7.210720 10.301028
44 38 0.000691 0.037311 7.211716 10.302451
45 39 0.000488 0.033187 7.216438 10.309197
46 40 0.001827 0.047276 7.214951 10.307073
47 41 0.000691 0.045158 7.216969 10.309955
48 42 0.000691 0.036678 7.225685 10.322408
49 43 0.001381 0.033318 7.229565 10.327950
50 44 0.000488 0.026629 7.234383 10.334832
51 45 0.000691 0.030386 7.232655 10.332364
52 46 0.000691 0.034463 7.232372 10.331961
53 47 0.000000 0.029900 7.229221 10.327459
54 48 0.001092 0.028934 7.221817 10.316881
55 49 0.000488 0.036718 7.219856 10.314080
56 50 0.000488 0.032584 7.211132 10.301618
57 51 0.001196 0.033517 7.201111 10.287301
58 52 0.000846 0.029317 7.191875 10.274108
59 53 0.001092 0.038575 7.181034 10.258620
60 54 0.000846 0.026749 7.170883 10.244119
61 55 0.001092 0.029766 7.154251 10.220359
62 56 0.001092 0.036876 7.142326 10.203323
63 57 0.001381 0.036314 7.126793 10.181132
64 58 0.000977 0.032920 7.107559 10.153656
65 59 0.000977 0.040110 7.091957 10.131368
66 60 0.000977 0.040497 7.080215 10.114594
67 61 0.001761 0.048169 7.067650 10.096642
68 62 0.000691 0.038186 7.048233 10.068904
69 63 0.001196 0.042082 7.034691 10.049559
70 64 0.000691 0.045796 7.018463 10.026376
71 65 0.000691 0.038932 7.002548 10.003640
72 66 0.000488 0.035008 6.983925 9.977036
73 67 0.000000 0.050231 6.964531 9.949330
74 68 0.000691 0.034502 6.951561 9.930801
75 69 0.001092 0.032538 6.936989 9.909984
76 70 0.000691 0.028604 6.928688 9.898126
77 71 0.000846 0.028884 6.922958 9.889940
78 72 0.000977 0.037557 6.918861 9.884088
79 73 0.000691 0.037318 6.921257 9.887510
80 74 0.000691 0.046754 6.924812 9.892589
81 75 0.000977 0.049837 6.928795 9.898278
82 76 0.000000 0.055784 6.937340 9.910485
83 77 0.000691 0.058859 6.944008 9.920012
84 78 0.000000 0.063731 6.957535 9.939336
85 79 0.000691 0.063260 6.976822 9.966888
86 80 0.000691 0.063127 7.002411 10.003444
87 81 0.000488 0.076433 7.034103 10.048719
88 82 0.000977 0.067317 7.067604 10.096578
89 83 0.000488 0.069148 7.106255 10.151793
90 84 0.000691 0.066489 7.137589 10.196555
91 85 0.000691 0.067892 7.167099 10.238713
92 86 0.000488 0.070818 7.192398 10.274855
93 87 0.000488 0.071046 7.220413 10.314876
94 88 0.000000 0.062410 7.243896 10.348424
95 89 0.000000 0.064947 7.261490 10.373557
96 90 0.000000 0.062766 7.280067 10.400096
97 91 0.000000 0.067879 7.294937 10.421339
98 92 0.000000 0.065629 7.310791 10.443987
99 93 0.000691 0.064434 7.322868 10.461241
100 94 0.000488 0.072911 7.335129 10.478755
101 95 0.000977 0.062837 7.350044 10.500063
102 96 0.000488 0.085473 7.361092 10.515845
103 97 0.000691 0.079685 7.381889 10.545556
104 98 0.000691 0.073037 7.399193 10.570275
105 99 0.000691 0.076773 7.414787 10.592553
106 100 0.000000 0.065309 7.432571 10.617959
107 101 0.000691 0.073896 7.451004 10.644292
108 102 0.000846 0.041335 7.470665 10.672379
109 103 0.001196 0.056647 7.479622 10.685174
110 104 0.000977 0.057222 7.494461 10.706373
111 105 0.000000 0.055777 7.510986 10.729980
112 106 0.001292 0.052081 7.527122 10.753032
113 107 0.001381 0.048649 7.540382 10.771975
114 108 0.000691 0.057013 7.553894 10.791277
115 109 0.000488 0.045677 7.570541 10.815059
116 110 0.000691 0.047097 7.582336 10.831909
117 111 0.000691 0.057016 7.598297 10.854711
118 112 0.000000 0.055152 7.611343 10.873347
119 113 0.001196 0.069077 7.622238 10.888911
120 114 0.000691 0.070859 7.631805 10.902579
121 115 0.000488 0.060334 7.636063 10.908661
122 116 0.000846 0.063548 7.638733 10.912476
123 117 0.000691 0.039304 7.632095 10.902993
124 118 0.000691 0.053832 7.622711 10.889587
125 119 0.000691 0.043365 7.614090 10.877272
126 120 0.000691 0.044742 7.605408 10.864868
127 121 0.000000 0.042270 7.603180 10.861686
128 122 0.000488 0.044052 7.596985 10.852836
129 123 0.000000 0.047691 7.595016 10.850023
130 124 0.000000 0.031941 7.592773 10.846819
131 125 0.000000 0.043474 7.588226 10.840323
132 126 0.000488 0.047178 7.588715 10.841021
133 127 0.000846 0.063869 7.581589 10.830841
134 128 0.000488 0.064324 7.578491 10.826416
135 129 0.000000 0.067184 7.575623 10.822318
136 130 0.000691 0.070504 7.576248 10.823212
137 131 0.000488 0.056669 7.577103 10.824432
138 132 0.000691 0.060661 7.575272 10.821816
139 133 0.000000 0.054874 7.576096 10.822993
140 134 0.000000 0.054549 7.580765 10.829664
141 135 0.000691 0.056302 7.582123 10.831604
142 136 0.000691 0.064460 7.584106 10.834437
143 137 0.000488 0.068442 7.586182 10.837402
144 138 0.000488 0.050836 7.587860 10.839800
145 139 0.000691 0.055811 7.586441 10.837773
146 140 0.001292 0.064585 7.588989 10.841413
147 141 0.000691 0.061683 7.588470 10.840672
148 142 0.000691 0.063995 7.582626 10.832323
149 143 0.000691 0.069149 7.580536 10.829337
150 144 0.000000 0.062550 7.578018 10.825740
151 145 0.000488 0.056317 7.581757 10.831080
152 146 0.001092 0.045356 7.570969 10.815669
153 147 0.000691 0.054416 7.557892 10.796988
154 148 0.000000 0.042026 7.546997 10.781425
155 149 0.000846 0.044153 7.532028 10.760040
156 150 0.000846 0.046233 7.517349 10.739070
157 151 0.000488 0.049665 7.498108 10.711583
158 152 0.000000 0.054250 7.480331 10.686188
159 153 0.000691 0.057569 7.464386 10.663408
160 154 0.000977 0.058937 7.445923 10.637033
161 155 0.000000 0.058027 7.425919 10.608455
162 156 0.000977 0.063870 7.399612 10.570875
163 157 0.000691 0.070162 7.371399 10.530570
164 158 0.000691 0.068790 7.345169 10.493098
165 159 0.000846 0.069264 7.318954 10.455649
166 160 0.000691 0.081834 7.289444 10.413491
167 161 0.000488 0.070668 7.257446 10.367781
168 162 0.000846 0.072261 7.224487 10.320696
169 163 0.000000 0.078894 7.185974 10.265677
170 164 0.000488 0.082384 7.143433 10.204904
171 165 0.000691 0.077714 7.092484 10.132119
172 166 0.000846 0.072051 7.033691 10.048131
173 167 0.000000 0.079472 6.968445 9.954921
174 168 0.001196 0.075367 6.892456 9.846366
175 169 0.000846 0.066379 6.810654 9.729506
176 170 0.000977 0.060123 6.724457 9.606367
177 171 0.000977 0.053322 6.637985 9.482836
178 172 0.001092 0.052032 6.554535 9.363622
179 173 0.000691 0.042051 6.468567 9.240809
180 174 0.000846 0.045995 6.393906 9.134151
181 175 0.000488 0.050997 6.319244 9.027492
182 176 0.000000 0.039111 6.238831 8.912615
183 177 0.000691 0.044265 6.152130 8.788757
184 178 0.000488 0.054271 6.059158 8.655940
185 179 0.000000 0.056099 5.957199 8.510284
186 180 0.000488 0.057373 5.840530 8.343615
187 181 0.000000 0.053793 5.714981 8.164259
188 182 0.000691 0.074521 5.585648 7.979496
189 183 0.000691 0.076994 5.455582 7.793688
190 184 0.000488 0.061329 5.319565 7.599378
191 185 0.000977 0.064097 5.191437 7.416338
192 186 0.000691 0.069681 5.065155 7.235936
193 187 0.000691 0.058671 4.946045 7.065778
194 188 0.000977 0.053837 4.829788 6.899697
195 189 0.000691 0.047120 4.717804 6.739720
196 190 0.000000 0.048238 4.618515 6.597878
197 191 0.000691 0.043178 4.532867 6.475525
198 192 0.000977 0.037574 4.461777 6.373967
199 193 0.000691 0.044391 4.406265 6.294665
200 194 0.000977 0.043619 4.365997 6.237139
201 195 0.000691 0.040168 4.338516 6.197880
202 196 0.000000 0.046075 4.318359 6.169085
203 197 0.000488 0.045848 4.297073 6.138676
204 198 0.000691 0.050979 4.277130 6.110186
205 199 0.000000 0.037706 4.254776 6.078251
206 200 0.000000 0.037673 4.233047 6.047211
207 201 0.000691 0.045310 4.211151 6.015930
208 202 0.000000 0.033862 4.188126 5.983037
209 203 0.000488 0.035990 4.168915 5.955593
210 204 0.000691 0.032175 4.154175 5.934536
211 205 0.000977 0.036729 4.147659 5.925228
212 206 0.000691 0.033759 4.147507 5.925010
213 207 0.000488 0.031232 4.157471 5.939244
214 208 0.000691 0.030866 4.172546 5.960781
215 209 0.000000 0.031589 4.189392 5.984846
216 210 0.000691 0.030119 4.208801 6.012573
217 211 0.000977 0.026580 4.230087 6.042982
218 212 0.000691 0.020171 4.255676 6.079537
219 213 0.001196 0.017782 4.281128 6.115897
220 214 0.000488 0.019063 4.311691 6.159559
221 215 0.001092 0.021980 4.349289 6.213270
222 216 0.001292 0.022053 4.387222 6.267460
223 217 0.000691 0.025257 4.425308 6.321869
224 218 0.000000 0.022715 4.464371 6.377673
225 219 0.001381 0.025951 4.510712 6.443874
226 220 0.000977 0.023638 4.561005 6.515721
227 221 0.000691 0.017189 4.606110 6.580157
228 222 0.001196 0.018248 4.654831 6.649758
229 223 0.000691 0.018009 4.696838 6.709769
230 224 0.000846 0.021031 4.742279 6.774684
231 225 0.000691 0.022023 4.785904 6.837006
232 226 0.001196 0.021384 4.830460 6.900657
233 227 0.000977 0.022855 4.878799 6.969714
234 228 0.000846 0.042124 4.921173 7.030247
235 229 0.000691 0.043367 4.965744 7.093920
236 230 0.000691 0.048103 4.994202 7.134574
237 231 0.001381 0.053153 5.013977 7.162824
238 232 0.001292 0.054781 5.025055 7.178650
239 233 0.001465 0.065277 5.032898 7.189854
240 234 0.001619 0.058529 5.038544 7.197919
241 235 0.000977 0.067415 5.039581 7.199402
242 236 0.002072 0.062526 5.048981 7.212830
243 237 0.000000 0.051965 5.055847 7.222639
244 238 0.000000 0.047505 5.063660 7.233799
245 239 0.001292 0.053112 5.069550 7.242214
246 240 0.001092 0.045133 5.075439 7.250628
247 241 0.001619 0.049897 5.088776 7.269680
248 242 0.000691 0.052277 5.098541 7.283630
249 243 0.001196 0.044276 5.110443 7.300633
250 244 0.001196 0.043392 5.118500 7.312142
251 245 0.000488 0.037453 5.122620 7.318028
252 246 0.000691 0.042214 5.130707 7.329581
253 247 0.000488 0.030965 5.130341 7.329058
254 248 0.000846 0.017244 5.128265 7.326093
255 249 0.000691 0.016316 5.122070 7.317243
256 250 0.000691 0.030831 5.115295 7.307565
257 251 0.000691 0.023946 5.107788 7.296840
258 252 0.001196 0.022698 5.090302 7.271859
259 253 0.000977 0.026186 5.070526 7.243609
260 254 0.000691 0.028992 5.039856 7.199794
261 255 0.000691 0.040650 5.003204 7.147435
262 256 0.000488 0.028605 4.955109 7.078727
263 257 0.000691 0.032883 4.893616 6.990880
264 258 0.000000 0.032606 4.821716 6.888166
265 259 0.000000 0.019332 4.737915 6.768450
266 260 0.000488 0.016282 4.647400 6.639143
267 261 0.000000 0.010512 4.541992 6.488560
268 262 0.000691 0.007539 4.430603 6.329433
269 263 0.000691 0.008446 4.313965 6.162807
270 264 0.000488 0.009745 4.197632 5.996617
271 265 0.000488 0.011011 4.086365 5.837664
272 266 0.000691 0.008151 3.985260 5.693229
273 267 0.000977 0.007923 3.890106 5.557294
274 268 0.001196 0.011093 3.806610 5.438015
275 269 0.001827 0.002572 3.720276 5.314680
276 270 0.001544 0.015725 3.649414 5.213449
277 271 0.001691 0.030044 3.579651 5.113787
278 272 0.001953 0.029946 3.495026 4.992894
279 273 0.002184 0.032638 3.430725 4.901036
280 274 0.002392 0.036561 3.362854 4.804077
281 275 0.001953 0.051560 3.288666 4.698094
282 276 0.003127 0.055410 3.225861 4.608372
283 277 0.002490 0.054492 3.139954 4.485648
284 278 0.002238 0.050658 3.097687 4.425267
285 279 0.002290 0.092102 3.047913 4.354161
286 280 0.002537 0.066758 2.972443 4.246346
287 281 0.002719 0.086036 2.953766 4.219666
288 282 0.001827 0.098451 2.920563 4.172233
289 283 0.001891 0.085566 2.886871 4.124102
290 284 0.001891 0.113219 2.860870 4.086957
291 285 0.002013 0.074224 2.801819 4.002598
292 286 0.001691 0.119521 2.810547 4.015067
293 287 0.001827 0.118719 2.785095 3.978708
294 288 0.001092 0.081623 2.728516 3.897879
295 289 0.001827 0.116955 2.728485 3.897836
296 290 0.002629 0.120092 2.693268 3.847525
297 291 0.002441 0.096145 2.666290 3.808986
298 292 0.003239 0.106637 2.619385 3.741978
299 293 0.003555 0.114078 2.567139 3.667341
300 294 0.004257 0.116286 2.558563 3.655090
301 295 0.004085 0.134154 2.531952 3.617074
302 296 0.003239 0.113971 2.518829 3.598328
303 297 0.004143 0.122332 2.546051 3.637216
304 298 0.004734 0.098670 2.569244 3.670349
305 299 0.003937 0.074266 2.627808 3.754011
306 300 0.002970 0.115790 2.677399 3.824855
307 301 0.004200 0.130238 2.751038 3.930054
308 302 0.004658 0.084578 2.811798 4.016854
309 303 0.003418 0.069142 2.870728 4.101039
310 304 0.002184 0.101537 2.960815 4.229736
311 305 0.002184 0.077287 3.018768 4.312526
312 306 0.001196 0.161064 3.122131 4.460187
313 307 0.001619 0.100716 3.192078 4.560111
314 308 0.003845 0.108101 3.294922 4.707031
315 309 0.003967 0.105779 3.429657 4.899510
316 310 0.003686 0.162794 3.527863 5.039804
317 311 0.004312 0.167243 3.684784 5.263977
318 312 0.003275 0.060601 3.794678 5.420968
319 313 0.003719 0.125553 3.954987 5.649981
320 314 0.003654 0.126937 4.089172 5.841675
321 315 0.002719 0.103546 4.206573 6.009391
322 316 0.002490 0.081078 4.366882 6.238403
323 317 0.002342 0.054822 4.485687 6.408124
324 318 0.002342 0.076966 4.650299 6.643284
325 319 0.002970 0.044896 4.772217 6.817452
326 320 0.003088 0.072563 4.939728 7.056754
327 321 0.002805 0.081053 5.085358 7.264797
328 322 0.003312 0.068346 5.210938 7.444196
329 323 0.003127 0.098613 5.373322 7.676174
330 324 0.003164 0.100829 5.494781 7.849688
331 325 0.001827 0.084571 5.649170 8.070243
332 326 0.001544 0.079039 5.768005 8.240007
333 327 0.001381 0.087288 5.913879 8.448400
334 328 0.000977 0.080784 6.068024 8.668605
335 329 0.001827 0.062392 6.193268 8.847526
336 330 0.000977 0.070899 6.345764 9.065377
337 331 0.002184 0.082361 6.480957 9.258510
338 332 0.001292 0.062498 6.634766 9.478236
339 333 0.001761 0.061391 6.771454 9.673506
340 334 0.000691 0.039220 6.889160 9.841658
341 335 0.000846 0.046408 7.009888 10.014125
342 336 0.001891 0.043310 7.118164 10.168806
343 337 0.001381 0.040404 7.230011 10.328588
344 338 0.000488 0.082036 7.326416 10.466309
345 339 0.000000 0.097831 7.428955 10.612793
346 340 0.001465 0.091098 7.532196 10.760280
347 341 0.000977 0.108586 7.630646 10.900923
348 342 0.000691 0.095719 7.726807 11.038295
349 343 0.000488 0.116414 7.810730 11.158186
350 344 0.000977 0.086701 7.882538 11.260768
351 345 0.000000 0.096296 7.934143 11.334490
352 346 0.000691 0.104957 7.966797 11.381139
353 347 0.001196 0.106583 7.999207 11.427438
354 348 0.000488 0.111046 8.014587 11.449410
355 349 0.000488 0.109439 8.023224 11.461748
356 350 0.000977 0.126154 8.035980 11.479972
357 351 0.000977 0.104701 8.052521 11.503601
358 352 0.000691 0.092767 8.075195 11.535994
359 353 0.001292 0.069517 8.083557 11.547938
360 354 0.000691 0.080119 8.100647 11.572352
361 355 0.000691 0.072940 8.110352 11.586217
362 356 0.000691 0.061746 8.121765 11.602522
363 357 0.000846 0.057827 8.139740 11.628200
364 358 0.000977 0.063476 8.156342 11.651917
365 359 0.001196 0.069260 8.180145 11.685922
366 360 0.000691 0.052306 8.196411 11.709159
367 361 0.001196 0.046032 8.228455 11.754935
368 362 0.001381 0.048885 8.250732 11.786760
369 363 0.001381 0.049668 8.267426 11.810608
370 364 0.001196 0.053368 8.288361 11.840515
371 365 0.000846 0.060846 8.307037 11.867196
372 366 0.000691 0.056700 8.332214 11.903163
373 367 0.000691 0.063269 8.349121 11.927316
374 368 0.000000 0.068383 8.369385 11.956264
375 369 0.000000 0.066282 8.388763 11.983948
376 370 0.000977 0.063182 8.404083 12.005834
377 371 0.001092 0.057321 8.423645 12.033778
378 372 0.000488 0.055599 8.441956 12.059937
379 373 0.000846 0.058202 8.461395 12.087708
380 374 0.000488 0.070157 8.483826 12.119751
381 375 0.000691 0.070668 8.504425 12.149179
382 376 0.001196 0.070006 8.529755 12.185364
383 377 0.001092 0.068469 8.545837 12.208339
384 378 0.000977 0.067105 8.565948 12.237069
385 379 0.000691 0.069112 8.585083 12.264404
386 380 0.001092 0.049678 8.603516 12.290736
387 381 0.000691 0.038229 8.620087 12.314409
388 382 0.000691 0.024487 8.637329 12.339042
389 383 0.001092 0.029846 8.660522 12.372175
390 384 0.000488 0.026255 8.677582 12.396545
391 385 0.000691 0.042984 8.699036 12.427194
392 386 0.000691 0.026910 8.720917 12.458452
393 387 0.000000 0.039209 8.743286 12.490409
394 388 0.001691 0.055112 8.759766 12.513951
395 389 0.000977 0.049075 8.767639 12.525199
396 390 0.000691 0.053738 8.782593 12.546561
397 391 0.000488 0.035312 8.786224 12.551749
398 392 0.000000 0.051765 8.783722 12.548174
399 393 0.000977 0.047296 8.780334 12.543335
400 394 0.000691 0.037265 8.772400 12.532000
401 395 0.000846 0.023003 8.769073 12.527247
402 396 0.000488 0.033721 8.752838 12.504054
403 397 0.000691 0.049039 8.737030 12.481471
404 398 0.000977 0.049897 8.724213 12.463161
405 399 0.000488 0.044982 8.706238 12.437483
406 400 0.000691 0.048955 8.694519 12.420741
407 401 0.000000 0.058440 8.678131 12.397330
408 402 0.000846 0.052687 8.662567 12.375096
409 403 0.000000 0.046673 8.644562 12.349374
410 404 0.000846 0.047505 8.621857 12.316938
411 405 0.000846 0.063338 8.604431 12.292045
412 406 0.001092 0.071913 8.573822 12.248317
413 407 0.000488 0.083457 8.541718 12.202454
414 408 0.001092 0.083425 8.496674 12.138105
415 409 0.000000 0.096946 8.447357 12.067653
416 410 0.000488 0.102476 8.386017 11.980024
417 411 0.000000 0.087326 8.306305 11.866150
418 412 0.000977 0.086103 8.213623 11.733747
419 413 0.000977 0.068823 8.110779 11.586827
420 414 0.000691 0.072180 8.001617 11.430882
421 415 0.000846 0.056481 7.880249 11.257499
422 416 0.000977 0.063004 7.748108 11.068726
423 417 0.001092 0.061079 7.613281 10.876116
424 418 0.000000 0.066501 7.476501 10.680717
425 419 0.000488 0.072592 7.331940 10.474199
426 420 0.000691 0.096874 7.182098 10.260140
427 421 0.000691 0.092717 7.031647 10.045210
428 422 0.000691 0.088031 6.880768 9.829668
429 423 0.000691 0.074658 6.722260 9.603228
430 424 0.000846 0.068572 6.567535 9.382194
431 425 0.000691 0.069330 6.407959 9.154227
432 426 0.000488 0.057064 6.250977 8.929967
433 427 0.000488 0.051231 6.090393 8.700562
434 428 0.000691 0.050280 5.931335 8.473336
435 429 0.000977 0.051387 5.780090 8.257272
436 430 0.000000 0.042509 5.628906 8.041295
437 431 0.000488 0.042033 5.490326 7.843323
438 432 0.000691 0.037680 5.359192 7.655988
439 433 0.000000 0.040168 5.241730 7.488185
440 434 0.000488 0.037904 5.138000 7.340001
441 435 0.000691 0.035518 5.038818 7.198312
442 436 0.000488 0.048247 4.943176 7.061680
443 437 0.000977 0.043123 4.848480 6.926400
444 438 0.000977 0.055457 4.762634 6.803763
445 439 0.000691 0.034640 4.681641 6.688058
446 440 0.000000 0.039903 4.605652 6.579503
447 441 0.000000 0.047804 4.538269 6.483242
448 442 0.000691 0.043813 4.477081 6.395831
449 443 0.000488 0.056431 4.423645 6.319493
450 444 0.000000 0.060367 4.372681 6.246686
451 445 0.000488 0.068597 4.326324 6.180463
452 446 0.000488 0.069175 4.284393 6.120562
453 447 0.000000 0.069431 4.249603 6.070862
454 448 0.000488 0.063371 4.225311 6.036159
455 449 0.000977 0.070664 4.206940 6.009914
456 450 0.000488 0.054283 4.193848 5.991211
457 451 0.000846 0.054954 4.177795 5.968279
458 452 0.000846 0.053639 4.157074 5.938677
459 453 0.001761 0.053099 4.140289 5.914699
460 454 0.000846 0.061594 4.128052 5.897217
461 455 0.001381 0.044400 4.129456 5.899222
462 456 0.000000 0.054954 4.142487 5.917838
463 457 0.000977 0.053498 4.176880 5.966971
464 458 0.000488 0.054842 4.228851 6.041216
465 459 0.001827 0.051669 4.287659 6.125226
466 460 0.001196 0.033729 4.354462 6.220660
467 461 0.000846 0.048044 4.420380 6.314828
468 462 0.000846 0.033138 4.494659 6.420942
469 463 0.000691 0.027907 4.573700 6.533857
470 464 0.000000 0.024079 4.660339 6.657628
471 465 0.000000 0.027831 4.754456 6.792079
472 466 0.000691 0.037786 4.851196 6.930280
473 467 0.000691 0.039838 4.954834 7.078334
474 468 0.000977 0.040771 5.054413 7.220590
475 469 0.000000 0.043458 5.152405 7.360578
476 470 0.000000 0.033870 5.254303 7.506147
477 471 0.000488 0.032313 5.356140 7.651629
478 472 0.000691 0.037134 5.465149 7.807355
479 473 0.000000 0.033998 5.569427 7.956325
480 474 0.000488 0.036394 5.673523 8.105033
481 475 0.000000 0.035224 5.776825 8.252607
482 476 0.000000 0.030845 5.878204 8.397435
483 477 0.000488 0.031872 5.982605 8.546578
484 478 0.000488 0.034826 6.082916 8.689880
485 479 0.000691 0.038738 6.183960 8.834229
486 480 0.000000 0.033764 6.287994 8.982849
487 481 0.001465 0.036143 6.390503 9.129290
488 482 0.001292 0.034512 6.501129 9.287328
489 483 0.001381 0.032312 6.612732 9.446760
490 484 0.000977 0.043175 6.721832 9.602617
491 485 0.000691 0.042405 6.824371 9.749102
492 486 0.001544 0.043136 6.928619 9.898027
493 487 0.000488 0.047754 7.035370 10.050529
494 488 0.001381 0.054445 7.128845 10.184065
495 489 0.000000 0.047813 7.217010 10.310015
496 490 0.001381 0.049111 7.307892 10.439845
497 491 0.000977 0.047211 7.410522 10.586461
498 492 0.001092 0.033346 7.502197 10.717424
499 493 0.000691 0.047987 7.594666 10.849523
500 494 0.000691 0.037868 7.685791 10.979701
501 495 0.000691 0.061704 7.766479 11.094971
502 496 0.002072 0.055877 7.854248 11.220354
503 497 0.001953 0.063208 7.950073 11.357247
504 498 0.001691 0.074386 8.050537 11.500768
505 499 0.001092 0.044265 8.142090 11.631557
506 500 0.001381 0.058435 8.229004 11.755720
507 501 0.001381 0.044120 8.334473 11.906389
508 502 0.001544 0.030630 8.432190 12.045985
509 503 0.000846 0.028954 8.515564 12.165092
510 504 0.001544 0.026827 8.599609 12.285156
511 505 0.000691 0.047179 8.676941 12.395630
512 506 0.000691 0.035416 8.748901 12.498430
513 507 0.000691 0.031441 8.796021 12.565743
514 508 0.000691 0.031001 8.825806 12.608294
515 509 0.000691 0.033605 8.837463 12.624948
516 510 0.000691 0.038250 8.836365 12.623378
517 511 0.000691 0.035471 8.830688 12.615270
518 512 0.001196 0.041506 8.824524 12.606462
519 513 0.001292 0.059279 8.814880 12.592687
520 514 0.000846 0.065733 8.805359 12.579084
521 515 0.000691 0.062163 8.808167 12.583095
522 516 0.000977 0.050474 8.808716 12.583879
523 517 0.001092 0.048271 8.808716 12.583879
524 518 0.001196 0.035899 8.801636 12.573766
525 519 0.000488 0.035244 8.790466 12.557809
526 520 0.000488 0.033383 8.785461 12.550659
527 521 0.000488 0.027866 8.771057 12.530082
528 522 0.000691 0.032470 8.755005 12.507150
529 523 0.000691 0.035164 8.742798 12.489711
530 524 0.000846 0.045250 8.730652 12.472360
531 525 0.000488 0.034253 8.724670 12.463815
532 526 0.000488 0.038293 8.704712 12.435303
533 527 0.000691 0.027073 8.687256 12.410365
534 528 0.000846 0.034678 8.672424 12.389177
535 529 0.000488 0.037853 8.653076 12.361537
536 530 0.000000 0.037100 8.639587 12.342268
537 531 0.000488 0.045935 8.620117 12.314453
538 532 0.000691 0.043764 8.608704 12.298148
539 533 0.000846 0.044889 8.595459 12.279227
540 534 0.000000 0.054537 8.576111 12.251587
541 535 0.000000 0.048580 8.556824 12.224034
542 536 0.000488 0.046411 8.542847 12.204066
543 537 0.000488 0.047606 8.531860 12.188372
544 538 0.000000 0.048988 8.515198 12.164568
545 539 0.000691 0.059746 8.496765 12.138236
546 540 0.000691 0.031233 8.481140 12.115914
547 541 0.000977 0.025876 8.462036 12.088623
548 542 0.000000 0.034104 8.430786 12.043981
549 543 0.000488 0.042184 8.397705 11.996721
550 544 0.000691 0.045024 8.371582 11.959403
551 545 0.000846 0.036281 8.344360 11.920515
552 546 0.001465 0.040764 8.315674 11.879534
553 547 0.000691 0.042016 8.288574 11.840820
554 548 0.000846 0.050011 8.263977 11.805681
555 549 0.000977 0.029594 8.253357 11.790510
556 550 0.000488 0.022892 8.237732 11.768188
557 551 0.001196 0.034195 8.223267 11.747523
558 552 0.001465 0.038890 8.212402 11.732003
559 553 0.001292 0.047046 8.200684 11.715262
560 554 0.000691 0.044322 8.197021 11.710031
561 555 0.000488 0.052812 8.185059 11.692941
562 556 0.001544 0.065348 8.179443 11.684919
563 557 0.001381 0.058796 8.181091 11.687273
564 558 0.001196 0.052967 8.188660 11.698085
565 559 0.001196 0.040314 8.203064 11.718663
566 560 0.000488 0.044052 8.216553 11.737932
567 561 0.000977 0.037748 8.233765 11.762521
568 562 0.000000 0.029032 8.254944 11.792777
569 563 0.000691 0.034983 8.277283 11.824690
570 564 0.000691 0.034739 8.296265 11.851807
571 565 0.000977 0.032988 8.320984 11.887120
572 566 0.000977 0.028343 8.338684 11.912406
573 567 0.000000 0.029926 8.357544 11.939348
574 568 0.000488 0.031390 8.377075 11.967250
575 569 0.000691 0.024474 8.395569 11.993670
576 570 0.000000 0.023460 8.409546 12.013637
577 571 0.000488 0.038616 8.420410 12.029158
578 572 0.000846 0.040099 8.436157 12.051653
579 573 0.000000 0.043792 8.458191 12.083130
580 574 0.000846 0.047788 8.474854 12.106934
581 575 0.000691 0.039454 8.487305 12.124721
582 576 0.000000 0.038954 8.504822 12.149745
583 577 0.000846 0.039686 8.515869 12.165527
584 578 0.000977 0.044917 8.532654 12.189506
585 579 0.000691 0.043900 8.545410 12.207728
586 580 0.000691 0.052705 8.550354 12.214791
587 581 0.000691 0.041279 8.552734 12.218192
588 582 0.000691 0.045964 8.553833 12.219762
589 583 0.000488 0.043657 8.558167 12.225952
590 584 0.001381 0.031769 8.551880 12.216971
591 585 0.000000 0.044857 8.536011 12.194301
592 586 0.000000 0.036745 8.527588 12.182268
593 587 0.000691 0.039814 8.519531 12.170759
594 588 0.000977 0.036649 8.504456 12.149222
595 589 0.000691 0.029154 8.482056 12.117223
596 590 0.000977 0.026444 8.466675 12.095250
597 591 0.000691 0.016652 8.457642 12.082345
598 592 0.001196 0.022280 8.446838 12.066912
599 593 0.000977 0.021569 8.434570 12.049386
600 594 0.001381 0.027384 8.427795 12.039708
601 595 0.000691 0.022017 8.430054 12.042933
602 596 0.000691 0.023174 8.419617 12.028024
603 597 0.000691 0.026285 8.413696 12.019567
604 598 0.000000 0.029560 8.410278 12.014684
605 599 0.000488 0.018457 8.406860 12.009801
606 600 0.000488 0.017515 8.404114 12.005877
607 601 0.000000 0.030530 8.398376 11.997681
608 602 0.000000 0.023135 8.405151 12.007360
609 603 0.000691 0.021537 8.402710 12.003871
610 604 0.000000 0.020470 8.399963 11.999948
611 605 0.000488 0.025359 8.396423 11.994890
612 606 0.000488 0.007892 8.389343 11.984776
613 607 0.000977 0.016962 8.386475 11.980678
614 608 0.000488 0.022053 8.372864 11.961234
615 609 0.000977 0.029655 8.358643 11.940918
616 610 0.000488 0.035376 8.345459 11.922084
617 611 0.000691 0.024802 8.330566 11.900809
618 612 0.000691 0.034569 8.318420 11.883458
619 613 0.000846 0.039064 8.292664 11.846663
620 614 0.000691 0.031494 8.270935 11.815621
621 615 0.000488 0.034162 8.246216 11.780309
622 616 0.000488 0.038071 8.223022 11.747175
623 617 0.000488 0.048599 8.205383 11.721976
624 618 0.000000 0.048151 8.179688 11.685267
625 619 0.000691 0.052663 8.158752 11.655360
626 620 0.000691 0.050151 8.134705 11.621007
627 621 0.000000 0.049501 8.118042 11.597203
628 622 0.000691 0.045273 8.092041 11.560059
629 623 0.000691 0.040871 8.061890 11.516985
630 624 0.000846 0.047721 8.043030 11.490043
631 625 0.000488 0.037942 8.017517 11.453596
632 626 0.000488 0.041012 7.998718 11.426741
633 627 0.000488 0.039869 7.976135 11.394479
634 628 0.000000 0.035424 7.956360 11.366228
635 629 0.000488 0.047869 7.936401 11.337716
636 630 0.000691 0.058557 7.908020 11.297172
637 631 0.000000 0.052921 7.890869 11.272670
638 632 0.000691 0.045685 7.869141 11.241630
639 633 0.000488 0.048111 7.847351 11.210502
640 634 0.000846 0.062856 7.823242 11.176061
641 635 0.000691 0.055332 7.796997 11.138567
642 636 0.000691 0.058389 7.779846 11.114066
643 637 0.000488 0.064713 7.756287 11.080409
644 638 0.000846 0.065786 7.737183 11.053118
645 639 0.000488 0.061127 7.714111 11.020159
646 640 0.000000 0.047018 7.692017 10.988595
647 641 0.000488 0.045651 7.675598 10.965140
648 642 0.000691 0.039883 7.648865 10.926950
649 643 0.000000 0.033841 7.623901 10.891288
650 644 0.000000 0.044227 7.595398 10.850569
651 645 0.000000 0.035585 7.568726 10.812465
652 646 0.000488 0.045437 7.537720 10.768171
653 647 0.000000 0.042798 7.497925 10.711321
654 648 0.000000 0.064595 7.456726 10.652466
655 649 0.000691 0.057671 7.413086 10.590123
656 650 0.000691 0.062614 7.363953 10.519933
657 651 0.000691 0.060508 7.312439 10.446342
658 652 0.000691 0.056290 7.256897 10.366996
659 653 0.000488 0.070120 7.201050 10.287214
660 654 0.000691 0.046026 7.142456 10.203508
661 655 0.000691 0.048439 7.081299 10.116141
662 656 0.000691 0.047862 7.013245 10.018921
663 657 0.000977 0.050757 6.932922 9.904175
664 658 0.000488 0.058355 6.844360 9.777658
665 659 0.000977 0.049231 6.749695 9.642421
666 660 0.000000 0.052509 6.646118 9.494454
667 661 0.001196 0.051822 6.525696 9.322423
668 662 0.000488 0.051457 6.397034 9.138619
669 663 0.001465 0.049323 6.259888 8.942697
670 664 0.000691 0.063760 6.118103 8.740148
671 665 0.001196 0.069515 5.963013 8.518590
672 666 0.000691 0.077767 5.799072 8.284389
673 667 0.000488 0.073052 5.635193 8.050276
674 668 0.000977 0.087412 5.460205 7.800293
675 669 0.001953 0.086830 5.287842 7.554060
676 670 0.001827 0.046897 5.114441 7.306344
677 671 0.001544 0.034641 4.945129 7.064471
678 672 0.001953 0.020938 4.777344 6.824777
679 673 0.002072 0.028109 4.615479 6.593541
680 674 0.001891 0.048295 4.458740 6.369629
681 675 0.001827 0.056553 4.293457 6.133510
682 676 0.002342 0.076187 4.138855 5.912650
683 677 0.002629 0.090631 3.991760 5.702515
684 678 0.002930 0.098968 3.834900 5.478428
685 679 0.003127 0.117974 3.700317 5.286168
686 680 0.003010 0.105759 3.557678 5.082397
687 681 0.002072 0.130008 3.464050 4.948643
688 682 0.002238 0.135934 3.381287 4.830410
689 683 0.002584 0.137391 3.286255 4.694650
690 684 0.001953 0.145235 3.248230 4.640328
691 685 0.002238 0.143426 3.201721 4.573887
692 686 0.002392 0.148191 3.165222 4.521746
693 687 0.002930 0.160365 3.129395 4.470563
694 688 0.003010 0.167165 3.076355 4.394793
695 689 0.003088 0.166448 3.062927 4.375610
696 690 0.003906 0.196982 3.023743 4.319633
697 691 0.003621 0.179771 2.976868 4.252668
698 692 0.002674 0.129265 2.962524 4.232178
699 693 0.002537 0.116582 2.927307 4.181867
700 694 0.002238 0.110941 2.913086 4.161551
701 695 0.001761 0.105267 2.892456 4.132080
702 696 0.001691 0.090600 2.887634 4.125192
703 697 0.002490 0.107132 2.901184 4.144549
704 698 0.003239 0.153754 2.915344 4.164777
705 699 0.004026 0.175329 2.949402 4.213431
706 700 0.004312 0.148900 2.978638 4.255197
707 701 0.005236 0.207188 3.021057 4.315796
708 702 0.004026 0.143182 3.046509 4.352155
709 703 0.002392 0.105412 3.081787 4.402553
710 704 0.003202 0.133210 3.146179 4.494542
711 705 0.003202 0.166197 3.185364 4.550519
712 706 0.002584 0.156315 3.265869 4.665527
713 707 0.002584 0.092679 3.315430 4.736328
714 708 0.002930 0.094497 3.385010 4.835728
715 709 0.003312 0.115863 3.478455 4.969221
716 710 0.003751 0.099285 3.531860 5.045515
717 711 0.003782 0.149467 3.638062 5.197231
718 712 0.004734 0.120803 3.696533 5.280762
719 713 0.005074 0.120821 3.782776 5.403965
720 714 0.004883 0.159418 3.899841 5.571202
721 715 0.004528 0.143521 3.973633 5.676618
722 716 0.005304 0.143780 4.088440 5.840629
723 717 0.003453 0.081785 4.168579 5.955113
724 718 0.003453 0.102184 4.296326 6.137608
725 719 0.003127 0.123952 4.426453 6.323504
726 720 0.003621 0.069813 4.535645 6.479492
727 721 0.003487 0.076042 4.676270 6.680385
728 722 0.003010 0.055527 4.799561 6.856515
729 723 0.002805 0.041985 4.937927 7.054182
730 724 0.002013 0.041467 5.059631 7.228045
731 725 0.002970 0.032967 5.188110 7.411586
732 726 0.001953 0.036211 5.313232 7.590332
733 727 0.001619 0.038198 5.436157 7.765939
734 728 0.001292 0.044539 5.559387 7.941982
735 729 0.000691 0.042645 5.680420 8.114885
736 730 0.000691 0.046198 5.799500 8.284999
737 731 0.001196 0.048440 5.913940 8.448486
738 732 0.000691 0.047212 6.029724 8.613892
739 733 0.001292 0.041778 6.141113 8.773019
740 734 0.001381 0.041366 6.251160 8.930228
741 735 0.000488 0.039930 6.358337 9.083339
742 736 0.001092 0.045799 6.466064 9.237235
743 737 0.000691 0.046051 6.574524 9.392177
744 738 0.000488 0.045916 6.678528 9.540754
745 739 0.000846 0.067711 6.776245 9.680350
746 740 0.000977 0.075736 6.877441 9.824916
747 741 0.000000 0.078368 6.976318 9.966169
748 742 0.001196 0.092828 7.074768 10.106812
749 743 0.000977 0.084561 7.166504 10.237863
750 744 0.000846 0.087509 7.253784 10.362549
751 745 0.000691 0.081747 7.346375 10.494821
752 746 0.000691 0.061419 7.439026 10.627180
753 747 0.000000 0.075036 7.529602 10.756575
754 748 0.000000 0.091592 7.619080 10.884399
755 749 0.000691 0.101490 7.707397 11.010568
756 750 0.000691 0.067513 7.798950 11.141357
757 751 0.001196 0.074413 7.893433 11.276332
758 752 0.000000 0.063231 7.980896 11.401280
759 753 0.000846 0.046832 8.067200 11.524571
760 754 0.001953 0.039834 8.150940 11.644200
761 755 0.001761 0.026214 8.241150 11.773071
762 756 0.000691 0.034366 8.330444 11.900635
763 757 0.001544 0.031869 8.412048 12.017212
764 758 0.001196 0.047723 8.497742 12.139631
765 759 0.001381 0.054050 8.589233 12.270333
766 760 0.000977 0.055333 8.675293 12.393275
767 761 0.001292 0.052663 8.769104 12.527291
768 762 0.000977 0.055224 8.856018 12.651454
769 763 0.001465 0.049975 8.933228 12.761754
770 764 0.000691 0.058958 8.990295 12.843279
771 765 0.000846 0.047861 9.027893 12.896990
772 766 0.000977 0.044194 9.055176 12.935966
773 767 0.001381 0.044728 9.054688 12.935267
774 768 0.001292 0.046822 9.050537 12.929338
775 769 0.000977 0.055939 9.036682 12.909546
776 770 0.000977 0.052099 9.038574 12.912249
777 771 0.001465 0.060329 9.034119 12.905884
778 772 0.001196 0.060904 9.031860 12.902658
779 773 0.000977 0.066371 9.032104 12.903007
780 774 0.000977 0.064823 9.028442 12.897775
781 775 0.000977 0.060286 9.033752 12.905360
782 776 0.000691 0.061529 9.023193 12.890276
783 777 0.000977 0.060156 9.013916 12.877023
784 778 0.000691 0.049389 9.002869 12.861241
785 779 0.000977 0.064112 8.987122 12.838745
786 780 0.000977 0.066208 8.977783 12.825404
787 781 0.001092 0.062143 8.964050 12.805786
788 782 0.000488 0.068472 8.943909 12.777013
789 783 0.000846 0.062727 8.932312 12.760446
790 784 0.000691 0.062315 8.919006 12.741438
791 785 0.001092 0.068053 8.911743 12.731062
792 786 0.000488 0.071771 8.888245 12.697493
793 787 0.001092 0.082733 8.869141 12.670201
794 788 0.000488 0.081060 8.862976 12.661394
795 789 0.000691 0.078919 8.846191 12.637416
796 790 0.001196 0.079776 8.829346 12.613351
797 791 0.000488 0.074232 8.810791 12.586844
798 792 0.000488 0.058181 8.799316 12.570452
799 793 0.000691 0.060890 8.783020 12.547172
800 794 0.000000 0.063662 8.760742 12.515346
801 795 0.000846 0.064499 8.745239 12.493199
802 796 0.001196 0.068740 8.732239 12.474627
803 797 0.001092 0.069336 8.713623 12.448033
804 798 0.000691 0.076829 8.701782 12.431117
805 799 0.001092 0.072600 8.688538 12.412196
806 800 0.000977 0.060212 8.674316 12.391881
807 801 0.000488 0.058890 8.657471 12.367815
808 802 0.000488 0.063344 8.642456 12.346366
809 803 0.000488 0.054575 8.632507 12.332153
810 804 0.000691 0.056537 8.617249 12.310355
811 805 0.000691 0.056185 8.602356 12.289080
812 806 0.000000 0.067424 8.584900 12.264143
813 807 0.000000 0.075440 8.570068 12.242955
814 808 0.000488 0.077291 8.551758 12.216797
815 809 0.000846 0.081040 8.540283 12.200404
816 810 0.000691 0.087175 8.517212 12.167445
817 811 0.000488 0.083273 8.493774 12.133964
818 812 0.000000 0.080083 8.475403 12.107718
819 813 0.000488 0.080935 8.457153 12.081648
820 814 0.000488 0.074453 8.438782 12.055403
821 815 0.000846 0.075352 8.414429 12.020613
822 816 0.000977 0.076293 8.399780 11.999686
823 817 0.001292 0.071574 8.379700 11.971000
824 818 0.000000 0.095589 8.359741 11.942488
825 819 0.000846 0.090636 8.336975 11.909965
826 820 0.000000 0.100163 8.315552 11.879359
827 821 0.000488 0.088965 8.291199 11.844569
828 822 0.000000 0.114808 8.267334 11.810477
829 823 0.000000 0.111075 8.254272 11.791818
830 824 0.000000 0.111691 8.236816 11.766881
831 825 0.000691 0.115168 8.222778 11.746826
832 826 0.000977 0.101995 8.211182 11.730260
833 827 0.000977 0.112576 8.200867 11.715524
834 828 0.000691 0.077436 8.197083 11.710118
835 829 0.001465 0.085686 8.186279 11.694685
836 830 0.000846 0.070918 8.179932 11.685616
837 831 0.000488 0.060768 8.174316 11.677595
838 832 0.001092 0.068628 8.165649 11.665214
839 833 0.000691 0.060831 8.163757 11.662511
840 834 0.000691 0.097487 8.153503 11.647862
841 835 0.000488 0.050806 8.149414 11.642020
842 836 0.000000 0.038504 8.144958 11.635655
843 837 0.000691 0.047859 8.138062 11.625802
844 838 0.000691 0.043848 8.136108 11.623012
845 839 0.000691 0.063315 8.128784 11.612549
846 840 0.001092 0.053252 8.124023 11.605748
847 841 0.001196 0.064940 8.120605 11.600865
848 842 0.000488 0.066301 8.114990 11.592843
849 843 0.000000 0.070735 8.113159 11.590227
850 844 0.000691 0.071473 8.105896 11.579851
851 845 0.000000 0.062378 8.099243 11.570348
852 846 0.000691 0.058228 8.095154 11.564506
853 847 0.000846 0.069492 8.083008 11.547154
854 848 0.000691 0.061690 8.074829 11.535470
855 849 0.000977 0.058189 8.062683 11.518119
856 850 0.000977 0.049748 8.046570 11.495100
857 851 0.000691 0.046482 8.027222 11.467460
858 852 0.000691 0.052383 8.012207 11.446010
859 853 0.000000 0.048235 7.995789 11.422555
860 854 0.000000 0.048654 7.974792 11.392561
861 855 0.000977 0.046430 7.953064 11.361520
862 856 0.000488 0.047126 7.933838 11.334054
863 857 0.000000 0.051284 7.918274 11.311820
864 858 0.000691 0.044845 7.893860 11.276942
865 859 0.000691 0.045114 7.876099 11.251570
866 860 0.000977 0.051898 7.853943 11.219918
867 861 0.000691 0.049543 7.835083 11.192976
868 862 0.000977 0.048392 7.820618 11.172311
869 863 0.000691 0.046942 7.805969 11.151384
870 864 0.000691 0.047292 7.789612 11.128016
871 865 0.001465 0.048743 7.771423 11.102034
872 866 0.000977 0.051503 7.751160 11.073085
873 867 0.000488 0.044240 7.736267 11.051810
874 868 0.000691 0.043949 7.715881 11.022688
875 869 0.000691 0.041661 7.692688 10.989554
876 870 0.000846 0.040832 7.670471 10.957816
877 871 0.000846 0.033781 7.654480 10.934972
878 872 0.000977 0.031357 7.645813 10.922590
879 873 0.000977 0.023184 7.626404 10.894862
880 874 0.000977 0.020654 7.610352 10.871931
881 875 0.000846 0.022077 7.591431 10.844901
882 876 0.000000 0.034276 7.580994 10.829991
883 877 0.000488 0.026970 7.559998 10.799996
884 878 0.000488 0.039958 7.542603 10.775146
885 879 0.001196 0.043014 7.523071 10.747245
886 880 0.000488 0.041251 7.500427 10.714896
887 881 0.000977 0.046404 7.487671 10.696672
888 882 0.000691 0.047073 7.465515 10.665022
889 883 0.000000 0.046707 7.446167 10.637382
890 884 0.000488 0.047094 7.421265 10.601807
891 885 0.000977 0.048478 7.391479 10.559257
892 886 0.001381 0.037046 7.355896 10.508423
893 887 0.000000 0.041258 7.292908 10.418440
894 888 0.001619 0.043973 7.221008 10.315726
895 889 0.000488 0.045689 7.139526 10.199324
896 890 0.001196 0.049171 7.034790 10.049700
897 891 0.000846 0.055518 6.928345 9.897635
898 892 0.001381 0.062683 6.824768 9.749669
899 893 0.000691 0.047538 6.740662 9.629517
900 894 0.000000 0.043102 6.671997 9.531425
901 895 0.001465 0.043213 6.619263 9.456090
902 896 0.000691 0.046255 6.592590 9.417986
903 897 0.000977 0.041230 6.570251 9.386073
904 898 0.000977 0.031137 6.553833 9.362618
905 899 0.001196 0.036725 6.537720 9.339600
906 900 0.000488 0.028048 6.519775 9.313965
907 901 0.000000 0.031135 6.495972 9.279960
908 902 0.000000 0.031574 6.469116 9.241594
909 903 0.000691 0.032434 6.447205 9.210292
910 904 0.000000 0.046907 6.427063 9.181519
911 905 0.000977 0.042716 6.401917 9.145595
912 906 0.000488 0.052121 6.377808 9.111154
913 907 0.000000 0.050544 6.359863 9.085519
914 908 0.000000 0.055349 6.353149 9.075928
915 909 0.000000 0.051926 6.356323 9.080462
916 910 0.000691 0.044905 6.368164 9.097377
917 911 0.000691 0.050699 6.392090 9.131557
918 912 0.000846 0.077508 6.420288 9.171840
919 913 0.000000 0.070256 6.453979 9.219971
920 914 0.000488 0.082916 6.487061 9.267229
921 915 0.000691 0.063964 6.519531 9.313616
922 916 0.000691 0.068663 6.550781 9.358259
923 917 0.001196 0.067717 6.584717 9.406738
924 918 0.000691 0.052184 6.624512 9.463588
925 919 0.000691 0.046598 6.661743 9.516776
926 920 0.001092 0.048600 6.702026 9.574324
927 921 0.000691 0.054203 6.740601 9.629430
928 922 0.000488 0.054062 6.780151 9.685930
929 923 0.000691 0.045921 6.820923 9.744176
930 924 0.000977 0.047783 6.862061 9.802943
931 925 0.000977 0.066772 6.901611 9.859445
932 926 0.000000 0.065636 6.942871 9.918387
933 927 0.000977 0.064050 6.988037 9.982910
934 928 0.000977 0.073736 7.034180 10.048828
935 929 0.000977 0.077503 7.085083 10.121547
936 930 0.001196 0.058894 7.131592 10.187988
937 931 0.001092 0.051704 7.184448 10.263497
938 932 0.000691 0.060634 7.235718 10.336740
939 933 0.001092 0.064660 7.288330 10.411901
940 934 0.000488 0.068291 7.343140 10.490199
941 935 0.000846 0.070516 7.397095 10.567278
942 936 0.001196 0.068470 7.459839 10.656913
943 937 0.001465 0.071820 7.521118 10.744454
944 938 0.000977 0.053803 7.586914 10.838449
945 939 0.000846 0.059297 7.652954 10.932792
946 940 0.000691 0.060828 7.715820 11.022600
947 941 0.000000 0.055535 7.784546 11.120780
948 942 0.000000 0.061989 7.848022 11.211461
949 943 0.000691 0.068370 7.909668 11.299525
950 944 0.000691 0.066699 7.975830 11.394043
951 945 0.000846 0.066963 8.040405 11.486293
952 946 0.001092 0.058514 8.104736 11.578195
953 947 0.000691 0.067232 8.161865 11.659807
954 948 0.000846 0.072154 8.214355 11.734794
955 949 0.000691 0.057669 8.276489 11.823556
956 950 0.000691 0.066752 8.329468 11.899240
957 951 0.000000 0.060658 8.386353 11.980504
958 952 0.000691 0.059450 8.441406 12.059152
959 953 0.000488 0.059045 8.494385 12.134835
960 954 0.000846 0.062203 8.549561 12.213658
961 955 0.000000 0.074895 8.586304 12.266149
962 956 0.000691 0.075835 8.616333 12.309047
963 957 0.000691 0.096315 8.633789 12.333984
964 958 0.000846 0.086300 8.645630 12.350900
965 959 0.000488 0.091350 8.647461 12.353516
966 960 0.000846 0.090017 8.640869 12.344099
967 961 0.000488 0.085605 8.636353 12.337646
968 962 0.000691 0.082481 8.627441 12.324916
969 963 0.000691 0.076392 8.627930 12.325614
970 964 0.000691 0.082235 8.621460 12.316371
971 965 0.000000 0.077208 8.615845 12.308350
972 966 0.000000 0.074425 8.607178 12.295968
973 967 0.000977 0.073848 8.593140 12.275914
974 968 0.000846 0.075773 8.583618 12.262312
975 969 0.000000 0.061691 8.561523 12.230748
976 970 0.000488 0.075289 8.542114 12.203020
977 971 0.000977 0.064692 8.523682 12.176688
978 972 0.000000 0.070988 8.507812 12.154017
979 973 0.000977 0.068038 8.496094 12.137277
980 974 0.000691 0.066600 8.472412 12.103446
981 975 0.000691 0.057226 8.447754 12.068220
982 976 0.000691 0.053773 8.426514 12.037877
983 977 0.000846 0.062912 8.406250 12.008928
984 978 0.000000 0.057436 8.387085 11.981550
985 979 0.000691 0.050485 8.362549 11.946498
986 980 0.000000 0.057696 8.341919 11.917027
987 981 0.000691 0.053920 8.323486 11.890695
988 982 0.000488 0.055076 8.305176 11.864537
989 983 0.000488 0.050815 8.283691 11.833845
990 984 0.000488 0.055378 8.257812 11.796875
991 985 0.000977 0.056867 8.236816 11.766881
992 986 0.000000 0.058313 8.212891 11.732701
993 987 0.000691 0.070341 8.196167 11.708810
994 988 0.000691 0.082217 8.174438 11.677770
995 989 0.000846 0.096662 8.148682 11.640974
996 990 0.000846 0.093738 8.125244 11.607491
997 991 0.000691 0.098963 8.098511 11.569301
998 992 0.000846 0.098873 8.082397 11.546282
999 993 0.000977 0.093142 8.057861 11.511230
1000 994 0.001619 0.090419 8.030396 11.471993
1001 995 0.000977 0.080377 8.000488 11.429269
1002 996 0.000977 0.075763 7.957031 11.367188
1003 997 0.000846 0.078095 7.899658 11.285226
1004 998 0.000691 0.069122 7.818848 11.169783
1005 999 0.000691 0.071296 7.719971 11.028529
1006 1000 0.000000 0.073109 7.602783 10.861119
1007 1001 0.000000 0.083067 7.464355 10.663365
1008 1002 0.000488 0.086475 7.321045 10.458635
1009 1003 0.000977 0.087362 7.165771 10.236816
1010 1004 0.001092 0.101632 7.000854 10.001221
1011 1005 0.000488 0.105940 6.827881 9.754115
1012 1006 0.000691 0.102799 6.656494 9.509277
1013 1007 0.000691 0.092007 6.479126 9.255895
1014 1008 0.000488 0.091025 6.293701 8.991002
1015 1009 0.000977 0.078931 6.106689 8.723842
1016 1010 0.001196 0.079720 5.914795 8.449707
1017 1011 0.000691 0.073889 5.725098 8.178711
1018 1012 0.000691 0.068348 5.528320 7.897601
1019 1013 0.000488 0.064767 5.335449 7.622070
1020 1014 0.001092 0.069784 5.150635 7.358050
1021 1015 0.000488 0.064850 4.985718 7.122454
1022 1016 0.000691 0.061125 4.857056 6.938651
1023 1017 0.000691 0.056813 4.756348 6.794782
1024 1018 0.000488 0.059487 4.686646 6.695208
1025 1019 0.000691 0.054602 4.647583 6.639404
1026 1020 0.000846 0.050424 4.623413 6.604876
1027 1021 0.000000 0.047839 4.613159 6.590228
1028 1022 0.000691 0.045523 4.596313 6.566162
1029 1023 0.000691 0.046477 4.578613 6.540876
1030 1024 0.000691 0.039850 4.559448 6.513497
1031 1025 0.000691 0.041500 4.538330 6.483329
1032 1026 0.001092 0.026760 4.521362 6.459089
1033 1027 0.000977 0.016224 4.500122 6.428746
1034 1028 0.001544 0.021157 4.479858 6.399798
1035 1029 0.001292 0.013601 4.462158 6.374512
1036 1030 0.001381 0.021309 4.451904 6.359863
1037 1031 0.001292 0.013438 4.450073 6.357247
1038 1032 0.001544 0.015960 4.458008 6.368583
1039 1033 0.001691 0.019820 4.472046 6.388637
1040 1034 0.001292 0.019193 4.495605 6.422294
1041 1035 0.001196 0.021637 4.525024 6.464321
1042 1036 0.001196 0.017747 4.551392 6.501988
1043 1037 0.001544 0.019084 4.578491 6.540702
1044 1038 0.000000 0.018251 4.607178 6.581683
1045 1039 0.000691 0.023128 4.640503 6.629290
1046 1040 0.000000 0.018700 4.677124 6.681606
1047 1041 0.000000 0.006613 4.705688 6.722412
1048 1042 0.000000 0.009346 4.733398 6.761998
1049 1043 0.000000 0.014893 4.761353 6.801932
1050 1044 0.000000 0.018694 4.786255 6.837507
1051 1045 0.000691 0.015795 4.815674 6.879534
1052 1046 0.000488 0.026257 4.841064 6.915806
1053 1047 0.000000 0.043016 4.874390 6.963414
1054 1048 0.000977 0.039146 4.910767 7.015381
1055 1049 0.001465 0.041820 4.946533 7.066476
1056 1050 0.001196 0.058190 4.984131 7.120187
1057 1051 0.001381 0.053426 5.018188 7.168841
1058 1052 0.002128 0.058233 5.063110 7.233015
1059 1053 0.001761 0.049377 5.110352 7.300502
1060 1054 0.001381 0.058054 5.163696 7.376709
1061 1055 0.000977 0.061137 5.219971 7.457101
1062 1056 0.000977 0.052708 5.277344 7.539062
1063 1057 0.001381 0.058959 5.333740 7.619629
1064 1058 0.000691 0.052914 5.385132 7.693046
1065 1059 0.000977 0.062991 5.435059 7.764369
1066 1060 0.000000 0.061136 5.482666 7.832380
1067 1061 0.000488 0.051768 5.524780 7.892543
1068 1062 0.000000 0.045246 5.561157 7.944510
1069 1063 0.000691 0.041974 5.587402 7.982003
1070 1064 0.000488 0.047989 5.604736 8.006766
1071 1065 0.000000 0.040562 5.614990 8.021415
1072 1066 0.001196 0.041094 5.616333 8.023333
1073 1067 0.000977 0.042866 5.615234 8.021764
1074 1068 0.000846 0.046378 5.609497 8.013567
1075 1069 0.000977 0.047628 5.606812 8.009730
1076 1070 0.000488 0.042861 5.598022 7.997175
1077 1071 0.000691 0.047862 5.587036 7.981480
1078 1072 0.000691 0.045754 5.574951 7.964216
1079 1073 0.000488 0.049726 5.559814 7.942592
1080 1074 0.000488 0.040886 5.542725 7.918178
1081 1075 0.000000 0.040420 5.520630 7.886614
1082 1076 0.000000 0.035508 5.492310 7.846157
1083 1077 0.000691 0.035274 5.450806 7.786865
1084 1078 0.000000 0.027349 5.389771 7.699672
1085 1079 0.000977 0.023435 5.314697 7.592425
1086 1080 0.000488 0.025068 5.229736 7.471052
1087 1081 0.000488 0.023263 5.145020 7.350028
1088 1082 0.000000 0.020000 5.070801 7.244001
1089 1083 0.000488 0.014516 5.011963 7.159947
1090 1084 0.000000 0.019256 4.971313 7.101876
1091 1085 0.000000 0.024949 4.942505 7.060721
1092 1086 0.000488 0.033525 4.924072 7.034389
1093 1087 0.000000 0.045936 4.905396 7.007708
1094 1088 0.000691 0.058192 4.889282 6.984689
1095 1089 0.001092 0.031862 4.868530 6.955043
1096 1090 0.001092 0.069201 4.847778 6.925397
1097 1091 0.000977 0.058656 4.830322 6.900460
1098 1092 0.000977 0.051850 4.814331 6.877616
1099 1093 0.000691 0.041498 4.804688 6.863839
1100 1094 0.000691 0.031726 4.796509 6.852155
