10 4 0.000488 0.034013 0.878165 1.254521
11 5 0.000000 0.038547 0.945146 1.350209
12 6 0.000000 0.039294 1.005968 1.437098
13 7 0.000691 0.040883 1.061980 1.517114
14 8 0.000691 0.050385 1.112321 1.589031
15 9 0.000691 0.043338 1.158347 1.654782
16 10 0.000977 0.037467 1.202893 1.718418
17 11 0.001196 0.045779 1.244295 1.777564
18 12 0.001381 0.048805 1.279656 1.828081
19 13 0.001381 0.062930 1.314375 1.877679
20 14 0.001619 0.082723 1.343939 1.919913
21 15 0.002762 0.083796 1.368311 1.954730
22 16 0.002238 0.108995 1.391415 1.987735
23 17 0.001761 0.109237 1.419640 2.028057
24 18 0.002719 0.114242 1.458740 2.083914
25 19 0.002629 0.104306 1.494876 2.135537
26 20 0.003876 0.086796 1.535097 2.192995
27 21 0.003239 0.086764 1.580827 2.258324
28 22 0.004143 0.071981 1.632931 2.332758
29 23 0.004809 0.056099 1.685463 2.407805
30 24 0.004312 0.051933 1.739587 2.485124
31 25 0.002719 0.059631 1.798545 2.569350
32 26 0.001196 0.055480 1.861187 2.658839
33 27 0.001381 0.053587 1.932679 2.760970
34 28 0.001381 0.042134 2.004907 2.864152
35 29 0.001761 0.075174 2.084027 2.977181
36 30 0.002674 0.075589 2.159295 3.084707
37 31 0.002072 0.085427 2.236720 3.195314
38 32 0.001953 0.090397 2.320700 3.315285
39 33 0.001092 0.085297 2.404200 3.434572
40 34 0.002584 0.111382 2.488304 3.554719
41 35 0.002537 0.076273 2.569975 3.671393
42 36 0.002762 0.072960 2.654846 3.792637
43 37 0.002762 0.046115 2.746282 3.923259
44 38 0.003010 0.043316 2.835333 4.050476
45 39 0.002930 0.045673 2.927844 4.182634
46 40 0.001761 0.029132 3.022837 4.318338
47 41 0.002184 0.026922 3.117442 4.453489
48 42 0.001691 0.029443 3.217108 4.595868
49 43 0.001827 0.021389 3.311625 4.730892
50 44 0.001544 0.025043 3.409240 4.870343
51 45 0.001544 0.016138 3.503107 5.004439
52 46 0.001544 0.022519 3.597191 5.138844
53 47 0.000691 0.018760 3.693079 5.275827
54 48 0.000691 0.021424 3.781451 5.402073
55 49 0.000846 0.023404 3.875203 5.536005
56 50 0.000000 0.020399 3.967941 5.668488
57 51 0.000977 0.021853 4.061741 5.802487
58 52 0.000691 0.027507 4.154135 5.934478
59 53 0.000488 0.016423 4.240911 6.058445
60 54 0.001292 0.030457 4.331190 6.187415
61 55 0.000000 0.027776 4.414701 6.306716
62 56 0.000977 0.025363 4.501455 6.430650
63 57 0.000977 0.028985 4.578186 6.540266
64 58 0.000846 0.039530 4.648939 6.641342
65 59 0.001292 0.031626 4.709774 6.728249
66 60 0.000691 0.033923 4.761778 6.802540
67 61 0.000977 0.041869 4.816750 6.881071
68 62 0.001465 0.040324 4.861210 6.944585
69 63 0.000488 0.042594 4.912674 7.018106
70 64 0.000977 0.034486 4.959503 7.085004
71 65 0.001292 0.041097 5.005600 7.150857
72 66 0.000691 0.033470 5.046144 7.208778
73 67 0.000000 0.029650 5.066917 7.238453
74 68 0.001381 0.018615 5.075436 7.250622
75 69 0.000691 0.024946 5.075092 7.250132
76 70 0.000691 0.024600 5.067654 7.239505
77 71 0.000977 0.024920 5.063074 7.232963
78 72 0.000691 0.027485 5.049095 7.212993
79 73 0.001196 0.033208 5.042942 7.204203
80 74 0.000488 0.034040 5.041885 7.202693
81 75 0.000488 0.038969 5.036598 7.195140
82 76 0.000846 0.039228 5.037865 7.196949
83 77 0.000691 0.040484 5.037540 7.196486
84 78 0.000691 0.036109 5.040524 7.200748
85 79 0.000846 0.056395 5.038979 7.198541
86 80 0.000977 0.061467 5.032711 7.189587
87 81 0.000691 0.060302 5.022617 7.175168
88 82 0.001292 0.076490 5.009659 7.156655
89 83 0.000488 0.059165 4.995338 7.136198
90 84 0.000977 0.089365 4.984478 7.120683
91 85 0.000691 0.039450 4.975216 7.107451
92 86 0.000691 0.038085 4.967140 7.095914
93 87 0.001092 0.027851 4.962463 7.089233
94 88 0.000846 0.031450 4.959316 7.084737
95 89 0.000977 0.049895 4.948551 7.069359
96 90 0.001381 0.042403 4.934963 7.049947
97 91 0.000488 0.051743 4.915257 7.021795
98 92 0.001544 0.055343 4.891483 6.987833
99 93 0.000488 0.055612 4.867172 6.953103
100 94 0.000000 0.039162 4.838409 6.912014
101 95 0.000846 0.030439 4.816486 6.880695
102 96 0.000977 0.031753 4.793671 6.848101
103 97 0.000977 0.030825 4.773273 6.818962
104 98 0.001465 0.025399 4.754700 6.792428
105 99 0.000488 0.031559 4.732597 6.760853
106 100 0.000691 0.029529 4.711014 6.730020
107 101 0.000846 0.030773 4.681850 6.688358
108 102 0.000000 0.031965 4.651230 6.644614
109 103 0.000000 0.029176 4.616100 6.594429
110 104 0.000488 0.035396 4.570076 6.528680
111 105 0.001092 0.034632 4.521408 6.459155
112 106 0.000691 0.037940 4.457142 6.367345
113 107 0.001092 0.040490 4.387592 6.267989
114 108 0.001465 0.047268 4.310825 6.158322
115 109 0.000691 0.047177 4.227356 6.039080
116 110 0.000977 0.044409 4.142368 5.917669
117 111 0.000846 0.042579 4.048828 5.784040
118 112 0.000691 0.041202 3.956810 5.652586
119 113 0.001092 0.038380 3.860550 5.515071
120 114 0.000691 0.041968 3.762192 5.374560
121 115 0.001196 0.029884 3.656303 5.223290
122 116 0.001196 0.027889 3.545212 5.064588
123 117 0.001092 0.033322 3.425163 4.893090
124 118 0.001827 0.034290 3.301468 4.716383
125 119 0.001544 0.043596 3.179718 4.542454
126 120 0.002584 0.051240 3.057358 4.367654
127 121 0.003010 0.080555 2.959404 4.227720
128 122 0.003814 0.075939 2.867966 4.097094
129 123 0.004056 0.082815 2.802597 4.003710
130 124 0.004026 0.089551 2.743736 3.919623
131 125 0.004858 0.105883 2.709068 3.870098
132 126 0.003088 0.079029 2.682236 3.831765
133 127 0.003521 0.077572 2.659889 3.799842
134 128 0.004834 0.074361 2.650810 3.786872
135 129 0.005880 0.087519 2.629822 3.756888
136 130 0.006329 0.085528 2.619621 3.742316
137 131 0.005481 0.107065 2.591217 3.701739
138 132 0.006234 0.101105 2.587776 3.696823
139 133 0.006587 0.064565 2.584618 3.692311
140 134 0.005259 0.064831 2.608627 3.726610
141 135 0.004784 0.059427 2.658516 3.797880
142 136 0.004422 0.055851 2.717499 3.882141
143 137 0.005304 0.042889 2.812973 4.018533
144 138 0.005144 0.044968 2.905052 4.150074
145 139 0.002238 0.077308 3.008324 4.297605
146 140 0.003312 0.077454 3.105942 4.437060
147 141 0.003418 0.054617 3.202721 4.575315
148 142 0.003239 0.041995 3.311073 4.730105
149 143 0.003845 0.033428 3.409279 4.870399
150 144 0.003088 0.032156 3.514175 5.020251
151 145 0.003202 0.037208 3.614487 5.163552
152 146 0.002930 0.047306 3.710091 5.300129
153 147 0.002537 0.056272 3.804192 5.434559
154 148 0.002072 0.062687 3.895241 5.564630
155 149 0.001381 0.064085 3.985695 5.693850
156 150 0.001827 0.058778 4.073952 5.819931
157 151 0.001891 0.069325 4.156921 5.938459
158 152 0.001381 0.049103 4.237968 6.054241
159 153 0.002072 0.048874 4.313934 6.162763
160 154 0.002238 0.050194 4.390755 6.272507
161 155 0.002128 0.052838 4.465240 6.378915
162 156 0.001953 0.064212 4.527580 6.467972
163 157 0.001292 0.052966 4.580460 6.543514
164 158 0.002072 0.062069 4.611458 6.587797
165 159 0.000977 0.054696 4.635025 6.621464
166 160 0.000846 0.052240 4.645584 6.636549
167 161 0.000977 0.059869 4.642509 6.632156
168 162 0.001381 0.043548 4.636421 6.623459
169 163 0.001544 0.055264 4.623917 6.605595
170 164 0.001544 0.053793 4.617241 6.596058
171 165 0.002184 0.061590 4.609070 6.584385
172 166 0.001381 0.058721 4.594482 6.563546
173 167 0.000691 0.057792 4.591194 6.558849
174 168 0.001827 0.044669 4.579659 6.542369
175 169 0.001619 0.039619 4.575920 6.537029
176 170 0.001196 0.032808 4.567963 6.525661
177 171 0.001827 0.038263 4.556000 6.508571
178 172 0.002013 0.029044 4.550804 6.501149
179 173 0.000691 0.034674 4.535881 6.479830
180 174 0.001381 0.036944 4.531197 6.473138
181 175 0.000691 0.040080 4.534264 6.477520
182 176 0.002072 0.049206 4.548218 6.497454
183 177 0.000977 0.042797 4.570038 6.528625
184 178 0.001196 0.046338 4.594391 6.563416
185 179 0.001465 0.050274 4.626358 6.609083
186 180 0.001465 0.055501 4.657646 6.653780
187 181 0.001544 0.048130 4.692085 6.702979
188 182 0.001544 0.046620 4.720337 6.743339
189 183 0.001381 0.049596 4.748802 6.784003
190 184 0.002441 0.044347 4.784073 6.834390
191 185 0.000977 0.040606 4.819008 6.884297
192 186 0.000977 0.023418 4.863785 6.948264
193 187 0.000977 0.032336 4.903526 7.005038
194 188 0.001092 0.032211 4.953232 7.076046
195 189 0.000691 0.033179 5.006371 7.151958
196 190 0.000000 0.043152 5.050385 7.214835
197 191 0.000977 0.048741 5.092110 7.274442
198 192 0.001691 0.048854 5.122696 7.318137
199 193 0.000691 0.038231 5.150620 7.358028
200 194 0.000977 0.037477 5.174980 7.392829
201 195 0.001953 0.042771 5.194191 7.420273
202 196 0.000691 0.040921 5.216400 7.452000
203 197 0.000691 0.031604 5.232864 7.475521
204 198 0.002072 0.039750 5.244789 7.492556
205 199 0.002128 0.031553 5.248291 7.497559
206 200 0.001619 0.038731 5.238441 7.483488
207 201 0.000846 0.044603 5.227165 7.467379
208 202 0.001691 0.048886 5.203056 7.432938
209 203 0.001827 0.047895 5.179703 7.399575
210 204 0.001619 0.027741 5.158157 7.368796
211 205 0.000691 0.035174 5.147156 7.353080
212 206 0.002629 0.036971 5.139893 7.342704
213 207 0.001544 0.036207 5.115921 7.308459
214 208 0.001381 0.039320 5.092255 7.274650
215 209 0.001827 0.034653 5.068359 7.240513
216 210 0.001827 0.022280 5.041107 7.201581
217 211 0.000846 0.030883 5.003967 7.148525
218 212 0.003202 0.045120 4.967789 7.096841
219 213 0.003202 0.034721 4.942612 7.060874
220 214 0.000691 0.066867 4.924377 7.034825
221 215 0.002238 0.065518 4.904282 7.006116
222 216 0.001827 0.072713 4.888962 6.984231
223 217 0.001092 0.064945 4.876572 6.966531
224 218 0.000000 0.062590 4.860626 6.943752
225 219 0.001196 0.055210 4.842987 6.918553
226 220 0.001292 0.043621 4.826370 6.894814
227 221 0.000488 0.034011 4.802017 6.860024
228 222 0.001196 0.025349 4.771652 6.816646
229 223 0.001381 0.038245 4.739426 6.770608
230 224 0.000977 0.041887 4.709671 6.728101
231 225 0.001381 0.035900 4.688431 6.697758
232 226 0.000977 0.037210 4.662811 6.661159
233 227 0.000488 0.038514 4.645340 6.636200
234 228 0.000846 0.040716 4.628220 6.611742
235 229 0.001891 0.049503 4.606964 6.581378
236 230 0.000488 0.054477 4.586548 6.552211
237 231 0.000691 0.062535 4.566223 6.523176
238 232 0.001953 0.051682 4.551956 6.502795
239 233 0.000977 0.047180 4.537552 6.482217
240 234 0.001292 0.049343 4.532898 6.475568
241 235 0.000977 0.050841 4.529312 6.470446
242 236 0.001381 0.041961 4.517899 6.454141
243 237 0.000691 0.046005 4.497192 6.424561
244 238 0.001092 0.048699 4.477814 6.396877
245 239 0.000846 0.049337 4.473312 6.390446
246 240 0.000977 0.045478 4.470642 6.386631
247 241 0.001381 0.051720 4.474533 6.392190
248 242 0.000488 0.050813 4.481934 6.402762
249 243 0.000691 0.049495 4.495438 6.422054
250 244 0.001761 0.046811 4.504745 6.435351
251 245 0.001544 0.045359 4.500275 6.428964
252 246 0.000846 0.050957 4.496384 6.423405
253 247 0.001196 0.047157 4.496017 6.422882
254 248 0.001953 0.029988 4.500580 6.429400
255 249 0.002013 0.025457 4.515198 6.450283
256 250 0.002889 0.017010 4.532791 6.475416
257 251 0.001381 0.033340 4.551315 6.501879
258 252 0.001544 0.032787 4.557281 6.510402
259 253 0.001196 0.041941 4.554230 6.506042
260 254 0.000691 0.036845 4.557465 6.510664
261 255 0.000977 0.039173 4.560120 6.514457
262 256 0.001465 0.026898 4.569977 6.528538
263 257 0.001381 0.016558 4.578842 6.541203
264 258 0.000977 0.006700 4.592712 6.561018
265 259 0.001092 0.016541 4.604462 6.577802
266 260 0.000488 0.020957 4.614639 6.592342
267 261 0.001092 0.027915 4.619705 6.599579
268 262 0.000846 0.018828 4.621857 6.602653
269 263 0.000691 0.025874 4.619781 6.599688
270 264 0.000846 0.035158 4.615692 6.593846
271 265 0.000977 0.031112 4.615906 6.594151
272 266 0.001381 0.031758 4.612366 6.589094
273 267 0.001953 0.019350 4.604492 6.577846
274 268 0.000846 0.018374 4.587387 6.553410
275 269 0.001544 0.011964 4.569168 6.527383
276 270 0.000846 0.016362 4.544876 6.492680
277 271 0.000488 0.026054 4.520508 6.457868
278 272 0.000488 0.022884 4.493256 6.418937
279 273 0.000691 0.023526 4.475174 6.393106
280 274 0.001196 0.024731 4.452637 6.360909
281 275 0.001381 0.031921 4.427979 6.325684
282 276 0.001196 0.023933 4.395554 6.279362
283 277 0.000977 0.030962 4.350723 6.215319
284 278 0.001292 0.024596 4.291611 6.130872
285 279 0.001619 0.023049 4.210342 6.014775
286 280 0.002184 0.022736 4.120377 5.886252
287 281 0.001381 0.008977 4.017929 5.739899
288 282 0.000691 0.004405 3.916061 5.594373
289 283 0.001381 0.004716 3.809662 5.442374
290 284 0.001544 0.005113 3.696884 5.281263
291 285 0.000691 0.006910 3.575104 5.107291
292 286 0.001953 0.036773 3.442596 4.917995
293 287 0.001827 0.025604 3.309357 4.727653
294 288 0.001381 0.017240 3.170624 4.529462
295 289 0.001196 0.027401 3.033112 4.333016
296 290 0.002072 0.028585 2.906921 4.152745
297 291 0.000977 0.008711 2.783432 3.976331
298 292 0.001761 0.036723 2.667557 3.810795
299 293 0.001761 0.041918 2.553925 3.648464
300 294 0.000977 0.043305 2.445312 3.493304
301 295 0.001381 0.043438 2.333542 3.333631
302 296 0.000691 0.037940 2.214142 3.163060
303 297 0.001292 0.031726 2.100357 3.000510
304 298 0.001544 0.024104 1.986649 2.838069
305 299 0.001544 0.014178 1.876892 2.681274
306 300 0.000000 0.010095 1.768280 2.526114
307 301 0.003453 0.040617 1.671432 2.387761
308 302 0.002762 0.034917 1.582397 2.260568
309 303 0.002930 0.034891 1.495193 2.135991
310 304 0.002584 0.044775 1.424454 2.034934
311 305 0.003088 0.050927 1.371155 1.958793
312 306 0.002970 0.049309 1.330627 1.900896
313 307 0.001691 0.056456 1.307266 1.867523
314 308 0.001691 0.066591 1.297653 1.853790
315 309 0.001827 0.075585 1.295776 1.851109
316 310 0.001691 0.060699 1.301102 1.858717
317 311 0.001292 0.049481 1.297211 1.853158
318 312 0.000846 0.064320 1.300735 1.858194
319 313 0.004683 0.058900 1.297684 1.853834
320 314 0.003588 0.047386 1.289902 1.842717
321 315 0.002719 0.053940 1.293945 1.848493
322 316 0.001092 0.060736 1.294098 1.848711
323 317 0.001891 0.110580 1.303726 1.862466
324 318 0.002128 0.108512 1.338318 1.911883
325 319 0.001953 0.105775 1.381210 1.973158
326 320 0.003010 0.116622 1.459793 2.085419
327 321 0.003719 0.112745 1.546341 2.209059
328 322 0.004931 0.100947 1.632904 2.332720
329 323 0.004528 0.105218 1.744339 2.491913
330 324 0.003487 0.129426 1.843567 2.633667
331 325 0.004340 0.135485 1.928436 2.754909
332 326 0.003487 0.144680 2.013504 2.876434
333 327 0.003239 0.118561 2.079391 2.970559
334 328 0.003906 0.144980 2.170975 3.101393
335 329 0.003312 0.099897 2.246948 3.209926
336 330 0.003588 0.062795 2.305115 3.293021
337 331 0.002970 0.063297 2.398010 3.425729
338 332 0.002847 0.056973 2.475494 3.536421
339 333 0.002184 0.059521 2.571960 3.674229
340 334 0.002184 0.061878 2.664398 3.806283
341 335 0.001465 0.064389 2.755936 3.937051
342 336 0.000488 0.048842 2.872391 4.103415
343 337 0.000488 0.061886 2.983841 4.262630
344 338 0.000977 0.050407 3.094818 4.421169
345 339 0.002762 0.028642 3.215332 4.593331
346 340 0.003312 0.075239 3.324097 4.748710
347 341 0.003418 0.071546 3.444046 4.920066
348 342 0.003686 0.069782 3.557938 5.082768
349 343 0.003719 0.055083 3.668488 5.240696
350 344 0.002674 0.068138 3.781937 5.402767
351 345 0.002441 0.079597 3.886963 5.552804
352 346 0.001196 0.046556 3.995163 5.707376
353 347 0.000977 0.047841 4.096069 5.851528
354 348 0.000691 0.036552 4.197952 5.997075
355 349 0.000488 0.038531 4.290894 6.129848
356 350 0.000488 0.037613 4.387817 6.268311
357 351 0.000691 0.048230 4.481537 6.402195
358 352 0.001092 0.036921 4.577408 6.539154
359 353 0.000691 0.033604 4.674377 6.677682
360 354 0.001292 0.038960 4.769043 6.812919
361 355 0.001691 0.032320 4.862488 6.946411
362 356 0.001619 0.027751 4.951279 7.073255
363 357 0.002072 0.033092 5.033600 7.190857
364 358 0.002342 0.027932 5.112045 7.302922
365 359 0.003088 0.029731 5.186783 7.409690
366 360 0.003088 0.028849 5.261200 7.516000
367 361 0.003312 0.035533 5.339096 7.627280
368 362 0.002392 0.023079 5.408554 7.726506
369 363 0.001827 0.034328 5.483597 7.833710
370 364 0.001381 0.045468 5.554993 7.935704
371 365 0.001196 0.030963 5.628174 8.040248
372 366 0.001292 0.044102 5.696442 8.137774
373 367 0.000691 0.025605 5.759995 8.228563
374 368 0.001196 0.043795 5.813080 8.304399
375 369 0.000977 0.048517 5.860092 8.371560
376 370 0.001092 0.043847 5.895416 8.422023
377 371 0.000977 0.051742 5.917191 8.453130
378 372 0.000977 0.059509 5.927292 8.467560
379 373 0.000000 0.054351 5.931458 8.473511
380 374 0.000691 0.064229 5.945297 8.493281
381 375 0.000488 0.066198 5.947403 8.496290
382 376 0.001691 0.062017 5.953278 8.504683
383 377 0.001196 0.095970 5.963287 8.518982
384 378 0.001196 0.069845 5.964630 8.520900
385 379 0.001827 0.081758 5.970688 8.529554
386 380 0.001827 0.074823 5.962875 8.518394
387 381 0.001691 0.086217 5.962708 8.518153
388 382 0.000691 0.123417 5.955566 8.507952
389 383 0.000977 0.104403 5.950455 8.500649
390 384 0.001092 0.106164 5.955856 8.508367
391 385 0.001196 0.115260 5.949326 8.499037
392 386 0.001465 0.119790 5.946106 8.494437
393 387 0.000488 0.129836 5.941086 8.487266
394 388 0.000977 0.125566 5.944321 8.491887
395 389 0.000488 0.110850 5.943787 8.491124
396 390 0.000000 0.106075 5.939178 8.484541
397 391 0.000846 0.096905 5.944260 8.491799
398 392 0.000691 0.106593 5.943329 8.490470
399 393 0.000691 0.095447 5.939255 8.484650
400 394 0.000846 0.091797 5.930725 8.472465
401 395 0.000488 0.087046 5.921158 8.458797
402 396 0.000691 0.086946 5.917938 8.454198
403 397 0.000488 0.088215 5.903442 8.433489
404 398 0.000977 0.066110 5.893372 8.419103
405 399 0.000000 0.073632 5.885864 8.408378
406 400 0.000000 0.074552 5.878510 8.397871
407 401 0.000846 0.074078 5.868683 8.383833
408 402 0.000977 0.086728 5.851868 8.359811
409 403 0.001196 0.096379 5.839813 8.342590
410 404 0.000691 0.108724 5.823395 8.319136
411 405 0.000488 0.095189 5.800659 8.286656
412 406 0.000691 0.074588 5.778625 8.255179
413 407 0.000488 0.081014 5.754181 8.220259
414 408 0.000691 0.079058 5.732513 8.189305
415 409 0.001092 0.061809 5.709259 8.156084
416 410 0.000691 0.057604 5.693207 8.133153
417 411 0.000977 0.045199 5.682373 8.117676
418 412 0.000977 0.062085 5.667572 8.096532
419 413 0.000691 0.052382 5.654053 8.077218
420 414 0.000000 0.050312 5.639526 8.056466
421 415 0.000977 0.061093 5.625519 8.036455
422 416 0.000977 0.073115 5.610016 8.014308
423 417 0.000000 0.098621 5.592834 7.989764
424 418 0.000488 0.100594 5.573669 7.962385
425 419 0.001196 0.109601 5.547363 7.924805
426 420 0.000846 0.112960 5.513062 7.875802
427 421 0.000691 0.111546 5.470459 7.814941
428 422 0.000846 0.123559 5.423737 7.748195
429 423 0.000846 0.113881 5.364288 7.663269
430 424 0.000846 0.114070 5.300446 7.572065
431 425 0.000846 0.119713 5.230713 7.472447
432 426 0.000977 0.114950 5.157501 7.367859
433 427 0.000977 0.108223 5.086548 7.266497
434 428 0.000691 0.089527 5.011810 7.159729
435 429 0.000846 0.093628 4.945648 7.065212
436 430 0.000000 0.086474 4.879944 6.971348
437 431 0.000691 0.079639 4.813538 6.876482
438 432 0.000691 0.062145 4.744476 6.777823
439 433 0.000846 0.060406 4.669250 6.670358
440 434 0.000488 0.053606 4.589447 6.556353
441 435 0.001092 0.060026 4.509857 6.442653
442 436 0.000846 0.065405 4.414948 6.307068
443 437 0.001381 0.070265 4.326965 6.181379
444 438 0.001381 0.073431 4.241058 6.058655
445 439 0.001544 0.060655 4.158813 5.941162
446 440 0.001691 0.066935 4.079468 5.827811
447 441 0.001544 0.055110 3.998291 5.711844
448 442 0.001891 0.048554 3.931335 5.616193
449 443 0.001827 0.052754 3.864044 5.520063
450 444 0.001544 0.039973 3.803284 5.433262
451 445 0.000977 0.044716 3.742676 5.346680
452 446 0.001381 0.036441 3.686981 5.267116
453 447 0.000488 0.067949 3.623260 5.176086
454 448 0.000846 0.064961 3.561432 5.087760
455 449 0.001381 0.072722 3.498627 4.998038
456 450 0.001381 0.076983 3.430084 4.900120
457 451 0.002072 0.077368 3.366547 4.809352
458 452 0.001092 0.113948 3.298676 4.712394
459 453 0.002392 0.111616 3.234283 4.620405
460 454 0.002072 0.120708 3.173309 4.533299
461 455 0.000977 0.146120 3.114319 4.449027
462 456 0.001891 0.145153 3.063538 4.376482
463 457 0.002930 0.139213 3.014130 4.305900
464 458 0.003239 0.132675 2.978058 4.254368
465 459 0.003719 0.089381 2.952240 4.217486
466 460 0.005098 0.087206 2.930176 4.185966
467 461 0.005415 0.088795 2.921967 4.174238
468 462 0.002392 0.057933 2.903656 4.148080
469 463 0.001827 0.055323 2.880676 4.115252
470 464 0.001761 0.051534 2.862488 4.089268
471 465 0.002290 0.046667 2.835602 4.050860
472 466 0.003906 0.056573 2.819427 4.027753
473 467 0.002674 0.044294 2.778900 3.969857
474 468 0.001292 0.060066 2.748322 3.926174
475 469 0.001544 0.079974 2.741516 3.916452
476 470 0.002072 0.063964 2.722748 3.889640
477 471 0.003049 0.077823 2.739197 3.913138
478 472 0.003239 0.048447 2.742188 3.917411
479 473 0.000691 0.063643 2.766174 3.951678
480 474 0.001691 0.055536 2.800690 4.000985
481 475 0.001196 0.045512 2.818054 4.025792
482 476 0.001381 0.046100 2.851501 4.073574
483 477 0.002184 0.050037 2.864990 4.092843
484 478 0.001544 0.040076 2.891022 4.130031
485 479 0.001544 0.031372 2.920410 4.172015
486 480 0.001691 0.037247 2.952698 4.218140
487 481 0.001761 0.037531 2.995392 4.279131
488 482 0.001196 0.038434 3.037323 4.339033
489 483 0.001544 0.035107 3.089203 4.413147
490 484 0.001761 0.031060 3.143250 4.490356
491 485 0.001619 0.020792 3.202850 4.575500
492 486 0.000977 0.015002 3.264648 4.663784
493 487 0.000488 0.022361 3.339661 4.770944
494 488 0.000488 0.026265 3.414581 4.877973
495 489 0.000488 0.024034 3.494751 4.992501
496 490 0.001196 0.037596 3.578827 5.112610
497 491 0.000691 0.040048 3.664459 5.234942
498 492 0.000691 0.046202 3.749969 5.357099
499 493 0.000691 0.043212 3.832764 5.475377
500 494 0.000691 0.049207 3.930054 5.614362
501 495 0.000000 0.038534 4.025482 5.750689
502 496 0.001092 0.038279 4.123505 5.890721
503 497 0.001381 0.036786 4.224457 6.034938
504 498 0.000977 0.046229 4.329193 6.184562
505 499 0.000691 0.057484 4.439301 6.341858
506 500 0.000000 0.067668 4.542358 6.489083
507 501 0.000846 0.069700 4.643738 6.633911
508 502 0.001092 0.063887 4.739319 6.770455
509 503 0.000977 0.062332 4.827271 6.896101
510 504 0.000000 0.059517 4.921112 7.030160
511 505 0.000488 0.046537 5.004578 7.149396
512 506 0.000000 0.044675 5.080292 7.257560
513 507 0.001544 0.045420 5.150208 7.357440
514 508 0.001196 0.068016 5.221436 7.459194
515 509 0.001292 0.073826 5.292114 7.560163
516 510 0.001292 0.069628 5.352325 7.646179
517 511 0.000000 0.076987 5.409973 7.728533
518 512 0.000691 0.073641 5.469879 7.814113
519 513 0.001292 0.074430 5.524048 7.891497
520 514 0.001381 0.075269 5.566620 7.952314
521 515 0.001381 0.072802 5.595093 7.992990
522 516 0.001953 0.074705 5.610413 8.014875
523 517 0.001953 0.075612 5.616119 8.023027
524 518 0.001953 0.075789 5.616425 8.023463
525 519 0.002072 0.074761 5.610596 8.015137
526 520 0.002238 0.071701 5.595581 7.993687
527 521 0.002342 0.073252 5.578766 7.969666
528 522 0.001953 0.058260 5.557190 7.938843
529 523 0.001544 0.046437 5.546600 7.923715
530 524 0.001827 0.048702 5.524445 7.892064
531 525 0.001544 0.056616 5.506653 7.866647
532 526 0.001544 0.045991 5.500336 7.857623
533 527 0.001619 0.045414 5.478210 7.826015
534 528 0.000691 0.044557 5.472595 7.817993
535 529 0.001465 0.039171 5.449799 7.785427
536 530 0.000488 0.044959 5.424896 7.749852
537 531 0.000488 0.039609 5.395599 7.707999
538 532 0.000691 0.055605 5.358887 7.655552
539 533 0.000691 0.048997 5.345734 7.636762
540 534 0.000691 0.048380 5.314911 7.592730
541 535 0.001953 0.047876 5.287811 7.554016
542 536 0.001619 0.055082 5.264130 7.520185
543 537 0.001619 0.058801 5.243286 7.490409
544 538 0.001761 0.058860 5.226044 7.465777
545 539 0.002184 0.067174 5.193085 7.418693
546 540 0.002013 0.066855 5.167236 7.381766
547 541 0.001953 0.075163 5.140503 7.343575
548 542 0.000977 0.068302 5.129303 7.327576
549 543 0.001381 0.059281 5.118317 7.311881
550 544 0.000000 0.053026 5.109863 7.299805
551 545 0.002184 0.035431 5.121735 7.316764
552 546 0.001761 0.041105 5.142059 7.345799
553 547 0.002674 0.036247 5.179504 7.399292
554 548 0.001465 0.030204 5.208282 7.440403
555 549 0.001691 0.037546 5.243011 7.490016
556 550 0.001691 0.034370 5.277802 7.539716
557 551 0.001292 0.033429 5.320770 7.601100
558 552 0.002128 0.016754 5.380127 7.685895
559 553 0.000846 0.011753 5.431549 7.759356
560 554 0.000977 0.021207 5.495026 7.850037
561 555 0.000691 0.018852 5.553680 7.933829
562 556 0.001465 0.021667 5.617249 8.024641
563 557 0.002184 0.033907 5.675446 8.107780
564 558 0.002629 0.023480 5.728668 8.183812
565 559 0.002342 0.024716 5.791016 8.272880
566 560 0.001544 0.027013 5.847748 8.353926
567 561 0.000691 0.023361 5.910797 8.443995
568 562 0.000977 0.025154 5.982971 8.547102
569 563 0.001196 0.026376 6.047363 8.639091
570 564 0.000977 0.026963 6.104980 8.721400
571 565 0.001544 0.020244 6.149506 8.785008
572 566 0.001691 0.020814 6.193573 8.847961
573 567 0.001691 0.031545 6.237335 8.910479
574 568 0.001196 0.032623 6.267487 8.953552
575 569 0.000846 0.042931 6.299133 8.998762
576 570 0.001092 0.048446 6.319061 9.027230
577 571 0.000846 0.041937 6.338013 9.054304
578 572 0.000488 0.038368 6.349091 9.070129
579 573 0.000691 0.032828 6.350098 9.071568
580 574 0.000691 0.018613 6.342773 9.061105
581 575 0.000977 0.009129 6.330994 9.044276
582 576 0.000977 0.011611 6.319672 9.028102
583 577 0.000846 0.020120 6.303741 9.005345
584 578 0.000488 0.019051 6.289551 8.985072
585 579 0.000691 0.014675 6.280823 8.972604
586 580 0.001092 0.016981 6.258911 8.941301
587 581 0.001196 0.018680 6.243988 8.919983
588 582 0.000000 0.014541 6.226837 8.895482
589 583 0.000691 0.012908 6.210785 8.872550
590 584 0.000846 0.013300 6.189240 8.841771
591 585 0.001092 0.013613 6.162964 8.804235
592 586 0.000000 0.019762 6.151550 8.787929
593 587 0.001292 0.023196 6.131622 8.759460
594 588 0.000691 0.029045 6.114624 8.735177
595 589 0.000000 0.030289 6.089661 8.699515
596 590 0.000977 0.031502 6.072388 8.674840
597 591 0.000000 0.035373 6.050842 8.644060
598 592 0.000691 0.034010 6.029114 8.613020
599 593 0.001092 0.038889 6.008575 8.583679
600 594 0.000488 0.033227 5.987030 8.552900
601 595 0.000000 0.034277 5.972015 8.531450
602 596 0.000000 0.044633 5.949982 8.499974
603 597 0.000000 0.039470 5.932983 8.475691
604 598 0.000977 0.039994 5.914185 8.448835
605 599 0.000488 0.046356 5.893402 8.419146
606 600 0.000691 0.045025 5.874084 8.391549
607 601 0.000846 0.039590 5.853912 8.362732
608 602 0.000846 0.046146 5.830994 8.329991
609 603 0.000691 0.043441 5.808533 8.297904
610 604 0.000691 0.039900 5.786774 8.266820
611 605 0.000000 0.038765 5.767609 8.239441
612 606 0.000488 0.041514 5.741699 8.202428
613 607 0.000846 0.031864 5.713867 8.162667
614 608 0.000691 0.033513 5.684845 8.121207
615 609 0.001292 0.034185 5.647034 8.067191
616 610 0.000488 0.039809 5.608643 8.012346
617 611 0.000691 0.042352 5.552826 7.932609
618 612 0.000846 0.043739 5.490479 7.843541
619 613 0.000691 0.043009 5.418732 7.741045
620 614 0.000000 0.040432 5.338715 7.626735
621 615 0.000691 0.039181 5.249390 7.499128
622 616 0.000000 0.041989 5.145203 7.350289
623 617 0.000488 0.040763 5.037903 7.197004
624 618 0.000691 0.043754 4.919189 7.027413
625 619 0.000488 0.051443 4.789825 6.842608
626 620 0.000000 0.069900 4.651154 6.644505
627 621 0.000691 0.075658 4.504150 6.434501
628 622 0.000000 0.064258 4.351624 6.216605
629 623 0.000000 0.072880 4.196625 5.995178
630 624 0.000488 0.072463 4.038788 5.769697
631 625 0.000000 0.069328 3.879028 5.541469
632 626 0.000488 0.052691 3.721344 5.316206
633 627 0.000000 0.047808 3.560303 5.086147
634 628 0.000977 0.052072 3.397034 4.852905
635 629 0.000488 0.050793 3.227142 4.610203
636 630 0.000488 0.041355 3.056854 4.366935
637 631 0.000846 0.048888 2.879364 4.113377
638 632 0.000691 0.061071 2.692871 3.846959
639 633 0.001092 0.057552 2.505768 3.579668
640 634 0.002072 0.070656 2.317780 3.311114
641 635 0.002719 0.059845 2.120697 3.029567
642 636 0.002490 0.058853 1.929413 2.756304
643 637 0.004085 0.078150 1.753143 2.504490
644 638 0.003049 0.075848 1.584808 2.264012
645 639 0.002072 0.059031 1.443939 2.062770
646 640 0.001292 0.042223 1.325195 1.893136
647 641 0.002342 0.051153 1.244080 1.777257
648 642 0.002072 0.051462 1.175812 1.679731
649 643 0.003010 0.066978 1.116333 1.594761
650 644 0.002128 0.047025 1.065521 1.522173
651 645 0.001196 0.056725 1.009216 1.441738
652 646 0.001196 0.046544 0.952911 1.361302
653 647 0.001196 0.049908 0.893829 1.276899
654 648 0.001691 0.052419 0.836700 1.195286
655 649 0.002392 0.061390 0.783752 1.119646
656 650 0.000691 0.031233 0.738464 1.054949
657 651 0.001196 0.041027 0.691711 0.988159
658 652 0.000488 0.041592 0.636871 0.909816
659 653 0.001092 0.042819 0.573822 0.819746
660 654 0.000977 0.029146 0.502960 0.718515
661 655 0.002184 0.021834 0.427246 0.610352
662 656 0.001292 0.025571 0.348114 0.497306
663 657 0.000691 0.028555 0.271301 0.387573
664 658 0.001381 0.023714 0.202698 0.289568
665 659 0.000977 0.026217 0.145599 0.207999
666 660 0.001381 0.021031 0.104248 0.148926
667 661 0.001827 0.031498 0.069092 0.098703
668 662 0.000488 0.027201 0.046844 0.066921
669 663 0.000977 0.024696 0.035767 0.051095
670 664 0.001196 0.046462 0.030518 0.043597
671 665 0.001092 0.055718 0.029175 0.041678
672 666 0.000691 0.048634 0.027161 0.038801
673 667 0.000000 0.048519 0.030304 0.043291
674 668 0.000000 0.047069 0.032593 0.046561
675 669 0.000691 0.039458 0.031067 0.044381
676 670 0.001619 0.054577 0.032166 0.045951
677 671 0.001196 0.038408 0.029785 0.042550
678 672 0.001465 0.032988 0.033203 0.047433
679 673 0.000977 0.024419 0.033508 0.047869
680 674 0.000000 0.048546 0.033905 0.048436
681 675 0.000000 0.029675 0.033722 0.048174
682 676 0.000488 0.047610 0.034485 0.049264
683 677 0.000000 0.035540 0.036102 0.051575
684 678 0.000488 0.032319 0.033173 0.047389
685 679 0.000000 0.032952 0.033112 0.047302
686 680 0.000488 0.029463 0.033691 0.048131
687 681 0.000691 0.033245 0.037659 0.053798
688 682 0.000000 0.040899 0.038635 0.055193
689 683 0.000000 0.031951 0.039368 0.056240
690 684 0.000488 0.041088 0.037872 0.054103
691 685 0.000000 0.034467 0.037872 0.054103
692 686 0.000000 0.029533 0.034393 0.049133
693 687 0.000488 0.033712 0.028900 0.041286
694 688 0.000000 0.028530 0.023590 0.033700
695 689 0.001381 0.042898 0.020996 0.029994
696 690 0.001381 0.043579 0.018188 0.025984
697 691 0.000846 0.030615 0.016998 0.024283
698 692 0.000691 0.030191 0.015717 0.022452
699 693 0.000488 0.037475 0.015747 0.022496
700 694 0.000691 0.020185 0.016296 0.023281
701 695 0.001092 0.043068 0.019409 0.027727
702 696 0.000000 0.053524 0.021637 0.030910
703 697 0.001196 0.012897 0.019684 0.028120
704 698 0.000977 0.017871 0.017578 0.025112
705 699 0.000846 0.047122 0.015228 0.021755
706 700 0.000977 0.037655 0.013885 0.019836
707 701 0.000846 0.027507 0.010101 0.014430
708 702 0.000691 0.034948 0.012512 0.017875
709 703 0.000000 0.021288 0.014954 0.021362
710 704 0.000488 0.022299 0.017548 0.025068
711 705 0.000000 0.024496 0.018494 0.026420
712 706 0.000488 0.029628 0.021088 0.030125
713 707 0.001196 0.037190 0.021179 0.030256
714 708 0.001092 0.024512 0.015778 0.022539
715 709 0.000977 0.026671 0.013458 0.019226
716 710 0.001196 0.054613 0.062103 0.088719
717 711 0.001544 0.077380 0.095917 0.137024
718 712 0.001196 0.125434 0.124023 0.177176
719 713 0.000977 0.167551 0.156921 0.224173
720 714 0.001092 0.199997 0.184906 0.264151
721 715 0.000977 0.230920 0.218903 0.312718
722 716 0.000691 0.197098 0.200043 0.285775
723 717 0.001891 0.215139 0.202667 0.289525
724 718 0.001196 0.178770 0.206421 0.294887
725 719 0.000691 0.156735 0.213287 0.304696
726 720 0.000977 0.127126 0.227112 0.324445
727 721 0.000977 0.112099 0.238800 0.341143
728 722 0.001196 0.106074 0.256165 0.365949
729 723 0.001544 0.070569 0.272583 0.389404
730 724 0.001465 0.069542 0.298523 0.426461
731 725 0.001292 0.052907 0.327972 0.468532
732 726 0.000977 0.063065 0.371796 0.531137
733 727 0.000691 0.055964 0.430145 0.614493
734 728 0.001381 0.044609 0.497803 0.711147
735 729 0.001292 0.039879 0.580048 0.828639
736 730 0.001292 0.032922 0.670929 0.958470
737 731 0.001891 0.038174 0.765076 1.092965
738 732 0.001891 0.028925 0.859039 1.227199
739 733 0.001544 0.016397 0.942017 1.345738
740 734 0.000000 0.039844 1.023254 1.461792
741 735 0.000691 0.043853 1.097565 1.567950
742 736 0.000488 0.119091 1.165863 1.665519
743 737 0.000488 0.123930 1.232025 1.760036
744 738 0.000000 0.116100 1.295227 1.850324
745 739 0.001092 0.126962 1.370941 1.958487
746 740 0.002441 0.136572 1.459686 2.085266
747 741 0.004056 0.172169 1.567566 2.239380
748 742 0.004883 0.085712 1.688110 2.411586
749 743 0.005459 0.085974 1.823608 2.605155
750 744 0.005546 0.100830 1.982635 2.832336
751 745 0.006310 0.058756 2.142944 3.061349
752 746 0.003418 0.038784 2.310699 3.300999
753 747 0.003049 0.048779 2.483093 3.547276
754 748 0.002392 0.063132 2.650391 3.786272
755 749 0.002584 0.061787 2.827057 4.038653
756 750 0.002290 0.081726 2.974426 4.249180
757 751 0.001381 0.097181 3.121124 4.458749
758 752 0.002128 0.061978 3.274414 4.677734
759 753 0.001092 0.080854 3.398804 4.855434
760 754 0.001619 0.040873 3.543884 5.062692
761 755 0.001092 0.071564 3.661377 5.230538
762 756 0.000691 0.061270 3.798248 5.426069
763 757 0.001381 0.045223 3.944611 5.635158
764 758 0.000691 0.053997 4.071411 5.816302
765 759 0.001196 0.041998 4.221649 6.030927
766 760 0.001196 0.064995 4.358582 6.226545
767 761 0.002184 0.059217 4.510834 6.444048
768 762 0.001953 0.049607 4.656891 6.652701
769 763 0.001465 0.045505 4.790863 6.844090
770 764 0.000691 0.045454 4.929993 7.042847
771 765 0.001381 0.052779 5.065155 7.235936
772 766 0.000846 0.051368 5.196289 7.423270
773 767 0.001544 0.052918 5.326569 7.609384
774 768 0.002013 0.068601 5.459229 7.798898
775 769 0.001465 0.067932 5.596191 7.994559
776 770 0.001544 0.055501 5.736084 8.194406
777 771 0.001544 0.043855 5.873474 8.390677
778 772 0.001196 0.049766 6.007751 8.582502
779 773 0.000691 0.044203 6.141510 8.773585
780 774 0.001092 0.026770 6.271301 8.959002
781 775 0.000691 0.036725 6.395142 9.135917
782 776 0.001092 0.030220 6.506317 9.294739
783 777 0.001544 0.041289 6.612091 9.445845
784 778 0.001827 0.059918 6.716583 9.595119
785 779 0.002805 0.055231 6.812561 9.732230
786 780 0.001761 0.064088 6.903687 9.862410
787 781 0.002238 0.053463 6.990906 9.987008
788 782 0.002238 0.051290 7.071045 10.101493
789 783 0.002290 0.053496 7.137817 10.196882
790 784 0.001196 0.061460 7.182129 10.260184
791 785 0.001196 0.052788 7.208191 10.297416
792 786 0.001381 0.056772 7.219666 10.313807
793 787 0.000977 0.046613 7.211426 10.302037
794 788 0.001092 0.052362 7.197021 10.281459
795 789 0.001092 0.045565 7.178741 10.255345
796 790 0.001381 0.045988 7.167145 10.238778
797 791 0.001092 0.044518 7.159363 10.227661
798 792 0.001381 0.041960 7.148499 10.212141
799 793 0.000000 0.053852 7.137238 10.196054
800 794 0.000977 0.038781 7.123596 10.176566
801 795 0.000691 0.048037 7.108704 10.155291
802 796 0.000977 0.039406 7.092865 10.132665
803 797 0.001092 0.047345 7.075684 10.108119
804 798 0.000846 0.032723 7.055634 10.079476
805 799 0.000691 0.035968 7.036102 10.051575
806 800 0.000000 0.026340 7.017090 10.024414
807 801 0.000488 0.024253 6.996704 9.995292
808 802 0.001381 0.018490 6.975983 9.965690
809 803 0.000846 0.015874 6.954285 9.934692
810 804 0.001196 0.029133 6.933899 9.905570
811 805 0.001761 0.032170 6.913208 9.876012
812 806 0.000488 0.033937 6.891174 9.844535
813 807 0.000488 0.037979 6.874512 9.820731
814 808 0.001196 0.033566 6.852112 9.788732
815 809 0.001465 0.028257 6.831726 9.759608
816 810 0.001092 0.017608 6.810242 9.728917
817 811 0.001691 0.027679 6.790344 9.700492
818 812 0.001544 0.035480 6.778503 9.683577
819 813 0.000691 0.051737 6.756714 9.652449
820 814 0.001761 0.069323 6.738831 9.626901
821 815 0.001544 0.072921 6.719421 9.599174
822 816 0.000846 0.095311 6.705750 9.579642
823 817 0.001196 0.093886 6.691467 9.559239
824 818 0.000977 0.078986 6.669678 9.528111
825 819 0.000691 0.073877 6.650330 9.500471
826 820 0.000846 0.064422 6.632690 9.475272
827 821 0.000488 0.058607 6.619324 9.456177
828 822 0.001292 0.048439 6.611206 9.444580
829 823 0.001544 0.048444 6.604980 9.435686
830 824 0.000488 0.036249 6.606934 9.438477
831 825 0.000691 0.026778 6.594971 9.421387
832 826 0.000846 0.039147 6.595093 9.421561
833 827 0.000488 0.038917 6.592041 9.417201
834 828 0.001381 0.035101 6.568542 9.383632
835 829 0.001292 0.047927 6.544006 9.348580
836 830 0.001465 0.066333 6.506287 9.294695
837 831 0.000691 0.055124 6.499939 9.285627
838 832 0.001292 0.071540 6.477478 9.253540
839 833 0.000000 0.074820 6.461243 9.230347
840 834 0.000846 0.061323 6.459534 9.227905
841 835 0.000691 0.052043 6.460205 9.228865
842 836 0.000691 0.061068 6.459839 9.228341
843 837 0.000000 0.056993 6.430908 9.187012
844 838 0.001381 0.063371 6.407532 9.153617
845 839 0.000977 0.064618 6.379883 9.114119
846 840 0.001196 0.085531 6.348816 9.069737
847 841 0.001292 0.090109 6.323303 9.033290
848 842 0.001292 0.072395 6.319092 9.027274
849 843 0.001381 0.046179 6.328857 9.041224
850 844 0.001544 0.038114 6.344116 9.063024
851 845 0.001196 0.025171 6.355896 9.079851
852 846 0.000846 0.019482 6.375000 9.107142
853 847 0.000691 0.019766 6.380981 9.115687
854 848 0.000977 0.034847 6.376099 9.108712
855 849 0.000977 0.058355 6.366943 9.095634
856 850 0.002072 0.077253 6.350220 9.071742
857 851 0.001891 0.068350 6.329956 9.042794
858 852 0.000691 0.065052 6.301758 9.002511
859 853 0.000977 0.062858 6.281494 8.973563
860 854 0.001196 0.032928 6.251526 8.930751
861 855 0.000691 0.010655 6.233337 8.904768
862 856 0.000691 0.011016 6.213806 8.876866
863 857 0.000691 0.015486 6.196167 8.851667
864 858 0.001381 0.024698 6.177612 8.825160
865 859 0.001092 0.042952 6.153198 8.790283
866 860 0.000846 0.042311 6.139893 8.771276
867 861 0.000977 0.042938 6.119019 8.741455
868 862 0.000846 0.047773 6.094360 8.706229
869 863 0.000846 0.056290 6.073486 8.676409
870 864 0.000846 0.056595 6.051270 8.644670
871 865 0.000977 0.045836 6.033264 8.618949
872 866 0.000691 0.049242 5.997742 8.568202
873 867 0.000977 0.055317 5.941833 8.488334
874 868 0.000846 0.059273 5.874939 8.392770
875 869 0.000691 0.064971 5.794373 8.277675
876 870 0.000000 0.050493 5.702393 8.146276
877 871 0.000488 0.054587 5.592468 7.989240
878 872 0.000488 0.046451 5.471985 7.817121
879 873 0.000846 0.055147 5.356201 7.651716
880 874 0.000488 0.049402 5.234009 7.477155
881 875 0.000977 0.056752 5.109253 7.298933
882 876 0.000691 0.061179 4.988953 7.127075
883 877 0.000846 0.067243 4.865784 6.951119
884 878 0.000691 0.071187 4.747131 6.781616
885 879 0.000846 0.071711 4.622131 6.603045
886 880 0.000846 0.072287 4.502197 6.431710
887 881 0.001092 0.071951 4.373169 6.247384
888 882 0.000977 0.073872 4.241272 6.058960
889 883 0.000691 0.076743 4.103333 5.861904
890 884 0.000846 0.077451 3.969299 5.670428
891 885 0.000977 0.084845 3.866699 5.523856
892 886 0.001691 0.082675 3.720459 5.314941
893 887 0.001381 0.087275 3.629883 5.185547
894 888 0.000000 0.080503 3.516846 5.024065
895 889 0.001381 0.068103 3.434814 4.906878
896 890 0.001381 0.051632 3.358704 4.798148
897 891 0.001619 0.049224 3.266602 4.666574
898 892 0.000691 0.062162 3.227112 4.610160
899 893 0.002719 0.044366 3.155334 4.507621
900 894 0.003010 0.078703 3.125183 4.464547
901 895 0.001953 0.104608 3.085327 4.407610
902 896 0.002238 0.130763 3.050781 4.358259
903 897 0.001953 0.136101 3.023865 4.319807
904 898 0.003088 0.106207 2.995728 4.279611
905 899 0.004200 0.134879 2.967163 4.238804
906 900 0.004580 0.131730 2.940308 4.200439
907 901 0.004143 0.111535 2.913269 4.161813
908 902 0.004257 0.091169 2.894470 4.134957
909 903 0.005349 0.089476 2.868286 4.097552
910 904 0.004834 0.076141 2.856873 4.081246
911 905 0.004709 0.072111 2.860413 4.086304
912 906 0.003621 0.050087 2.854797 4.078282
913 907 0.002930 0.044844 2.869324 4.099034
914 908 0.003937 0.041931 2.869080 4.098685
915 909 0.002719 0.029169 2.876282 4.108974
916 910 0.002184 0.055999 2.890930 4.129900
917 911 0.002490 0.061044 2.894104 4.134434
918 912 0.002490 0.069305 2.914673 4.163818
919 913 0.002238 0.072144 2.923279 4.176113
920 914 0.002290 0.084475 2.954956 4.221366
921 915 0.002290 0.097928 2.995667 4.279523
922 916 0.001953 0.071283 3.031250 4.330357
923 917 0.002847 0.064818 3.075439 4.393485
924 918 0.002072 0.053288 3.118896 4.455566
925 919 0.002072 0.051227 3.177307 4.539010
926 920 0.001827 0.036298 3.242493 4.632133
927 921 0.001827 0.015247 3.312317 4.731881
928 922 0.001691 0.009781 3.394287 4.848981
929 923 0.000977 0.033698 3.485046 4.978638
930 924 0.001544 0.031632 3.581543 5.116490
931 925 0.001619 0.025048 3.680176 5.257394
932 926 0.001619 0.028666 3.776184 5.394549
933 927 0.001953 0.040282 3.876282 5.537545
934 928 0.002128 0.052137 3.978394 5.683419
935 929 0.002290 0.025785 4.073792 5.819702
936 930 0.002392 0.034876 4.169678 5.956683
937 931 0.001827 0.019293 4.263733 6.091047
938 932 0.001827 0.022498 4.352600 6.218000
939 933 0.001292 0.020904 4.427917 6.325596
940 934 0.001092 0.033960 4.486145 6.408779
941 935 0.000691 0.037149 4.534790 6.478271
942 936 0.000488 0.031503 4.563843 6.519775
943 937 0.000846 0.034439 4.582520 6.546456
944 938 0.000691 0.022204 4.591187 6.558838
945 939 0.000846 0.015371 4.597290 6.567557
946 940 0.001465 0.015307 4.599426 6.570609
947 941 0.001465 0.012503 4.602600 6.575143
948 942 0.001619 0.012593 4.606628 6.580898
949 943 0.001196 0.025866 4.608582 6.583688
950 944 0.001465 0.008210 4.607971 6.582816
951 945 0.000977 0.027548 4.604736 6.578195
952 946 0.000846 0.029265 4.602356 6.574794
953 947 0.000846 0.046127 4.594421 6.563459
954 948 0.000977 0.050343 4.587402 6.553432
955 949 0.000691 0.062454 4.573975 6.534249
956 950 0.000977 0.062060 4.560730 6.515328
957 951 0.001196 0.044962 4.546204 6.494576
958 952 0.000977 0.057891 4.526611 6.466588
959 953 0.000691 0.057595 4.507202 6.438860
960 954 0.000691 0.063305 4.479065 6.398664
961 955 0.000488 0.075010 4.445984 6.351406
962 956 0.000691 0.079919 4.406006 6.294294
963 957 0.001196 0.081797 4.358093 6.225848
964 958 0.000977 0.073705 4.301941 6.145630
965 959 0.000846 0.069422 4.236755 6.052508
966 960 0.001196 0.074725 4.170288 5.957554
967 961 0.001292 0.070359 4.106445 5.866351
968 962 0.001196 0.076274 4.046631 5.780901
969 963 0.000000 0.079564 3.992981 5.704258
970 964 0.001381 0.081056 3.949463 5.642090
971 965 0.001381 0.078320 3.911377 5.587681
972 966 0.001465 0.069422 3.879944 5.542777
973 967 0.000977 0.057970 3.849976 5.499965
974 968 0.000691 0.054155 3.821960 5.459943
975 969 0.000691 0.059226 3.792786 5.418265
976 970 0.000846 0.057002 3.763550 5.376500
977 971 0.000000 0.059738 3.736755 5.338222
978 972 0.000691 0.071733 3.713196 5.304565
979 973 0.001092 0.086428 3.691345 5.273350
980 974 0.000977 0.091366 3.671509 5.245013
981 975 0.000691 0.085087 3.654602 5.220860
982 976 0.000691 0.087190 3.637451 5.196359
983 977 0.000691 0.087300 3.624084 5.177264
984 978 0.000691 0.076318 3.609558 5.156512
985 979 0.000000 0.072878 3.596558 5.137939
986 980 0.000691 0.071681 3.578918 5.112741
987 981 0.000846 0.072454 3.560913 5.087018
988 982 0.000691 0.077445 3.541687 5.059553
989 983 0.001092 0.079303 3.517212 5.024589
990 984 0.000846 0.074808 3.484131 4.977330
991 985 0.000000 0.059326 3.445007 4.921439
992 986 0.000691 0.057704 3.400940 4.858486
993 987 0.000846 0.059095 3.347656 4.782366
994 988 0.000846 0.054219 3.288940 4.698486
995 989 0.000977 0.054684 3.224792 4.606846
996 990 0.000691 0.057570 3.158691 4.512416
997 991 0.000691 0.065267 3.088806 4.412580
998 992 0.000488 0.064657 3.020752 4.315360
999 993 0.000000 0.060373 2.951050 4.215786
1000 994 0.001092 0.048726 2.882874 4.118391
1001 995 0.000691 0.044986 2.811829 4.016898
1002 996 0.000691 0.038729 2.737427 3.910610
1003 997 0.001292 0.029961 2.674622 3.820888
1004 998 0.000846 0.022683 2.569946 3.671352
1005 999 0.000977 0.021182 2.477295 3.538993
1006 1000 0.000977 0.018529 2.366516 3.380737
1007 1001 0.000977 0.025825 2.249512 3.213588
1008 1002 0.000691 0.028483 2.131897 3.045567
1009 1003 0.000000 0.038758 1.996765 2.852522
1010 1004 0.000977 0.037931 1.901611 2.716588
1011 1005 0.000691 0.036813 1.801270 2.573242
1012 1006 0.000000 0.040874 1.719482 2.456403
1013 1007 0.000691 0.032438 1.657349 2.367641
1014 1008 0.000000 0.037993 1.610840 2.301200
1015 1009 0.000000 0.041549 1.580200 2.257429
1016 1010 0.000000 0.044340 1.557556 2.225080
1017 1011 0.000000 0.047444 1.541077 2.201538
1018 1012 0.000000 0.046475 1.531555 2.187936
1019 1013 0.000488 0.043272 1.519470 2.170672
1020 1014 0.000488 0.040251 1.510071 2.157244
1021 1015 0.000977 0.037628 1.500854 2.144078
1022 1016 0.000846 0.027048 1.493896 2.134138
1023 1017 0.000846 0.031490 1.486206 2.123152
1024 1018 0.000977 0.033738 1.478455 2.112078
1025 1019 0.000488 0.043503 1.472534 2.103620
1026 1020 0.000000 0.048429 1.465759 2.093942
1027 1021 0.000846 0.050803 1.455750 2.079642
1028 1022 0.000488 0.065620 1.444885 2.064122
1029 1023 0.000000 0.061044 1.437866 2.054095
1030 1024 0.000691 0.056346 1.429810 2.042585
1031 1025 0.000000 0.043921 1.423950 2.034214
1032 1026 0.000846 0.043601 1.414856 2.021223
1033 1027 0.000977 0.026078 1.408813 2.012591
1034 1028 0.000691 0.017426 1.403564 2.005092
1035 1029 0.000691 0.008804 1.394226 1.991752
1036 1030 0.001092 0.019170 1.386475 1.980678
1037 1031 0.000691 0.015877 1.382019 1.974313
1038 1032 0.000691 0.013523 1.376282 1.966117
1039 1033 0.000846 0.015885 1.370728 1.958182
1040 1034 0.000000 0.027402 1.364929 1.949899
1041 1035 0.000691 0.036639 1.361145 1.944493
1042 1036 0.000488 0.042149 1.357422 1.939174
1043 1037 0.000691 0.038886 1.350342 1.929060
1044 1038 0.000488 0.027579 1.350830 1.929757
1045 1039 0.000000 0.027968 1.360962 1.944231
1046 1040 0.000846 0.033616 1.383789 1.976842
1047 1041 0.000691 0.037196 1.418030 2.025757
1048 1042 0.001196 0.042800 1.464783 2.092547
1049 1043 0.001092 0.035773 1.522522 2.175031
1050 1044 0.000000 0.032418 1.587891 2.268415
1051 1045 0.000488 0.027599 1.653870 2.362671
1052 1046 0.000000 0.029302 1.715820 2.451172
1053 1047 0.000691 0.021314 1.773682 2.533831
1054 1048 0.000488 0.017596 1.827637 2.610910
1055 1049 0.000691 0.020247 1.880310 2.686157
1056 1050 0.000691 0.016929 1.928101 2.754429
1057 1051 0.000691 0.035468 1.975830 2.822614
1058 1052 0.000691 0.035524 2.022827 2.889753
1059 1053 0.000000 0.034572 2.071289 2.958984
1060 1054 0.000000 0.031096 2.123047 3.032924
1061 1055 0.000691 0.023606 2.176208 3.108869
1062 1056 0.000691 0.052287 2.236755 3.195365
1063 1057 0.000691 0.091941 2.298584 3.283691
1064 1058 0.001292 0.116452 2.347534 3.353620
1065 1059 0.000691 0.146604 2.382874 3.404105
1066 1060 0.001092 0.162026 2.398071 3.425816
1067 1061 0.001827 0.199454 2.398193 3.425991
1068 1062 0.002392 0.209287 2.378723 3.398176
1069 1063 0.002762 0.154839 2.346313 3.351876
1070 1064 0.002805 0.142897 2.316650 3.309500
1071 1065 0.002392 0.130993 2.289368 3.270525
1072 1066 0.001381 0.127648 2.271423 3.244890
1073 1067 0.000846 0.121865 2.253967 3.219953
1074 1068 0.000977 0.118005 2.234375 3.191964
1075 1069 0.000488 0.114341 2.211548 3.159354
1076 1070 0.000691 0.106926 2.189331 3.127616
1077 1071 0.001381 0.096560 2.168030 3.097185
1078 1072 0.001465 0.096060 2.144165 3.063093
1079 1073 0.001544 0.076773 2.121948 3.031355
1080 1074 0.002072 0.058223 2.103394 3.004848
1081 1075 0.002441 0.052472 2.085999 2.979998
1082 1076 0.002889 0.044013 2.066772 2.952532
1083 1077 0.003127 0.039444 2.024597 2.892282
1084 1078 0.001827 0.037826 1.950439 2.786342
1085 1079 0.001827 0.049394 1.837219 2.624599
1086 1080 0.000846 0.028025 1.692017 2.417166
1087 1081 0.001092 0.038992 1.514771 2.163958
1088 1082 0.000977 0.031896 1.307068 1.867240
1089 1083 0.001544 0.012519 1.090149 1.557356
1090 1084 0.000000 0.022661 0.871704 1.245292
1091 1085 0.000846 0.008864 0.662903 0.947004
1092 1086 0.000846 0.008152 0.465393 0.664847
1093 1087 0.000691 0.009922 0.322205 0.460292
1094 1088 0.000488 0.013084 0.205566 0.293666
1095 1089 0.000691 0.016979 0.116516 0.166452
1096 1090 0.001196 0.018035 0.064148 0.091640
1097 1091 0.000691 0.016318 0.042786 0.061122
1098 1092 0.000488 0.019730 0.043213 0.061733
1099 1093 0.000000 0.017073 0.026062 0.037231
1100 1094 0.000488 0.013764 0.019470 0.027815
