10 4 0.001272 0.017820 2.066445 2.952065
11 5 0.001072 0.020386 2.136468 3.052097
12 6 0.001084 0.023635 2.207630 3.153757
13 7 0.000645 0.022284 2.272352 3.246217
14 8 0.000592 0.015769 2.334141 3.334486
15 9 0.000538 0.010210 2.402751 3.432502
16 10 0.000625 0.010561 2.472249 3.531785
17 11 0.000838 0.009090 2.539677 3.628110
18 12 0.000494 0.007089 2.613858 3.734083
19 13 0.000544 0.007166 2.693327 3.847611
20 14 0.000583 0.009352 2.778516 3.969308
21 15 0.000541 0.008755 2.854538 4.077912
22 16 0.000470 0.007315 2.937163 4.195948
23 17 0.000536 0.006683 3.020032 4.314332
24 18 0.000417 0.010712 3.101177 4.430253
25 19 0.000154 0.012066 3.179599 4.542284
26 20 0.000301 0.014578 3.245838 4.636912
27 21 0.000208 0.016536 3.321863 4.745519
28 22 0.000000 0.020945 3.386068 4.837241
29 23 0.000424 0.027676 3.456928 4.938469
30 24 0.000196 0.029316 3.522982 5.032831
31 25 0.000192 0.023626 3.592669 5.132385
32 26 0.000133 0.022809 3.666478 5.237826
33 27 0.000261 0.021248 3.741969 5.345670
34 28 0.000128 0.021360 3.821488 5.459269
35 29 0.000125 0.019959 3.897985 5.568551
36 30 0.000212 0.014470 3.994597 5.706568
37 31 0.000000 0.016846 4.054497 5.792138
38 32 0.000000 0.013762 4.131880 5.902686
39 33 0.000259 0.011455 4.212320 6.017601
40 34 0.000254 0.008885 4.290905 6.129864
41 35 0.000158 0.006358 4.369726 6.242466
42 36 0.000221 0.005706 4.428051 6.325787
43 37 0.000285 0.005157 4.526089 6.465841
44 38 0.000184 0.007894 4.600342 6.571917
45 39 0.000180 0.012685 4.685692 6.693845
46 40 0.000000 0.011385 4.746061 6.780087
47 41 0.000176 0.014647 4.812359 6.874798
48 42 0.000142 0.013039 4.873585 6.962264
49 43 0.000198 0.013763 4.928854 7.041220
50 44 0.000139 0.014215 4.985466 7.122094
51 45 0.000194 0.011422 5.027561 7.182230
52 46 0.000136 0.011503 5.090799 7.272571
53 47 0.000190 0.010960 5.150631 7.358044
54 48 0.000209 0.012129 5.217346 7.453351
55 49 0.000261 0.010972 5.282364 7.546234
56 50 0.000091 0.009237 5.349861 7.642659
57 51 0.000128 0.008303 5.414333 7.734762
58 52 0.000218 0.009512 5.485054 7.835792
59 53 0.000215 0.008340 5.551607 7.930867
60 54 0.000246 0.011161 5.621965 8.031379
61 55 0.000192 0.008079 5.688038 8.125769
62 56 0.000207 0.008450 5.776970 8.252814
63 57 0.000235 0.011703 5.872826 8.389750
64 58 0.000366 0.012916 5.961235 8.516050
65 59 0.000140 0.016886 6.049667 8.642382
66 60 0.000298 0.018347 6.135021 8.764316
67 61 0.000136 0.018604 6.224522 8.892174
68 62 0.000155 0.015978 6.286858 8.981225
69 63 0.000244 0.012744 6.333748 9.048211
70 64 0.000108 0.011123 6.372353 9.103361
71 65 0.000241 0.010185 6.396835 9.138336
72 66 0.000170 0.011533 6.407146 9.153067
73 67 0.000076 0.009850 6.419353 9.170505
74 68 0.000000 0.007487 6.425804 9.179720
75 69 0.000152 0.005916 6.433578 9.190826
76 70 0.000152 0.008867 6.439445 9.199208
77 71 0.000284 0.006740 6.437714 9.196733
78 72 0.000228 0.009665 6.434483 9.192118
79 73 0.000201 0.015051 6.417027 9.167181
80 74 0.000264 0.015603 6.408440 9.154914
81 75 0.000187 0.014070 6.400288 9.143268
82 76 0.000171 0.013013 6.401985 9.145693
83 77 0.000201 0.011540 6.411747 9.159638
84 78 0.000186 0.006814 6.425781 9.179688
85 79 0.000227 0.004793 6.445793 9.208276
86 80 0.000185 0.003834 6.451748 9.216783
87 81 0.000262 0.002079 6.465961 9.237088
88 82 0.000185 0.002338 6.462826 9.232608
89 83 0.000200 0.003388 6.469181 9.241687
90 84 0.000213 0.004607 6.478302 9.254717
91 85 0.000281 0.005030 6.490269 9.271812
92 86 0.000318 0.009259 6.509201 9.298859
93 87 0.000343 0.008528 6.519264 9.313234
94 88 0.000333 0.008578 6.558250 9.368929
95 89 0.000463 0.009588 6.584854 9.406935
96 90 0.000305 0.009167 6.595688 9.422411
97 91 0.000354 0.010782 6.618683 9.455261
98 92 0.000255 0.011587 6.642418 9.489168
99 93 0.000274 0.016274 6.673126 9.533037
100 94 0.000273 0.017095 6.690750 9.558214
101 95 0.000262 0.019679 6.722809 9.604012
102 96 0.000323 0.019677 6.766800 9.666857
103 97 0.000144 0.018780 6.796463 9.709233
104 98 0.000175 0.018840 6.826645 9.752350
105 99 0.000225 0.016386 6.852188 9.788840
106 100 0.000100 0.015866 6.880730 9.829614
107 101 0.000100 0.016350 6.904297 9.863281
108 102 0.000157 0.016237 6.933975 9.905679
109 103 0.000172 0.017840 6.960800 9.944000
110 104 0.000198 0.017298 6.984825 9.978322
111 105 0.000098 0.015728 7.017693 10.025275
112 106 0.000183 0.013633 7.049362 10.070518
113 107 0.000195 0.011918 7.076317 10.109024
114 108 0.000217 0.009770 7.100952 10.144217
115 109 0.000194 0.009891 7.135002 10.192861
116 110 0.000136 0.011400 7.166435 10.237764
117 111 0.000096 0.010463 7.190788 10.272554
118 112 0.000244 0.011004 7.217682 10.310974
119 113 0.000286 0.011640 7.248886 10.355552
120 114 0.000300 0.011732 7.279732 10.399617
121 115 0.000189 0.010174 7.301918 10.431312
122 116 0.000249 0.008672 7.330330 10.471900
123 117 0.000239 0.010291 7.356537 10.509338
124 118 0.000239 0.009992 7.376907 10.538439
125 119 0.000162 0.011809 7.398102 10.568717
126 120 0.000114 0.013354 7.418793 10.598275
127 121 0.000186 0.012378 7.440331 10.629044
128 122 0.000185 0.013148 7.465691 10.665273
129 123 0.000253 0.011822 7.481064 10.687234
130 124 0.000184 0.010431 7.509468 10.727812
131 125 0.000205 0.012123 7.534042 10.762918
132 126 0.000214 0.012569 7.560432 10.800618
133 127 0.000144 0.010010 7.585320 10.836171
134 128 0.000064 0.008005 7.600830 10.858329
135 129 0.000000 0.007156 7.625381 10.893402
136 130 0.000064 0.007046 7.633568 10.905097
137 131 0.000064 0.006419 7.642700 10.918143
138 132 0.000157 0.005815 7.637375 10.910536
139 133 0.000231 0.006558 7.637024 10.910034
140 134 0.000262 0.005393 7.677994 10.968562
141 135 0.000143 0.007925 7.621277 10.887538
142 136 0.000091 0.008319 7.601906 10.859865
143 137 0.000129 0.008566 7.574463 10.820662
144 138 0.000112 0.008858 7.555367 10.793381
145 139 0.000092 0.008900 7.519058 10.741511
146 140 0.000000 0.013155 7.420792 10.601130
147 141 0.000132 0.011144 7.405487 10.579268
148 142 0.000199 0.012788 7.349960 10.499944
149 143 0.000300 0.015163 7.288406 10.412009
150 144 0.000117 0.013307 7.217850 10.311213
151 145 0.000137 0.013560 7.144882 10.206975
152 146 0.000182 0.014371 7.083557 10.119368
153 147 0.000220 0.013266 7.020523 10.029319
154 148 0.000157 0.014232 6.955017 9.935739
155 149 0.000224 0.013216 6.893921 9.848458
156 150 0.000160 0.013528 6.842865 9.775521
157 151 0.000238 0.013446 6.800720 9.715315
158 152 0.000177 0.010559 6.764328 9.663325
159 153 0.000145 0.005611 6.737427 9.624895
160 154 0.000000 0.003223 6.712677 9.589539
161 155 0.000073 0.003669 6.686462 9.552089
162 156 0.000000 0.001744 6.657486 9.510695
163 157 0.000147 0.002232 6.629715 9.471022
164 158 0.000104 0.001639 6.610596 9.443708
165 159 0.000105 0.004994 6.594131 9.420188
166 160 0.000074 0.007063 6.577759 9.396798
167 161 0.000000 0.010085 6.563324 9.376177
168 162 0.000224 0.016636 6.549149 9.355927
169 163 0.000280 0.018344 6.520691 9.315272
170 164 0.000213 0.017950 6.480484 9.257834
171 165 0.000322 0.020381 6.434280 9.191829
172 166 0.000296 0.018546 6.384155 9.120222
173 167 0.000327 0.018025 6.332901 9.047002
174 168 0.000156 0.013321 6.271210 8.958871
175 169 0.000208 0.011376 6.220215 8.886022
176 170 0.000345 0.011549 6.167007 8.810011
177 171 0.000160 0.007150 6.111298 8.730425
178 172 0.000279 0.007549 6.057236 8.653193
179 173 0.000163 0.006782 6.001694 8.573848
180 174 0.000201 0.009664 5.951385 8.501979
181 175 0.000234 0.010134 5.899017 8.427168
182 176 0.000083 0.012129 5.848557 8.355081
183 177 0.000206 0.014582 5.797775 8.282537
184 178 0.000256 0.015573 5.728867 8.184095
185 179 0.000259 0.015970 5.662537 8.089338
186 180 0.000327 0.016391 5.582062 7.974374
187 181 0.000355 0.018334 5.506683 7.866691
188 182 0.000360 0.019796 5.429337 7.756195
189 183 0.000364 0.020930 5.361511 7.659302
190 184 0.000379 0.018050 5.311127 7.587324
191 185 0.000510 0.018351 5.240143 7.485919
192 186 0.000210 0.017929 5.196579 7.423684
193 187 0.000314 0.017473 5.152466 7.360665
194 188 0.000234 0.016631 5.121689 7.316699
195 189 0.000235 0.018587 5.084381 7.263402
196 190 0.000000 0.018027 5.055969 7.222813
197 191 0.000137 0.017943 5.054291 7.220416
198 192 0.000306 0.015204 5.045654 7.208077
199 193 0.000097 0.013405 5.039291 7.198987
200 194 0.000307 0.012455 5.032669 7.189527
201 195 0.000290 0.011018 5.046967 7.209952
202 196 0.000257 0.015803 5.032349 7.189069
203 197 0.000237 0.015218 5.036392 7.194846
204 198 0.000237 0.015109 5.046112 7.208732
205 199 0.000273 0.013080 5.066833 7.238334
206 200 0.000136 0.014146 5.085007 7.264295
207 201 0.000135 0.014735 5.103806 7.291151
208 202 0.000189 0.009406 5.160812 7.372589
209 203 0.000229 0.008780 5.213440 7.447772
210 204 0.000207 0.009909 5.264404 7.520577
211 205 0.000184 0.011381 5.319138 7.598768
212 206 0.000091 0.010995 5.389023 7.698604
213 207 0.000000 0.011585 5.455902 7.794146
214 208 0.000088 0.010929 5.522888 7.889840
215 209 0.000175 0.014925 5.586990 7.981415
216 210 0.000122 0.014755 5.660522 8.086461
217 211 0.000085 0.012959 5.733063 8.190089
218 212 0.000000 0.013999 5.801788 8.288269
219 213 0.000117 0.012671 5.888214 8.411735
220 214 0.000233 0.016712 5.938202 8.483146
221 215 0.000257 0.014702 6.010132 8.585902
222 216 0.000197 0.015895 6.083176 8.690251
223 217 0.000159 0.016591 6.159622 8.799460
224 218 0.000111 0.017847 6.226135 8.894479
225 219 0.000156 0.019693 6.279419 8.970598
226 220 0.000242 0.018891 6.372284 9.103263
227 221 0.000263 0.016341 6.437500 9.196428
228 222 0.000367 0.015071 6.509705 9.299578
229 223 0.000323 0.018778 6.579803 9.399719
230 224 0.000395 0.017731 6.656311 9.509016
231 225 0.000404 0.016196 6.730621 9.615173
232 226 0.000344 0.015061 6.801193 9.715990
233 227 0.000362 0.015449 6.882858 9.832655
234 228 0.000314 0.014870 6.964218 9.948883
235 229 0.000325 0.012259 7.037903 10.054147
236 230 0.000336 0.011652 7.128754 10.183934
237 231 0.000318 0.012483 7.199539 10.285056
238 232 0.000285 0.012889 7.276428 10.394897
239 233 0.000297 0.013689 7.342392 10.489131
240 234 0.000238 0.017537 7.397705 10.568151
241 235 0.000277 0.017440 7.467545 10.667921
242 236 0.000225 0.018374 7.522537 10.746482
243 237 0.000223 0.020880 7.586853 10.838362
244 238 0.000230 0.021814 7.645111 10.921587
245 239 0.000276 0.020432 7.711563 11.016519
246 240 0.000301 0.017417 7.780945 11.115636
247 241 0.000285 0.018601 7.845978 11.208540
248 242 0.000262 0.018704 7.906158 11.294512
249 243 0.000252 0.017183 7.985748 11.408212
250 244 0.000250 0.016483 8.065002 11.521432
251 245 0.000170 0.018242 8.130280 11.614685
252 246 0.000198 0.018588 8.194092 11.705846
253 247 0.000167 0.021143 8.255371 11.793387
254 248 0.000176 0.022021 8.319366 11.884809
255 249 0.000184 0.022221 8.373810 11.962585
256 250 0.000116 0.022665 8.421021 12.030029
257 251 0.000081 0.023071 8.481827 12.116896
258 252 0.000171 0.023203 8.543518 12.205026
259 253 0.000213 0.021947 8.589600 12.270857
260 254 0.000219 0.020317 8.652466 12.360665
261 255 0.000245 0.017684 8.698639 12.426627
262 256 0.000284 0.017348 8.761078 12.515825
263 257 0.000333 0.016936 8.808945 12.584207
264 258 0.000390 0.017928 8.849579 12.642256
265 259 0.000295 0.015221 8.907227 12.724609
266 260 0.000299 0.014210 8.937500 12.767858
267 261 0.000344 0.015628 8.976532 12.823617
268 262 0.000343 0.015444 8.997284 12.853263
269 263 0.000329 0.014176 9.025177 12.893110
270 264 0.000285 0.013504 9.054962 12.935660
271 265 0.000269 0.014980 9.079437 12.970625
272 266 0.000240 0.017064 9.105347 13.007638
273 267 0.000151 0.019875 9.125519 13.036455
274 268 0.000092 0.020549 9.147491 13.067845
275 269 0.000130 0.022668 9.171631 13.102330
276 270 0.000053 0.024330 9.189575 13.127965
277 271 0.000053 0.024473 9.206360 13.151942
278 272 0.000106 0.025764 9.219940 13.171343
279 273 0.000167 0.021604 9.232880 13.189828
280 274 0.000106 0.022111 9.229645 13.185206
281 275 0.000168 0.020630 9.205322 13.150460
282 276 0.000168 0.019397 9.166748 13.095354
283 277 0.000076 0.020844 9.103333 13.004761
284 278 0.000093 0.019075 9.046417 12.923453
285 279 0.000180 0.025060 8.973694 12.819563
286 280 0.000155 0.025658 8.902435 12.717765
287 281 0.000287 0.027551 8.828186 12.611694
288 282 0.000267 0.028874 8.754364 12.506234
289 283 0.000218 0.025389 8.688904 12.412720
290 284 0.000212 0.028344 8.601135 12.287336
291 285 0.000172 0.026020 8.522430 12.174901
292 286 0.000289 0.025177 8.438751 12.055359
293 287 0.000165 0.026235 8.357117 11.938738
294 288 0.000250 0.024827 8.280884 11.829834
295 289 0.000279 0.029448 8.196655 11.709508
296 290 0.000346 0.028202 8.106659 11.580941
297 291 0.000258 0.028314 8.014465 11.449236
298 292 0.000289 0.028978 7.931885 11.331264
299 293 0.000187 0.028565 7.852539 11.217913
300 294 0.000227 0.030655 7.768494 11.097848
301 295 0.000180 0.030580 7.691895 10.988420
302 296 0.000212 0.030174 7.632843 10.904061
303 297 0.000241 0.032803 7.574799 10.821141
304 298 0.000206 0.031897 7.511383 10.730547
305 299 0.000301 0.034413 7.445770 10.636815
306 300 0.000219 0.033682 7.384216 10.548881
307 301 0.000258 0.033655 7.323303 10.461862
308 302 0.000223 0.033989 7.265076 10.378679
309 303 0.000287 0.030076 7.219727 10.313895
310 304 0.000205 0.033199 7.133148 10.190211
311 305 0.000196 0.034380 7.060089 10.085841
312 306 0.000210 0.033011 6.982056 9.974365
313 307 0.000158 0.034696 6.904175 9.863107
314 308 0.000227 0.039820 6.815918 9.737025
315 309 0.000206 0.038803 6.705505 9.579293
316 310 0.000382 0.038675 6.645447 9.493495
317 311 0.000196 0.036546 6.585480 9.407828
318 312 0.000106 0.035023 6.535645 9.336635
319 313 0.000185 0.030035 6.476074 9.251534
320 314 0.000170 0.025970 6.419647 9.170924
321 315 0.000108 0.029742 6.372253 9.103219
322 316 0.000328 0.027805 6.319702 9.028146
323 317 0.000259 0.026090 6.263855 8.948364
324 318 0.000136 0.030292 6.204285 8.863264
325 319 0.000210 0.028511 6.158569 8.797956
326 320 0.000195 0.027147 6.118469 8.740670
327 321 0.000160 0.021743 6.091370 8.701957
328 322 0.000301 0.017690 6.070129 8.671614
329 323 0.000114 0.015715 6.034393 8.620562
330 324 0.000000 0.015370 6.008698 8.583854
331 325 0.000163 0.015292 5.988373 8.554818
332 326 0.000258 0.008255 5.974121 8.534459
333 327 0.000201 0.012871 5.953400 8.504857
334 328 0.000308 0.011488 5.932037 8.474339
335 329 0.000218 0.008114 5.918762 8.455375
336 330 0.000083 0.008252 5.901733 8.431047
337 331 0.000117 0.006849 5.883209 8.404585
338 332 0.000235 0.006653 5.865204 8.378862
339 333 0.000118 0.007190 5.845673 8.350961
340 334 0.000251 0.008121 5.829529 8.327898
341 335 0.000084 0.009424 5.820160 8.314514
342 336 0.000266 0.008097 5.814423 8.306318
343 337 0.000000 0.010526 5.804657 8.292367
344 338 0.000169 0.013766 5.791779 8.273970
345 339 0.000169 0.010441 5.780945 8.258492
346 340 0.000224 0.010219 5.766388 8.237697
347 341 0.000269 0.008652 5.750031 8.214330
348 342 0.000283 0.009756 5.727600 8.182286
349 343 0.000296 0.009586 5.707520 8.153600
350 344 0.000420 0.007109 5.693268 8.133240
351 345 0.000298 0.009319 5.684753 8.121077
352 346 0.000298 0.007014 5.682861 8.118373
353 347 0.000192 0.009251 5.690765 8.129664
354 348 0.000296 0.007137 5.710388 8.157698
355 349 0.000208 0.004679 5.737640 8.196630
356 350 0.000207 0.005806 5.766998 8.238569
357 351 0.000168 0.004585 5.796997 8.281425
358 352 0.000145 0.006392 5.827393 8.324846
359 353 0.000264 0.006794 5.856750 8.366786
360 354 0.000000 0.007061 5.879486 8.399266
361 355 0.000117 0.010028 5.898804 8.426863
362 356 0.000143 0.010017 5.914734 8.449620
363 357 0.000116 0.009694 5.928589 8.469413
364 358 0.000164 0.008711 5.944000 8.491429
365 359 0.000246 0.011590 5.957245 8.510350
366 360 0.000217 0.012817 5.952148 8.503069
367 361 0.000164 0.009390 5.952576 8.503679
368 362 0.000164 0.009126 5.953369 8.504813
369 363 0.000272 0.010072 5.953247 8.504639
370 364 0.000164 0.007843 5.943817 8.491167
371 365 0.000202 0.007196 5.934509 8.477870
372 366 0.000285 0.007365 5.942139 8.488770
373 367 0.000318 0.005380 5.938538 8.483625
374 368 0.000260 0.005813 5.937469 8.482100
375 369 0.000184 0.007408 5.932129 8.474470
376 370 0.000339 0.008164 5.933228 8.476039
377 371 0.000184 0.008207 5.929352 8.470503
378 372 0.000247 0.009473 5.925354 8.464791
379 373 0.000117 0.008543 5.920685 8.458121
380 374 0.000248 0.009727 5.911591 8.445129
381 375 0.000165 0.008995 5.900848 8.429784
382 376 0.000144 0.008589 5.883484 8.404977
383 377 0.000300 0.009038 5.864288 8.377555
384 378 0.000237 0.010696 5.839081 8.341544
385 379 0.000168 0.008888 5.821289 8.316127
386 380 0.000206 0.009340 5.806335 8.294765
387 381 0.000254 0.008639 5.773376 8.247681
388 382 0.000170 0.007955 5.750488 8.214983
389 383 0.000000 0.008479 5.726349 8.180498
390 384 0.000242 0.007942 5.714630 8.163757
391 385 0.000210 0.006105 5.689270 8.127528
392 386 0.000211 0.005714 5.662323 8.089033
393 387 0.000212 0.005303 5.652039 8.074341
394 388 0.000324 0.005750 5.639435 8.056335
395 389 0.000274 0.007200 5.633270 8.047529
396 390 0.000347 0.005942 5.625641 8.036630
397 391 0.000245 0.006537 5.627960 8.039943
398 392 0.000467 0.004844 5.633881 8.048401
399 393 0.000465 0.012996 5.652771 8.075387
400 394 0.000258 0.019968 5.675415 8.107736
401 395 0.000227 0.022573 5.692139 8.131627
402 396 0.000210 0.027696 5.705750 8.151071
403 397 0.000171 0.030453 5.718536 8.169337
404 398 0.000371 0.037630 5.730103 8.185861
405 399 0.000147 0.032654 5.741333 8.201904
406 400 0.000170 0.027163 5.743988 8.205697
407 401 0.000268 0.024585 5.753601 8.219430
408 402 0.000000 0.022034 5.763550 8.233643
409 403 0.000084 0.018876 5.780853 8.258362
410 404 0.000292 0.015571 5.796661 8.280945
411 405 0.000357 0.015123 5.797485 8.282122
412 406 0.000325 0.013839 5.809937 8.299910
413 407 0.000168 0.011962 5.824921 8.321315
414 408 0.000313 0.011523 5.846191 8.351702
415 409 0.000144 0.011510 5.862793 8.375419
416 410 0.000288 0.010145 5.876831 8.395473
417 411 0.000143 0.008215 5.899078 8.427255
418 412 0.000202 0.010532 5.909149 8.441642
419 413 0.000202 0.010282 5.915741 8.451058
420 414 0.000218 0.010688 5.913574 8.447963
421 415 0.000083 0.008607 5.906006 8.437151
422 416 0.000117 0.009654 5.899445 8.427778
423 417 0.000144 0.009771 5.891785 8.416835
424 418 0.000262 0.007666 5.892517 8.417882
425 419 0.000249 0.008608 5.884094 8.405849
426 420 0.000144 0.008637 5.877472 8.396388
427 421 0.000166 0.009897 5.869690 8.385271
428 422 0.000204 0.010818 5.876617 8.395167
429 423 0.000186 0.009558 5.859619 8.370885
430 424 0.000118 0.011332 5.854126 8.363037
431 425 0.000187 0.010237 5.851990 8.359985
432 426 0.000187 0.011098 5.847504 8.353577
433 427 0.000000 0.013270 5.862701 8.375288
434 428 0.000118 0.009366 5.846588 8.352269
435 429 0.000000 0.013220 5.885376 8.407680
436 430 0.000166 0.009957 5.878387 8.397696
437 431 0.000000 0.010753 5.897217 8.424596
438 432 0.000233 0.011990 5.921600 8.459429
439 433 0.000082 0.011026 5.941162 8.487374
440 434 0.000231 0.012311 5.981323 8.544747
441 435 0.000000 0.007571 5.999969 8.571385
442 436 0.000114 0.009438 6.043884 8.634120
443 437 0.000197 0.009972 6.076385 8.680551
444 438 0.000138 0.008739 6.111755 8.731079
445 439 0.000113 0.006455 6.137482 8.767831
446 440 0.000274 0.007243 6.167480 8.810686
447 441 0.000209 0.010199 6.191528 8.845040
448 442 0.000272 0.011953 6.224884 8.892692
449 443 0.000110 0.008399 6.251801 8.931144
450 444 0.000330 0.009470 6.278381 8.969116
451 445 0.000245 0.010634 6.305267 9.007524
452 446 0.000109 0.007052 6.331940 9.045629
453 447 0.000203 0.005304 6.358429 9.083470
454 448 0.000216 0.006645 6.382935 9.118478
455 449 0.000187 0.006658 6.408569 9.155099
456 450 0.000215 0.006169 6.432861 9.189802
457 451 0.000302 0.005965 6.465607 9.236581
458 452 0.000184 0.005011 6.490448 9.272069
459 453 0.000343 0.006667 6.518860 9.312657
460 454 0.000149 0.004527 6.546051 9.351501
461 455 0.000278 0.006837 6.572540 9.389343
462 456 0.000196 0.004547 6.595306 9.421866
463 457 0.000181 0.006487 6.610718 9.443883
464 458 0.000255 0.005030 6.631958 9.474226
465 459 0.000208 0.005403 6.655396 9.507708
466 460 0.000231 0.003401 6.682678 9.546683
467 461 0.000103 0.006411 6.703918 9.577026
468 462 0.000192 0.004110 6.729523 9.613604
469 463 0.000072 0.004029 6.755920 9.651315
470 464 0.000125 0.005481 6.779541 9.685059
471 465 0.000102 0.003904 6.797913 9.711304
472 466 0.000124 0.005241 6.813354 9.733363
473 467 0.000202 0.004187 6.831512 9.759303
474 468 0.000189 0.004958 6.841095 9.772993
475 469 0.000202 0.006007 6.849274 9.784677
476 470 0.000214 0.006479 6.853394 9.790563
477 471 0.000257 0.008661 6.857910 9.797014
478 472 0.000159 0.008577 6.852264 9.788949
479 473 0.000237 0.010097 6.843445 9.776350
480 474 0.000124 0.010235 6.836334 9.766191
481 475 0.000000 0.008325 6.826813 9.752589
482 476 0.000000 0.007360 6.811615 9.730879
483 477 0.000203 0.005822 6.791931 9.702759
484 478 0.000072 0.008396 6.778381 9.683402
485 479 0.000177 0.008011 6.760742 9.658203
486 480 0.000229 0.007871 6.743347 9.633353
487 481 0.000272 0.012560 6.725220 9.607457
488 482 0.000103 0.009463 6.712128 9.588754
489 483 0.000231 0.009528 6.698456 9.569222
490 484 0.000327 0.006963 6.682922 9.547032
491 485 0.000457 0.008861 6.673645 9.533778
492 486 0.000293 0.007842 6.664856 9.521223
493 487 0.000359 0.005872 6.657043 9.510062
494 488 0.000147 0.006747 6.648071 9.497245
495 489 0.000195 0.012438 6.637512 9.482161
496 490 0.000244 0.012888 6.631958 9.474226
497 491 0.000321 0.012066 6.622803 9.461146
498 492 0.000074 0.011329 6.616455 9.452079
499 493 0.000165 0.011353 6.612427 9.446324
500 494 0.000305 0.012517 6.607117 9.438738
501 495 0.000105 0.009815 6.596497 9.423567
502 496 0.000268 0.010374 6.579956 9.399938
503 497 0.000182 0.009171 6.562195 9.374564
504 498 0.000472 0.009034 6.542175 9.345964
505 499 0.000150 0.007642 6.510315 9.300450
506 500 0.000337 0.010451 6.472961 9.247087
507 501 0.000170 0.008415 6.429077 9.184396
508 502 0.000276 0.009793 6.373901 9.105574
509 503 0.000257 0.009414 6.305237 9.007482
510 504 0.000422 0.010881 6.227783 8.896833
511 505 0.000138 0.011368 6.142639 8.775199
512 506 0.000114 0.010069 6.049744 8.642491
513 507 0.000217 0.009950 5.959106 8.513009
514 508 0.000263 0.013058 5.875916 8.394165
515 509 0.000291 0.010960 5.811584 8.302263
516 510 0.000370 0.010457 5.754089 8.220128
517 511 0.000410 0.009636 5.708984 8.155692
518 512 0.000384 0.003751 5.681641 8.116630
519 513 0.000355 0.003758 5.663269 8.090384
520 514 0.000273 0.004309 5.646240 8.066057
521 515 0.000325 0.007202 5.627502 8.039289
522 516 0.000370 0.007517 5.599854 7.999791
523 517 0.000371 0.011134 5.585632 7.979475
524 518 0.000248 0.007768 5.566589 7.952271
525 519 0.000374 0.007165 5.538147 7.911639
526 520 0.000293 0.008313 5.526733 7.895333
527 521 0.000125 0.006094 5.520203 7.886004
528 522 0.000125 0.004352 5.512024 7.874320
529 523 0.000125 0.005893 5.511169 7.873099
530 524 0.000235 0.004706 5.498962 7.855660
531 525 0.000089 0.010702 5.516113 7.880162
532 526 0.000153 0.011352 5.523254 7.890363
533 527 0.000125 0.010536 5.517151 7.881644
534 528 0.000176 0.012845 5.539124 7.913033
535 529 0.000196 0.010527 5.557068 7.938668
536 530 0.000494 0.011401 5.594849 7.992641
537 531 0.000435 0.003706 5.618835 8.026908
538 532 0.000519 0.004430 5.641418 8.059169
539 533 0.000470 0.005774 5.686035 8.122908
540 534 0.000381 0.006730 5.727173 8.181676
541 535 0.000339 0.006931 5.769287 8.241838
542 536 0.000145 0.008553 5.813416 8.304879
543 537 0.000204 0.006892 5.861694 8.373849
544 538 0.000286 0.009046 5.919983 8.457118
545 539 0.000000 0.005626 5.976929 8.538469
546 540 0.000162 0.006806 6.035095 8.621565
547 541 0.000160 0.008621 6.099487 8.713553
548 542 0.000158 0.009258 6.168762 8.812517
549 543 0.000271 0.004303 6.242554 8.917933
550 544 0.000299 0.002002 6.315063 9.021520
551 545 0.000108 0.003708 6.385742 9.122489
552 546 0.000131 0.003069 6.449890 9.214128
553 547 0.000075 0.002820 6.502502 9.289289
554 548 0.000000 0.004049 6.553162 9.361659
555 549 0.000166 0.007159 6.596985 9.424264
556 550 0.000000 0.007723 6.638672 9.483817
557 551 0.000000 0.008431 6.672607 9.532296
558 552 0.000073 0.007536 6.697693 9.568132
559 553 0.000000 0.008076 6.718689 9.598127
560 554 0.000178 0.006970 6.728882 9.612688
561 555 0.000000 0.005608 6.734009 9.620012
562 556 0.000103 0.004799 6.734497 9.620710
563 557 0.000000 0.006378 6.734375 9.620536
564 558 0.000103 0.005315 6.733276 9.618966
565 559 0.000178 0.005573 6.726379 9.609114
566 560 0.000272 0.007276 6.716003 9.594291
567 561 0.000193 0.006596 6.701050 9.572928
568 562 0.000253 0.007487 6.684326 9.549037
569 563 0.000274 0.007156 6.661621 9.516602
570 564 0.000345 0.007349 6.638184 9.483119
571 565 0.000361 0.008144 6.618530 9.455043
572 566 0.000496 0.008109 6.599976 9.428536
573 567 0.000196 0.011194 6.588196 9.411708
574 568 0.000148 0.008787 6.579346 9.399065
575 569 0.000278 0.007159 6.579285 9.398978
576 570 0.000340 0.006769 6.584045 9.405779
577 571 0.000287 0.005389 6.590332 9.414760
578 572 0.000331 0.005346 6.603638 9.433768
579 573 0.000128 0.003761 6.618042 9.454346
580 574 0.000128 0.003185 6.631714 9.473877
581 575 0.000233 0.004063 6.638672 9.483817
582 576 0.000164 0.005027 6.645142 9.493059
583 577 0.000127 0.005998 6.657227 9.510324
584 578 0.000254 0.002476 6.667725 9.525321
585 579 0.000146 0.001470 6.677734 9.539620
586 580 0.000179 0.004604 6.684937 9.549910
587 581 0.000252 0.001575 6.699097 9.570138
588 582 0.000145 0.003316 6.716003 9.594291
589 583 0.000126 0.003084 6.723206 9.604579
590 584 0.000162 0.004124 6.727478 9.610682
591 585 0.000103 0.005500 6.727966 9.611381
592 586 0.000145 0.007377 6.723511 9.605016
593 587 0.000103 0.009078 6.714417 9.592024
594 588 0.000000 0.007539 6.703796 9.576852
595 589 0.000103 0.008503 6.691223 9.558890
596 590 0.000000 0.009491 6.678406 9.540580
597 591 0.000073 0.010563 6.668762 9.526803
598 592 0.000104 0.007716 6.659973 9.514247
599 593 0.000147 0.011358 6.645752 9.493932
600 594 0.000074 0.012708 6.623657 9.462367
601 595 0.000128 0.012047 6.601624 9.430891
602 596 0.000000 0.011183 6.585632 9.408046
603 597 0.000000 0.011229 6.559509 9.370728
604 598 0.000000 0.013572 6.533447 9.333496
605 599 0.000130 0.010623 6.505432 9.293474
606 600 0.000131 0.011471 6.476013 9.251448
607 601 0.000321 0.011164 6.454102 9.220145
608 602 0.000000 0.014244 6.417664 9.168091
609 603 0.000132 0.013075 6.382996 9.118566
610 604 0.000188 0.011853 6.348877 9.069824
611 605 0.000109 0.011435 6.319397 9.027710
612 606 0.000134 0.010425 6.292908 8.989868
613 607 0.000221 0.012356 6.254211 8.934587
614 608 0.000111 0.010274 6.218750 8.883928
615 609 0.000137 0.010907 6.181885 8.831264
616 610 0.000079 0.011876 6.149353 8.784790
617 611 0.000113 0.013743 6.114685 8.735265
618 612 0.000000 0.015303 6.077148 8.681641
619 613 0.000162 0.011281 6.042175 8.631679
620 614 0.000141 0.009511 6.010498 8.586426
621 615 0.000115 0.009291 5.985779 8.551112
622 616 0.000082 0.005766 5.955200 8.507429
623 617 0.000117 0.004281 5.923462 8.462089
624 618 0.000083 0.003237 5.896179 8.423113
625 619 0.000186 0.004314 5.868164 8.383092
626 620 0.000000 0.004348 5.845032 8.350045
627 621 0.000188 0.005644 5.817871 8.311244
628 622 0.000168 0.005892 5.796570 8.280814
629 623 0.000267 0.004211 5.775146 8.250209
630 624 0.000120 0.002372 5.746094 8.208705
631 625 0.000085 0.002045 5.727173 8.181676
632 626 0.000271 0.001858 5.700806 8.144008
633 627 0.000172 0.004154 5.674927 8.107038
634 628 0.000173 0.004197 5.640015 8.057164
635 629 0.000195 0.006141 5.601440 8.002058
636 630 0.000248 0.006993 5.567566 7.953666
637 631 0.000177 0.005959 5.519958 7.885655
638 632 0.000309 0.005488 5.467407 7.810582
639 633 0.000313 0.007116 5.411133 7.730190
640 634 0.000224 0.005950 5.345032 7.635760
641 635 0.000093 0.004408 5.276001 7.537144
642 636 0.000000 0.006634 5.198486 7.426409
643 637 0.000095 0.005222 5.120239 7.314628
644 638 0.000097 0.004842 5.045776 7.208252
645 639 0.000196 0.002818 4.974548 7.106498
646 640 0.000199 0.003291 4.916443 7.023490
647 641 0.000201 0.012276 4.868469 6.954956
648 642 0.000267 0.010869 4.833313 6.904733
649 643 0.000203 0.008939 4.807800 6.868286
650 644 0.000176 0.011203 4.791992 6.845703
651 645 0.000250 0.010392 4.779846 6.828351
652 646 0.000102 0.016009 4.770691 6.815273
653 647 0.000145 0.008067 4.773560 6.819371
654 648 0.000251 0.009753 4.762329 6.803327
655 649 0.000000 0.016713 4.759705 6.799578
656 650 0.000178 0.018082 4.756897 6.795567
657 651 0.000252 0.023492 4.741760 6.773943
658 652 0.000371 0.017070 4.742615 6.775164
659 653 0.000327 0.022339 4.715820 6.736886
660 654 0.000292 0.018994 4.726929 6.752755
661 655 0.000372 0.016546 4.728394 6.754848
662 656 0.000274 0.015422 4.711792 6.731132
663 657 0.000326 0.015224 4.729492 6.756417
664 658 0.000146 0.015601 4.733215 6.761736
665 659 0.000385 0.013579 4.744873 6.778390
666 660 0.000000 0.011663 4.752991 6.789987
667 661 0.000145 0.014313 4.751221 6.787458
668 662 0.000000 0.015537 4.784729 6.835327
669 663 0.000144 0.011421 4.803833 6.862618
670 664 0.000203 0.013310 4.811584 6.873692
671 665 0.000174 0.010972 4.847961 6.925659
672 666 0.000266 0.012580 4.854980 6.935687
673 667 0.000316 0.008582 4.893860 6.991229
674 668 0.000397 0.006886 4.920410 7.029157
675 669 0.000328 0.006189 4.932800 7.046857
676 670 0.000417 0.005643 4.970154 7.100220
677 671 0.000138 0.006746 4.994263 7.134661
678 672 0.000137 0.009497 5.025513 7.179304
679 673 0.000216 0.009403 5.051147 7.215925
680 674 0.000136 0.009785 5.067993 7.239990
681 675 0.000406 0.015226 5.104309 7.291870
682 676 0.000135 0.015276 5.127136 7.324481
683 677 0.000190 0.014119 5.138733 7.341047
684 678 0.000267 0.011899 5.164673 7.378104
685 679 0.000365 0.011052 5.182312 7.403303
686 680 0.000133 0.011795 5.192261 7.417515
687 681 0.000563 0.014409 5.207214 7.438878
688 682 0.000132 0.011676 5.222656 7.460938
689 683 0.000161 0.012070 5.242432 7.489188
690 684 0.000294 0.014697 5.260681 7.515259
691 685 0.000227 0.021217 5.259277 7.513253
692 686 0.000531 0.018533 5.278625 7.540894
693 687 0.000185 0.012635 5.282837 7.546910
694 688 0.000307 0.016557 5.267212 7.524589
695 689 0.000454 0.015558 5.263977 7.519967
696 690 0.000132 0.013395 5.248352 7.497646
697 691 0.000295 0.011608 5.229370 7.470529
698 692 0.000248 0.011261 5.214661 7.449515
699 693 0.000188 0.012814 5.189636 7.413766
700 694 0.000210 0.011268 5.197388 7.424839
701 695 0.000430 0.010893 5.197937 7.425624
702 696 0.000266 0.012015 5.196289 7.423270
703 697 0.000265 0.009412 5.220154 7.457363
704 698 0.000132 0.010176 5.234985 7.478550
705 699 0.000093 0.009384 5.260742 7.515346
706 700 0.000131 0.008160 5.285645 7.550921
707 701 0.000206 0.012441 5.297913 7.568447
708 702 0.000224 0.010941 5.329224 7.613177
709 703 0.000223 0.009897 5.355713 7.651019
710 704 0.000091 0.010811 5.367920 7.668457
711 705 0.000157 0.008714 5.393738 7.705340
712 706 0.000000 0.008688 5.410889 7.729841
713 707 0.000180 0.007008 5.433289 7.761841
714 708 0.000253 0.006718 5.458557 7.797939
715 709 0.000126 0.011282 5.478088 7.825840
716 710 0.000250 0.011499 5.519348 7.884783
717 711 0.000278 0.014125 5.550110 7.928729
718 712 0.000248 0.016581 5.576843 7.966919
719 713 0.000275 0.013551 5.620117 8.028739
720 714 0.000376 0.013330 5.655090 8.078700
721 715 0.000285 0.015035 5.689148 8.127355
722 716 0.000171 0.012852 5.724609 8.178014
723 717 0.000170 0.013801 5.754944 8.221349
724 718 0.000223 0.011671 5.796631 8.280901
725 719 0.000221 0.015816 5.833008 8.332869
726 720 0.000186 0.018612 5.857788 8.368269
727 721 0.000165 0.015604 5.900757 8.429652
728 722 0.000329 0.016339 5.934265 8.477522
729 723 0.000258 0.018762 5.974365 8.534807
730 724 0.000430 0.018576 6.014343 8.591919
731 725 0.000323 0.012616 6.048828 8.641183
732 726 0.000179 0.010833 6.091797 8.702567
733 727 0.000195 0.020349 6.128357 8.754796
734 728 0.000177 0.020796 6.160461 8.800659
735 729 0.000000 0.017589 6.197693 8.853847
736 730 0.000294 0.021090 6.223328 8.890468
737 731 0.000434 0.022849 6.262146 8.945923
738 732 0.000445 0.022013 6.297546 8.996495
739 733 0.000244 0.012955 6.326782 9.038260
740 734 0.000376 0.012928 6.361633 9.088048
741 735 0.000132 0.018354 6.393982 9.134260
742 736 0.000107 0.015958 6.436523 9.195033
743 737 0.000107 0.016956 6.461182 9.230260
744 738 0.000184 0.017265 6.491882 9.274117
745 739 0.000167 0.017042 6.528076 9.325823
746 740 0.000182 0.018370 6.562500 9.375000
747 741 0.000166 0.011608 6.593689 9.419556
748 742 0.000147 0.013314 6.620911 9.458444
749 743 0.000254 0.010175 6.654236 9.506051
750 744 0.000310 0.011213 6.682983 9.547119
751 745 0.000252 0.010882 6.711914 9.588449
752 746 0.000205 0.009290 6.741821 9.631173
753 747 0.000072 0.010025 6.771973 9.674247
754 748 0.000144 0.007725 6.800476 9.714966
755 749 0.000202 0.009173 6.833801 9.762573
756 750 0.000369 0.008818 6.871826 9.816895
757 751 0.000308 0.006567 6.911377 9.873396
758 752 0.000385 0.006027 6.947876 9.925537
759 753 0.000140 0.004529 6.992615 9.989450
760 754 0.000184 0.004736 7.021973 10.031389
761 755 0.000155 0.005177 7.055298 10.078997
762 756 0.000118 0.012442 7.153320 10.219029
763 757 0.000194 0.006124 7.120056 10.171509
764 758 0.000000 0.006884 7.154114 10.220162
765 759 0.000000 0.006974 7.183899 10.262712
766 760 0.000000 0.008037 7.233154 10.333077
767 761 0.000134 0.007604 7.275391 10.393415
768 762 0.000095 0.009302 7.249634 10.356620
769 763 0.000163 0.007740 7.352661 10.503801
770 764 0.000093 0.006163 7.391724 10.559606
771 765 0.000255 0.006019 7.424744 10.606776
772 766 0.000278 0.007708 7.453674 10.648107
773 767 0.000092 0.006214 7.489746 10.699637
774 768 0.000234 0.006398 7.532288 10.760411
775 769 0.000091 0.006450 7.569153 10.813075
776 770 0.000144 0.007006 7.606506 10.866438
777 771 0.000128 0.008702 7.647339 10.924769
778 772 0.000127 0.009021 7.690002 10.985718
779 773 0.000244 0.009514 7.736328 11.051897
780 774 0.000226 0.010349 7.786621 11.123744
781 775 0.000264 0.008141 7.835144 11.193063
782 776 0.000196 0.008200 7.882263 11.260376
783 777 0.000138 0.007298 7.931030 11.330043
784 778 0.000122 0.007569 7.980835 11.401193
785 779 0.000149 0.007511 8.025574 11.465105
786 780 0.000332 0.006563 8.060425 11.514893
787 781 0.000181 0.009814 8.103271 11.576102
788 782 0.000104 0.007679 8.147644 11.639491
789 783 0.000207 0.007398 8.188904 11.698434
790 784 0.000145 0.008315 8.231201 11.758859
791 785 0.000145 0.009551 8.268738 11.812483
792 786 0.000118 0.009906 8.304871 11.864100
793 787 0.000166 0.006298 8.338867 11.912667
794 788 0.000143 0.007073 8.366455 11.952079
795 789 0.000082 0.006599 8.396301 11.994716
796 790 0.000142 0.005362 8.414795 12.021135
797 791 0.000082 0.004909 8.432495 12.046422
798 792 0.000058 0.006142 8.444702 12.063860
799 793 0.000082 0.004731 8.454956 12.078508
800 794 0.000245 0.004280 8.464905 12.092721
801 795 0.000115 0.004094 8.466125 12.094465
802 796 0.000058 0.004887 8.469055 12.098650
803 797 0.000100 0.004694 8.465393 12.093419
804 798 0.000182 0.008056 8.467041 12.095773
805 799 0.000058 0.009029 8.466309 12.094727
806 800 0.000082 0.010668 8.460938 12.087053
807 801 0.000115 0.007066 8.461792 12.088274
808 802 0.000115 0.007776 8.467712 12.096732
809 803 0.000100 0.007716 8.465820 12.094029
810 804 0.000058 0.005331 8.456787 12.081124
811 805 0.000000 0.005959 8.443115 12.061593
812 806 0.000100 0.005634 8.429871 12.042672
813 807 0.000116 0.006963 8.407837 12.011195
814 808 0.000202 0.006660 8.386719 11.981027
815 809 0.000165 0.007055 8.373291 11.961844
816 810 0.000101 0.006811 8.360046 11.942924
817 811 0.000185 0.007279 8.349243 11.927490
818 812 0.000143 0.005232 8.337402 11.910575
819 813 0.000059 0.003721 8.333496 11.904994
820 814 0.000203 0.003151 8.314636 11.878052
821 815 0.000102 0.004287 8.297363 11.853376
822 816 0.000132 0.003409 8.277588 11.825126
823 817 0.000145 0.003128 8.257019 11.795741
824 818 0.000214 0.003720 8.240601 11.772286
825 819 0.000146 0.003321 8.209229 11.727469
826 820 0.000260 0.003572 8.184509 11.692156
827 821 0.000147 0.001818 8.156921 11.652745
828 822 0.000085 0.003231 8.133057 11.618652
829 823 0.000104 0.002597 8.105835 11.579764
830 824 0.000290 0.003637 8.073364 11.533378
831 825 0.000105 0.004172 8.039734 11.485334
832 826 0.000086 0.006753 7.989380 11.413400
833 827 0.000087 0.006007 7.929993 11.328561
834 828 0.000124 0.005050 7.854797 11.221139
835 829 0.000126 0.005438 7.762756 11.089652
836 830 0.000156 0.006572 7.655823 10.936890
837 831 0.000233 0.006714 7.540161 10.771659
838 832 0.000197 0.006925 7.430603 10.615148
839 833 0.000177 0.009042 7.309387 10.441981
840 834 0.000118 0.011326 7.186462 10.266375
841 835 0.000155 0.012325 7.062073 10.088675
842 836 0.000199 0.012514 6.938599 9.912284
843 837 0.000143 0.011657 6.818054 9.740077
844 838 0.000219 0.015234 6.695312 9.564733
845 839 0.000166 0.008792 6.589844 9.414062
846 840 0.000184 0.006288 6.492798 9.275426
847 841 0.000305 0.006904 6.409241 9.156058
848 842 0.000344 0.006907 6.339661 9.056658
849 843 0.000174 0.006111 6.273804 8.962577
850 844 0.000444 0.008537 6.218323 8.883318
851 845 0.000526 0.007104 6.162903 8.804147
852 846 0.000080 0.006889 6.123230 8.747472
853 847 0.000278 0.006205 6.093689 8.705270
854 848 0.000197 0.007599 6.074402 8.677717
855 849 0.000279 0.011127 6.064270 8.663243
856 850 0.000139 0.011080 6.063110 8.661586
857 851 0.000228 0.008634 6.069092 8.670131
858 852 0.000161 0.010385 6.060425 8.657750
859 853 0.000161 0.010211 6.051392 8.644845
860 854 0.000114 0.011994 6.040894 8.629848
861 855 0.000280 0.011021 6.035950 8.622786
862 856 0.000000 0.006956 6.035034 8.621477
863 857 0.000256 0.013069 6.025330 8.607614
864 858 0.000229 0.009201 6.035278 8.621826
865 859 0.000228 0.006800 6.057007 8.652867
866 860 0.000279 0.009461 6.071777 8.673967
867 861 0.000253 0.015587 6.101257 8.716082
868 862 0.000225 0.014287 6.132141 8.760201
869 863 0.000194 0.006171 6.168030 8.811471
870 864 0.000222 0.009559 6.212402 8.874861
871 865 0.000247 0.009593 6.250549 8.929357
872 866 0.000206 0.005161 6.279358 8.970511
873 867 0.000219 0.007680 6.311401 9.016288
874 868 0.000289 0.004038 6.325806 9.036865
875 869 0.000399 0.005941 6.364014 9.091448
876 870 0.000229 0.005257 6.389771 9.128243
877 871 0.000202 0.004879 6.411194 9.158849
878 872 0.000311 0.008245 6.463989 9.234270
879 873 0.000300 0.007576 6.501587 9.287981
880 874 0.000183 0.011772 6.535339 9.336199
881 875 0.000129 0.010806 6.565369 9.379098
882 876 0.000148 0.008917 6.588440 9.412057
883 877 0.000180 0.010030 6.630920 9.472743
884 878 0.000232 0.010799 6.661926 9.517037
885 879 0.000127 0.008146 6.677063 9.538661
886 880 0.000218 0.009483 6.727844 9.611206
887 881 0.000323 0.010979 6.759338 9.656198
888 882 0.000314 0.014586 6.786804 9.695435
889 883 0.000248 0.006514 6.807861 9.725516
890 884 0.000430 0.007357 6.815369 9.736241
891 885 0.000225 0.005959 6.854126 9.791609
892 886 0.000376 0.007511 6.870544 9.815063
893 887 0.000265 0.005253 6.886536 9.837908
894 888 0.000173 0.007069 6.920044 9.885777
895 889 0.000157 0.003898 6.938171 9.911674
896 890 0.000172 0.001545 6.971619 9.959455
897 891 0.000121 0.002341 6.989014 9.984305
898 892 0.000000 0.002649 7.011719 10.016741
899 893 0.000196 0.008154 7.041382 10.059117
900 894 0.000139 0.008904 7.050476 10.072108
901 895 0.000138 0.011445 7.061096 10.087280
902 896 0.000069 0.011044 7.059143 10.084490
903 897 0.000138 0.012371 7.055786 10.079695
904 898 0.000208 0.008092 7.043274 10.061820
905 899 0.000197 0.007235 7.022278 10.031825
906 900 0.000209 0.006563 7.008545 10.012207
907 901 0.000156 0.011658 6.988892 9.984131
908 902 0.000099 0.011281 6.969421 9.956316
909 903 0.000158 0.013449 6.932190 9.903129
910 904 0.000100 0.008713 6.889221 9.841744
911 905 0.000101 0.010536 6.837891 9.768415
912 906 0.000176 0.012097 6.780151 9.685930
913 907 0.000126 0.008967 6.705444 9.579206
914 908 0.000181 0.012143 6.614441 9.449202
915 909 0.000106 0.008049 6.526855 9.324080
916 910 0.000152 0.010485 6.424866 9.178380
917 911 0.000232 0.010600 6.325684 9.036691
918 912 0.000079 0.009499 6.216125 8.880179
919 913 0.000080 0.009315 6.104004 8.720006
920 914 0.000115 0.007050 6.003357 8.576224
921 915 0.000117 0.010870 5.892578 8.417969
922 916 0.000119 0.008741 5.780518 8.257882
923 917 0.000173 0.006767 5.657410 8.082014
924 918 0.000280 0.010396 5.513855 7.876935
925 919 0.000222 0.012874 5.390076 7.700108
926 920 0.000186 0.016195 5.247559 7.496512
927 921 0.000381 0.011149 5.128357 7.326224
928 922 0.000238 0.010516 5.028137 7.183053
929 923 0.000385 0.017643 4.914307 7.020438
930 924 0.000493 0.014021 4.850403 6.929147
931 925 0.000424 0.015922 4.752808 6.789725
932 926 0.000477 0.015850 4.691162 6.701660
933 927 0.000516 0.013424 4.632996 6.618565
934 928 0.000456 0.022604 4.539429 6.484898
935 929 0.000324 0.010885 4.518005 6.454293
936 930 0.000347 0.020363 4.447144 6.353062
937 931 0.000790 0.012630 4.459839 6.371198
938 932 0.000765 0.010297 4.465759 6.379656
939 933 0.000860 0.022858 4.434021 6.334316
940 934 0.000438 0.014233 4.462646 6.375209
941 935 0.000442 0.025927 4.421387 6.316267
942 936 0.000311 0.016893 4.438049 6.340070
943 937 0.000293 0.021872 4.406067 6.294381
944 938 0.000475 0.037669 4.358887 6.226981
945 939 0.000488 0.028763 4.364990 6.235700
946 940 0.000390 0.031803 4.338806 6.198295
947 941 0.000404 0.031272 4.356140 6.223057
948 942 0.000372 0.032960 4.356750 6.223929
949 943 0.000224 0.039380 4.358337 6.226196
950 944 0.000705 0.026973 4.378662 6.255231
951 945 0.000713 0.032787 4.382874 6.261248
952 946 0.000314 0.033143 4.402954 6.289935
953 947 0.000456 0.030902 4.416199 6.308856
954 948 0.000454 0.031774 4.432556 6.332223
955 949 0.000329 0.036790 4.453308 6.361869
956 950 0.000488 0.035476 4.471191 6.387416
957 951 0.000511 0.037962 4.484985 6.407122
958 952 0.000624 0.034420 4.498291 6.426130
959 953 0.000520 0.032540 4.501404 6.430577
960 954 0.000509 0.031707 4.501831 6.431187
961 955 0.000266 0.017521 4.504639 6.435198
962 956 0.000153 0.024956 4.510010 6.442871
963 957 0.000405 0.014996 4.513733 6.448190
964 958 0.000187 0.022844 4.516724 6.452462
965 959 0.000701 0.018696 4.514343 6.449062
966 960 0.000376 0.017928 4.500427 6.429182
967 961 0.000595 0.028160 4.493408 6.419155
968 962 0.000619 0.023691 4.459412 6.370588
969 963 0.000991 0.034202 4.435669 6.336670
970 964 0.000687 0.029904 4.380371 6.257673
971 965 0.000465 0.031715 4.326294 6.180420
972 966 0.000603 0.040672 4.287537 6.125052
973 967 0.000589 0.027374 4.226135 6.037336
974 968 0.000436 0.024338 4.189575 5.985107
975 969 0.000311 0.029049 4.156250 5.937500
976 970 0.000118 0.025417 4.146057 5.922939
977 971 0.000332 0.026953 4.157776 5.939680
978 972 0.000311 0.029110 4.154297 5.934710
979 973 0.000550 0.033588 4.161133 5.944476
980 974 0.000522 0.033010 4.184814 5.978306
981 975 0.000330 0.030649 4.183044 5.975778
982 976 0.000467 0.032436 4.184753 5.978219
983 977 0.000658 0.031481 4.196533 5.995048
984 978 0.000436 0.027663 4.193848 5.991211
985 979 0.000565 0.021600 4.232117 6.045881
986 980 0.000632 0.022378 4.229248 6.041783
987 981 0.000599 0.020166 4.238647 6.055211
988 982 0.000471 0.016196 4.278748 6.112496
989 983 0.000361 0.015407 4.276001 6.108573
990 984 0.000424 0.017650 4.308044 6.154349
991 985 0.000436 0.012855 4.333374 6.190534
992 986 0.000224 0.014311 4.363098 6.232997
993 987 0.000312 0.014732 4.419922 6.314174
994 988 0.000220 0.015259 4.440002 6.342861
995 989 0.000266 0.017309 4.491211 6.416016
996 990 0.000304 0.017744 4.548462 6.497803
997 991 0.000564 0.023127 4.577393 6.539132
998 992 0.000298 0.020325 4.634888 6.621268
999 993 0.000430 0.022555 4.679443 6.684919
1000 994 0.000273 0.024668 4.739502 6.770717
1001 995 0.000203 0.021060 4.804810 6.864014
1002 996 0.000362 0.018274 4.862427 6.946324
1003 997 0.000421 0.017510 4.925537 7.036481
1004 998 0.000240 0.019339 4.989014 7.127162
1005 999 0.000321 0.016876 5.047363 7.210519
1006 1000 0.000214 0.012799 5.104736 7.292480
1007 1001 0.000211 0.011995 5.167725 7.382464
1008 1002 0.000247 0.012934 5.228638 7.469482
1009 1003 0.000277 0.012001 5.289307 7.556152
1010 1004 0.000000 0.008433 5.345947 7.637067
1011 1005 0.000181 0.007716 5.403564 7.719378
1012 1006 0.000000 0.009317 5.468872 7.812675
1013 1007 0.000125 0.009276 5.522949 7.889927
1014 1008 0.000303 0.009029 5.581299 7.973284
1015 1009 0.000123 0.008658 5.632446 8.046351
1016 1010 0.000210 0.009094 5.689453 8.127790
1017 1011 0.000240 0.010038 5.746704 8.209578
1018 1012 0.000119 0.009728 5.797363 8.281947
1019 1013 0.000187 0.008080 5.847290 8.353271
1020 1014 0.000117 0.008318 5.892456 8.417794
1021 1015 0.000000 0.007525 5.937012 8.481445
1022 1016 0.000116 0.006758 5.971802 8.531145
1023 1017 0.000230 0.008231 6.000610 8.572301
1024 1018 0.000214 0.007619 6.028076 8.611537
1025 1019 0.000464 0.007885 6.046509 8.637870
1026 1020 0.000411 0.007798 6.058716 8.655309
1027 1021 0.000139 0.006235 6.078003 8.682861
1028 1022 0.000212 0.006575 6.094604 8.706578
1029 1023 0.000160 0.005799 6.103271 8.718959
1030 1024 0.000226 0.004595 6.107666 8.725237
1031 1025 0.000787 0.007868 6.114258 8.734654
1032 1026 0.000366 0.004587 6.119995 8.742850
1033 1027 0.000239 0.007154 6.118408 8.740583
1034 1028 0.000196 0.003669 6.115112 8.735875
1035 1029 0.000160 0.006099 6.113770 8.733956
1036 1030 0.000277 0.009346 6.114990 8.735701
1037 1031 0.000196 0.009471 6.110840 8.729772
1038 1032 0.000080 0.006742 6.111450 8.730643
1039 1033 0.000080 0.008458 6.107788 8.725411
1040 1034 0.000080 0.011619 6.103638 8.719482
1041 1035 0.000113 0.012234 6.108765 8.726807
1042 1036 0.000179 0.015918 6.100342 8.714774
1043 1037 0.000160 0.015929 6.091797 8.702567
1044 1038 0.000197 0.015601 6.079590 8.685128
1045 1039 0.000161 0.013667 6.069946 8.671351
1046 1040 0.000228 0.010810 6.060791 8.658273
1047 1041 0.000198 0.012180 6.050293 8.643275
1048 1042 0.000343 0.012353 6.047363 8.639091
1049 1043 0.000256 0.012389 6.042603 8.632289
1050 1044 0.000181 0.012440 6.042969 8.632812
1051 1045 0.000214 0.009475 6.038452 8.626360
1052 1046 0.000162 0.011610 6.041138 8.630197
1053 1047 0.000140 0.008948 6.034424 8.620605
1054 1048 0.000334 0.008084 6.027100 8.610143
1055 1049 0.000256 0.008812 6.030640 8.615199
1056 1050 0.000363 0.008472 6.022217 8.603167
1057 1051 0.000000 0.008548 6.026123 8.608747
1058 1052 0.000140 0.004496 6.022827 8.604039
1059 1053 0.000081 0.003174 6.032104 8.617292
1060 1054 0.000115 0.002822 6.027832 8.611189
1061 1055 0.000140 0.001241 6.022339 8.603341
1062 1056 0.000199 0.004459 6.021973 8.602818
1063 1057 0.000162 0.006347 6.018433 8.597761
1064 1058 0.000230 0.007619 6.014404 8.592006
1065 1059 0.000000 0.006720 6.007690 8.582415
1066 1060 0.000115 0.007229 6.019165 8.598807
1067 1061 0.000115 0.009787 6.022827 8.604039
1068 1062 0.000000 0.007110 6.024658 8.606654
1069 1063 0.000081 0.005552 6.023438 8.604911
1070 1064 0.000140 0.004375 6.023682 8.605260
1071 1065 0.000162 0.004421 6.015381 8.593401
1072 1066 0.000163 0.006033 6.002319 8.574742
1073 1067 0.000270 0.007578 5.991211 8.558873
1074 1068 0.000163 0.006025 5.978882 8.541260
1075 1069 0.000183 0.008581 5.963501 8.519287
1076 1070 0.000082 0.010896 5.946289 8.494699
1077 1071 0.000285 0.010896 5.930176 8.471680
1078 1072 0.000219 0.008729 5.911011 8.444301
1079 1073 0.000166 0.009360 5.896729 8.423898
1080 1074 0.000166 0.009374 5.881470 8.402100
1081 1075 0.000167 0.008209 5.863403 8.376290
1082 1076 0.000204 0.005617 5.857056 8.367223
1083 1077 0.000119 0.006734 5.806396 8.294852
1084 1078 0.000085 0.011109 5.774658 8.249512
1085 1079 0.000121 0.013173 5.726562 8.180803
1086 1080 0.000298 0.014735 5.672485 8.103551
1087 1081 0.000213 0.014698 5.608154 8.011649
1088 1082 0.000250 0.017526 5.513550 7.876500
1089 1083 0.000297 0.014537 5.446411 7.780587
1090 1084 0.000317 0.010932 5.336670 7.623814
1091 1085 0.000408 0.010033 5.213745 7.448207
1092 1086 0.000235 0.009585 5.085083 7.264404
1093 1087 0.000328 0.012195 4.944092 7.062988
1094 1088 0.000176 0.012316 4.799438 6.856341
1095 1089 0.000182 0.012270 4.652954 6.647077
1096 1090 0.000153 0.015154 4.519287 6.456124
1097 1091 0.000293 0.016327 4.406616 6.295166
1098 1092 0.000531 0.019480 4.311890 6.159842
1099 1093 0.000446 0.022302 4.243042 6.061489
1100 1094 0.000165 0.025633 4.187500 5.982143
1101 1095 0.000289 0.034134 4.142944 5.918492
1102 1096 0.000206 0.037841 4.113159 5.875942
1103 1097 0.000414 0.041951 4.080811 5.829730
1104 1098 0.000774 0.043512 4.039551 5.770787
1105 1099 0.000798 0.041487 4.010986 5.729980
1106 1100 0.000685 0.037771 3.967163 5.667376
1107 1101 0.000839 0.035933 3.948853 5.641218
1108 1102 0.000919 0.034446 3.904541 5.577916
1109 1103 0.000792 0.034290 3.899902 5.571289
1110 1104 0.000838 0.029362 3.867310 5.524728
1111 1105 0.000746 0.024632 3.818359 5.454799
1112 1106 0.001167 0.040619 3.836060 5.480085
1113 1107 0.000843 0.033327 3.799072 5.427246
1114 1108 0.000784 0.040383 3.839111 5.484445
1115 1109 0.000887 0.034355 3.814087 5.448696
1116 1110 0.000901 0.040404 3.831299 5.473284
1117 1111 0.001048 0.050399 3.898804 5.569720
1118 1112 0.000355 0.037641 3.887329 5.553327
1119 1113 0.000390 0.042772 3.962524 5.660749
1120 1114 0.000617 0.045363 3.955688 5.650983
1121 1115 0.000442 0.042177 3.980103 5.685861
1122 1116 0.000382 0.040406 4.041504 5.773577
1123 1117 0.000121 0.030325 4.028687 5.755267
1124 1118 0.000609 0.033117 4.089355 5.841937
1125 1119 0.000377 0.028877 4.091431 5.844901
1126 1120 0.000373 0.022007 4.140137 5.914481
1127 1121 0.000634 0.022041 4.221558 6.030797
1128 1122 0.000487 0.022004 4.256104 6.080148
1129 1123 0.000490 0.024437 4.339600 6.199428
1130 1124 0.000351 0.017876 4.402222 6.288888
1131 1125 0.000449 0.016135 4.484375 6.406250
1132 1126 0.000337 0.016864 4.582520 6.546456
1133 1127 0.000278 0.015327 4.650879 6.644113
1134 1128 0.000483 0.012748 4.743896 6.776995
1135 1129 0.000417 0.012630 4.831909 6.902728
1136 1130 0.000262 0.014619 4.923828 7.034040
1137 1131 0.000376 0.013965 5.023071 7.175816
1138 1132 0.000382 0.013097 5.109863 7.299805
1139 1133 0.000363 0.013946 5.212769 7.446812
1140 1134 0.000225 0.015124 5.305176 7.578823
1141 1135 0.000181 0.014271 5.398560 7.712228
1142 1136 0.000282 0.017604 5.478516 7.826451
1143 1137 0.000215 0.017325 5.560425 7.943464
1144 1138 0.000194 0.020028 5.637695 8.053850
1145 1139 0.000086 0.018614 5.704102 8.148717
1146 1140 0.000189 0.017137 5.774902 8.249861
1147 1141 0.000145 0.016245 5.836792 8.338274
1148 1142 0.000083 0.013761 5.901978 8.431396
1149 1143 0.000116 0.012848 5.962036 8.517195
1150 1144 0.000081 0.011392 6.020508 8.600725
1151 1145 0.000139 0.011113 6.076660 8.680943
1152 1146 0.000113 0.009659 6.125732 8.751046
1153 1147 0.000137 0.007993 6.167603 8.810861
1154 1148 0.000222 0.005847 6.212891 8.875558
1155 1149 0.000221 0.005067 6.242676 8.918108
1156 1150 0.000110 0.005766 6.267456 8.953508
1157 1151 0.000190 0.005618 6.290283 8.986119
1158 1152 0.000109 0.007356 6.310181 9.014544
1159 1153 0.000154 0.008208 6.329956 9.042794
1160 1154 0.000077 0.007761 6.338257 9.054652
1161 1155 0.000109 0.007848 6.356934 9.081334
1162 1156 0.000133 0.008633 6.373291 9.104701
1163 1157 0.000216 0.009169 6.386597 9.123710
1164 1158 0.000187 0.005760 6.388672 9.126674
1165 1159 0.000275 0.003644 6.401611 9.145159
1166 1160 0.000108 0.003877 6.400635 9.143764
1167 1161 0.000000 0.003081 6.401733 9.145333
1168 1162 0.000000 0.004341 6.404907 9.149867
1169 1163 0.000152 0.008869 6.404297 9.148995
1170 1164 0.000108 0.007048 6.412354 9.160505
1171 1165 0.000152 0.009116 6.407471 9.153529
1172 1166 0.000201 0.008401 6.412354 9.160505
1173 1167 0.000357 0.011788 6.419189 9.170271
1174 1168 0.000263 0.012890 6.420776 9.172538
1175 1169 0.000228 0.013461 6.431519 9.187883
1176 1170 0.000262 0.013325 6.446655 9.209508
1177 1171 0.000293 0.015193 6.464600 9.235143
1178 1172 0.000319 0.009989 6.496216 9.280309
1179 1173 0.000225 0.011895 6.519043 9.312919
1180 1174 0.000197 0.007653 6.553101 9.361572
1181 1175 0.000182 0.004650 6.585693 9.408134
1182 1176 0.000000 0.003703 6.614136 9.448766
1183 1177 0.000147 0.007666 6.646973 9.495675
1184 1178 0.000243 0.003968 6.672607 9.532296
1185 1179 0.000292 0.004327 6.699219 9.570312
1186 1180 0.000103 0.004707 6.722290 9.603271
1187 1181 0.000102 0.005706 6.747314 9.639021
1188 1182 0.000102 0.005479 6.773804 9.676863
1189 1183 0.000144 0.005273 6.801514 9.716448
1190 1184 0.000226 0.006221 6.840088 9.771554
1191 1185 0.000301 0.006773 6.872437 9.817766
1192 1186 0.000158 0.008145 6.904419 9.863456
1193 1187 0.000122 0.007340 6.936401 9.909144
1194 1188 0.000099 0.008288 6.973389 9.961984
1195 1189 0.000209 0.008061 7.013428 10.019182
1196 1190 0.000170 0.010147 7.047974 10.068534
1197 1191 0.000097 0.010225 7.092773 10.132533
1198 1192 0.000137 0.011047 7.129395 10.184850
1199 1193 0.000068 0.011875 7.172363 10.246233
1200 1194 0.000135 0.013378 7.210571 10.300817
1201 1195 0.000178 0.013339 7.250732 10.358190
1202 1196 0.000222 0.013949 7.284302 10.406145
1203 1197 0.000116 0.013043 7.317871 10.454102
1204 1198 0.000148 0.013620 7.363403 10.519148
1205 1199 0.000228 0.012655 7.407837 10.582624
1206 1200 0.000131 0.011412 7.447021 10.638602
1207 1201 0.000206 0.011115 7.478516 10.683594
1208 1202 0.000130 0.009854 7.512329 10.731898
1209 1203 0.000317 0.009943 7.546631 10.780901
1210 1204 0.000158 0.009309 7.574219 10.820312
1211 1205 0.000223 0.008155 7.599121 10.855887
1212 1206 0.000192 0.007826 7.629395 10.899135
1213 1207 0.000156 0.008034 7.654297 10.934710
1214 1208 0.000142 0.009312 7.681519 10.973598
1215 1209 0.000200 0.005984 7.710815 11.015450
1216 1210 0.000178 0.008860 7.743042 11.061488
1217 1211 0.000199 0.009088 7.766113 11.094447
1218 1212 0.000198 0.006806 7.784912 11.121303
1219 1213 0.000089 0.004255 7.796753 11.138219
1220 1214 0.000088 0.004323 7.807861 11.154088
1221 1215 0.000165 0.005459 7.812622 11.160889
1222 1216 0.000306 0.005658 7.817383 11.167689
1223 1217 0.000286 0.005459 7.833862 11.191232
1224 1218 0.000363 0.005753 7.851074 11.215820
1225 1219 0.000124 0.003302 7.884888 11.264125
1226 1220 0.000087 0.004937 7.916016 11.308594
1227 1221 0.000107 0.005013 7.941040 11.344343
1228 1222 0.000000 0.005003 7.963257 11.376081
1229 1223 0.000193 0.005038 7.988770 11.412528
1230 1224 0.000106 0.005985 8.015747 11.451067
1231 1225 0.000136 0.005800 8.043823 11.491176
1232 1226 0.000135 0.009401 8.074219 11.534598
1233 1227 0.000330 0.014977 8.111206 11.587438
1234 1228 0.000134 0.015642 8.141968 11.631383
1235 1229 0.000085 0.015889 8.163086 11.661551
1236 1230 0.000198 0.015892 8.182495 11.689279
1237 1231 0.000146 0.015107 8.192139 11.703055
1238 1232 0.000179 0.008958 8.205811 11.722587
1239 1233 0.000403 0.006847 8.214966 11.735665
1240 1234 0.000103 0.005543 8.232056 11.760079
1241 1235 0.000187 0.005449 8.244995 11.778564
1242 1236 0.000145 0.005601 8.257935 11.797050
1243 1237 0.000083 0.005650 8.288940 11.841344
1244 1238 0.000102 0.008502 8.309937 11.871338
1245 1239 0.000143 0.012505 8.337769 11.911098
1246 1240 0.000202 0.013952 8.365112 11.950160
1247 1241 0.000116 0.010847 8.403931 12.005615
1248 1242 0.000082 0.014308 8.446533 12.066476
1249 1243 0.000058 0.015359 8.484741 12.121058
1250 1244 0.000081 0.017840 8.522705 12.175293
1251 1245 0.000180 0.013666 8.559204 12.227434
1252 1246 0.000170 0.016428 8.596680 12.280971
1253 1247 0.000113 0.020256 8.624023 12.320033
1254 1248 0.000080 0.018664 8.644165 12.348807
1255 1249 0.000113 0.019211 8.662842 12.375488
1256 1250 0.000186 0.021321 8.686646 12.409493
1257 1251 0.000224 0.024987 8.710205 12.443151
1258 1252 0.000079 0.027961 8.738770 12.483956
1259 1253 0.000056 0.027052 8.762939 12.518485
1260 1254 0.000222 0.030768 8.798462 12.569231
1261 1255 0.000333 0.031023 8.809204 12.584578
1262 1256 0.000235 0.027790 8.827393 12.610560
1263 1257 0.000055 0.027378 8.838623 12.626604
1264 1258 0.000156 0.021555 8.842896 12.632708
1265 1259 0.000165 0.021765 8.851440 12.644915
1266 1260 0.000000 0.018305 8.842407 12.632010
1267 1261 0.000095 0.018399 8.855835 12.651193
1268 1262 0.000156 0.017055 8.852661 12.646659
1269 1263 0.000174 0.015092 8.858154 12.654506
1270 1264 0.000156 0.016484 8.857910 12.654158
1271 1265 0.000000 0.014534 8.852417 12.646310
1272 1266 0.000078 0.015524 8.864624 12.663749
1273 1267 0.000165 0.014767 8.859741 12.656774
1274 1268 0.000000 0.014396 8.853760 12.648229
1275 1269 0.000096 0.013796 8.844360 12.634801
1276 1270 0.000078 0.015132 8.833496 12.619280
1277 1271 0.000214 0.013360 8.831787 12.616838
1278 1272 0.000136 0.012031 8.818359 12.597656
1279 1273 0.000136 0.008965 8.806641 12.580915
1280 1274 0.000192 0.009747 8.803711 12.576730
1281 1275 0.000175 0.009730 8.799561 12.570801
1282 1276 0.000157 0.009216 8.800415 12.572021
1283 1277 0.000055 0.010324 8.798462 12.569231
1284 1278 0.000000 0.010943 8.795166 12.564523
1285 1279 0.000136 0.011676 8.801147 12.573068
1286 1280 0.000000 0.011126 8.801880 12.574114
1287 1281 0.000222 0.009761 8.797119 12.567313
1288 1282 0.000147 0.008017 8.785400 12.550572
1289 1283 0.000167 0.007938 8.777100 12.538713
1290 1284 0.000125 0.005125 8.767090 12.524414
1291 1285 0.000193 0.005894 8.754639 12.506627
1292 1286 0.000158 0.002354 8.745605 12.493722
1293 1287 0.000079 0.005126 8.742920 12.489885
1294 1288 0.000000 0.006916 8.744873 12.492676
1295 1289 0.000316 0.009231 8.739746 12.485352
1296 1290 0.000079 0.008011 8.745239 12.493199
1297 1291 0.000079 0.009576 8.737549 12.482213
1298 1292 0.000285 0.010824 8.731079 12.472970
1299 1293 0.000168 0.011197 8.729370 12.470529
1300 1294 0.000137 0.010697 8.728760 12.469657
1301 1295 0.000079 0.010110 8.729492 12.470703
1302 1296 0.000137 0.012122 8.708130 12.440186
1303 1297 0.000177 0.011266 8.702393 12.431990
1304 1298 0.000178 0.010295 8.695068 12.421526
1305 1299 0.000178 0.011583 8.685181 12.407401
1306 1300 0.000056 0.009610 8.671021 12.387172
1307 1301 0.000178 0.009990 8.660889 12.372698
1308 1302 0.000113 0.009500 8.661865 12.374093
1309 1303 0.000138 0.009797 8.664062 12.377233
1310 1304 0.000113 0.010056 8.658691 12.369559
1311 1305 0.000056 0.013087 8.655762 12.365374
1312 1306 0.000098 0.010037 8.659546 12.370780
1313 1307 0.000080 0.009905 8.662476 12.374965
1314 1308 0.000159 0.006431 8.669434 12.384905
1315 1309 0.000126 0.006751 8.673950 12.391357
1316 1310 0.000079 0.004791 8.692871 12.418387
1317 1311 0.000056 0.004464 8.701538 12.430769
1318 1312 0.000112 0.004207 8.708862 12.441232
1319 1313 0.000148 0.004461 8.713135 12.447335
1320 1314 0.000000 0.005493 8.720337 12.457624
1321 1315 0.000137 0.003614 8.724854 12.464076
1322 1316 0.000079 0.003841 8.720703 12.458147
1323 1317 0.000056 0.004045 8.722656 12.460938
1324 1318 0.000125 0.003688 8.717041 12.452916
1325 1319 0.000056 0.004843 8.722290 12.460414
1326 1320 0.000056 0.004546 8.716064 12.451521
1327 1321 0.000000 0.004578 8.710815 12.444022
1328 1322 0.000079 0.004313 8.703003 12.432861
1329 1323 0.000138 0.003486 8.697876 12.425537
1330 1324 0.000079 0.004842 8.696045 12.422921
1331 1325 0.000097 0.004263 8.686157 12.408796
1332 1326 0.000079 0.004787 8.695801 12.422572
1333 1327 0.000137 0.003442 8.703491 12.433558
1334 1328 0.000125 0.004935 8.720703 12.458147
1335 1329 0.000097 0.006326 8.719360 12.456229
1336 1330 0.000148 0.007997 8.714478 12.449254
1337 1331 0.000112 0.010163 8.705444 12.436349
1338 1332 0.000126 0.010178 8.689697 12.413854
1339 1333 0.000113 0.014138 8.674316 12.391881
1340 1334 0.000113 0.015915 8.649902 12.357003
1341 1335 0.000080 0.016817 8.632690 12.332415
1342 1336 0.000000 0.017960 8.623779 12.319685
1343 1337 0.000160 0.016267 8.610474 12.300676
1344 1338 0.000114 0.015262 8.601807 12.288295
1345 1339 0.000189 0.013094 8.590820 12.272600
1346 1340 0.000151 0.011245 8.580200 12.257429
1347 1341 0.000080 0.007601 8.578125 12.254464
1348 1342 0.000081 0.003597 8.574707 12.249581
1349 1343 0.000127 0.004466 8.577148 12.253069
1350 1344 0.000057 0.005919 8.566650 12.238072
1351 1345 0.000057 0.006484 8.566650 12.238072
1352 1346 0.000081 0.010183 8.576172 12.251674
1353 1347 0.000114 0.010231 8.577637 12.253767
1354 1348 0.000139 0.009684 8.580933 12.258475
1355 1349 0.000241 0.010240 8.579956 12.257080
1356 1350 0.000373 0.011883 8.580444 12.257777
1357 1351 0.000279 0.010672 8.570923 12.244176
1358 1352 0.000242 0.008425 8.553711 12.219587
1359 1353 0.000243 0.006518 8.540527 12.200753
1360 1354 0.000286 0.004458 8.530762 12.186803
1361 1355 0.000152 0.003243 8.521729 12.173898
1362 1356 0.000152 0.003715 8.515381 12.164830
1363 1357 0.000081 0.004185 8.520752 12.172503
1364 1358 0.000343 0.003310 8.530640 12.186628
1365 1359 0.000262 0.002311 8.546387 12.209124
1366 1360 0.000255 0.003024 8.556396 12.223424
1367 1361 0.000161 0.006104 8.568481 12.240687
1368 1362 0.000099 0.007311 8.578857 12.255510
1369 1363 0.000290 0.010157 8.587402 12.267717
1370 1364 0.000080 0.009159 8.598267 12.283238
1371 1365 0.000127 0.008049 8.599487 12.284982
1372 1366 0.000114 0.010595 8.599243 12.284633
1373 1367 0.000000 0.010721 8.604736 12.292480
1374 1368 0.000161 0.010640 8.604248 12.291783
1375 1369 0.000212 0.009161 8.607666 12.296666
1376 1370 0.000160 0.011024 8.606812 12.295445
1377 1371 0.000204 0.009511 8.611938 12.302770
1378 1372 0.000204 0.010039 8.625488 12.322126
1379 1373 0.000219 0.009030 8.634033 12.334333
1380 1374 0.000160 0.005513 8.650635 12.358049
1381 1375 0.000113 0.006049 8.664673 12.378104
1382 1376 0.000056 0.004362 8.683472 12.404960
1383 1377 0.000202 0.003809 8.705078 12.435826
1384 1378 0.000125 0.005227 8.715454 12.450648
1385 1379 0.000112 0.009457 8.731689 12.473842
1386 1380 0.000209 0.010439 8.744507 12.492152
1387 1381 0.000147 0.011098 8.759155 12.513079
1388 1382 0.000167 0.013133 8.769287 12.527553
1389 1383 0.000167 0.011845 8.771362 12.530518
1390 1384 0.000124 0.011331 8.773560 12.533656
1391 1385 0.000079 0.008236 8.773560 12.533656
1392 1386 0.000111 0.006439 8.784668 12.549525
1393 1387 0.000124 0.006434 8.787231 12.553187
1394 1388 0.000096 0.005877 8.793213 12.561732
1395 1389 0.000124 0.007209 8.802612 12.575160
1396 1390 0.000055 0.005383 8.811646 12.588065
1397 1391 0.000055 0.005751 8.824585 12.606550
1398 1392 0.000078 0.005268 8.829834 12.614049
1399 1393 0.000096 0.004073 8.839111 12.627302
1400 1394 0.000110 0.004400 8.845093 12.635847
1401 1395 0.000123 0.003311 8.849487 12.642125
1402 1396 0.000055 0.003848 8.863403 12.662004
1403 1397 0.000145 0.003452 8.879272 12.684675
1404 1398 0.000123 0.003914 8.898193 12.711705
1405 1399 0.000077 0.007391 8.918335 12.740479
1406 1400 0.000077 0.005272 8.946167 12.780238
1407 1401 0.000109 0.009349 8.968262 12.811803
1408 1402 0.000077 0.008695 8.980103 12.828718
1409 1403 0.000180 0.007223 8.985107 12.835868
1410 1404 0.000144 0.008293 8.996704 12.852434
1411 1405 0.000077 0.007642 9.014404 12.877721
1412 1406 0.000180 0.008072 9.014648 12.878069
1413 1407 0.000163 0.006826 9.005859 12.865514
1414 1408 0.000188 0.007376 8.994873 12.849818
1415 1409 0.000172 0.007108 8.992432 12.846331
1416 1410 0.000109 0.004930 8.989136 12.841622
1417 1411 0.000109 0.002745 8.968628 12.812325
1418 1412 0.000077 0.002598 8.956055 12.794364
1419 1413 0.000144 0.002822 8.956787 12.795410
1420 1414 0.000077 0.001302 8.974976 12.821394
1421 1415 0.000109 0.002705 8.989990 12.842843
1422 1416 0.000054 0.005196 8.997559 12.853655
1423 1417 0.000000 0.007359 9.003174 12.861677
1424 1418 0.000000 0.008699 9.007324 12.867606
1425 1419 0.000000 0.009245 9.006104 12.865862
1426 1420 0.000180 0.009196 8.995361 12.850516
1427 1421 0.000109 0.009256 8.978760 12.826799
1428 1422 0.000122 0.007914 8.964355 12.806222
1429 1423 0.000109 0.006983 8.956787 12.795410
1430 1424 0.000109 0.008861 8.944824 12.778320
1431 1425 0.000122 0.010989 8.949341 12.784773
1432 1426 0.000154 0.011911 8.945435 12.779192
1433 1427 0.000000 0.011241 8.940674 12.772391
1434 1428 0.000077 0.011585 8.933716 12.762451
1435 1429 0.000109 0.011469 8.927246 12.753209
1436 1430 0.000077 0.009349 8.927124 12.753035
1437 1431 0.000055 0.008677 8.920654 12.743792
1438 1432 0.000055 0.006662 8.918945 12.741350
1439 1433 0.000134 0.006637 8.911987 12.731410
1440 1434 0.000055 0.005188 8.907837 12.725481
1441 1435 0.000123 0.005554 8.910034 12.728621
1442 1436 0.000078 0.004807 8.908569 12.726527
1443 1437 0.000078 0.002521 8.902222 12.717460
1444 1438 0.000190 0.006405 8.914429 12.734899
1445 1439 0.000173 0.005361 8.927734 12.753906
1446 1440 0.000154 0.008142 8.944214 12.777449
1447 1441 0.000000 0.008590 8.945801 12.779716
1448 1442 0.000122 0.013193 8.969238 12.813197
1449 1443 0.000077 0.016676 8.983154 12.833077
1450 1444 0.000224 0.019835 8.993286 12.847551
1451 1445 0.000094 0.023865 8.995239 12.850342
1452 1446 0.000054 0.024602 8.991211 12.844587
1453 1447 0.000154 0.026339 8.991089 12.844413
1454 1448 0.000154 0.022212 8.969238 12.813197
1455 1449 0.000189 0.021195 8.961060 12.801514
1456 1450 0.000109 0.016764 8.949707 12.785295
1457 1451 0.000134 0.016932 8.953613 12.790876
1458 1452 0.000164 0.011850 8.948608 12.783727
1459 1453 0.000000 0.012854 8.949341 12.784773
1460 1454 0.000077 0.013983 8.946533 12.780762
1461 1455 0.000134 0.014355 8.939087 12.770124
1462 1456 0.000000 0.012144 8.920044 12.742920
1463 1457 0.000251 0.011843 8.899414 12.713449
1464 1458 0.000123 0.017013 8.874756 12.678223
1465 1459 0.000156 0.012801 8.849243 12.641776
1466 1460 0.000000 0.013056 8.830078 12.614397
1467 1461 0.000175 0.015512 8.820923 12.601318
1468 1462 0.000096 0.020017 8.828857 12.612654
1469 1463 0.000096 0.021145 8.819702 12.599574
1470 1464 0.000078 0.021449 8.813232 12.590332
1471 1465 0.000255 0.025375 8.782349 12.546212
1472 1466 0.000079 0.024261 8.741089 12.487269
1473 1467 0.000258 0.022651 8.686035 12.408622
1474 1468 0.000150 0.020138 8.604858 12.292655
1475 1469 0.000099 0.015964 8.518799 12.169713
1476 1470 0.000058 0.010689 8.421143 12.030204
1477 1471 0.000083 0.005939 8.335327 11.907610
1478 1472 0.000145 0.005564 8.244629 11.778041
1479 1473 0.000170 0.003480 8.145874 11.636963
1480 1474 0.000219 0.004094 8.033203 11.476005
1481 1475 0.000123 0.004245 7.926636 11.323766
1482 1476 0.000000 0.001800 7.834717 11.192452
1483 1477 0.000155 0.003672 7.716553 11.023646
1484 1478 0.000111 0.006000 7.596924 10.852748
1485 1479 0.000092 0.006112 7.485229 10.693185
1486 1480 0.000132 0.005071 7.375854 10.536935
1487 1481 0.000278 0.004175 7.245972 10.351388
1488 1482 0.000069 0.006033 7.080200 10.114572
1489 1483 0.000000 0.005221 6.927979 9.897112
1490 1484 0.000144 0.006535 6.767212 9.667445
1491 1485 0.000105 0.008933 6.586426 9.409180
1492 1486 0.000000 0.013727 6.387329 9.124756
1493 1487 0.000112 0.019725 6.187622 8.839460
1494 1488 0.000115 0.021228 5.992065 8.560094
1495 1489 0.000206 0.018853 5.797607 8.282296
1496 1490 0.000262 0.016256 5.592163 7.988804
1497 1491 0.000181 0.013382 5.384888 7.692697
1498 1492 0.000230 0.011478 5.192017 7.417167
1499 1493 0.000218 0.006998 5.005737 7.151053
1500 1494 0.000303 0.007622 4.831543 6.902204
1501 1495 0.000392 0.009918 4.655518 6.650739
1502 1496 0.000606 0.010877 4.485229 6.407471
1503 1497 0.000577 0.011932 4.317139 6.167341
1504 1498 0.000499 0.011805 4.148682 5.926688
1505 1499 0.000387 0.016716 3.990356 5.700509
1506 1500 0.000580 0.015689 3.854614 5.506592
1507 1501 0.000640 0.021522 3.734863 5.335519
1508 1502 0.000919 0.019683 3.640747 5.201067
1509 1503 0.001096 0.025201 3.562622 5.089460
1510 1504 0.001335 0.026425 3.507080 5.010114
1511 1505 0.001364 0.029791 3.452515 4.932164
1512 1506 0.001508 0.032038 3.396118 4.851597
1513 1507 0.001053 0.021992 3.342651 4.775216
1514 1508 0.001243 0.026877 3.286255 4.694650
1515 1509 0.001812 0.046455 3.222900 4.604144
1516 1510 0.002176 0.051817 3.165405 4.522007
1517 1511 0.002655 0.056878 3.126465 4.466378
1518 1512 0.002520 0.055511 3.088257 4.411796
1519 1513 0.003398 0.067714 3.062134 4.374477
1520 1514 0.002767 0.055995 3.041626 4.345180
1521 1515 0.001940 0.050438 3.041870 4.345529
1522 1516 0.001591 0.049085 3.054077 4.362967
1523 1517 0.001830 0.050356 3.065430 4.379185
1524 1518 0.002136 0.050464 3.092163 4.417376
1525 1519 0.001484 0.044642 3.121338 4.459054
1526 1520 0.002185 0.047181 3.160645 4.515206
1527 1521 0.002014 0.044246 3.206787 4.581124
1528 1522 0.002553 0.050125 3.245728 4.636754
1529 1523 0.000950 0.051164 3.290405 4.700579
1530 1524 0.000760 0.051605 3.337402 4.767718
1531 1525 0.000854 0.050577 3.383423 4.833461
1532 1526 0.000450 0.052715 3.432129 4.903041
1533 1527 0.000542 0.056906 3.487427 4.982038
1534 1528 0.001677 0.053421 3.541870 5.059814
1535 1529 0.000383 0.041558 3.605225 5.150321
1536 1530 0.000462 0.038529 3.661377 5.230538
1537 1531 0.000654 0.039011 3.732178 5.331683
1538 1532 0.000760 0.033241 3.799194 5.427421
1539 1533 0.001065 0.023087 3.863525 5.519322
1540 1534 0.000745 0.023956 3.930786 5.615409
1541 1535 0.000733 0.023888 3.997437 5.710624
1542 1536 0.000814 0.025877 4.069824 5.814034
1543 1537 0.000709 0.025230 4.133057 5.904366
1544 1538 0.000716 0.027257 4.201782 6.002546
1545 1539 0.000687 0.031072 4.263916 6.091309
1546 1540 0.000647 0.031477 4.332031 6.188616
1547 1541 0.000458 0.028200 4.394409 6.277728
1548 1542 0.000438 0.029575 4.456421 6.366315
1549 1543 0.000242 0.030214 4.510254 6.443220
1550 1544 0.000000 0.027237 4.564697 6.520996
1551 1545 0.000259 0.026075 4.623413 6.604876
1552 1546 0.000181 0.033420 4.679199 6.684570
1553 1547 0.000253 0.035529 4.736572 6.766532
1554 1548 0.000204 0.036671 4.790894 6.844134
1555 1549 0.000472 0.034739 4.850708 6.929583
1556 1550 0.000298 0.037829 4.912231 7.017474
1557 1551 0.000326 0.037117 4.972412 7.103446
1558 1552 0.000307 0.029632 5.026611 7.180873
1559 1553 0.000666 0.027751 5.076782 7.252546
1560 1554 0.000357 0.029817 5.112305 7.303292
1561 1555 0.000285 0.034054 5.132812 7.332589
1562 1556 0.000381 0.033223 5.129761 7.328229
1563 1557 0.000331 0.038120 5.114380 7.306257
1564 1558 0.000319 0.037927 5.084595 7.263707
1565 1559 0.000422 0.038660 5.041504 7.202148
1566 1560 0.000196 0.033529 4.994141 7.134487
1567 1561 0.000221 0.030395 4.942383 7.060547
1568 1562 0.000282 0.028255 4.890747 6.986782
1569 1563 0.000335 0.019845 4.830811 6.901158
1570 1564 0.000177 0.017303 4.771362 6.816232
1571 1565 0.000000 0.016068 4.715454 6.736363
1572 1566 0.000347 0.021143 4.667358 6.667655
1573 1567 0.000317 0.022830 4.619995 6.599993
1574 1568 0.000370 0.020958 4.567871 6.525530
1575 1569 0.000306 0.020114 4.516724 6.452462
1576 1570 0.000476 0.021987 4.472412 6.389160
1577 1571 0.000412 0.022964 4.429077 6.327253
1578 1572 0.000273 0.018148 4.380493 6.257847
1579 1573 0.000298 0.017932 4.337646 6.196638
1580 1574 0.000454 0.011337 4.299561 6.142230
1581 1575 0.000379 0.021591 4.271973 6.102818
1582 1576 0.000325 0.019738 4.252808 6.075439
1583 1577 0.000474 0.021002 4.243286 6.061837
1584 1578 0.000608 0.022860 4.247070 6.067243
1585 1579 0.000794 0.024004 4.259399 6.084857
1586 1580 0.000323 0.031343 4.279175 6.113107
1587 1581 0.000468 0.025103 4.300659 6.143799
1588 1582 0.000320 0.023965 4.314453 6.163505
1589 1583 0.000437 0.020277 4.324707 6.178153
1590 1584 0.000450 0.021288 4.338501 6.197858
