10 4 0.001891 0.021292 1.369528 1.956469
11 5 0.002392 0.020226 1.446726 2.066751
12 6 0.002490 0.011152 1.517405 2.167721
13 7 0.002072 0.037791 1.591926 2.274179
14 8 0.002238 0.046274 1.663574 2.376535
15 9 0.002889 0.044850 1.732811 2.475444
16 10 0.003312 0.043986 1.800305 2.571864
17 11 0.002762 0.055458 1.876559 2.680799
18 12 0.002930 0.054693 1.964103 2.805861
19 13 0.003654 0.047608 2.052885 2.932692
20 14 0.003088 0.040036 2.152241 3.074631
21 15 0.002930 0.038856 2.261175 3.230250
22 16 0.003010 0.039813 2.377370 3.396243
23 17 0.003088 0.046359 2.503872 3.576961
24 18 0.002392 0.041200 2.632061 3.760087
25 19 0.001619 0.048177 2.765930 3.951328
26 20 0.001827 0.047172 2.903301 4.147573
27 21 0.002537 0.046428 3.045745 4.351064
28 22 0.002805 0.039178 3.190862 4.558374
29 23 0.002342 0.064579 3.340192 4.771703
30 24 0.002970 0.057557 3.492060 4.988657
31 25 0.003088 0.071825 3.646248 5.208926
32 26 0.002184 0.066355 3.800368 5.429098
33 27 0.001691 0.069467 3.947302 5.639003
34 28 0.001465 0.068688 4.091900 5.845571
35 29 0.001827 0.068650 4.226456 6.037794
36 30 0.000846 0.072050 4.353804 6.219719
37 31 0.000691 0.057625 4.474277 6.391825
38 32 0.000488 0.082193 4.577120 6.538743
39 33 0.000977 0.075100 4.666320 6.666171
40 34 0.001619 0.076680 4.737327 6.767610
41 35 0.001292 0.076912 4.790467 6.843524
42 36 0.001381 0.078281 4.832861 6.904087
43 37 0.001196 0.075481 4.861101 6.944430
44 38 0.001827 0.054332 4.884235 6.977479
45 39 0.002441 0.057217 4.906746 7.009637
46 40 0.002184 0.057115 4.926170 7.037386
47 41 0.001827 0.045190 4.951546 7.073637
48 42 0.001827 0.049981 4.972532 7.103618
49 43 0.002490 0.051856 4.991194 7.130277
50 44 0.001381 0.063846 5.009621 7.156601
51 45 0.000846 0.061760 5.023220 7.176029
52 46 0.000691 0.060550 5.036732 7.195331
53 47 0.001092 0.057797 5.045427 7.207753
54 48 0.000488 0.054845 5.049639 7.213769
55 49 0.000691 0.038220 5.055416 7.222023
56 50 0.000000 0.025237 5.065928 7.237039
57 51 0.001827 0.017625 5.069000 7.241429
58 52 0.001544 0.005220 5.061922 7.231317
59 53 0.001292 0.007691 5.047758 7.211083
60 54 0.002184 0.017628 5.032450 7.189214
61 55 0.000977 0.021063 5.020884 7.172691
62 56 0.001953 0.026959 5.002995 7.147135
63 57 0.001891 0.017598 4.992775 7.132535
64 58 0.002392 0.017508 4.991688 7.130982
65 59 0.001381 0.019139 4.990738 7.129626
66 60 0.002128 0.023747 4.987152 7.124503
67 61 0.001891 0.020962 4.966278 7.094683
68 62 0.002342 0.020009 4.936787 7.052552
69 63 0.003275 0.025374 4.903008 7.004296
70 64 0.002392 0.025840 4.872032 6.960046
71 65 0.004229 0.029251 4.847446 6.924923
72 66 0.001544 0.026970 4.835197 6.907425
73 67 0.002537 0.043509 4.845924 6.922749
74 68 0.001196 0.043175 4.880524 6.972177
75 69 0.002013 0.052915 4.938080 7.054400
76 70 0.001691 0.028054 5.010887 7.158410
77 71 0.001465 0.026448 5.098228 7.283184
78 72 0.002072 0.028555 5.196545 7.423635
79 73 0.000977 0.043564 5.298592 7.569417
80 74 0.001544 0.044255 5.402473 7.717819
81 75 0.000488 0.053289 5.505531 7.865045
82 76 0.000000 0.064680 5.605900 8.008429
83 77 0.001381 0.052049 5.704483 8.149261
84 78 0.000977 0.057400 5.797112 8.281588
85 79 0.001544 0.056026 5.889542 8.413630
86 80 0.001691 0.052890 5.975796 8.536851
87 81 0.001292 0.047643 6.049381 8.641973
88 82 0.000691 0.050600 6.113983 8.734262
89 83 0.001292 0.055893 6.162239 8.803199
90 84 0.000000 0.052296 6.197956 8.854223
91 85 0.000691 0.059105 6.215508 8.879296
92 86 0.000977 0.056778 6.221004 8.887149
93 87 0.000691 0.064616 6.218048 8.882926
94 88 0.000488 0.055031 6.203880 8.862686
95 89 0.000846 0.053736 6.190712 8.843874
96 90 0.000691 0.056902 6.177250 8.824643
97 91 0.000000 0.048284 6.157772 8.796817
98 92 0.000000 0.050358 6.134895 8.764136
99 93 0.000691 0.046551 6.109108 8.727297
100 94 0.000000 0.054380 6.089554 8.699363
101 95 0.000691 0.050515 6.067009 8.667155
102 96 0.001196 0.049821 6.039253 8.627504
103 97 0.001465 0.069922 6.012207 8.588867
104 98 0.001292 0.081098 5.983055 8.547221
105 99 0.001196 0.071845 5.958595 8.512279
106 100 0.000691 0.054466 5.927444 8.467778
107 101 0.001092 0.059855 5.898621 8.426600
108 102 0.000977 0.072698 5.881836 8.402623
109 103 0.000977 0.047621 5.869560 8.385086
110 104 0.002930 0.033717 5.856117 8.365882
111 105 0.001092 0.039582 5.827415 8.324880
112 106 0.001827 0.042706 5.799660 8.285228
113 107 0.001465 0.050875 5.776794 8.252563
114 108 0.001544 0.049613 5.749916 8.214166
115 109 0.000977 0.049783 5.724625 8.178035
116 110 0.003654 0.068950 5.704964 8.149948
117 111 0.001691 0.037854 5.701416 8.144880
118 112 0.001953 0.064016 5.694023 8.134318
119 113 0.002584 0.057602 5.683380 8.119115
120 114 0.001196 0.054924 5.669235 8.098907
121 115 0.001465 0.035057 5.652634 8.075191
122 116 0.000691 0.046774 5.634018 8.048597
123 117 0.001891 0.064984 5.616348 8.023355
124 118 0.002629 0.036081 5.609535 8.013621
125 119 0.001092 0.022727 5.597168 7.995954
126 120 0.001196 0.040039 5.590004 7.985720
127 121 0.000977 0.038187 5.585419 7.979169
128 122 0.001092 0.016610 5.577614 7.968020
129 123 0.001691 0.012824 5.572861 7.961230
130 124 0.002674 0.017136 5.558884 7.941262
131 125 0.001827 0.038713 5.547104 7.924434
132 126 0.001619 0.021157 5.524658 7.892369
133 127 0.003010 0.041023 5.505760 7.865372
134 128 0.003521 0.056574 5.499863 7.856946
135 129 0.003383 0.051768 5.489616 7.842309
136 130 0.001953 0.035582 5.477463 7.824947
137 131 0.003239 0.032282 5.462746 7.803922
138 132 0.003383 0.023880 5.456818 7.795454
139 133 0.002490 0.025337 5.451477 7.787824
140 134 0.000846 0.039186 5.440834 7.772620
141 135 0.001761 0.033140 5.427055 7.752936
142 136 0.001544 0.029010 5.425316 7.750451
143 137 0.000846 0.046585 5.432808 7.761154
144 138 0.000691 0.041976 5.433533 7.762189
145 139 0.001381 0.026210 5.427940 7.754200
146 140 0.001891 0.034281 5.418373 7.740533
147 141 0.001544 0.038843 5.408195 7.725994
148 142 0.000846 0.036112 5.396599 7.709427
149 143 0.001092 0.040529 5.385551 7.693645
150 144 0.000488 0.039591 5.384315 7.691879
151 145 0.001092 0.041434 5.387398 7.696282
152 146 0.001891 0.037766 5.384354 7.691934
153 147 0.001691 0.042528 5.386803 7.695432
154 148 0.000691 0.043385 5.387268 7.696097
155 149 0.000691 0.048831 5.388290 7.697558
156 150 0.001092 0.045670 5.383987 7.691411
157 151 0.000488 0.049238 5.377594 7.682277
158 152 0.000691 0.053293 5.379715 7.685307
159 153 0.000691 0.051538 5.380219 7.686027
160 154 0.001196 0.047840 5.381355 7.687650
161 155 0.000977 0.042703 5.378403 7.683433
162 156 0.002342 0.039313 5.376320 7.680457
163 157 0.000691 0.040461 5.372467 7.674953
164 158 0.000691 0.042583 5.375381 7.679116
165 159 0.000691 0.040108 5.375969 7.679955
166 160 0.001619 0.040494 5.372192 7.674561
167 161 0.000488 0.042360 5.367950 7.668500
168 162 0.000488 0.034156 5.360153 7.657362
169 163 0.001381 0.029716 5.358032 7.654332
170 164 0.001619 0.037235 5.348969 7.641384
171 165 0.002072 0.033031 5.341385 7.630550
172 166 0.002013 0.033984 5.342255 7.631793
173 167 0.001196 0.031914 5.334534 7.620762
174 168 0.001092 0.030924 5.320709 7.601013
175 169 0.001196 0.037595 5.302032 7.574332
176 170 0.001544 0.029573 5.285629 7.550899
177 171 0.001196 0.034154 5.270111 7.528730
178 172 0.001827 0.039771 5.246140 7.494485
179 173 0.002184 0.035132 5.224197 7.463139
180 174 0.000846 0.035659 5.208725 7.441036
181 175 0.001619 0.048960 5.189590 7.413701
182 176 0.002674 0.039925 5.166275 7.380393
183 177 0.003654 0.037319 5.138519 7.340742
184 178 0.001891 0.037590 5.105789 7.293984
185 179 0.004980 0.040281 5.085312 7.264731
186 180 0.003654 0.032493 5.059952 7.228503
187 181 0.002013 0.036233 5.044983 7.207119
188 182 0.002238 0.028812 5.018890 7.169843
189 183 0.001381 0.032102 4.988892 7.126988
190 184 0.002392 0.027875 4.962784 7.089691
191 185 0.000846 0.029675 4.929321 7.041888
192 186 0.000691 0.033761 4.907120 7.010171
193 187 0.000000 0.041722 4.874756 6.963937
194 188 0.001891 0.041209 4.847183 6.924548
195 189 0.001381 0.042362 4.825851 6.894073
196 190 0.002238 0.043755 4.808228 6.868896
197 191 0.001761 0.033287 4.781693 6.830989
198 192 0.001953 0.026624 4.745667 6.779523
199 193 0.002238 0.028414 4.704926 6.721322
200 194 0.001619 0.025627 4.670090 6.671557
201 195 0.002184 0.026754 4.644424 6.634892
202 196 0.001196 0.032872 4.622681 6.603829
203 197 0.000691 0.029648 4.603851 6.576931
204 198 0.000977 0.040803 4.578964 6.541378
205 199 0.000977 0.041518 4.559082 6.512974
206 200 0.001465 0.052391 4.547089 6.495841
207 201 0.000977 0.053090 4.538239 6.483198
208 202 0.001381 0.054961 4.524200 6.463143
209 203 0.001691 0.059379 4.517319 6.453312
210 204 0.001691 0.062684 4.517227 6.453182
211 205 0.001619 0.054667 4.519623 6.456604
212 206 0.001619 0.059801 4.523941 6.462773
213 207 0.001761 0.061196 4.513062 6.447231
214 208 0.001196 0.067379 4.503799 6.433999
215 209 0.002072 0.070870 4.494247 6.420353
216 210 0.001465 0.067456 4.480209 6.400299
217 211 0.001544 0.068776 4.465775 6.379678
218 212 0.000000 0.061210 4.440384 6.343406
219 213 0.001292 0.058303 4.413910 6.305585
220 214 0.002013 0.062737 4.381958 6.259940
221 215 0.001465 0.055562 4.356277 6.223254
222 216 0.001544 0.051543 4.338989 6.198556
223 217 0.002290 0.059534 4.316772 6.166818
224 218 0.001544 0.055567 4.289734 6.128191
225 219 0.001292 0.048600 4.264954 6.092791
226 220 0.000691 0.050554 4.242020 6.060028
227 221 0.000977 0.049493 4.208878 6.012682
228 222 0.000846 0.047661 4.176468 5.966383
229 223 0.000977 0.042423 4.147079 5.924399
230 224 0.000000 0.044397 4.120728 5.886754
231 225 0.000977 0.044015 4.091202 5.844574
232 226 0.000977 0.037696 4.054886 5.792694
233 227 0.001465 0.044095 4.022751 5.746787
234 228 0.001691 0.040479 3.975571 5.679387
235 229 0.001827 0.032845 3.936096 5.622994
236 230 0.000977 0.023601 3.896942 5.567060
237 231 0.000977 0.021319 3.865326 5.521894
238 232 0.001196 0.020541 3.839188 5.484554
239 233 0.001092 0.017604 3.805267 5.436096
240 234 0.000691 0.007846 3.780762 5.401088
241 235 0.001196 0.024826 3.746552 5.352216
242 236 0.001196 0.019708 3.721024 5.315748
243 237 0.002290 0.017142 3.700287 5.286124
244 238 0.001761 0.020632 3.698135 5.283051
245 239 0.002342 0.004006 3.707779 5.296827
246 240 0.001196 0.016487 3.725388 5.321982
247 241 0.001092 0.017433 3.740234 5.343192
248 242 0.001292 0.019934 3.749298 5.356140
249 243 0.001292 0.025414 3.754166 5.363094
250 244 0.000846 0.032874 3.750153 5.357361
251 245 0.000691 0.028584 3.746857 5.352653
252 246 0.002072 0.018113 3.754471 5.363530
253 247 0.000000 0.027938 3.774918 5.392739
254 248 0.001092 0.020680 3.801712 5.431017
255 249 0.001619 0.021143 3.829575 5.470821
256 250 0.001092 0.030682 3.851501 5.502145
257 251 0.000846 0.032542 3.870239 5.528913
258 252 0.000846 0.045309 3.879440 5.542058
259 253 0.000846 0.037762 3.892563 5.560804
260 254 0.000691 0.041790 3.913437 5.590624
261 255 0.000977 0.055670 3.941528 5.630755
262 256 0.000488 0.055098 3.969177 5.670253
263 257 0.000000 0.062359 3.996658 5.709512
264 258 0.000691 0.059701 4.035095 5.764422
265 259 0.000977 0.057412 4.068863 5.812661
266 260 0.000977 0.048892 4.106705 5.866721
267 261 0.001891 0.036491 4.145020 5.921456
268 262 0.001381 0.033850 4.180344 5.971920
269 263 0.002072 0.028846 4.225754 6.036791
270 264 0.000977 0.032005 4.269302 6.099003
271 265 0.000691 0.037813 4.325562 6.179374
272 266 0.001196 0.039433 4.368393 6.240561
273 267 0.001292 0.037842 4.404755 6.292507
274 268 0.000691 0.041891 4.446106 6.351580
275 269 0.001619 0.050136 4.479431 6.399188
276 270 0.000977 0.046986 4.500397 6.429138
277 271 0.001465 0.033521 4.502014 6.431449
278 272 0.001092 0.033535 4.501999 6.431427
279 273 0.001827 0.027690 4.495193 6.421705
280 274 0.002674 0.023446 4.489700 6.413857
281 275 0.000846 0.012314 4.486816 6.409738
282 276 0.001196 0.021740 4.482956 6.404223
283 277 0.000488 0.021935 4.483475 6.404964
284 278 0.001196 0.033232 4.483810 6.405444
285 279 0.000977 0.035767 4.483353 6.404789
286 280 0.001092 0.039122 4.483124 6.404462
287 281 0.002490 0.028499 4.471313 6.387591
288 282 0.000846 0.020461 4.466583 6.380833
289 283 0.000977 0.021568 4.462082 6.374403
290 284 0.002674 0.032669 4.461960 6.374228
291 285 0.001761 0.030420 4.465698 6.379569
292 286 0.000977 0.028276 4.462814 6.375449
293 287 0.001953 0.040660 4.468613 6.383732
294 288 0.001381 0.021044 4.469269 6.384670
295 289 0.001691 0.029677 4.478226 6.397465
296 290 0.002970 0.025434 4.479355 6.399078
297 291 0.001827 0.025877 4.486725 6.409607
298 292 0.002072 0.033311 4.503891 6.434130
299 293 0.001827 0.041422 4.520798 6.458282
300 294 0.001953 0.048978 4.540253 6.486075
301 295 0.001196 0.043817 4.554382 6.506260
302 296 0.001691 0.064006 4.580215 6.543165
303 297 0.001891 0.063022 4.601532 6.573617
304 298 0.001544 0.058702 4.626114 6.608734
305 299 0.001092 0.042773 4.647232 6.638903
306 300 0.001827 0.040544 4.670395 6.671993
307 301 0.001761 0.066771 4.691711 6.702445
308 302 0.001544 0.052438 4.705933 6.722761
309 303 0.000691 0.067842 4.721649 6.745213
310 304 0.001196 0.068453 4.734711 6.763873
311 305 0.001292 0.084238 4.746826 6.781180
312 306 0.001827 0.091641 4.760635 6.800908
313 307 0.001196 0.071795 4.774414 6.820591
314 308 0.002290 0.074091 4.785019 6.835742
315 309 0.002537 0.055832 4.787521 6.839316
316 310 0.001544 0.046079 4.779449 6.827785
317 311 0.001092 0.032001 4.775726 6.822466
318 312 0.000488 0.017249 4.770920 6.815600
319 313 0.001381 0.037584 4.760361 6.800515
320 314 0.001092 0.060346 4.740631 6.772330
321 315 0.000488 0.070874 4.726166 6.751666
322 316 0.000000 0.075221 4.721649 6.745213
323 317 0.000977 0.080345 4.725616 6.750881
324 318 0.002128 0.071371 4.730606 6.758008
325 319 0.001196 0.057856 4.743332 6.776188
326 320 0.001381 0.039886 4.767899 6.811284
327 321 0.000977 0.028261 4.788681 6.840973
328 322 0.001381 0.021672 4.794388 6.849125
329 323 0.001381 0.014919 4.790848 6.844068
330 324 0.001544 0.015853 4.783142 6.833060
331 325 0.001619 0.015734 4.772598 6.817997
332 326 0.000488 0.019120 4.759995 6.799992
333 327 0.001953 0.022311 4.757477 6.796395
334 328 0.001196 0.022117 4.772430 6.817758
335 329 0.000000 0.014745 4.788223 6.840319
336 330 0.001196 0.017573 4.806396 6.866281
337 331 0.001092 0.024754 4.825226 6.893180
338 332 0.000846 0.034539 4.850800 6.929714
339 333 0.000977 0.032671 4.864716 6.949594
340 334 0.002584 0.028195 4.858307 6.940438
341 335 0.002290 0.020578 4.849609 6.928013
342 336 0.000977 0.017478 4.834686 6.906695
343 337 0.001196 0.019822 4.834106 6.905866
344 338 0.001292 0.023004 4.833252 6.904645
345 339 0.000846 0.024985 4.832947 6.904210
346 340 0.001465 0.028372 4.845490 6.922128
347 341 0.002441 0.019386 4.865051 6.950073
348 342 0.001381 0.028372 4.890442 6.986346
349 343 0.001381 0.025994 4.896210 6.994586
350 344 0.000846 0.040081 4.895996 6.994280
351 345 0.000691 0.037531 4.898315 6.997593
352 346 0.000691 0.031634 4.900604 7.000863
353 347 0.000000 0.035920 4.899658 6.999512
354 348 0.001196 0.045672 4.896088 6.994411
355 349 0.001196 0.045197 4.898407 6.997724
356 350 0.000488 0.058164 4.899261 6.998945
357 351 0.001691 0.064873 4.899963 6.999948
358 352 0.002889 0.079574 4.900513 7.000732
359 353 0.001691 0.083886 4.894867 6.992667
360 354 0.001619 0.073089 4.893982 6.991403
361 355 0.001381 0.074555 4.892517 6.989310
362 356 0.000846 0.071301 4.894745 6.992493
363 357 0.000000 0.076300 4.894745 6.992493
364 358 0.000977 0.066206 4.902405 7.003436
365 359 0.002013 0.062379 4.916565 7.023664
366 360 0.001381 0.056430 4.923187 7.033124
367 361 0.001827 0.063045 4.926361 7.037659
368 362 0.001619 0.054689 4.923004 7.032863
369 363 0.001092 0.051100 4.923798 7.033997
370 364 0.001381 0.056139 4.922058 7.031512
371 365 0.001953 0.053061 4.915222 7.021746
372 366 0.001827 0.045940 4.906555 7.009365
373 367 0.002184 0.041811 4.897247 6.996068
374 368 0.002889 0.050533 4.893555 6.990792
375 369 0.001827 0.051700 4.898071 6.997245
376 370 0.001465 0.054052 4.894287 6.991839
377 371 0.001691 0.070625 4.892120 6.988743
378 372 0.000488 0.073330 4.889679 6.985256
379 373 0.001196 0.071277 4.889160 6.984515
380 374 0.000977 0.063132 4.895538 6.993626
381 375 0.001092 0.061737 4.893738 6.991054
382 376 0.000977 0.061212 4.902161 7.003087
383 377 0.001196 0.057114 4.912415 7.017735
384 378 0.000977 0.056836 4.929138 7.041626
385 379 0.002490 0.065389 4.941223 7.058890
386 380 0.002128 0.066575 4.942352 7.060503
387 381 0.001544 0.075365 4.939697 7.056710
388 382 0.000846 0.072327 4.938751 7.055359
389 383 0.001196 0.085850 4.945618 7.065168
390 384 0.000488 0.081101 4.959412 7.084874
391 385 0.001761 0.080596 4.977325 7.110465
392 386 0.001092 0.077103 5.006470 7.152100
393 387 0.001196 0.079979 5.045410 7.207729
394 388 0.001092 0.060077 5.079742 7.256775
395 389 0.001619 0.048828 5.107300 7.296143
396 390 0.001544 0.044492 5.129425 7.327750
397 391 0.001891 0.028618 5.157318 7.367597
398 392 0.001827 0.028147 5.172668 7.389526
399 393 0.002184 0.009895 5.188934 7.412763
400 394 0.001196 0.026386 5.201416 7.430594
401 395 0.000691 0.029793 5.219208 7.456011
402 396 0.001381 0.042785 5.240814 7.486877
403 397 0.000977 0.040765 5.263672 7.519531
404 398 0.001381 0.048977 5.300873 7.572675
405 399 0.001691 0.051083 5.339325 7.627607
406 400 0.000691 0.051355 5.375244 7.678920
407 401 0.002184 0.037006 5.399109 7.713013
408 402 0.001292 0.027511 5.408539 7.726484
409 403 0.001827 0.020112 5.406219 7.723171
410 404 0.001465 0.023847 5.397217 7.710310
411 405 0.000977 0.054745 5.383759 7.691083
412 406 0.001292 0.055385 5.382904 7.689863
413 407 0.002674 0.064806 5.398895 7.712708
414 408 0.000846 0.084242 5.427460 7.753514
415 409 0.000977 0.096781 5.463562 7.805089
416 410 0.002584 0.099839 5.496338 7.851911
417 411 0.002629 0.153968 5.585083 7.978690
418 412 0.001827 0.257929 5.687775 8.125392
419 413 0.001092 0.363618 5.779480 8.256400
420 414 0.001381 0.424409 5.841461 8.344945
421 415 0.001196 0.488725 5.896149 8.423070
422 416 0.001465 0.562387 5.952423 8.503462
423 417 0.001196 0.524214 5.947388 8.496268
424 418 0.001292 0.468518 5.924774 8.463964
425 419 0.001292 0.380990 5.899139 8.427342
426 420 0.001761 0.356454 5.894501 8.420715
427 421 0.001465 0.307311 5.877838 8.396912
428 422 0.001761 0.258299 5.872131 8.388759
429 423 0.000691 0.236697 5.861389 8.373413
430 424 0.002184 0.198273 5.849365 8.356236
431 425 0.000000 0.178662 5.829620 8.328029
432 426 0.000846 0.153129 5.816742 8.309631
433 427 0.002013 0.143119 5.815582 8.307975
434 428 0.001891 0.135154 5.801605 8.288008
435 429 0.002342 0.112018 5.793579 8.276542
436 430 0.001544 0.103364 5.771057 8.244368
437 431 0.001619 0.100225 5.763672 8.233817
438 432 0.001092 0.084287 5.745972 8.208531
439 433 0.000846 0.092053 5.734955 8.192793
440 434 0.002392 0.086453 5.718140 8.168771
441 435 0.001619 0.090838 5.705383 8.150548
442 436 0.000846 0.087385 5.704987 8.149981
443 437 0.002238 0.076754 5.697296 8.138994
444 438 0.001891 0.086948 5.693939 8.134199
445 439 0.001465 0.073564 5.690674 8.129534
446 440 0.001092 0.072994 5.686615 8.123735
447 441 0.001691 0.076585 5.679504 8.113578
448 442 0.002584 0.065654 5.662933 8.089905
449 443 0.001544 0.057140 5.653076 8.075823
450 444 0.000977 0.061446 5.650635 8.072335
451 445 0.000488 0.051315 5.652374 8.074821
452 446 0.001196 0.063439 5.665619 8.093741
453 447 0.000488 0.043648 5.676331 8.109044
454 448 0.001092 0.057810 5.693115 8.133021
455 449 0.001691 0.044418 5.705536 8.150765
456 450 0.000691 0.048661 5.718262 8.168945
457 451 0.001196 0.040181 5.731201 8.187430
458 452 0.001381 0.034533 5.742371 8.203386
459 453 0.001465 0.062989 5.760193 8.228847
460 454 0.001465 0.067797 5.787750 8.268214
461 455 0.001092 0.066155 5.815521 8.307887
462 456 0.001953 0.064554 5.827728 8.325326
463 457 0.001196 0.061648 5.833832 8.334045
464 458 0.000977 0.062649 5.841888 8.345555
465 459 0.000000 0.037539 5.854279 8.363256
466 460 0.000000 0.041625 5.864227 8.377467
467 461 0.001544 0.045826 5.873505 8.390721
468 462 0.002072 0.054226 5.896240 8.423201
469 463 0.000846 0.042520 5.922272 8.460388
470 464 0.001381 0.039276 5.948914 8.498448
471 465 0.001292 0.038166 5.966095 8.522993
472 466 0.001891 0.042561 5.981171 8.544530
473 467 0.000846 0.047936 5.997467 8.567810
474 468 0.000846 0.050185 6.013733 8.591047
475 469 0.000846 0.035178 6.026978 8.609968
476 470 0.002013 0.035742 6.043549 8.633641
477 471 0.000691 0.035233 6.057892 8.654131
478 472 0.000000 0.036886 6.068176 8.668823
479 473 0.000000 0.038599 6.077820 8.682600
480 474 0.000846 0.040131 6.078033 8.682905
481 475 0.000691 0.037828 6.079193 8.684562
482 476 0.001619 0.037975 6.073700 8.676714
483 477 0.000977 0.034706 6.077332 8.681902
484 478 0.000000 0.029347 6.082916 8.689880
485 479 0.001196 0.038803 6.087982 8.697118
486 480 0.000977 0.036101 6.090424 8.700605
487 481 0.001544 0.030001 6.087006 8.695723
488 482 0.000977 0.034778 6.082642 8.689488
489 483 0.000691 0.049652 6.074463 8.677804
490 484 0.000488 0.059137 6.073029 8.675756
491 485 0.001196 0.070708 6.068695 8.669564
492 486 0.000977 0.075589 6.072845 8.675493
493 487 0.001292 0.076904 6.083862 8.691232
494 488 0.000691 0.078892 6.088593 8.697989
495 489 0.001092 0.075766 6.093475 8.704965
496 490 0.001381 0.074528 6.084686 8.692409
497 491 0.000691 0.073965 6.084381 8.691973
498 492 0.000977 0.071964 6.084869 8.692671
499 493 0.000977 0.071629 6.079956 8.685652
500 494 0.001761 0.077715 6.082184 8.688834
501 495 0.001691 0.082241 6.080139 8.685913
502 496 0.001196 0.087508 6.084930 8.692758
503 497 0.001827 0.082938 6.083405 8.690578
504 498 0.002128 0.084443 6.078613 8.683733
505 499 0.000977 0.076223 6.075897 8.679853
506 500 0.000000 0.063487 6.068970 8.669957
507 501 0.000846 0.056212 6.059296 8.656137
508 502 0.001381 0.045261 6.044891 8.635559
509 503 0.001196 0.040638 6.026215 8.608878
510 504 0.001381 0.037937 6.006195 8.580278
511 505 0.001196 0.038744 5.978973 8.541390
512 506 0.001827 0.037177 5.944458 8.492083
513 507 0.002392 0.032798 5.904266 8.434667
514 508 0.002584 0.033505 5.854950 8.364214
515 509 0.002584 0.030117 5.796692 8.280989
516 510 0.001619 0.034188 5.729462 8.184945
517 511 0.001953 0.037303 5.659637 8.085196
518 512 0.002392 0.038656 5.581665 7.973807
519 513 0.000488 0.029784 5.497864 7.854091
520 514 0.000000 0.036887 5.406464 7.723519
521 515 0.001619 0.039440 5.310577 7.586539
522 516 0.001465 0.031507 5.209534 7.442191
523 517 0.001691 0.040630 5.103363 7.290519
524 518 0.002072 0.042844 5.003296 7.147565
525 519 0.001465 0.050953 4.909058 7.012939
526 520 0.000691 0.054669 4.821564 6.887948
527 521 0.001544 0.063416 4.739227 6.770325
528 522 0.001292 0.065613 4.661530 6.659328
529 523 0.000977 0.067184 4.592163 6.560233
530 524 0.000000 0.072693 4.521484 6.459263
531 525 0.000846 0.072980 4.446167 6.351667
532 526 0.000977 0.068593 4.375885 6.251264
533 527 0.000000 0.069276 4.316467 6.166382
534 528 0.001196 0.074350 4.272858 6.104083
535 529 0.001381 0.077627 4.250153 6.071647
536 530 0.001827 0.080431 4.246185 6.065979
537 531 0.000000 0.101213 4.262573 6.089390
538 532 0.000000 0.105598 4.292023 6.131461
539 533 0.001196 0.092540 4.320801 6.172573
540 534 0.002238 0.090637 4.351105 6.215864
541 535 0.004026 0.083079 4.369049 6.241498
542 536 0.003453 0.073391 4.386810 6.266872
543 537 0.002441 0.047545 4.409210 6.298872
544 538 0.002805 0.044466 4.434784 6.335406
545 539 0.002184 0.051301 4.482605 6.403721
546 540 0.002013 0.044743 4.537415 6.482021
547 541 0.001196 0.041136 4.594025 6.562892
548 542 0.002013 0.037524 4.643921 6.634173
549 543 0.002342 0.039434 4.686829 6.695469
550 544 0.000691 0.032737 4.724213 6.748875
551 545 0.001953 0.029947 4.753296 6.790423
552 546 0.002584 0.030587 4.771698 6.816711
553 547 0.001544 0.038119 4.791534 6.845049
554 548 0.001544 0.035389 4.803650 6.862357
555 549 0.001292 0.023029 4.805511 6.865016
556 550 0.001465 0.016758 4.801270 6.858956
557 551 0.001891 0.017499 4.780853 6.829791
558 552 0.001691 0.017565 4.751862 6.788373
559 553 0.002128 0.018187 4.713959 6.734227
560 554 0.001092 0.018858 4.674255 6.677508
561 555 0.002184 0.037847 4.637329 6.624756
562 556 0.002930 0.035105 4.591766 6.559666
563 557 0.002342 0.027408 4.536316 6.480451
564 558 0.002072 0.034129 4.479706 6.399580
565 559 0.002013 0.040352 4.423370 6.319100
566 560 0.002490 0.045529 4.372192 6.245989
567 561 0.000846 0.048431 4.335449 6.193499
568 562 0.000977 0.044693 4.295105 6.135864
569 563 0.001196 0.056610 4.276855 6.109794
570 564 0.001196 0.052746 4.271545 6.102208
571 565 0.001544 0.030757 4.265350 6.093358
572 566 0.000000 0.023906 4.287628 6.125183
573 567 0.002072 0.024879 4.297638 6.139483
574 568 0.001953 0.048365 4.343201 6.204572
575 569 0.002184 0.053440 4.387695 6.268136
576 570 0.000846 0.051192 4.426300 6.323286
577 571 0.002238 0.033153 4.478943 6.398490
578 572 0.002238 0.033254 4.511719 6.445312
579 573 0.001196 0.039205 4.551483 6.502119
580 574 0.001953 0.040758 4.576782 6.538260
581 575 0.002719 0.039099 4.589020 6.555743
582 576 0.002889 0.054726 4.593170 6.561672
583 577 0.002290 0.052828 4.585846 6.551208
584 578 0.002184 0.054187 4.577942 6.539917
585 579 0.003010 0.045528 4.589020 6.555743
586 580 0.002441 0.048205 4.608490 6.583557
587 581 0.001381 0.046247 4.628571 6.612244
588 582 0.001619 0.052613 4.637085 6.624407
589 583 0.002629 0.057723 4.625336 6.607623
590 584 0.000691 0.049202 4.621979 6.602827
591 585 0.001381 0.052404 4.608337 6.583339
592 586 0.000977 0.055352 4.584564 6.549377
593 587 0.000846 0.067936 4.550507 6.500724
594 588 0.001691 0.062945 4.515961 6.451373
595 589 0.001381 0.051585 4.490479 6.414969
596 590 0.002930 0.053470 4.451660 6.359515
597 591 0.003937 0.047183 4.396362 6.280518
598 592 0.002184 0.041256 4.326294 6.180420
599 593 0.001092 0.043791 4.258850 6.084072
600 594 0.001619 0.056683 4.203857 6.005511
601 595 0.001544 0.055891 4.154022 5.934318
602 596 0.000846 0.069461 4.102783 5.861119
603 597 0.001691 0.074052 4.046417 5.780596
604 598 0.001381 0.068177 3.996216 5.708880
605 599 0.001196 0.067117 3.943665 5.633807
606 600 0.000488 0.071706 3.894684 5.563834
607 601 0.000977 0.064780 3.827118 5.467311
608 602 0.000846 0.069217 3.739746 5.342494
609 603 0.000977 0.069628 3.644196 5.205994
610 604 0.001953 0.068590 3.528168 5.040240
611 605 0.001292 0.072947 3.411987 4.874268
612 606 0.001827 0.063918 3.275726 4.679609
613 607 0.000846 0.071729 3.132629 4.475185
614 608 0.001092 0.065630 2.988098 4.268712
615 609 0.000488 0.070831 2.835602 4.050860
616 610 0.001292 0.075161 2.680328 3.829041
617 611 0.001292 0.054534 2.529785 3.613979
618 612 0.000691 0.060905 2.389954 3.414219
619 613 0.001381 0.048204 2.270874 3.244106
620 614 0.001196 0.045107 2.162415 3.089164
621 615 0.001827 0.032786 2.061310 2.944728
622 616 0.001381 0.019795 1.969604 2.813721
623 617 0.001465 0.038575 1.867706 2.668152
624 618 0.001196 0.042758 1.763245 2.518921
625 619 0.001465 0.030658 1.651947 2.359924
626 620 0.002128 0.031173 1.531738 2.188198
627 621 0.001092 0.037757 1.404266 2.006095
628 622 0.001092 0.035957 1.277161 1.824515
629 623 0.000691 0.044023 1.163116 1.661595
630 624 0.000691 0.049441 1.066376 1.523394
631 625 0.001292 0.058267 0.993439 1.419198
632 626 0.001891 0.068719 0.948883 1.355547
633 627 0.001544 0.068980 0.924713 1.321019
634 628 0.001827 0.080823 0.912994 1.304278
635 629 0.001827 0.081781 0.908539 1.297913
636 630 0.001092 0.072407 0.905182 1.293117
637 631 0.000000 0.060615 0.902374 1.289106
638 632 0.000488 0.073037 0.907623 1.296605
639 633 0.000977 0.078250 0.931885 1.331264
640 634 0.001092 0.070180 0.979889 1.399841
641 635 0.001381 0.078808 1.047882 1.496974
642 636 0.000977 0.073361 1.127014 1.610020
643 637 0.001381 0.085037 1.211700 1.731001
644 638 0.000977 0.071192 1.297058 1.852940
645 639 0.000977 0.074000 1.371460 1.959229
646 640 0.002128 0.080539 1.440033 2.057190
647 641 0.001381 0.080753 1.496185 2.137408
648 642 0.001827 0.082734 1.542023 2.202890
649 643 0.002128 0.082675 1.597626 2.282322
650 644 0.002184 0.090797 1.651306 2.359009
651 645 0.002629 0.101013 1.701447 2.430638
652 646 0.002290 0.096124 1.764160 2.520229
653 647 0.000977 0.085786 1.831879 2.616970
654 648 0.000977 0.087202 1.896484 2.709263
655 649 0.000000 0.093571 1.972626 2.818037
656 650 0.000000 0.080555 2.033875 2.905535
657 651 0.000691 0.092164 2.125946 3.037066
658 652 0.000846 0.079746 2.207916 3.154166
659 653 0.001196 0.077390 2.278870 3.255528
660 654 0.001465 0.107946 2.383179 3.404541
661 655 0.000691 0.145515 2.476196 3.537423
662 656 0.000691 0.182661 2.582367 3.689096
663 657 0.001196 0.197911 2.684967 3.835667
664 658 0.001465 0.231734 2.782501 3.975002
665 659 0.000977 0.256814 2.905762 4.151088
666 660 0.001381 0.253799 3.016693 4.309562
667 661 0.001381 0.236232 3.115143 4.450204
668 662 0.001381 0.182035 3.221466 4.602094
669 663 0.000691 0.152383 3.319275 4.741821
670 664 0.000977 0.109882 3.416199 4.880284
671 665 0.001691 0.094140 3.510864 5.015521
672 666 0.000846 0.099576 3.597778 5.139683
673 667 0.001619 0.079959 3.710571 5.300816
674 668 0.001891 0.097115 3.822327 5.460467
675 669 0.001544 0.110399 3.932068 5.617240
676 670 0.000000 0.130266 4.046448 5.780640
677 671 0.000691 0.136132 4.150208 5.928868
678 672 0.000000 0.132804 4.257263 6.081805
679 673 0.000977 0.140229 4.348022 6.211461
680 674 0.000691 0.096848 4.435791 6.336844
681 675 0.001196 0.082077 4.522156 6.460223
682 676 0.000000 0.076396 4.608582 6.583688
683 677 0.000977 0.060604 4.697449 6.710641
684 678 0.000977 0.061003 4.784241 6.834630
685 679 0.000691 0.053140 4.868164 6.954520
686 680 0.000691 0.061459 4.948120 7.068743
687 681 0.000977 0.066774 5.020020 7.171456
688 682 0.001092 0.060300 5.094482 7.277832
689 683 0.000691 0.062975 5.159241 7.370344
690 684 0.000846 0.064769 5.224915 7.464164
691 685 0.001619 0.071049 5.289429 7.556327
692 686 0.001619 0.067611 5.359619 7.656599
693 687 0.000846 0.060261 5.436035 7.765765
694 688 0.000977 0.059436 5.505493 7.864990
695 689 0.000691 0.075643 5.579163 7.970232
696 690 0.000000 0.068744 5.648438 8.069197
697 691 0.000977 0.071116 5.720520 8.172172
698 692 0.000691 0.070322 5.787964 8.268519
699 693 0.001196 0.077670 5.854858 8.364083
700 694 0.001381 0.085352 5.921936 8.459908
701 695 0.001381 0.076338 5.988342 8.554774
702 696 0.000691 0.068662 6.060242 8.657488
703 697 0.000846 0.065575 6.127441 8.753488
704 698 0.000488 0.058559 6.187256 8.838937
705 699 0.001196 0.053742 6.229248 8.898926
706 700 0.000977 0.064303 6.271912 8.959874
707 701 0.000977 0.085659 6.309631 9.013759
708 702 0.000488 0.084136 6.345520 9.065028
709 703 0.001544 0.096961 6.372314 9.103307
710 704 0.001196 0.099972 6.401428 9.144897
711 705 0.000977 0.107845 6.435181 9.193115
712 706 0.001196 0.111674 6.457397 9.224854
713 707 0.001465 0.104190 6.488220 9.268886
714 708 0.002072 0.118784 6.504761 9.292516
715 709 0.001196 0.131230 6.516052 9.308646
716 710 0.001381 0.129740 6.527832 9.325475
717 711 0.000846 0.123349 6.538391 9.340559
718 712 0.000691 0.131885 6.568909 9.384155
719 713 0.001544 0.126671 6.586304 9.409005
720 714 0.001544 0.144926 6.586060 9.408656
721 715 0.000977 0.151291 6.606323 9.437605
722 716 0.002392 0.173051 6.603516 9.433594
723 717 0.001381 0.171121 6.619995 9.457136
724 718 0.000977 0.117864 6.618774 9.455392
725 719 0.000977 0.140632 6.594116 9.420166
726 720 0.001196 0.101780 6.615295 9.450422
727 721 0.001196 0.093700 6.600281 9.428972
728 722 0.002847 0.079404 6.623047 9.461495
729 723 0.002238 0.075080 6.630188 9.471697
730 724 0.001544 0.084707 6.631226 9.473180
731 725 0.002184 0.069872 6.674561 9.535087
732 726 0.002762 0.072874 6.688477 9.554967
733 727 0.001761 0.083780 6.715881 9.594116
734 728 0.001761 0.067235 6.738708 9.626726
735 729 0.002128 0.060508 6.756042 9.651489
736 730 0.002490 0.079501 6.786926 9.695609
737 731 0.001827 0.094591 6.799011 9.712873
738 732 0.001196 0.086279 6.818481 9.740687
739 733 0.001691 0.084836 6.845520 9.779314
740 734 0.001761 0.090303 6.861145 9.801636
741 735 0.000977 0.103273 6.885925 9.837036
742 736 0.000846 0.085929 6.914062 9.877233
743 737 0.001891 0.087756 6.952881 9.932687
744 738 0.000691 0.092526 7.000000 10.000000
745 739 0.001092 0.069502 7.053223 10.076033
746 740 0.001092 0.090838 7.106934 10.152762
747 741 0.001381 0.086722 7.155823 10.222604
748 742 0.001544 0.090330 7.207336 10.296195
749 743 0.000977 0.072907 7.255310 10.364729
750 744 0.000846 0.089912 7.302551 10.432216
751 745 0.000691 0.096921 7.349792 10.499703
752 746 0.001691 0.084126 7.395508 10.565011
753 747 0.001292 0.077822 7.451050 10.644357
754 748 0.001544 0.104644 7.502930 10.718471
755 749 0.001196 0.114528 7.547852 10.782645
756 750 0.000977 0.106058 7.592651 10.846644
757 751 0.000977 0.096309 7.637573 10.910819
758 752 0.000488 0.104786 7.687805 10.982579
759 753 0.000000 0.102040 7.734070 11.048671
760 754 0.000977 0.085541 7.796631 11.138044
761 755 0.001827 0.071735 7.866516 11.237880
762 756 0.001196 0.073454 7.932007 11.331438
763 757 0.001619 0.062376 7.993103 11.418718
764 758 0.001953 0.077460 8.055664 11.508092
765 759 0.001761 0.104439 8.116943 11.595634
766 760 0.001953 0.103776 8.157898 11.654140
767 761 0.001619 0.104894 8.196411 11.709159
768 762 0.001196 0.094458 8.235596 11.765137
769 763 0.001092 0.064555 8.278503 11.826433
770 764 0.000691 0.046780 8.319153 11.884504
771 765 0.000691 0.046777 8.361633 11.945190
772 766 0.001619 0.057587 8.401306 12.001866
773 767 0.000488 0.037216 8.448669 12.069528
774 768 0.000000 0.033169 8.489929 12.128470
775 769 0.001381 0.029038 8.538025 12.197179
776 770 0.000846 0.049962 8.582336 12.260481
777 771 0.001292 0.052974 8.627686 12.325265
778 772 0.001827 0.028962 8.673767 12.391096
779 773 0.000000 0.062526 8.719482 12.456404
780 774 0.001092 0.074536 8.764282 12.520403
781 775 0.000000 0.073353 8.805908 12.579869
782 776 0.001092 0.032013 8.848877 12.641253
783 777 0.001381 0.025904 8.897827 12.711182
784 778 0.000691 0.042419 8.937134 12.767334
785 779 0.000691 0.044826 8.960083 12.800118
786 780 0.000846 0.044451 8.987305 12.839006
787 781 0.000000 0.047766 9.006409 12.866298
788 782 0.000846 0.051000 9.026123 12.894462
789 783 0.000691 0.063215 9.036438 12.909197
790 784 0.001292 0.085739 9.050842 12.929774
791 785 0.001092 0.102435 9.070923 12.958461
792 786 0.000691 0.126533 9.087097 12.981567
793 787 0.001619 0.134426 9.100281 13.000401
794 788 0.001196 0.143995 9.114380 13.020543
795 789 0.000846 0.131565 9.117249 13.024641
796 790 0.001092 0.135218 9.119690 13.028129
797 791 0.000977 0.124627 9.117859 13.025513
798 792 0.001292 0.112340 9.116333 13.023333
799 793 0.001292 0.114202 9.114014 13.020020
800 794 0.000000 0.108201 9.100281 13.000401
801 795 0.001196 0.077880 9.087219 12.981742
802 796 0.000977 0.057783 9.077332 12.967616
803 797 0.001465 0.054549 9.069397 12.956282
804 798 0.000846 0.046503 9.057861 12.939802
805 799 0.000977 0.031732 9.044495 12.920707
806 800 0.001544 0.033491 9.031311 12.901873
807 801 0.000846 0.030964 9.031128 12.901611
808 802 0.001953 0.037809 9.027466 12.896379
809 803 0.001761 0.027696 9.022217 12.888881
810 804 0.000691 0.039184 9.018799 12.883998
811 805 0.001196 0.035277 9.019592 12.885132
812 806 0.001292 0.034663 9.021851 12.888358
813 807 0.001465 0.044909 9.018921 12.884172
814 808 0.000977 0.038669 9.011597 12.873710
815 809 0.001691 0.035957 9.006042 12.865775
816 810 0.000846 0.028163 8.997803 12.854004
817 811 0.000488 0.044371 8.990723 12.843889
818 812 0.001196 0.062144 8.975830 12.822615
819 813 0.001092 0.039536 8.947693 12.782418
820 814 0.000846 0.056894 8.924194 12.748849
821 815 0.000000 0.048841 8.890442 12.700631
822 816 0.001465 0.049807 8.849976 12.642822
823 817 0.000000 0.054599 8.796570 12.566528
824 818 0.001092 0.063117 8.747742 12.496774
825 819 0.000977 0.063616 8.700989 12.429984
826 820 0.000488 0.063724 8.644958 12.349940
827 821 0.000691 0.067588 8.592102 12.274431
828 822 0.000691 0.064785 8.534058 12.191511
829 823 0.000977 0.077819 8.471619 12.102312
830 824 0.001292 0.072881 8.389648 11.985212
831 825 0.000977 0.087724 8.296875 11.852678
832 826 0.000000 0.071180 8.187561 11.696516
833 827 0.000488 0.077288 8.057739 11.511056
834 828 0.000691 0.093847 7.908447 11.297782
835 829 0.001092 0.065799 7.753357 11.076224
836 830 0.000977 0.070818 7.601074 10.858678
837 831 0.001691 0.054343 7.430420 10.614885
838 832 0.000488 0.082639 7.253601 10.362288
839 833 0.001292 0.080054 7.070068 10.100098
840 834 0.000691 0.073491 6.886719 9.838170
841 835 0.001619 0.089649 6.685181 9.550258
842 836 0.000846 0.071490 6.471619 9.245170
843 837 0.001465 0.072927 6.248474 8.926392
844 838 0.000846 0.059385 6.017944 8.597063
845 839 0.000691 0.062012 5.783020 8.261457
846 840 0.001691 0.058690 5.535889 7.908412
847 841 0.001092 0.055602 5.289490 7.556414
848 842 0.000488 0.066806 5.038452 7.197789
849 843 0.001381 0.076854 4.790833 6.844047
850 844 0.001827 0.070389 4.557922 6.511318
851 845 0.002342 0.067189 4.339844 6.199777
852 846 0.002889 0.078348 4.115906 5.879865
853 847 0.003010 0.058784 3.964905 5.664150
854 848 0.003164 0.097606 3.785034 5.407192
855 849 0.002290 0.056352 3.705750 5.293928
856 850 0.002584 0.015144 3.653931 5.219901
857 851 0.001691 0.077648 3.535278 5.050397
858 852 0.002128 0.063140 3.538574 5.055106
859 853 0.002537 0.041735 3.404297 4.863281
860 854 0.002184 0.072681 3.418274 4.883248
861 855 0.001827 0.041292 3.282959 4.689941
862 856 0.001381 0.040642 3.205017 4.578596
863 857 0.002762 0.081813 3.217163 4.595947
864 858 0.003010 0.104339 3.100464 4.429234
865 859 0.002584 0.044132 3.136536 4.480765
866 860 0.003010 0.099643 3.057434 4.367763
867 861 0.002584 0.032659 3.104370 4.434814
868 862 0.002629 0.025072 3.092773 4.418248
869 863 0.003719 0.133434 3.071899 4.388428
870 864 0.004834 0.035247 3.121155 4.458793
871 865 0.004632 0.175259 3.136292 4.480416
872 866 0.005371 0.048914 3.189514 4.556449
873 867 0.005631 0.032256 3.216614 4.595162
874 868 0.005940 0.138692 3.278870 4.684100
875 869 0.005327 0.026443 3.320557 4.743652
876 870 0.004980 0.105639 3.409180 4.870257
877 871 0.002537 0.083133 3.435608 4.908011
878 872 0.002537 0.069190 3.477539 4.967913
879 873 0.003876 0.104582 3.590027 5.128610
880 874 0.004759 0.060263 3.617981 5.168544
881 875 0.004143 0.061923 3.697327 5.281895
882 876 0.004085 0.021891 3.781799 5.402570
883 877 0.003906 0.088899 3.879883 5.542690
884 878 0.003967 0.112634 3.979492 5.684989
885 879 0.004632 0.030359 4.043945 5.777065
886 880 0.003521 0.077735 4.150757 5.929653
887 881 0.004528 0.075246 4.254883 6.078404
888 882 0.004709 0.071583 4.311462 6.159232
889 883 0.005144 0.075927 4.399963 6.285662
890 884 0.004340 0.083184 4.501892 6.431274
891 885 0.002072 0.147655 4.559814 6.514020
892 886 0.002490 0.089558 4.625305 6.607579
893 887 0.001292 0.085402 4.694580 6.706543
894 888 0.003010 0.102557 4.744690 6.778129
895 889 0.000977 0.089164 4.803162 6.861660
896 890 0.002537 0.091229 4.844421 6.920602
897 891 0.002889 0.049616 4.870850 6.958356
898 892 0.003719 0.051485 4.919006 7.027152
899 893 0.004056 0.048497 4.930237 7.043195
900 894 0.004759 0.056753 4.962585 7.089408
901 895 0.003997 0.067891 5.002136 7.145909
902 896 0.002629 0.066611 5.017639 7.168056
903 897 0.002184 0.074256 5.057495 7.224993
904 898 0.001544 0.077777 5.096069 7.280099
905 899 0.001827 0.089180 5.157776 7.368251
906 900 0.003312 0.073622 5.208923 7.441319
907 901 0.003588 0.068427 5.251526 7.502180
908 902 0.003088 0.068864 5.301025 7.572894
909 903 0.002537 0.063670 5.357239 7.653198
910 904 0.002013 0.053222 5.395813 7.708304
911 905 0.000846 0.045617 5.444763 7.778233
912 906 0.000846 0.039084 5.494812 7.849731
913 907 0.001196 0.036120 5.546326 7.923322
914 908 0.002290 0.049008 5.602661 8.003801
915 909 0.001544 0.056228 5.650757 8.072510
916 910 0.001196 0.077805 5.713196 8.161708
917 911 0.001761 0.088801 5.766724 8.238176
918 912 0.001953 0.087912 5.824280 8.320399
919 913 0.002762 0.091680 5.886963 8.409947
920 914 0.001827 0.077348 5.951599 8.502284
921 915 0.002072 0.056006 6.010193 8.585990
922 916 0.003453 0.047333 6.046753 8.638219
923 917 0.002072 0.036260 6.074219 8.677455
924 918 0.001196 0.029422 6.087585 8.696550
925 919 0.001381 0.041146 6.092590 8.703700
926 920 0.000000 0.044295 6.087158 8.695940
927 921 0.000000 0.049183 6.072754 8.675363
928 922 0.001092 0.067283 6.063660 8.662371
929 923 0.002013 0.077904 6.048157 8.640224
930 924 0.000691 0.068904 6.021667 8.602382
931 925 0.001292 0.073578 5.985474 8.550676
932 926 0.001953 0.074745 5.941711 8.488159
933 927 0.001619 0.067752 5.909058 8.441511
934 928 0.001092 0.060060 5.869202 8.384574
935 929 0.001196 0.064720 5.827026 8.324324
936 930 0.000977 0.083145 5.789856 8.271223
937 931 0.000000 0.074899 5.745911 8.208444
938 932 0.002072 0.075640 5.705078 8.150111
939 933 0.001619 0.076827 5.649902 8.071289
940 934 0.000977 0.082753 5.597900 7.997001
941 935 0.000977 0.077516 5.538513 7.912162
942 936 0.002013 0.062176 5.475098 7.821568
943 937 0.000691 0.085132 5.405701 7.722430
944 938 0.000977 0.093534 5.328369 7.611956
945 939 0.001827 0.109938 5.248169 7.497384
946 940 0.001691 0.112620 5.148804 7.355434
947 941 0.002674 0.128416 5.040833 7.201190
948 942 0.001292 0.136195 4.922485 7.032122
949 943 0.001891 0.121042 4.799500 6.856428
950 944 0.000846 0.128838 4.668274 6.668963
951 945 0.001544 0.118228 4.526428 6.466326
952 946 0.000846 0.113153 4.376099 6.251569
953 947 0.000691 0.101364 4.221375 6.030535
954 948 0.000977 0.098488 4.057983 5.797119
955 949 0.000000 0.096765 3.886536 5.552194
956 950 0.000846 0.074006 3.700867 5.286952
957 951 0.001827 0.070372 3.508606 5.012294
958 952 0.001544 0.088779 3.315186 4.735980
959 953 0.000691 0.076151 3.116577 4.452253
960 954 0.000691 0.072989 2.922791 4.175415
961 955 0.000000 0.063537 2.724548 3.892212
962 956 0.001544 0.060625 2.537781 3.625401
963 957 0.002184 0.066597 2.352539 3.360770
964 958 0.000977 0.042782 2.170959 3.101371
965 959 0.001953 0.059611 1.998291 2.854702
966 960 0.001953 0.054082 1.833313 2.619019
967 961 0.001827 0.049131 1.682800 2.404001
968 962 0.001827 0.053512 1.553467 2.219238
969 963 0.001761 0.063482 1.448364 2.069092
970 964 0.001761 0.061954 1.367432 1.953474
971 965 0.001092 0.059607 1.311646 1.873779
972 966 0.000691 0.060231 1.275146 1.821638
973 967 0.001465 0.055041 1.255310 1.793300
974 968 0.000977 0.057092 1.240662 1.772374
975 969 0.000000 0.056753 1.233276 1.761823
976 970 0.001465 0.060280 1.227905 1.754150
977 971 0.000691 0.059881 1.226379 1.751971
978 972 0.001196 0.051260 1.215088 1.735840
979 973 0.000846 0.054584 1.205688 1.722412
980 974 0.001544 0.049392 1.188110 1.697301
981 975 0.001381 0.037353 1.166687 1.666696
982 976 0.000846 0.043908 1.147034 1.638620
983 977 0.001381 0.049456 1.118347 1.597639
984 978 0.002072 0.048585 1.093079 1.561541
985 979 0.001196 0.042474 1.063171 1.518816
986 980 0.000691 0.024759 1.033081 1.475830
987 981 0.000977 0.013039 0.997986 1.425694
988 982 0.000691 0.014253 0.959595 1.370850
989 983 0.000691 0.017974 0.923279 1.318970
990 984 0.000691 0.016106 0.893250 1.276071
991 985 0.000488 0.017620 0.868408 1.240583
992 986 0.001092 0.020504 0.860901 1.229858
993 987 0.000691 0.024136 0.858337 1.226196
994 988 0.000691 0.013141 0.849487 1.213553
995 989 0.001381 0.018708 0.838135 1.197335
996 990 0.000691 0.024390 0.825928 1.179897
997 991 0.000977 0.023865 0.817505 1.167864
998 992 0.001196 0.023154 0.804871 1.149815
999 993 0.001196 0.029103 0.800476 1.143537
1000 994 0.000846 0.023964 0.815735 1.165336
1001 995 0.000000 0.022002 0.845215 1.207450
1002 996 0.000691 0.028367 0.892944 1.275635
1003 997 0.000488 0.026640 0.965942 1.379918
1004 998 0.000691 0.033232 1.063782 1.519688
1005 999 0.000977 0.030105 1.184326 1.691895
1006 1000 0.001092 0.029209 1.324524 1.892177
1007 1001 0.001196 0.030579 1.484985 2.121408
1008 1002 0.000846 0.036671 1.653870 2.362671
1009 1003 0.002072 0.057597 1.826904 2.609863
1010 1004 0.002184 0.058412 1.990479 2.843541
1011 1005 0.001827 0.076708 2.158447 3.083496
1012 1006 0.000977 0.093599 2.317261 3.310373
1013 1007 0.001292 0.095953 2.470764 3.529663
1014 1008 0.000977 0.099572 2.613281 3.733259
1015 1009 0.000977 0.101557 2.751221 3.930315
1016 1010 0.000846 0.108962 2.898499 4.140712
1017 1011 0.001196 0.114712 3.034241 4.334630
1018 1012 0.001196 0.109545 3.162292 4.517560
1019 1013 0.001196 0.116482 3.288330 4.697614
1020 1014 0.000977 0.115115 3.421448 4.887783
1021 1015 0.000846 0.111402 3.538208 5.054583
1022 1016 0.001092 0.100879 3.651428 5.216326
1023 1017 0.000846 0.092295 3.760254 5.371791
1024 1018 0.001381 0.091188 3.875305 5.536150
1025 1019 0.001465 0.080308 3.987427 5.696324
1026 1020 0.000691 0.067013 4.094604 5.849435
1027 1021 0.001953 0.064827 4.203613 6.005162
1028 1022 0.000488 0.062096 4.307373 6.153390
1029 1023 0.002072 0.053811 4.409729 6.299613
1030 1024 0.001544 0.045044 4.517761 6.453945
1031 1025 0.000846 0.033499 4.626282 6.608974
1032 1026 0.000977 0.035478 4.728516 6.755023
1033 1027 0.001465 0.042779 4.836060 6.908657
1034 1028 0.001465 0.040147 4.934082 7.048688
1035 1029 0.001691 0.067041 5.044495 7.206421
1036 1030 0.001827 0.064436 5.138794 7.341134
1037 1031 0.000977 0.072920 5.224609 7.463727
1038 1032 0.001196 0.076925 5.308899 7.584141
1039 1033 0.000488 0.087607 5.383301 7.690430
1040 1034 0.001691 0.082356 5.446594 7.780849
1041 1035 0.001196 0.064662 5.480896 7.829852
1042 1036 0.001691 0.064869 5.504578 7.863682
1043 1037 0.001691 0.055695 5.513550 7.876500
1044 1038 0.001381 0.058614 5.516968 7.881382
1045 1039 0.001827 0.039127 5.512146 7.874494
1046 1040 0.001196 0.040718 5.509216 7.870309
1047 1041 0.001465 0.040954 5.508179 7.868827
1048 1042 0.000691 0.047388 5.517395 7.881993
1049 1043 0.002392 0.051932 5.536560 7.909371
1050 1044 0.001292 0.046498 5.551514 7.930734
1051 1045 0.003383 0.062565 5.568359 7.954799
1052 1046 0.000977 0.058005 5.589783 7.985404
1053 1047 0.001381 0.064816 5.612244 8.017491
1054 1048 0.001619 0.041795 5.631470 8.044957
1055 1049 0.001544 0.047479 5.647522 8.067888
1056 1050 0.001196 0.040022 5.660706 8.086722
1057 1051 0.000691 0.022596 5.677795 8.111136
1058 1052 0.001196 0.022256 5.695190 8.135986
1059 1053 0.001381 0.014303 5.710938 8.158483
1060 1054 0.000846 0.018850 5.730347 8.186210
1061 1055 0.000691 0.009860 5.747498 8.210711
1062 1056 0.000000 0.007960 5.768860 8.241228
1063 1057 0.000691 0.008383 5.789062 8.270089
1064 1058 0.000977 0.021437 5.810303 8.300432
1065 1059 0.001761 0.018573 5.834045 8.334351
1066 1060 0.000691 0.019909 5.843811 8.348302
1067 1061 0.001691 0.014864 5.852295 8.360421
1068 1062 0.001381 0.026079 5.855774 8.365392
1069 1063 0.002490 0.035356 5.860596 8.372279
1070 1064 0.001092 0.052765 5.854431 8.363473
1071 1065 0.001953 0.056602 5.846558 8.352225
1072 1066 0.002847 0.058712 5.835510 8.336443
1073 1067 0.000691 0.048934 5.824280 8.320399
1074 1068 0.002072 0.016548 5.811584 8.302263
1075 1069 0.001292 0.012073 5.789673 8.270961
1076 1070 0.001381 0.021535 5.764771 8.235387
1077 1071 0.001544 0.030760 5.734131 8.191615
1078 1072 0.001465 0.037046 5.711487 8.159266
1079 1073 0.001292 0.017289 5.688293 8.126134
1080 1074 0.000846 0.014314 5.667847 8.096924
1081 1075 0.001196 0.019334 5.642578 8.060826
1082 1076 0.001196 0.011909 5.612000 8.017142
1083 1077 0.001619 0.018317 5.587769 7.982526
1084 1078 0.001619 0.030361 5.559814 7.942592
1085 1079 0.001544 0.016095 5.529358 7.899083
1086 1080 0.002537 0.019695 5.491394 7.844849
1087 1081 0.001092 0.030968 5.449829 7.785470
1088 1082 0.000977 0.015604 5.415283 7.736119
1089 1083 0.001544 0.013742 5.363525 7.662179
1090 1084 0.001827 0.022316 5.304382 7.577689
1091 1085 0.002441 0.021948 5.220398 7.457711
1092 1086 0.001381 0.026304 5.126099 7.322998
1093 1087 0.001465 0.019443 5.029358 7.184797
1094 1088 0.000000 0.010476 4.921326 7.030465
1095 1089 0.001544 0.015928 4.807739 6.868199
1096 1090 0.001196 0.014521 4.669373 6.670532
1097 1091 0.001827 0.025771 4.530884 6.472691
1098 1092 0.001619 0.026817 4.379089 6.255842
1099 1093 0.000691 0.024272 4.214233 6.020333
1100 1094 0.000000 0.024293 4.045898 5.779855
1101 1095 0.000977 0.012410 3.874268 5.534668
1102 1096 0.000691 0.018566 3.715515 5.307879
1103 1097 0.001381 0.029113 3.563354 5.090507
1104 1098 0.002184 0.034783 3.425842 4.894061
1105 1099 0.000000 0.042921 3.307007 4.724296
1106 1100 0.000691 0.057981 3.198120 4.568743
1107 1101 0.001196 0.049362 3.103760 4.433942
1108 1102 0.001196 0.051129 3.023743 4.319633
1109 1103 0.000691 0.035730 2.951782 4.216832
1110 1104 0.000977 0.033621 2.886902 4.124146
1111 1105 0.000691 0.015214 2.822815 4.032593
1112 1106 0.000691 0.008122 2.760132 3.943045
1113 1107 0.000488 0.007824 2.697632 3.853760
1114 1108 0.000691 0.020843 2.635498 3.764997
1115 1109 0.001292 0.024120 2.573608 3.676584
1116 1110 0.001891 0.021633 2.508240 3.583200
1117 1111 0.000691 0.028281 2.438843 3.484061
1118 1112 0.000488 0.031356 2.363831 3.376901
1119 1113 0.001292 0.037401 2.288635 3.269479
1120 1114 0.001827 0.058486 2.207214 3.153163
1121 1115 0.001465 0.069767 2.128662 3.040946
1122 1116 0.001292 0.070395 2.054138 2.934483
1123 1117 0.001196 0.074041 1.985596 2.836565
1124 1118 0.000691 0.066431 1.920105 2.743007
1125 1119 0.000488 0.061829 1.849731 2.642473
1126 1120 0.001827 0.043617 1.779724 2.542463
1127 1121 0.000977 0.038080 1.706543 2.437918
1128 1122 0.000977 0.026451 1.624817 2.321167
1129 1123 0.001691 0.027721 1.538147 2.197353
1130 1124 0.001196 0.019789 1.450195 2.071707
1131 1125 0.001691 0.026698 1.367554 1.953648
1132 1126 0.002238 0.032222 1.283813 1.834019
1133 1127 0.001196 0.024935 1.204102 1.720145
1134 1128 0.001292 0.015319 1.132202 1.617432
1135 1129 0.000846 0.020419 1.062744 1.518206
1136 1130 0.000846 0.025060 0.998840 1.426915
1137 1131 0.001092 0.028176 0.933899 1.334141
1138 1132 0.000488 0.027726 0.877686 1.253837
1139 1133 0.001092 0.031281 0.823547 1.176496
1140 1134 0.001092 0.030161 0.770447 1.100638
1141 1135 0.000488 0.027989 0.721191 1.030273
1142 1136 0.000000 0.030675 0.674255 0.963222
1143 1137 0.000000 0.027813 0.634033 0.905762
1144 1138 0.000691 0.021847 0.594604 0.849435
1145 1139 0.000488 0.018431 0.554993 0.792847
1146 1140 0.000846 0.017693 0.521240 0.744629
1147 1141 0.000000 0.012966 0.490112 0.700160
1148 1142 0.000691 0.009440 0.457397 0.653425
1149 1143 0.000846 0.010409 0.424805 0.606864
1150 1144 0.000691 0.014468 0.395325 0.564750
1151 1145 0.000488 0.013762 0.370728 0.529611
1152 1146 0.000691 0.012627 0.346069 0.494385
1153 1147 0.000000 0.014890 0.320679 0.458112
1154 1148 0.000488 0.020969 0.296692 0.423846
1155 1149 0.000691 0.025648 0.273926 0.391323
1156 1150 0.000000 0.021094 0.249084 0.355835
1157 1151 0.000488 0.022790 0.223267 0.318952
1158 1152 0.000000 0.023081 0.196594 0.280849
1159 1153 0.000000 0.026107 0.169983 0.242833
1160 1154 0.000000 0.023799 0.145996 0.208566
1161 1155 0.000846 0.006112 0.122559 0.175084
1162 1156 0.000488 0.011156 0.104065 0.148664
1163 1157 0.000691 0.010334 0.089661 0.128087
1164 1158 0.000691 0.018699 0.090637 0.129482
1165 1159 0.000691 0.027288 0.094971 0.135672
1166 1160 0.000691 0.041148 0.112793 0.161133
1167 1161 0.000000 0.047533 0.132996 0.189994
1168 1162 0.000488 0.057735 0.155457 0.222081
1169 1163 0.000000 0.064654 0.176453 0.252075
1170 1164 0.000488 0.058832 0.188782 0.269688
1171 1165 0.000691 0.048396 0.206421 0.294887
1172 1166 0.000000 0.042354 0.217407 0.310582
1173 1167 0.000000 0.032325 0.232605 0.332293
1174 1168 0.000000 0.024371 0.249023 0.355748
1175 1169 0.000488 0.017023 0.273987 0.391410
1176 1170 0.000691 0.014529 0.300781 0.429688
1177 1171 0.000691 0.021335 0.330750 0.472499
1178 1172 0.000691 0.017424 0.359314 0.513306
1179 1173 0.000977 0.023084 0.389038 0.555769
1180 1174 0.000000 0.027729 0.419861 0.599801
1181 1175 0.000691 0.035015 0.449707 0.642439
1182 1176 0.000000 0.035829 0.480042 0.685774
1183 1177 0.000488 0.036382 0.506409 0.723441
1184 1178 0.000691 0.044280 0.536560 0.766514
1185 1179 0.000000 0.042276 0.562561 0.803659
1186 1180 0.000488 0.045456 0.586243 0.837490
1187 1181 0.000000 0.038156 0.605774 0.865391
1188 1182 0.000488 0.041027 0.627930 0.897042
1189 1183 0.000000 0.043026 0.647583 0.925119
1190 1184 0.000488 0.036730 0.662476 0.946394
1191 1185 0.000000 0.040429 0.676147 0.965925
1192 1186 0.000691 0.036195 0.686829 0.981184
1193 1187 0.000488 0.043714 0.691223 0.987462
1194 1188 0.000000 0.046992 0.683838 0.976911
1195 1189 0.000691 0.045302 0.670593 0.957990
1196 1190 0.000488 0.048417 0.650940 0.929914
1197 1191 0.000691 0.044618 0.626282 0.894688
1198 1192 0.000000 0.040994 0.595459 0.850656
1199 1193 0.000000 0.047623 0.563721 0.805315
1200 1194 0.000691 0.041465 0.528687 0.755266
