10 1 0.002970 0.359207 8.937047 8.937047
11 2 0.004312 0.358763 8.918924 8.918924
12 3 0.003555 0.393139 8.897159 8.897159
13 4 0.002930 0.392332 8.879601 8.879601
14 5 0.003383 0.386872 8.855633 8.855633
15 6 0.003312 0.431242 8.830095 8.830095
16 7 0.003686 0.419131 8.807325 8.807325
17 8 0.003202 0.462461 8.784719 8.784719
18 9 0.003239 0.472747 8.758036 8.758036
19 10 0.003010 0.508837 8.729198 8.729198
20 11 0.002930 0.511679 8.700262 8.700262
21 12 0.002970 0.551445 8.672530 8.672530
22 13 0.004528 0.532298 8.649202 8.649202
23 14 0.003719 0.583436 8.627124 8.627124
24 15 0.003239 0.529209 8.620838 8.620838
25 16 0.003049 0.561480 8.616043 8.616043
26 17 0.003418 0.516404 8.616074 8.616074
27 18 0.005415 0.525769 8.632477 8.632477
28 19 0.004448 0.491327 8.663649 8.663649
29 20 0.004502 0.485425 8.703915 8.703915
30 21 0.005098 0.446561 8.744717 8.744717
31 22 0.005144 0.474492 8.792500 8.792500
32 23 0.004709 0.420129 8.855511 8.855511
33 24 0.004931 0.434416 8.921989 8.921989
34 25 0.004931 0.419066 8.997681 8.997681
35 26 0.004475 0.414313 9.085348 9.085348
36 27 0.003845 0.422027 9.172525 9.172525
37 28 0.005003 0.406825 9.263113 9.263113
38 29 0.004554 0.461094 9.362471 9.362471
39 30 0.004834 0.470753 9.473711 9.473711
40 31 0.004502 0.487160 9.589329 9.589329
41 32 0.004554 0.546604 9.703260 9.703260
42 33 0.004834 0.562742 9.811581 9.811581
43 34 0.005027 0.585361 9.914833 9.914833
44 35 0.004554 0.611720 10.011555 10.011555
45 36 0.004143 0.618872 10.108906 10.108906
46 37 0.003719 0.635325 10.211132 10.211132
47 38 0.003937 0.616921 10.322395 10.322395
48 39 0.003347 0.631766 10.446316 10.446316
49 40 0.002762 0.619589 10.582016 10.582016
50 41 0.002342 0.605035 10.721893 10.721893
51 42 0.002290 0.586211 10.881470 10.881470
52 43 0.002013 0.590674 11.054840 11.054840
53 44 0.002128 0.579005 11.246769 11.246769
54 45 0.001196 0.591167 11.450115 11.450115
55 46 0.001761 0.576193 11.654129 11.654129
56 47 0.001292 0.553354 11.855469 11.855469
57 48 0.001292 0.544952 12.052097 12.052097
58 49 0.001381 0.511716 12.248413 12.248413
59 50 0.001381 0.489270 12.443085 12.443085
60 51 0.002013 0.471019 12.635059 12.635059
61 52 0.002674 0.442650 12.829708 12.829708
62 53 0.003127 0.415391 13.018406 13.018406
63 54 0.004114 0.378123 13.205364 13.205364
64 55 0.003453 0.342287 13.390400 13.390400
65 56 0.003906 0.324676 13.583702 13.583702
66 57 0.003686 0.281433 13.774193 13.774193
67 58 0.004143 0.292262 13.960922 13.960922
68 59 0.004554 0.270017 14.147446 14.147446
69 60 0.003418 0.344526 14.320335 14.320335
70 61 0.003312 0.323322 14.486900 14.486900
71 62 0.003453 0.341824 14.647408 14.647408
72 63 0.003521 0.325640 14.800545 14.800545
73 64 0.004143 0.335838 14.957397 14.957397
74 65 0.003383 0.321300 15.097443 15.097443
75 66 0.003521 0.340421 15.237724 15.237724
76 67 0.002889 0.310488 15.374298 15.374298
77 68 0.002013 0.321008 15.505447 15.505447
78 69 0.003202 0.234170 15.641945 15.641945
79 70 0.003049 0.221574 15.775520 15.775520
80 71 0.001953 0.195309 15.916931 15.916931
81 72 0.001292 0.188315 16.055183 16.055183
82 73 0.001196 0.184961 16.189583 16.189583
83 74 0.001544 0.156430 16.322990 16.322990
84 75 0.001619 0.125709 16.458366 16.458366
85 76 0.001827 0.114909 16.590530 16.590530
86 77 0.000977 0.105504 16.723969 16.723969
87 78 0.001292 0.111208 16.853119 16.853119
88 79 0.000846 0.100650 16.973358 16.973358
89 80 0.000691 0.095014 17.086433 17.086433
90 81 0.000977 0.100265 17.196785 17.196785
91 82 0.001381 0.109579 17.304466 17.304466
92 83 0.001465 0.098563 17.412056 17.412056
93 84 0.001891 0.093260 17.511223 17.511223
94 85 0.001761 0.121762 17.608749 17.608749
95 86 0.002128 0.106492 17.702782 17.702782
96 87 0.001827 0.121282 17.793510 17.793510
97 88 0.001953 0.127454 17.888664 17.888664
98 89 0.001196 0.163542 17.985153 17.985153
99 90 0.001544 0.173732 18.081261 18.081261
100 91 0.001292 0.174457 18.167755 18.167755
101 92 0.000691 0.200882 18.257416 18.257416
102 93 0.000977 0.230035 18.342369 18.342369
103 94 0.001092 0.238362 18.430367 18.430367
104 95 0.000977 0.260019 18.515228 18.515228
105 96 0.001196 0.269995 18.604889 18.604889
106 97 0.001196 0.261253 18.692566 18.692566
107 98 0.001292 0.282329 18.780273 18.780273
108 99 0.002490 0.275807 18.858215 18.858215
109 100 0.000488 0.303733 18.946198 18.946198
110 101 0.000488 0.331997 19.029633 19.029633
111 102 0.000846 0.319983 19.109741 19.109741
112 103 0.001381 0.337670 19.186325 19.186325
113 104 0.001292 0.377410 19.275574 19.275574
114 105 0.001691 0.376874 19.350418 19.350418
115 106 0.001953 0.393078 19.430588 19.430588
116 107 0.002584 0.385777 19.501892 19.501892
117 108 0.001761 0.407351 19.579971 19.579971
118 109 0.002847 0.391433 19.660034 19.660034
119 110 0.002584 0.389041 19.735535 19.735535
120 111 0.002184 0.392421 19.816986 19.816986
121 112 0.001827 0.408867 19.896652 19.896652
122 113 0.001827 0.379919 19.968750 19.968750
123 114 0.000691 0.392514 20.050919 20.050919
124 115 0.000977 0.442527 20.127014 20.127014
125 116 0.001092 0.472058 20.207306 20.207306
126 117 0.002490 0.475260 20.288620 20.288620
127 118 0.002072 0.515452 20.360443 20.360443
128 119 0.002889 0.526732 20.437866 20.437866
129 120 0.003164 0.549545 20.516388 20.516388
130 121 0.002184 0.521302 20.590134 20.590134
131 122 0.002128 0.539537 20.659500 20.659500
132 123 0.002441 0.523451 20.739273 20.739273
133 124 0.002013 0.483479 20.818466 20.818466
134 125 0.002072 0.463569 20.890121 20.890121
135 126 0.001953 0.488223 20.970490 20.970490
136 127 0.001196 0.438164 21.027466 21.027466
137 128 0.000846 0.433990 21.102615 21.102615
138 129 0.000691 0.455698 21.151520 21.151520
139 130 0.000691 0.501635 21.210831 21.210831
140 131 0.000691 0.497053 21.269501 21.269501
141 132 0.000488 0.499104 21.313232 21.313232
142 133 0.001381 0.484592 21.347305 21.347305
143 134 0.001465 0.474856 21.388229 21.388229
144 135 0.001891 0.477203 21.429779 21.429779
145 136 0.001691 0.474179 21.464325 21.464325
146 137 0.001381 0.487152 21.482468 21.482468
147 138 0.001953 0.456142 21.521500 21.521500
148 139 0.001891 0.443909 21.544479 21.544479
149 140 0.002013 0.451199 21.567734 21.567734
150 141 0.001827 0.491714 21.585999 21.585999
151 142 0.001381 0.527441 21.606583 21.606583
152 143 0.001544 0.501211 21.624039 21.624039
153 144 0.001381 0.487893 21.622787 21.622787
154 145 0.002128 0.504856 21.645813 21.645813
155 146 0.002072 0.496596 21.653320 21.653320
156 147 0.002629 0.476475 21.653992 21.653992
157 148 0.002128 0.478797 21.656754 21.656754
158 149 0.001761 0.452649 21.652084 21.652084
159 150 0.001544 0.429636 21.653366 21.653366
160 151 0.002013 0.383190 21.647308 21.647308
161 152 0.002184 0.410484 21.643433 21.643433
162 153 0.002392 0.395653 21.647369 21.647369
163 154 0.002290 0.393028 21.651398 21.651398
164 155 0.002013 0.388321 21.662994 21.662994
165 156 0.002290 0.377233 21.674347 21.674347
166 157 0.001691 0.353723 21.708099 21.708099
167 158 0.002392 0.353623 21.721985 21.721985
168 159 0.002584 0.343262 21.754517 21.754517
169 160 0.002584 0.372359 21.809570 21.809570
170 161 0.002537 0.358290 21.856903 21.856903
171 162 0.002490 0.349937 21.921448 21.921448
172 163 0.002072 0.345706 21.988586 21.988586
173 164 0.002392 0.344829 22.076843 22.076843
174 165 0.002128 0.389930 22.152069 22.152069
175 166 0.001381 0.440764 22.223969 22.223969
176 167 0.001465 0.442439 22.339172 22.339172
177 168 0.001544 0.406006 22.438324 22.438324
178 169 0.000488 0.429540 22.538361 22.538361
179 170 0.001196 0.430696 22.641571 22.641571
180 171 0.001827 0.436320 22.742554 22.742554
181 172 0.000691 0.427883 22.837860 22.837860
182 173 0.001092 0.442677 22.925140 22.925140
183 174 0.001544 0.449038 23.036255 23.036255
184 175 0.002013 0.411949 23.141022 23.141022
185 176 0.001619 0.482770 23.238617 23.238617
186 177 0.000977 0.542986 23.341339 23.341339
187 178 0.001292 0.514186 23.439331 23.439331
188 179 0.001196 0.490328 23.539856 23.539856
189 180 0.001619 0.474808 23.627380 23.627380
190 181 0.001381 0.465815 23.730927 23.730927
191 182 0.001544 0.453764 23.830078 23.830078
192 183 0.000691 0.442321 23.918884 23.918884
193 184 0.000977 0.440752 23.997681 23.997681
194 185 0.001196 0.431471 24.061005 24.061005
195 186 0.000691 0.425425 24.119720 24.119720
196 187 0.001544 0.424842 24.170715 24.170715
197 188 0.001544 0.474054 24.215149 24.215149
198 189 0.001691 0.496103 24.255524 24.255524
199 190 0.000977 0.495844 24.281219 24.281219
200 191 0.001761 0.489370 24.304535 24.304535
201 192 0.001619 0.459451 24.329620 24.329620
202 193 0.001691 0.488247 24.352142 24.352142
203 194 0.001544 0.505875 24.380157 24.380157
204 195 0.001827 0.499182 24.396667 24.396667
205 196 0.001292 0.528524 24.423645 24.423645
206 197 0.002490 0.512978 24.440796 24.440796
207 198 0.000846 0.518020 24.455444 24.455444
208 199 0.000977 0.542745 24.482178 24.482178
209 200 0.000977 0.527461 24.487366 24.487366
210 201 0.001381 0.522827 24.493866 24.493866
211 202 0.000977 0.482526 24.497223 24.497223
212 203 0.001544 0.429184 24.498199 24.498199
213 204 0.001544 0.401378 24.495819 24.495819
214 205 0.001761 0.367989 24.484589 24.484589
215 206 0.003239 0.355948 24.485229 24.485229
216 207 0.000691 0.323950 24.456940 24.456940
217 208 0.000846 0.309385 24.431061 24.431061
218 209 0.001465 0.304713 24.417816 24.417816
219 210 0.001381 0.297579 24.411285 24.411285
220 211 0.000488 0.287014 24.407135 24.407135
221 212 0.000488 0.275252 24.395111 24.395111
222 213 0.000691 0.278476 24.381775 24.381775
223 214 0.000488 0.242380 24.356964 24.356964
224 215 0.000977 0.245262 24.331482 24.331482
225 216 0.001292 0.243112 24.336884 24.336884
226 217 0.001292 0.224871 24.328430 24.328430
227 218 0.000691 0.196297 24.314758 24.314758
228 219 0.001691 0.225238 24.284912 24.284912
229 220 0.000977 0.224460 24.268707 24.268707
230 221 0.000846 0.223972 24.250885 24.250885
231 222 0.000846 0.238573 24.245270 24.245270
232 223 0.001465 0.242631 24.247009 24.247009
233 224 0.001196 0.240396 24.236450 24.236450
234 225 0.002392 0.217695 24.237457 24.237457
235 226 0.003967 0.253494 24.226837 24.226837
236 227 0.004580 0.258234 24.216400 24.216400
237 228 0.005098 0.261325 24.214722 24.214722
238 229 0.003845 0.238807 24.200012 24.200012
239 230 0.004632 0.254670 24.196625 24.196625
240 231 0.003906 0.241899 24.183319 24.183319
241 232 0.004114 0.232912 24.172150 24.172150
242 233 0.003654 0.279604 24.162323 24.162323
243 234 0.003164 0.297021 24.144562 24.144562
244 235 0.001761 0.296955 24.130188 24.130188
245 236 0.001691 0.292531 24.121216 24.121216
246 237 0.001953 0.296074 24.109344 24.109344
247 238 0.002762 0.301335 24.086700 24.086700
248 239 0.002392 0.305062 24.078400 24.078400
249 240 0.002128 0.321319 24.075226 24.075226
250 241 0.001953 0.317645 24.068115 24.068115
251 242 0.001292 0.315795 24.062378 24.062378
252 243 0.002629 0.314761 24.047302 24.047302
253 244 0.002930 0.339569 24.049652 24.049652
254 245 0.001691 0.353966 24.047058 24.047058
255 246 0.001381 0.356800 24.044128 24.044128
256 247 0.000000 0.339906 24.048859 24.048859
257 248 0.001544 0.342154 24.037079 24.037079
258 249 0.000691 0.355239 24.029205 24.029205
259 250 0.000977 0.391339 24.018982 24.018982
260 251 0.001196 0.389035 24.012756 24.012756
261 252 0.000488 0.369113 24.012878 24.012878
262 253 0.000691 0.358017 23.996582 23.996582
263 254 0.001292 0.372787 23.993774 23.993774
264 255 0.001761 0.380728 23.991821 23.991821
265 256 0.002392 0.374005 23.988770 23.988770
266 257 0.002392 0.401589 23.982056 23.982056
267 258 0.002584 0.403145 23.977905 23.977905
268 259 0.003010 0.375711 23.973022 23.973022
269 260 0.001761 0.424445 23.975281 23.975281
270 261 0.002441 0.441703 23.971436 23.971436
271 262 0.001619 0.470422 23.972839 23.972839
272 263 0.001381 0.425527 23.969849 23.969849
273 264 0.001196 0.379765 23.964966 23.964966
274 265 0.000846 0.399802 23.963196 23.963196
275 266 0.000000 0.381415 23.963684 23.963684
276 267 0.000000 0.373450 23.952759 23.952759
277 268 0.001196 0.410116 23.964111 23.964111
278 269 0.000691 0.366356 23.962341 23.962341
279 270 0.001953 0.360572 23.963318 23.963318
280 271 0.001619 0.363912 23.965820 23.965820
281 272 0.001827 0.388241 23.955383 23.955383
282 273 0.001092 0.450260 23.962036 23.962036
283 274 0.001381 0.457933 23.962219 23.962219
284 275 0.001196 0.481173 23.962708 23.962708
285 276 0.001544 0.509815 23.968750 23.968750
286 277 0.000691 0.512392 23.957031 23.957031
287 278 0.000691 0.517555 23.960632 23.960632
288 279 0.000691 0.516529 23.960327 23.960327
289 280 0.001544 0.541782 23.958252 23.958252
290 281 0.003453 0.623357 23.964172 23.964172
291 282 0.003876 0.592843 23.950989 23.950989
292 283 0.004858 0.584470 23.958252 23.958252
293 284 0.004502 0.565698 23.957458 23.957458
294 285 0.004632 0.600784 23.959229 23.959229
295 286 0.003383 0.602634 23.962830 23.962830
296 287 0.003164 0.592965 23.962402 23.962402
297 288 0.002762 0.541477 23.967834 23.967834
298 289 0.001953 0.540608 23.969116 23.969116
299 290 0.001196 0.453624 23.973694 23.973694
300 291 0.000488 0.465435 23.976440 23.976440
301 292 0.000000 0.453298 23.978882 23.978882
302 293 0.000977 0.460615 23.988281 23.988281
303 294 0.000977 0.428949 23.989563 23.989563
304 295 0.000846 0.362873 23.991272 23.991272
305 296 0.000691 0.364834 23.989441 23.989441
306 297 0.000977 0.382692 23.996094 23.996094
307 298 0.000000 0.357429 24.003418 24.003418
308 299 0.001196 0.351412 24.009033 24.009033
309 300 0.001196 0.332006 24.017700 24.017700
310 301 0.000488 0.325884 24.010132 24.010132
311 302 0.000977 0.311957 24.015747 24.015747
312 303 0.001092 0.305712 24.022705 24.022705
313 304 0.002290 0.326505 24.023865 24.023865
314 305 0.001292 0.346860 24.028870 24.028870
315 306 0.001544 0.346037 24.013306 24.013306
316 307 0.001092 0.322226 24.011475 24.011475
317 308 0.000977 0.341643 24.000183 24.000183
318 309 0.001196 0.357049 24.003723 24.003723
319 310 0.001092 0.409302 24.027771 24.027771
320 311 0.001544 0.406048 23.970154 23.970154
321 312 0.000977 0.426496 23.958069 23.958069
322 313 0.002342 0.457505 23.945801 23.945801
323 314 0.001092 0.440499 23.935303 23.935303
324 315 0.001619 0.439750 23.934570 23.934570
325 316 0.000691 0.444700 23.921753 23.921753
326 317 0.001761 0.446490 23.919861 23.919861
327 318 0.001196 0.464846 23.910339 23.910339
328 319 0.000977 0.426056 23.883789 23.883789
329 320 0.000977 0.443720 23.919495 23.919495
330 321 0.001196 0.431584 23.925476 23.925476
331 322 0.001953 0.408228 23.931091 23.931091
332 323 0.000977 0.395289 23.925720 23.925720
333 324 0.001691 0.358438 23.932068 23.932068
334 325 0.001544 0.348064 23.934265 23.934265
335 326 0.002128 0.330081 23.937317 23.937317
336 327 0.001465 0.316781 23.940979 23.940979
337 328 0.000846 0.309649 23.939270 23.939270
338 329 0.000000 0.321923 23.947266 23.947266
339 330 0.001891 0.335213 23.941040 23.941040
340 331 0.001465 0.326726 23.946838 23.946838
341 332 0.001891 0.327456 23.952271 23.952271
342 333 0.002441 0.356885 23.952332 23.952332
343 334 0.003347 0.363461 23.945984 23.945984
344 335 0.003621 0.376155 23.942932 23.942932
345 336 0.003347 0.382918 23.938416 23.938416
346 337 0.003164 0.388236 23.932983 23.932983
347 338 0.002674 0.386446 23.927002 23.927002
348 339 0.001465 0.367608 23.923401 23.923401
349 340 0.001761 0.373092 23.909485 23.909485
350 341 0.001619 0.384545 23.909424 23.909424
351 342 0.001761 0.360424 23.897583 23.897583
352 343 0.001196 0.351170 23.900940 23.900940
353 344 0.001465 0.347019 23.889832 23.889832
354 345 0.001691 0.327058 23.878845 23.878845
355 346 0.001381 0.300680 23.883728 23.883728
356 347 0.000977 0.289900 23.882141 23.882141
357 348 0.000977 0.328652 23.879211 23.879211
358 349 0.000488 0.307898 23.880188 23.880188
359 350 0.001465 0.314855 23.877747 23.877747
360 351 0.001196 0.325962 23.879639 23.879639
361 352 0.001196 0.349038 23.885010 23.885010
362 353 0.001381 0.351388 23.890686 23.890686
363 354 0.000691 0.386566 23.899353 23.899353
364 355 0.000846 0.430850 23.898315 23.898315
365 356 0.000977 0.437653 23.902710 23.902710
366 357 0.001381 0.406254 23.907654 23.907654
367 358 0.001691 0.422559 23.908875 23.908875
368 359 0.001381 0.437047 23.904541 23.904541
369 360 0.000846 0.414333 23.908936 23.908936
370 361 0.000691 0.436254 23.906982 23.906982
371 362 0.000846 0.470466 23.912842 23.912842
372 363 0.000691 0.447460 23.912476 23.912476
373 364 0.001544 0.448643 23.907532 23.907532
374 365 0.001092 0.471394 23.909058 23.909058
375 366 0.000846 0.500450 23.908691 23.908691
376 367 0.000691 0.507252 23.906860 23.906860
377 368 0.000977 0.516763 23.910278 23.910278
378 369 0.001465 0.538638 23.911682 23.911682
379 370 0.001381 0.525373 23.908264 23.908264
380 371 0.001381 0.479094 23.900818 23.900818
381 372 0.001827 0.491459 23.889648 23.889648
382 373 0.001761 0.477061 23.882996 23.882996
383 374 0.001619 0.431352 23.868591 23.868591
384 375 0.002290 0.381623 23.862366 23.862366
385 376 0.001953 0.367465 23.858276 23.858276
386 377 0.002072 0.338659 23.853394 23.853394
387 378 0.001827 0.340219 23.844055 23.844055
388 379 0.002238 0.325570 23.838623 23.838623
389 380 0.002805 0.320435 23.831482 23.831482
390 381 0.002290 0.302117 23.834595 23.834595
391 382 0.003719 0.282552 23.833679 23.833679
392 383 0.003239 0.288657 23.841003 23.841003
393 384 0.003347 0.323698 23.839355 23.839355
394 385 0.003967 0.325058 23.837891 23.837891
395 386 0.002719 0.314031 23.835083 23.835083
396 387 0.003906 0.283062 23.834473 23.834473
397 388 0.003383 0.285763 23.835388 23.835388
398 389 0.003127 0.310905 23.844116 23.844116
399 390 0.002674 0.314124 23.843201 23.843201
400 391 0.001381 0.340030 23.848572 23.848572
401 392 0.001619 0.353262 23.842957 23.842957
402 393 0.001292 0.351512 23.843811 23.843811
403 394 0.000977 0.377799 23.853821 23.853821
404 395 0.001381 0.372254 23.858582 23.858582
405 396 0.000977 0.368742 23.862122 23.862122
406 397 0.001092 0.370703 23.868286 23.868286
407 398 0.000691 0.351913 23.865906 23.865906
408 399 0.000691 0.376689 23.873169 23.873169
409 400 0.000691 0.378193 23.877441 23.877441
410 401 0.001381 0.366243 23.881592 23.881592
411 402 0.000977 0.358927 23.879333 23.879333
412 403 0.001827 0.344932 23.877747 23.877747
413 404 0.001544 0.342193 23.875183 23.875183
414 405 0.001691 0.361180 23.869324 23.869324
415 406 0.001465 0.362892 23.864258 23.864258
416 407 0.000488 0.389728 23.853638 23.853638
417 408 0.000691 0.369296 23.844971 23.844971
418 409 0.000691 0.363122 23.831726 23.831726
419 410 0.001827 0.388909 23.821472 23.821472
420 411 0.000488 0.384674 23.812317 23.812317
421 412 0.001544 0.389525 23.791809 23.791809
422 413 0.001196 0.405540 23.774414 23.774414
423 414 0.001292 0.390782 23.757751 23.757751
424 415 0.001544 0.383585 23.741394 23.741394
425 416 0.000691 0.389978 23.736023 23.736023
426 417 0.001092 0.392004 23.718994 23.718994
427 418 0.001827 0.382756 23.714600 23.714600
428 419 0.002719 0.367780 23.705566 23.705566
429 420 0.002072 0.368826 23.704346 23.704346
430 421 0.001827 0.368270 23.703552 23.703552
431 422 0.001761 0.360014 23.707642 23.707642
432 423 0.001544 0.370374 23.718933 23.718933
433 424 0.001196 0.379162 23.724548 23.724548
434 425 0.001465 0.368670 23.729431 23.729431
435 426 0.001891 0.372456 23.736084 23.736084
436 427 0.001619 0.365151 23.743469 23.743469
437 428 0.001619 0.362566 23.761658 23.761658
438 429 0.002072 0.348432 23.773987 23.773987
439 430 0.002392 0.372721 23.787720 23.787720
440 431 0.003010 0.358048 23.800903 23.800903
441 432 0.002290 0.346330 23.817444 23.817444
442 433 0.002184 0.363959 23.835815 23.835815
443 434 0.002584 0.361715 23.851868 23.851868
444 435 0.001827 0.355403 23.870728 23.870728
445 436 0.002184 0.358028 23.880676 23.880676
446 437 0.001953 0.376532 23.897949 23.897949
447 438 0.001761 0.388479 23.906677 23.906677
448 439 0.001196 0.380589 23.922241 23.922241
449 440 0.001619 0.417520 23.935547 23.935547
450 441 0.002970 0.394853 23.942627 23.942627
451 442 0.002584 0.355297 23.955994 23.955994
452 443 0.002490 0.357368 23.963623 23.963623
453 444 0.002674 0.355260 23.974976 23.974976
454 445 0.002072 0.348187 23.978638 23.978638
455 446 0.002674 0.340053 23.958618 23.958618
456 447 0.003049 0.340621 23.960571 23.960571
457 448 0.003239 0.317380 23.951294 23.951294
458 449 0.002889 0.318378 23.940674 23.940674
459 450 0.002584 0.327917 23.920654 23.920654
460 451 0.002290 0.335622 23.897461 23.897461
461 452 0.001619 0.328455 23.900024 23.900024
462 453 0.001544 0.340844 23.841919 23.841919
463 454 0.001381 0.325510 23.817505 23.817505
464 455 0.001619 0.325739 23.791870 23.791870
465 456 0.000977 0.323150 23.761475 23.761475
466 457 0.000691 0.330249 23.726807 23.726807
467 458 0.000846 0.331501 23.691162 23.691162
468 459 0.001381 0.326403 23.660889 23.660889
469 460 0.000691 0.322809 23.619141 23.619141
470 461 0.000691 0.332415 23.574097 23.574097
471 462 0.000846 0.326730 23.567871 23.567871
472 463 0.001381 0.299606 23.536987 23.536987
473 464 0.001761 0.295913 23.515747 23.515747
474 465 0.001292 0.315494 23.478760 23.478760
475 466 0.000691 0.327550 23.457642 23.457642
476 467 0.000000 0.342812 23.446411 23.446411
477 468 0.000691 0.342544 23.430054 23.430054
478 469 0.001092 0.322236 23.427246 23.427246
479 470 0.000000 0.325734 23.392090 23.392090
480 471 0.000977 0.358341 23.375854 23.375854
481 472 0.001196 0.356189 23.368774 23.368774
482 473 0.000691 0.383741 23.366943 23.366943
483 474 0.000846 0.364859 23.373535 23.373535
484 475 0.001196 0.348230 23.358398 23.358398
485 476 0.001465 0.334271 23.351074 23.351074
486 477 0.000846 0.390068 23.348511 23.348511
487 478 0.000691 0.402363 23.340942 23.340942
488 479 0.000691 0.399205 23.353394 23.353394
489 480 0.001092 0.389996 23.363525 23.363525
490 481 0.001196 0.399343 23.369263 23.369263
491 482 0.001544 0.413721 23.371094 23.371094
492 483 0.001761 0.400916 23.378540 23.378540
493 484 0.002184 0.387807 23.396606 23.396606
494 485 0.001953 0.384560 23.399902 23.399902
495 486 0.001691 0.383262 23.414917 23.414917
496 487 0.001827 0.388543 23.422119 23.422119
497 488 0.001953 0.424715 23.432739 23.432739
498 489 0.001292 0.411731 23.441162 23.441162
499 490 0.001761 0.391478 23.454712 23.454712
500 491 0.001465 0.403700 23.456787 23.456787
501 492 0.001292 0.431065 23.454102 23.454102
502 493 0.001196 0.481892 23.456665 23.456665
503 494 0.000977 0.493890 23.458984 23.458984
504 495 0.000000 0.483754 23.455200 23.455200
505 496 0.000977 0.481887 23.459717 23.459717
506 497 0.000691 0.449134 23.460083 23.460083
507 498 0.000846 0.451726 23.463257 23.463257
508 499 0.001544 0.455323 23.455444 23.455444
509 500 0.000000 0.421299 23.461426 23.461426
510 501 0.000846 0.400309 23.468994 23.468994
511 502 0.000691 0.366446 23.474365 23.474365
512 503 0.000846 0.386925 23.478760 23.478760
513 504 0.001196 0.359533 23.476196 23.476196
514 505 0.001292 0.372694 23.477905 23.477905
515 506 0.000846 0.399616 23.470947 23.470947
516 507 0.001196 0.414034 23.464722 23.464722
517 508 0.001544 0.452266 23.456543 23.456543
518 509 0.001619 0.504337 23.448364 23.448364
519 510 0.001196 0.572588 23.434204 23.434204
520 511 0.002013 0.637865 23.417969 23.417969
521 512 0.002184 0.630547 23.398193 23.398193
522 513 0.002013 0.712223 23.381348 23.381348
523 514 0.001544 0.658144 23.360107 23.360107
524 515 0.001196 0.645221 23.343018 23.343018
525 516 0.000691 0.623096 23.320679 23.320679
526 517 0.001953 0.604078 23.296509 23.296509
527 518 0.000691 0.561375 23.265625 23.265625
528 519 0.000977 0.507346 23.240967 23.240967
529 520 0.001827 0.438524 23.216187 23.216187
530 521 0.001381 0.463268 23.188721 23.188721
531 522 0.000691 0.435020 23.159424 23.159424
532 523 0.000000 0.458938 23.121094 23.121094
533 524 0.001381 0.458188 23.093750 23.093750
534 525 0.001196 0.451650 23.070435 23.070435
535 526 0.001381 0.421719 23.048340 23.048340
536 527 0.001827 0.475734 23.030396 23.030396
537 528 0.002072 0.494144 23.008179 23.008179
538 529 0.000488 0.524556 22.984131 22.984131
539 530 0.000977 0.531796 22.968628 22.968628
540 531 0.001196 0.564746 22.954224 22.954224
541 532 0.000691 0.584579 22.947998 22.947998
542 533 0.001092 0.587651 22.939087 22.939087
543 534 0.002013 0.617442 22.931396 22.931396
544 535 0.002490 0.615505 22.918335 22.918335
545 536 0.003164 0.589127 22.903076 22.903076
546 537 0.002847 0.580218 22.889160 22.889160
547 538 0.001544 0.576629 22.882446 22.882446
548 539 0.001465 0.579840 22.874023 22.874023
549 540 0.001196 0.552705 22.865723 22.865723
550 541 0.002013 0.529866 22.863281 22.863281
551 542 0.001196 0.533903 22.847778 22.847778
552 543 0.003127 0.510254 22.844727 22.844727
553 544 0.002013 0.499984 22.840576 22.840576
554 545 0.002184 0.489713 22.834106 22.834106
555 546 0.001691 0.464986 22.830444 22.830444
556 547 0.000691 0.452687 22.822754 22.822754
557 548 0.001381 0.435466 22.827881 22.827881
558 549 0.001092 0.464789 22.823608 22.823608
559 550 0.001196 0.498172 22.822510 22.822510
560 551 0.001891 0.490568 22.833252 22.833252
561 552 0.002584 0.459957 22.822754 22.822754
562 553 0.002290 0.539144 22.826782 22.826782
563 554 0.002290 0.579867 22.826172 22.826172
564 555 0.002013 0.584068 22.828857 22.828857
565 556 0.001544 0.612101 22.833862 22.833862
566 557 0.001827 0.612483 22.829468 22.829468
567 558 0.001619 0.561325 22.831543 22.831543
568 559 0.000691 0.538622 22.831421 22.831421
569 560 0.000846 0.573818 22.822632 22.822632
570 561 0.001092 0.573696 22.818726 22.818726
571 562 0.001092 0.509067 22.824341 22.824341
572 563 0.001465 0.463192 22.842529 22.842529
573 564 0.001891 0.474299 22.851562 22.851562
574 565 0.002238 0.454448 22.863892 22.863892
575 566 0.002629 0.438684 22.871460 22.871460
576 567 0.002490 0.479189 22.887329 22.887329
577 568 0.002719 0.484127 22.901855 22.901855
578 569 0.001827 0.469351 22.923462 22.923462
579 570 0.002238 0.504111 22.949341 22.949341
580 571 0.001691 0.520190 22.961304 22.961304
581 572 0.001196 0.540395 22.978394 22.978394
582 573 0.000488 0.548332 22.994141 22.994141
583 574 0.001381 0.549872 23.010620 23.010620
584 575 0.002441 0.581675 23.032349 23.032349
585 576 0.003239 0.518772 23.045654 23.045654
586 577 0.003782 0.462900 23.062866 23.062866
587 578 0.003845 0.418331 23.072754 23.072754
588 579 0.003588 0.400640 23.088867 23.088867
589 580 0.004312 0.351077 23.105103 23.105103
590 581 0.004056 0.328013 23.111084 23.111084
591 582 0.004143 0.340341 23.129395 23.129395
592 583 0.004143 0.337196 23.146851 23.146851
593 584 0.004172 0.340990 23.164551 23.164551
594 585 0.003751 0.390879 23.185059 23.185059
595 586 0.002847 0.401299 23.200562 23.200562
596 587 0.002762 0.479773 23.294189 23.294189
597 588 0.003202 0.417655 23.259521 23.259521
598 589 0.002629 0.411817 23.291138 23.291138
599 590 0.002290 0.415313 23.320679 23.320679
600 591 0.002290 0.441866 23.366455 23.366455
601 592 0.002584 0.449550 23.394897 23.394897
602 593 0.001465 0.434231 23.421021 23.421021
603 594 0.002013 0.397133 23.457397 23.457397
604 595 0.001827 0.403910 23.502319 23.502319
605 596 0.001196 0.351786 23.461182 23.461182
606 597 0.001891 0.406677 23.552368 23.552368
607 598 0.001953 0.472311 23.587646 23.587646
608 599 0.002072 0.447140 23.617676 23.617676
609 600 0.002072 0.393938 23.623413 23.623413
610 601 0.001827 0.390717 23.661865 23.661865
611 602 0.001381 0.400930 23.687378 23.687378
612 603 0.000846 0.434194 23.709473 23.709473
613 604 0.001196 0.470006 23.726440 23.726440
614 605 0.001381 0.502335 23.755493 23.755493
615 606 0.000691 0.473017 23.776978 23.776978
616 607 0.001092 0.482649 23.789917 23.789917
617 608 0.000691 0.478448 23.814575 23.814575
618 609 0.000846 0.527873 23.843506 23.843506
619 610 0.000691 0.547967 23.852417 23.852417
620 611 0.000691 0.535360 23.885986 23.885986
621 612 0.000977 0.563382 23.912842 23.912842
622 613 0.001196 0.546017 23.934326 23.934326
623 614 0.001292 0.514639 23.952637 23.952637
624 615 0.000691 0.521168 23.988525 23.988525
625 616 0.001092 0.488151 24.012939 24.012939
626 617 0.000691 0.500013 24.042725 24.042725
627 618 0.000846 0.520034 24.072021 24.072021
628 619 0.001196 0.533398 24.104980 24.104980
629 620 0.000846 0.522260 24.133057 24.133057
630 621 0.001381 0.485785 24.166992 24.166992
631 622 0.001465 0.519739 24.202271 24.202271
632 623 0.001953 0.555822 24.239990 24.239990
633 624 0.002238 0.559214 24.254395 24.254395
634 625 0.002290 0.596288 24.308838 24.308838
635 626 0.001827 0.563474 24.320435 24.320435
636 627 0.002290 0.508153 24.352051 24.352051
637 628 0.003164 0.474754 24.387817 24.387817
638 629 0.003383 0.517838 24.411377 24.411377
639 630 0.002441 0.532968 24.446899 24.446899
640 631 0.001761 0.520739 24.473877 24.473877
641 632 0.001196 0.558371 24.501221 24.501221
642 633 0.001292 0.533330 24.534668 24.534668
643 634 0.000846 0.480307 24.533203 24.533203
644 635 0.001381 0.506386 24.567749 24.567749
645 636 0.000977 0.524271 24.579590 24.579590
646 637 0.001292 0.474380 24.584595 24.584595
647 638 0.000977 0.442747 24.594971 24.594971
648 639 0.001196 0.441103 24.588135 24.588135
649 640 0.000691 0.422958 24.590332 24.590332
650 641 0.001092 0.385496 24.591064 24.591064
651 642 0.000977 0.378222 24.582886 24.582886
652 643 0.000977 0.371535 24.575073 24.575073
653 644 0.000846 0.393029 24.576050 24.576050
654 645 0.000846 0.391146 24.575562 24.575562
655 646 0.001196 0.423332 24.574219 24.574219
656 647 0.001827 0.414152 24.573853 24.573853
657 648 0.002342 0.390363 24.564209 24.564209
658 649 0.001761 0.375445 24.558594 24.558594
659 650 0.001827 0.380605 24.553345 24.553345
660 651 0.001292 0.356623 24.559326 24.559326
661 652 0.001953 0.365483 24.565308 24.565308
662 653 0.001891 0.357293 24.556519 24.556519
663 654 0.000977 0.334050 24.553711 24.553711
664 655 0.001292 0.349446 24.553101 24.553101
665 656 0.001953 0.335085 24.547485 24.547485
666 657 0.002762 0.345702 24.548584 24.548584
667 658 0.002930 0.360652 24.540161 24.540161
668 659 0.001465 0.384582 24.544922 24.544922
669 660 0.000977 0.450195 24.537842 24.537842
670 661 0.000691 0.461531 24.533691 24.533691
671 662 0.000000 0.496470 24.538574 24.538574
672 663 0.001827 0.499667 24.530273 24.530273
673 664 0.001292 0.505236 24.526367 24.526367
674 665 0.001465 0.490519 24.516479 24.516479
675 666 0.000691 0.473461 24.504150 24.504150
676 667 0.000977 0.461565 24.493896 24.493896
677 668 0.001691 0.431909 24.468994 24.468994
678 669 0.000846 0.361520 24.449951 24.449951
679 670 0.000977 0.362541 24.430054 24.430054
680 671 0.000488 0.345362 24.402466 24.402466
681 672 0.001196 0.313597 24.378052 24.378052
682 673 0.000691 0.307942 24.355225 24.355225
683 674 0.000488 0.321197 24.337280 24.337280
684 675 0.000000 0.322955 24.327393 24.327393
685 676 0.001196 0.304990 24.311890 24.311890
686 677 0.001544 0.307403 24.303589 24.303589
687 678 0.001196 0.323550 24.299438 24.299438
688 679 0.001619 0.327340 24.289795 24.289795
689 680 0.001196 0.326653 24.288208 24.288208
690 681 0.000977 0.376231 24.291138 24.291138
691 682 0.000846 0.376845 24.277710 24.277710
692 683 0.001292 0.385446 24.274902 24.274902
693 684 0.000691 0.410884 24.263428 24.263428
694 685 0.000000 0.438996 24.253540 24.253540
695 686 0.000691 0.460686 24.235596 24.235596
696 687 0.000691 0.488724 24.206421 24.206421
697 688 0.000977 0.522083 24.186523 24.186523
698 689 0.001196 0.530176 24.158691 24.158691
699 690 0.000846 0.514809 24.129395 24.129395
700 691 0.001196 0.513356 24.112793 24.112793
701 692 0.001761 0.529797 24.086426 24.086426
702 693 0.001465 0.523482 24.069336 24.069336
703 694 0.001292 0.507183 24.053345 24.053345
704 695 0.000977 0.539816 24.040283 24.040283
705 696 0.000488 0.547179 24.032349 24.032349
706 697 0.000977 0.547769 24.023193 24.023193
707 698 0.001827 0.569354 24.021362 24.021362
708 699 0.001827 0.588993 24.016724 24.016724
709 700 0.002290 0.628959 24.002808 24.002808
710 701 0.002584 0.602111 23.988403 23.988403
711 702 0.003164 0.619387 23.973022 23.973022
712 703 0.001953 0.638147 23.958496 23.958496
713 704 0.001544 0.612292 23.939575 23.939575
714 705 0.001196 0.556601 23.921997 23.921997
715 706 0.000977 0.518998 23.896606 23.896606
716 707 0.000488 0.516124 23.869873 23.869873
717 708 0.000846 0.472392 23.834717 23.834717
718 709 0.001619 0.450087 23.805786 23.805786
719 710 0.001619 0.432106 23.780029 23.780029
720 711 0.001465 0.431996 23.742676 23.742676
721 712 0.001544 0.453628 23.710815 23.710815
722 713 0.001891 0.444861 23.675293 23.675293
723 714 0.001465 0.461598 23.635742 23.635742
724 715 0.001544 0.482393 23.600952 23.600952
725 716 0.001544 0.466524 23.550781 23.550781
726 717 0.001196 0.478934 23.514526 23.514526
727 718 0.001953 0.425698 23.476440 23.476440
728 719 0.000691 0.420466 23.430664 23.430664
729 720 0.000846 0.424534 23.384644 23.384644
730 721 0.001196 0.401672 23.333740 23.333740
731 722 0.002072 0.390442 23.283813 23.283813
732 723 0.002629 0.397870 23.239990 23.239990
733 724 0.001891 0.387235 23.183960 23.183960
734 725 0.002392 0.384958 23.131958 23.131958
735 726 0.002342 0.393084 23.087280 23.087280
736 727 0.003088 0.425641 23.038574 23.038574
737 728 0.003453 0.431644 22.994995 22.994995
738 729 0.003164 0.412744 22.950073 22.950073
739 730 0.004085 0.402591 22.903442 22.903442
740 731 0.004257 0.435037 22.868408 22.868408
741 732 0.002674 0.411421 22.828247 22.828247
742 733 0.002674 0.419335 22.796509 22.796509
743 734 0.003049 0.428756 22.771118 22.771118
744 735 0.002930 0.386306 22.732056 22.732056
745 736 0.002889 0.423990 22.698608 22.698608
746 737 0.002342 0.422488 22.657471 22.657471
747 738 0.003010 0.423100 22.626465 22.626465
748 739 0.001619 0.446720 22.596191 22.596191
749 740 0.000691 0.442363 22.559448 22.559448
750 741 0.002674 0.440528 22.526123 22.526123
751 742 0.002847 0.429346 22.489502 22.489502
752 743 0.002674 0.390928 22.452026 22.452026
753 744 0.003588 0.409635 22.409912 22.409912
754 745 0.002930 0.425592 22.361816 22.361816
755 746 0.003239 0.414815 22.331055 22.331055
756 747 0.003127 0.397610 22.288086 22.288086
757 748 0.003049 0.384251 22.244751 22.244751
758 749 0.002889 0.379832 22.197754 22.197754
759 750 0.001827 0.373462 22.150146 22.150146
760 751 0.002072 0.338897 22.104004 22.104004
761 752 0.002184 0.348329 22.056274 22.056274
762 753 0.001544 0.336820 22.013062 22.013062
763 754 0.001292 0.326397 21.971558 21.971558
764 755 0.001196 0.321792 21.926392 21.926392
765 756 0.001196 0.336915 21.893921 21.893921
766 757 0.001691 0.329483 21.857788 21.857788
767 758 0.001691 0.325320 21.826294 21.826294
768 759 0.001761 0.328566 21.788330 21.788330
769 760 0.001691 0.359854 21.768555 21.768555
770 761 0.002072 0.333902 21.746338 21.746338
771 762 0.001891 0.335603 21.725586 21.725586
772 763 0.001544 0.307442 21.707031 21.707031
773 764 0.001196 0.312265 21.676880 21.676880
774 765 0.000846 0.299704 21.653809 21.653809
775 766 0.000691 0.329560 21.625244 21.625244
776 767 0.000846 0.375307 21.595947 21.595947
777 768 0.001381 0.405798 21.571045 21.571045
778 769 0.001196 0.423876 21.527710 21.527710
779 770 0.001381 0.460764 21.491211 21.491211
780 771 0.001292 0.454797 21.451294 21.451294
781 772 0.001827 0.444078 21.411621 21.411621
782 773 0.002128 0.453085 21.376221 21.376221
783 774 0.002762 0.435162 21.322266 21.322266
784 775 0.002392 0.382755 21.284668 21.284668
785 776 0.002970 0.322642 21.241089 21.241089
786 777 0.002970 0.291731 21.195435 21.195435
787 778 0.003049 0.262391 21.145386 21.145386
788 779 0.002184 0.257251 21.099121 21.099121
789 780 0.002238 0.283490 21.049316 21.049316
790 781 0.002238 0.268536 20.996948 20.996948
791 782 0.001619 0.255472 20.942749 20.942749
792 783 0.000846 0.236381 20.893799 20.893799
793 784 0.000691 0.246825 20.841064 20.841064
794 785 0.000977 0.276603 20.786377 20.786377
795 786 0.001544 0.278100 20.736816 20.736816
796 787 0.002128 0.285460 20.691528 20.691528
797 788 0.001544 0.238890 20.627808 20.627808
798 789 0.002013 0.218262 20.584961 20.584961
799 790 0.001465 0.235363 20.535645 20.535645
800 791 0.000977 0.218792 20.487183 20.487183
801 792 0.000846 0.229151 20.442627 20.442627
802 793 0.001092 0.260420 20.387939 20.387939
803 794 0.000000 0.239725 20.342529 20.342529
804 795 0.002847 0.247575 20.282471 20.282471
805 796 0.001381 0.266048 20.225220 20.225220
806 797 0.001196 0.319555 20.180420 20.180420
807 798 0.001544 0.320444 20.131958 20.131958
808 799 0.000977 0.294172 20.089844 20.089844
809 800 0.001465 0.330142 20.050659 20.050659
810 801 0.002013 0.321639 20.013550 20.013550
811 802 0.001196 0.305413 19.976562 19.976562
812 803 0.001092 0.310101 19.938477 19.938477
813 804 0.002889 0.340557 19.919189 19.919189
814 805 0.000000 0.327841 19.908936 19.908936
815 806 0.000000 0.294786 19.881104 19.881104
816 807 0.001092 0.283319 19.846802 19.846802
817 808 0.000691 0.284559 19.821167 19.821167
818 809 0.000488 0.271823 19.794922 19.794922
819 810 0.000846 0.264965 19.768066 19.768066
820 811 0.000977 0.255150 19.745605 19.745605
821 812 0.000977 0.226441 19.716919 19.716919
822 813 0.000691 0.214550 19.682739 19.682739
823 814 0.001691 0.181417 19.640747 19.640747
824 815 0.001292 0.193335 19.619141 19.619141
825 816 0.001381 0.188920 19.591553 19.591553
826 817 0.001292 0.185637 19.561890 19.561890
827 818 0.000846 0.183892 19.540771 19.540771
828 819 0.000977 0.198237 19.499023 19.499023
829 820 0.000691 0.201259 19.455200 19.455200
830 821 0.000000 0.218027 19.431519 19.431519
831 822 0.000977 0.201778 19.398193 19.398193
832 823 0.000691 0.202371 19.363770 19.363770
833 824 0.000846 0.213932 19.327148 19.327148
834 825 0.001465 0.214525 19.301392 19.301392
835 826 0.001381 0.235886 19.262817 19.262817
836 827 0.000977 0.264510 19.219727 19.219727
837 828 0.000691 0.281257 19.195435 19.195435
838 829 0.000488 0.264715 19.174927 19.174927
839 830 0.001465 0.259363 19.141724 19.141724
840 831 0.001381 0.279849 19.107910 19.107910
841 832 0.001691 0.291535 19.073242 19.073242
842 833 0.001691 0.265859 19.050049 19.050049
843 834 0.001196 0.282073 18.986572 18.986572
844 835 0.001827 0.246986 18.939941 18.939941
845 836 0.001381 0.242142 18.872070 18.872070
846 837 0.000691 0.211551 18.804321 18.804321
847 838 0.000488 0.204230 18.723511 18.723511
848 839 0.000977 0.224319 18.634521 18.634521
849 840 0.001196 0.234000 18.549316 18.549316
850 841 0.001292 0.210107 18.454468 18.454468
851 842 0.001827 0.279119 18.357788 18.357788
852 843 0.001691 0.270201 18.271729 18.271729
853 844 0.001544 0.279434 18.176147 18.176147
854 845 0.001827 0.280917 18.097290 18.097290
855 846 0.002290 0.288624 18.003906 18.003906
856 847 0.001891 0.277801 17.932617 17.932617
857 848 0.001544 0.270258 17.860596 17.860596
858 849 0.001544 0.239982 17.788818 17.788818
859 850 0.001292 0.263095 17.718018 17.718018
860 851 0.001544 0.154635 17.627197 17.627197
861 852 0.000846 0.171192 17.550049 17.550049
862 853 0.000691 0.165310 17.462402 17.462402
863 854 0.000000 0.152043 17.359619 17.359619
864 855 0.000977 0.141691 17.258789 17.258789
865 856 0.000846 0.150108 17.137939 17.137939
866 857 0.000000 0.138350 17.014893 17.014893
867 858 0.000691 0.143048 16.889893 16.889893
868 859 0.000846 0.135505 16.762695 16.762695
869 860 0.000691 0.157645 16.633789 16.633789
870 861 0.000488 0.150265 16.503174 16.503174
871 862 0.000000 0.140587 16.368164 16.368164
872 863 0.000691 0.148936 16.231934 16.231934
873 864 0.000977 0.132326 16.090576 16.090576
874 865 0.001092 0.137620 15.949707 15.949707
875 866 0.001092 0.145424 15.805420 15.805420
876 867 0.001544 0.138505 15.654053 15.654053
877 868 0.001827 0.136002 15.498291 15.498291
878 869 0.002072 0.116568 15.344482 15.344482
879 870 0.001827 0.117401 15.175049 15.175049
880 871 0.001465 0.120728 15.030762 15.030762
881 872 0.001953 0.117880 14.895020 14.895020
882 873 0.002013 0.109340 14.739258 14.739258
883 874 0.002290 0.110274 14.616699 14.616699
884 875 0.001891 0.111318 14.498291 14.498291
885 876 0.001544 0.109947 14.361084 14.361084
886 877 0.001381 0.108825 14.268799 14.268799
887 878 0.000691 0.126251 14.143066 14.143066
888 879 0.001196 0.125037 14.081299 14.081299
889 880 0.000977 0.130808 14.009521 14.009521
890 881 0.001544 0.146669 13.902100 13.902100
891 882 0.001953 0.137543 13.877930 13.877930
892 883 0.001691 0.135982 13.835449 13.835449
893 884 0.002719 0.140461 13.743408 13.743408
894 885 0.001953 0.139049 13.743164 13.743164
895 886 0.002128 0.164987 13.655762 13.655762
896 887 0.002342 0.145263 13.682129 13.682129
897 888 0.002238 0.137249 13.671875 13.671875
898 889 0.002719 0.176455 13.594482 13.594482
899 890 0.001953 0.145056 13.630859 13.630859
900 891 0.002392 0.153563 13.613770 13.613770
901 892 0.003383 0.196394 13.535645 13.535645
902 893 0.001761 0.144301 13.582031 13.582031
903 894 0.002290 0.195661 13.503418 13.503418
904 895 0.002072 0.137294 13.558350 13.558350
905 896 0.001953 0.132450 13.546631 13.546631
906 897 0.001381 0.154023 13.461670 13.461670
907 898 0.002490 0.124694 13.517334 13.517334
908 899 0.002490 0.116499 13.499268 13.499268
909 900 0.001544 0.125203 13.439697 13.439697
910 901 0.001196 0.115648 13.495605 13.495605
911 902 0.002013 0.121609 13.426270 13.426270
912 903 0.002674 0.119692 13.483643 13.483643
913 904 0.002584 0.115986 13.465332 13.465332
914 905 0.003010 0.109208 13.401611 13.401611
915 906 0.002629 0.084711 13.462646 13.462646
916 907 0.002184 0.079694 13.451660 13.451660
917 908 0.002013 0.102443 13.400146 13.400146
918 909 0.002719 0.078548 13.445312 13.445312
919 910 0.002584 0.080436 13.440918 13.440918
920 911 0.002290 0.069366 13.452881 13.452881
921 912 0.001827 0.088728 13.451416 13.451416
922 913 0.002290 0.147194 13.415527 13.415527
923 914 0.002629 0.096881 13.465088 13.465088
924 915 0.002290 0.104776 13.466064 13.466064
925 916 0.002930 0.152310 13.437744 13.437744
926 917 0.002889 0.106053 13.487305 13.487305
927 918 0.002970 0.108828 13.496094 13.496094
928 919 0.003383 0.172472 13.475830 13.475830
929 920 0.002847 0.104883 13.533447 13.533447
930 921 0.002970 0.172197 13.520264 13.520264
931 922 0.002537 0.111937 13.580322 13.580322
932 923 0.002128 0.094675 13.598633 13.598633
933 924 0.001827 0.150647 13.591064 13.591064
934 925 0.001827 0.096765 13.639160 13.639160
935 926 0.001619 0.094596 13.659424 13.659424
936 927 0.001827 0.133460 13.662354 13.662354
937 928 0.001292 0.075450 13.703857 13.703857
938 929 0.001381 0.094593 13.708496 13.708496
939 930 0.002013 0.103706 13.734375 13.734375
940 931 0.001761 0.122774 13.732910 13.732910
941 932 0.001827 0.202452 13.728027 13.728027
942 933 0.002184 0.166427 13.756104 13.756104
943 934 0.001619 0.174729 13.759277 13.759277
944 935 0.002184 0.247416 13.761475 13.761475
945 936 0.001891 0.230055 13.770020 13.770020
946 937 0.002441 0.237148 13.761963 13.761963
947 938 0.002392 0.283398 13.768799 13.768799
948 939 0.002072 0.242707 13.763428 13.763428
949 940 0.001381 0.271384 13.771240 13.771240
950 941 0.001953 0.238916 13.763916 13.763916
951 942 0.001761 0.267272 13.746094 13.746094
952 943 0.002072 0.298962 13.755615 13.755615
953 944 0.001465 0.291288 13.739014 13.739014
954 945 0.001827 0.295958 13.731201 13.731201
955 946 0.001196 0.314775 13.759277 13.759277
956 947 0.001544 0.309378 13.748535 13.748535
957 948 0.001465 0.307979 13.794189 13.794189
958 949 0.001953 0.306533 13.788086 13.788086
959 950 0.001691 0.314794 13.803955 13.803955
960 951 0.001619 0.253954 13.862305 13.862305
961 952 0.001544 0.280761 13.864258 13.864258
962 953 0.001761 0.283804 13.897461 13.897461
963 954 0.001465 0.270867 13.967285 13.967285
964 955 0.001544 0.301707 13.973877 13.973877
965 956 0.001544 0.317112 14.019775 14.019775
966 957 0.002290 0.362273 14.064209 14.064209
967 958 0.002128 0.361689 14.112061 14.112061
968 959 0.002719 0.352823 14.195801 14.195801
969 960 0.003088 0.413076 14.216797 14.216797
970 961 0.002930 0.415599 14.276123 14.276123
971 962 0.001891 0.411292 14.355225 14.355225
972 963 0.002184 0.435597 14.383789 14.383789
973 964 0.002490 0.425283 14.450195 14.450195
974 965 0.002674 0.399300 14.525879 14.525879
975 966 0.001827 0.407054 14.560059 14.560059
976 967 0.001827 0.409884 14.630127 14.630127
977 968 0.001292 0.407358 14.680176 14.680176
978 969 0.001196 0.364138 14.750000 14.750000
979 970 0.001196 0.332919 14.827881 14.827881
980 971 0.001381 0.348697 14.871338 14.871338
981 972 0.001381 0.344090 14.952393 14.952393
982 973 0.001544 0.342009 15.023438 15.023438
983 974 0.000977 0.350582 15.075439 15.075439
984 975 0.000846 0.338113 15.137939 15.137939
985 976 0.001092 0.318139 15.190186 15.190186
986 977 0.000691 0.314491 15.226318 15.226318
987 978 0.001092 0.318966 15.269531 15.269531
988 979 0.001196 0.286771 15.293457 15.293457
989 980 0.001381 0.247487 15.326660 15.326660
990 981 0.000488 0.223908 15.332031 15.332031
991 982 0.000846 0.200271 15.344727 15.344727
992 983 0.000488 0.192367 15.354004 15.354004
993 984 0.000691 0.175482 15.362061 15.362061
994 985 0.000691 0.159610 15.371094 15.371094
995 986 0.000488 0.162151 15.378662 15.378662
996 987 0.000691 0.165071 15.386963 15.386963
997 988 0.000488 0.183380 15.395752 15.395752
998 989 0.000000 0.195092 15.401855 15.401855
999 990 0.000691 0.184238 15.413330 15.413330
1000 991 0.000000 0.193046 15.414062 15.414062
1001 992 0.000846 0.184701 15.418701 15.418701
1002 993 0.000977 0.192108 15.407227 15.407227
1003 994 0.001196 0.195724 15.391846 15.391846
1004 995 0.001196 0.197860 15.364502 15.364502
1005 996 0.001292 0.179763 15.326660 15.326660
1006 997 0.001196 0.175433 15.288818 15.288818
1007 998 0.001196 0.173928 15.244629 15.244629
1008 999 0.001827 0.167898 15.191406 15.191406
1009 1000 0.001619 0.157592 15.135010 15.135010
1010 1001 0.001381 0.156674 15.071533 15.071533
1011 1002 0.001196 0.147048 14.999512 14.999512
1012 1003 0.001196 0.129925 14.932861 14.932861
1013 1004 0.001465 0.118869 14.854980 14.854980
1014 1005 0.001381 0.136244 14.767822 14.767822
1015 1006 0.002013 0.144097 14.687256 14.687256
1016 1007 0.001827 0.137935 14.581055 14.581055
1017 1008 0.002013 0.145237 14.489990 14.489990
1018 1009 0.001761 0.140494 14.371338 14.371338
1019 1010 0.001953 0.171504 14.236816 14.236816
1020 1011 0.001619 0.169209 14.145752 14.145752
1021 1012 0.001691 0.195557 14.005127 14.005127
1022 1013 0.001761 0.227848 13.872559 13.872559
1023 1014 0.002072 0.192590 13.791504 13.791504
1024 1015 0.001691 0.216483 13.642334 13.642334
1025 1016 0.002072 0.190196 13.595459 13.595459
1026 1017 0.001619 0.206593 13.485352 13.485352
1027 1018 0.001827 0.245731 13.391113 13.391113
1028 1019 0.002719 0.198985 13.395508 13.395508
1029 1020 0.003127 0.211982 13.292969 13.292969
1030 1021 0.002392 0.220068 13.243652 13.243652
1031 1022 0.002584 0.201810 13.292969 13.292969
1032 1023 0.002762 0.256277 13.209229 13.209229
1033 1024 0.002490 0.270293 13.292480 13.292480
1034 1025 0.002537 0.307174 13.189941 13.189941
1035 1026 0.001953 0.349124 13.128174 13.128174
1036 1027 0.002762 0.358078 13.210449 13.210449
1037 1028 0.002584 0.355500 13.091309 13.091309
1038 1029 0.002342 0.355243 13.046875 13.046875
1039 1030 0.003010 0.344788 13.126953 13.126953
1040 1031 0.002930 0.339254 12.994141 12.994141
1041 1032 0.002762 0.293080 13.084229 13.084229
1042 1033 0.003275 0.317894 12.936768 12.936768
1043 1034 0.003275 0.313501 12.905762 12.905762
1044 1035 0.004834 0.268159 13.009521 13.009521
1045 1036 0.003588 0.291623 12.869141 12.869141
1046 1037 0.002719 0.327716 12.848633 12.848633
1047 1038 0.002674 0.231702 12.956055 12.956055
1048 1039 0.002674 0.347293 12.820557 12.820557
1049 1040 0.003588 0.278907 12.921875 12.921875
1050 1041 0.003588 0.402643 12.787109 12.787109
1051 1042 0.003555 0.362239 12.801025 12.801025
1052 1043 0.003127 0.259697 12.902344 12.902344
1053 1044 0.002889 0.347334 12.803467 12.803467
1054 1045 0.003275 0.335090 12.823242 12.823242
1055 1046 0.003555 0.216920 12.927734 12.927734
1056 1047 0.003906 0.345106 12.835205 12.835205
1057 1048 0.004528 0.321802 12.861084 12.861084
1058 1049 0.002762 0.314893 12.870117 12.870117
1059 1050 0.003275 0.324090 12.903809 12.903809
1060 1051 0.003239 0.216597 13.007080 13.007080
1061 1052 0.003686 0.338836 12.925781 12.925781
1062 1053 0.004114 0.363329 12.940186 12.940186
1063 1054 0.002490 0.288179 13.042969 13.042969
1064 1055 0.002584 0.364831 12.997803 12.997803
1065 1056 0.003997 0.400808 13.026611 13.026611
1066 1057 0.002441 0.276357 13.118652 13.118652
1067 1058 0.003719 0.376633 13.052490 13.052490
1068 1059 0.003521 0.265816 13.138184 13.138184
1069 1060 0.003487 0.392347 13.084961 13.084961
1070 1061 0.002290 0.405686 13.131836 13.131836
1071 1062 0.002490 0.316105 13.214111 13.214111
1072 1063 0.002719 0.408713 13.163574 13.163574
1073 1064 0.003127 0.443236 13.190918 13.190918
1074 1065 0.002629 0.368950 13.260986 13.260986
1075 1066 0.002762 0.470710 13.242188 13.242188
1076 1067 0.002762 0.427140 13.322510 13.322510
1077 1068 0.002847 0.513708 13.324707 13.324707
1078 1069 0.001761 0.523484 13.390137 13.390137
1079 1070 0.002584 0.483779 13.469238 13.469238
1080 1071 0.002342 0.536962 13.493408 13.493408
1081 1072 0.002847 0.509132 13.572266 13.572266
1082 1073 0.002719 0.491108 13.650146 13.650146
1083 1074 0.002674 0.495261 13.719482 13.719482
1084 1075 0.002238 0.504875 13.786621 13.786621
1085 1076 0.003010 0.498391 13.843994 13.843994
1086 1077 0.002490 0.490667 13.916748 13.916748
1087 1078 0.003521 0.457686 13.990723 13.990723
1088 1079 0.003202 0.447698 14.069092 14.069092
1089 1080 0.002847 0.442305 14.158447 14.158447
1090 1081 0.002889 0.451292 14.226807 14.226807
1091 1082 0.002847 0.464900 14.300537 14.300537
1092 1083 0.002290 0.476438 14.364258 14.364258
1093 1084 0.002490 0.474639 14.462158 14.462158
1094 1085 0.002128 0.486104 14.553711 14.553711
1095 1086 0.001953 0.482921 14.632568 14.632568
1096 1087 0.001691 0.492454 14.715820 14.715820
1097 1088 0.001465 0.482196 14.791504 14.791504
1098 1089 0.001891 0.451886 14.898438 14.898438
1099 1090 0.001827 0.492789 14.956543 14.956543
1100 1091 0.002013 0.475509 15.051270 15.051270
