10 1 0.001381 0.212897 8.506852 8.506852
11 2 0.001381 0.197849 8.466693 8.466693
12 3 0.001092 0.190525 8.453690 8.453690
13 4 0.001196 0.161146 8.376979 8.376979
14 5 0.000977 0.142789 8.328447 8.328447
15 6 0.000846 0.143881 8.304279 8.304279
16 7 0.000846 0.155211 8.271151 8.271151
17 8 0.000488 0.146680 8.242144 8.242144
18 9 0.000000 0.149600 8.209745 8.209745
19 10 0.000977 0.142298 8.171194 8.171194
20 11 0.000691 0.138427 8.140239 8.140239
21 12 0.000691 0.132907 8.077131 8.077131
22 13 0.000691 0.118205 8.073860 8.073860
23 14 0.000846 0.093749 8.038054 8.038054
24 15 0.000977 0.064634 7.998695 7.998695
25 16 0.000691 0.041773 7.957500 7.957500
26 17 0.000846 0.037232 7.913625 7.913625
27 18 0.001292 0.039081 7.874454 7.874454
28 19 0.000488 0.025272 7.809450 7.809450
29 20 0.000846 0.035132 7.741528 7.741528
30 21 0.001544 0.042098 7.668356 7.668356
31 22 0.001465 0.046105 7.584383 7.584383
32 23 0.001761 0.056952 7.503008 7.503008
33 24 0.000488 0.053402 7.419277 7.419277
34 25 0.000691 0.052366 7.328354 7.328354
35 26 0.000977 0.057117 7.238308 7.238308
36 27 0.000977 0.066743 7.140924 7.140924
37 28 0.000977 0.060865 7.058628 7.058628
38 29 0.000846 0.047077 6.972513 6.972513
39 30 0.000488 0.049951 6.886423 6.886423
40 31 0.000000 0.032779 6.831871 6.831871
41 32 0.000691 0.027736 6.729635 6.729635
42 33 0.000846 0.035784 6.637701 6.637701
43 34 0.000691 0.037692 6.554029 6.554029
44 35 0.000000 0.036730 6.463995 6.463995
45 36 0.000846 0.040095 6.366619 6.366619
46 37 0.000977 0.021192 6.275089 6.275089
47 38 0.000691 0.038138 6.174629 6.174629
48 39 0.000691 0.042420 6.083771 6.083771
49 40 0.001544 0.074986 5.991524 5.991524
50 41 0.002184 0.072520 5.906746 5.906746
51 42 0.001196 0.055113 5.812473 5.812473
52 43 0.001953 0.051940 5.709011 5.709011
53 44 0.001196 0.051664 5.600784 5.600784
54 45 0.001092 0.061999 5.485939 5.485939
55 46 0.000691 0.077106 5.359951 5.359951
56 47 0.000977 0.058883 5.229824 5.229824
57 48 0.001827 0.069366 5.075760 5.075760
58 49 0.000000 0.077254 4.889683 4.889683
59 50 0.000977 0.081995 4.723305 4.723305
60 51 0.000488 0.082930 4.545929 4.545929
61 52 0.000488 0.085352 4.358356 4.358356
62 53 0.000691 0.098466 4.162048 4.162048
63 54 0.000846 0.073956 3.977081 3.977081
64 55 0.001196 0.085712 3.761570 3.761570
65 56 0.000000 0.086023 3.553165 3.553165
66 57 0.000488 0.084375 3.345715 3.345715
67 58 0.000691 0.084829 3.149521 3.149521
68 59 0.000488 0.061086 2.971588 2.971588
69 60 0.001196 0.067210 2.809521 2.809521
70 61 0.000977 0.071724 2.670002 2.670002
71 62 0.001761 0.053278 2.564606 2.564606
72 63 0.000000 0.080879 2.443161 2.443161
73 64 0.000977 0.074137 2.383415 2.383415
74 65 0.001465 0.075680 2.340111 2.340111
75 66 0.001465 0.062912 2.303658 2.303658
76 67 0.001292 0.058187 2.285038 2.285038
77 68 0.000977 0.065811 2.273319 2.273319
78 69 0.001092 0.049845 2.268799 2.268799
79 70 0.001092 0.044725 2.268517 2.268517
80 71 0.001196 0.049102 2.265526 2.265526
81 72 0.001619 0.039469 2.280163 2.280163
82 73 0.001619 0.047713 2.289646 2.289646
83 74 0.001544 0.048647 2.301224 2.301224
84 75 0.001691 0.042939 2.329082 2.329082
85 76 0.001691 0.039278 2.352669 2.352669
86 77 0.002184 0.044291 2.390751 2.390751
87 78 0.002674 0.041543 2.436298 2.436298
88 79 0.002342 0.050672 2.482460 2.482460
89 80 0.001619 0.045860 2.545082 2.545082
90 81 0.001761 0.041599 2.631340 2.631340
91 82 0.001827 0.023601 2.729782 2.729782
92 83 0.002184 0.034141 2.851570 2.851570
93 84 0.002184 0.062156 2.983589 2.983589
94 85 0.002441 0.085953 3.120667 3.120667
95 86 0.003719 0.119006 3.260643 3.260643
96 87 0.003239 0.129844 3.399189 3.399189
97 88 0.002930 0.131661 3.552967 3.552967
98 89 0.003686 0.151136 3.689842 3.689842
99 90 0.003239 0.161148 3.821350 3.821350
100 91 0.003049 0.154176 3.951096 3.951096
101 92 0.002930 0.160520 4.068661 4.068661
102 93 0.003010 0.170379 4.195827 4.195827
103 94 0.002072 0.151377 4.301945 4.301945
104 95 0.001092 0.163394 4.408146 4.408146
105 96 0.001544 0.140126 4.522167 4.522167
106 97 0.002762 0.133238 4.631248 4.631248
107 98 0.002072 0.099277 4.746052 4.746052
108 99 0.002072 0.082590 4.855061 4.855061
109 100 0.002238 0.081182 4.971638 4.971638
110 101 0.001691 0.070190 5.066715 5.066715
111 102 0.002629 0.098914 5.160580 5.160580
112 103 0.002072 0.113031 5.276260 5.276260
113 104 0.001544 0.123812 5.382168 5.382168
114 105 0.001381 0.128844 5.483715 5.483715
115 106 0.001196 0.142097 5.579903 5.579903
116 107 0.001465 0.146151 5.683838 5.683838
117 108 0.000691 0.140924 5.788349 5.788349
118 109 0.001381 0.169533 5.874367 5.874367
119 110 0.000846 0.184112 5.970306 5.970306
120 111 0.000000 0.158024 6.053879 6.053879
121 112 0.000691 0.152542 6.144035 6.144035
122 113 0.000691 0.139024 6.242935 6.242935
123 114 0.001092 0.137011 6.327019 6.327019
124 115 0.000977 0.129995 6.400536 6.400536
125 116 0.001381 0.132730 6.445999 6.445999
126 117 0.000691 0.140833 6.488785 6.488785
127 118 0.000691 0.127333 6.534615 6.534615
128 119 0.000488 0.134956 6.567841 6.567841
129 120 0.001381 0.130068 6.607582 6.607582
130 121 0.001092 0.132992 6.626236 6.626236
131 122 0.000846 0.140185 6.612465 6.612465
132 123 0.001761 0.157158 6.608498 6.608498
133 124 0.001092 0.146598 6.611015 6.611015
134 125 0.000691 0.123027 6.624825 6.624825
135 126 0.000846 0.124923 6.630478 6.630478
136 127 0.000000 0.138616 6.629349 6.629349
137 128 0.001196 0.113522 6.634216 6.634216
138 129 0.001691 0.129053 6.631516 6.631516
139 130 0.001891 0.121632 6.633591 6.633591
140 131 0.001092 0.120946 6.648544 6.648544
141 132 0.000691 0.105680 6.657570 6.657570
142 133 0.000846 0.100185 6.663818 6.663818
143 134 0.000977 0.109408 6.671844 6.671844
144 135 0.001292 0.111290 6.681885 6.681885
145 136 0.001292 0.118786 6.703011 6.703011
146 137 0.000691 0.114750 6.722878 6.722878
147 138 0.001092 0.113989 6.738663 6.738663
148 139 0.001092 0.124703 6.760262 6.760262
149 140 0.001196 0.126672 6.787880 6.787880
150 141 0.001292 0.125786 6.819527 6.819527
151 142 0.001092 0.119442 6.853928 6.853928
152 143 0.000691 0.103037 6.885239 6.885239
153 144 0.001544 0.103917 6.927292 6.927292
154 145 0.001196 0.089204 6.964500 6.964500
155 146 0.000977 0.085091 7.020805 7.020805
156 147 0.000977 0.093782 7.045219 7.045219
157 148 0.001544 0.100868 7.077240 7.077240
158 149 0.000691 0.089181 7.119247 7.119247
159 150 0.000691 0.099794 7.166435 7.166435
160 151 0.000691 0.088391 7.187904 7.187904
161 152 0.001544 0.082609 7.229485 7.229485
162 153 0.000691 0.081769 7.264908 7.264908
163 154 0.001381 0.097381 7.297134 7.297134
164 155 0.001196 0.076482 7.307968 7.307968
165 156 0.002490 0.108339 7.360359 7.360359
166 157 0.001292 0.092111 7.361130 7.361130
167 158 0.002013 0.081560 7.352539 7.352539
168 159 0.000977 0.077975 7.325562 7.325562
169 160 0.000691 0.092545 7.300629 7.300629
170 161 0.001092 0.090082 7.259659 7.259659
171 162 0.000977 0.087083 7.225624 7.225624
172 163 0.000000 0.089791 7.157425 7.157425
173 164 0.002238 0.097541 7.098877 7.098877
174 165 0.001891 0.092557 7.022118 7.022118
175 166 0.001891 0.085188 6.965385 6.965385
176 167 0.000846 0.098178 6.894272 6.894272
177 168 0.002013 0.101452 6.817581 6.817581
178 169 0.000691 0.083713 6.750687 6.750687
179 170 0.001691 0.099106 6.664177 6.664177
180 171 0.001619 0.098665 6.566063 6.566063
181 172 0.001619 0.093927 6.491585 6.491585
182 173 0.001619 0.095856 6.404213 6.404213
183 174 0.000977 0.095422 6.315933 6.315933
184 175 0.001092 0.099176 6.229927 6.229927
185 176 0.001196 0.085283 6.144974 6.144974
186 177 0.001381 0.084486 6.062576 6.062576
187 178 0.001381 0.078745 5.993782 5.993782
188 179 0.001544 0.083695 5.888474 5.888474
189 180 0.001292 0.077669 5.816055 5.816055
190 181 0.001196 0.078558 5.725166 5.725166
191 182 0.001196 0.051743 5.641968 5.641968
192 183 0.001196 0.058277 5.554489 5.554489
193 184 0.001544 0.051403 5.463593 5.463593
194 185 0.000977 0.062140 5.374969 5.374969
195 186 0.000846 0.065912 5.290733 5.290733
196 187 0.000846 0.079574 5.198540 5.198540
197 188 0.000691 0.059592 5.156410 5.156410
198 189 0.000691 0.071533 5.091789 5.091789
199 190 0.000000 0.061226 5.049271 5.049271
200 191 0.000691 0.070620 5.009926 5.009926
201 192 0.000000 0.062654 4.988029 4.988029
202 193 0.000691 0.058527 4.989868 4.989868
203 194 0.000846 0.057818 4.994461 4.994461
204 195 0.000846 0.062360 5.014893 5.014893
205 196 0.003049 0.028478 5.059471 5.059471
206 197 0.001761 0.046589 5.088776 5.088776
207 198 0.002072 0.053169 5.117203 5.117203
208 199 0.002392 0.050035 5.179840 5.179840
209 200 0.002441 0.054443 5.214767 5.214767
210 201 0.002674 0.061563 5.284317 5.284317
211 202 0.002184 0.057586 5.341599 5.341599
212 203 0.001619 0.041811 5.415909 5.415909
213 204 0.001619 0.050231 5.486832 5.486832
214 205 0.001465 0.081613 5.558182 5.558182
215 206 0.001092 0.062178 5.658707 5.658707
216 207 0.001092 0.054638 5.776306 5.776306
217 208 0.001619 0.071637 5.871872 5.871872
218 209 0.001292 0.064291 6.006287 6.006287
219 210 0.001691 0.080389 6.113953 6.113953
220 211 0.003164 0.097824 6.246506 6.246506
221 212 0.002238 0.121347 6.367294 6.367294
222 213 0.001953 0.145235 6.505600 6.505600
223 214 0.002184 0.150479 6.619675 6.619675
224 215 0.001381 0.155333 6.723312 6.723312
225 216 0.002128 0.145384 6.797455 6.797455
226 217 0.002441 0.125218 6.874100 6.874100
227 218 0.001827 0.108225 6.929947 6.929947
228 219 0.001381 0.112783 6.963394 6.963394
229 220 0.002629 0.074793 6.972626 6.972626
230 221 0.001381 0.059842 6.969330 6.969330
231 222 0.001761 0.034884 6.943390 6.943390
232 223 0.001196 0.051124 6.890015 6.890015
233 224 0.000977 0.071645 6.845642 6.845642
234 225 0.001381 0.074595 6.808716 6.808716
235 226 0.001827 0.088823 6.727829 6.727829
236 227 0.001196 0.087641 6.672638 6.672638
237 228 0.000977 0.111954 6.573669 6.573669
238 229 0.000977 0.119716 6.487488 6.487488
239 230 0.000846 0.122442 6.408279 6.408279
240 231 0.000691 0.116425 6.314774 6.314774
241 232 0.000977 0.099902 6.244934 6.244934
242 233 0.001292 0.089235 6.154816 6.154816
243 234 0.001544 0.097995 6.050034 6.050034
244 235 0.001381 0.100438 5.963013 5.963013
245 236 0.001092 0.119046 5.855789 5.855789
246 237 0.000977 0.094286 5.791016 5.791016
247 238 0.001544 0.078026 5.713394 5.713394
248 239 0.001196 0.068185 5.629837 5.629837
249 240 0.001092 0.050443 5.553116 5.553116
250 241 0.001196 0.049738 5.477890 5.477890
251 242 0.001465 0.047741 5.409775 5.409775
252 243 0.000846 0.034734 5.356689 5.356689
253 244 0.000977 0.014654 5.314865 5.314865
254 245 0.000977 0.012940 5.262634 5.262634
255 246 0.000691 0.047537 5.234299 5.234299
256 247 0.000691 0.038903 5.203522 5.203522
257 248 0.001196 0.043969 5.191650 5.191650
258 249 0.000488 0.047445 5.194153 5.194153
259 250 0.000000 0.065842 5.217056 5.217056
260 251 0.000977 0.081065 5.251831 5.251831
261 252 0.001092 0.097634 5.295959 5.295959
262 253 0.001381 0.104391 5.350983 5.350983
263 254 0.002238 0.108374 5.417435 5.417435
264 255 0.001891 0.099814 5.485825 5.485825
265 256 0.001544 0.114141 5.573227 5.573227
266 257 0.001827 0.123924 5.673477 5.673477
267 258 0.001691 0.134061 5.778793 5.778793
268 259 0.000977 0.145900 5.883408 5.883408
269 260 0.001465 0.153291 5.993118 5.993118
270 261 0.001691 0.142322 6.102509 6.102509
271 262 0.001292 0.138730 6.214371 6.214371
272 263 0.000846 0.143382 6.333435 6.333435
273 264 0.001381 0.136883 6.454346 6.454346
274 265 0.001381 0.132989 6.579407 6.579407
275 266 0.001196 0.118036 6.697220 6.697220
276 267 0.001544 0.115256 6.811432 6.811432
277 268 0.001827 0.127450 6.941971 6.941971
278 269 0.001381 0.120129 7.027557 7.027557
279 270 0.001381 0.125001 7.147858 7.147858
280 271 0.001381 0.124851 7.264206 7.264206
281 272 0.001953 0.125811 7.364807 7.364807
282 273 0.001544 0.141739 7.463837 7.463837
283 274 0.000977 0.137702 7.546417 7.546417
284 275 0.001381 0.144306 7.644577 7.644577
285 276 0.001465 0.138132 7.706146 7.706146
286 277 0.001196 0.120710 7.760269 7.760269
287 278 0.000977 0.109242 7.852829 7.852829
288 279 0.000488 0.109098 7.903214 7.903214
289 280 0.001465 0.099267 7.944794 7.944794
290 281 0.001381 0.091087 7.997879 7.997879
291 282 0.001544 0.074737 8.028458 8.028458
292 283 0.001953 0.070950 8.082321 8.082321
293 284 0.001827 0.058460 8.084381 8.084381
294 285 0.001691 0.045614 8.136932 8.136932
295 286 0.003312 0.041986 8.172821 8.172821
296 287 0.002392 0.037770 8.197708 8.197708
297 288 0.002342 0.034791 8.220963 8.220963
298 289 0.003010 0.030208 8.249008 8.249008
299 290 0.002342 0.033676 8.285187 8.285187
300 291 0.001292 0.037552 8.329330 8.329330
301 292 0.001544 0.045260 8.371429 8.371429
302 293 0.002184 0.045200 8.398865 8.398865
303 294 0.002128 0.050929 8.420212 8.420212
304 295 0.003521 0.053570 8.437286 8.437286
305 296 0.002072 0.069550 8.462326 8.462326
306 297 0.001891 0.073213 8.501373 8.501373
307 298 0.002342 0.075180 8.496262 8.496262
308 299 0.002184 0.078113 8.492157 8.492157
309 300 0.001381 0.098018 8.505066 8.505066
310 301 0.001292 0.116664 8.484299 8.484299
311 302 0.000488 0.118129 8.491013 8.491013
312 303 0.000846 0.117195 8.480942 8.480942
313 304 0.001196 0.118735 8.453415 8.453415
314 305 0.001544 0.135134 8.415527 8.415527
315 306 0.001092 0.132390 8.369873 8.369873
316 307 0.001891 0.134069 8.380753 8.380753
317 308 0.002342 0.133117 8.353241 8.353241
318 309 0.000691 0.133132 8.332184 8.332184
319 310 0.001544 0.146358 8.283493 8.283493
320 311 0.000000 0.113433 8.259445 8.259445
321 312 0.000846 0.120435 8.243164 8.243164
322 313 0.001292 0.128608 8.223419 8.223419
323 314 0.002238 0.138389 8.194855 8.194855
324 315 0.000977 0.156675 8.170929 8.170929
325 316 0.002970 0.164516 8.136703 8.136703
326 317 0.002762 0.181059 8.133804 8.133804
327 318 0.002013 0.208005 8.099106 8.099106
328 319 0.002674 0.209421 8.113388 8.113388
329 320 0.001544 0.233551 8.110352 8.110352
330 321 0.002072 0.238176 8.114090 8.114090
331 322 0.001761 0.258212 8.133469 8.133469
332 323 0.001619 0.252244 8.182312 8.182312
333 324 0.002719 0.248487 8.217300 8.217300
334 325 0.001827 0.242979 8.252945 8.252945
335 326 0.001381 0.240863 8.290268 8.290268
336 327 0.001544 0.242110 8.350113 8.350113
337 328 0.000691 0.237350 8.362198 8.362198
338 329 0.000977 0.224231 8.387512 8.387512
339 330 0.000846 0.238838 8.437622 8.437622
340 331 0.001381 0.229284 8.451401 8.451401
341 332 0.001691 0.228127 8.439072 8.439072
342 333 0.004114 0.222266 8.433487 8.433487
343 334 0.001544 0.207810 8.425049 8.425049
344 335 0.001092 0.201193 8.398819 8.398819
345 336 0.002584 0.202864 8.345291 8.345291
346 337 0.001292 0.182998 8.324600 8.324600
347 338 0.000691 0.183329 8.275940 8.275940
348 339 0.001691 0.166421 8.199295 8.199295
349 340 0.001092 0.151038 8.118210 8.118210
350 341 0.001544 0.133297 8.041748 8.041748
351 342 0.004340 0.118147 7.965652 7.965652
352 343 0.001891 0.098242 7.882797 7.882797
353 344 0.001691 0.079640 7.797852 7.797852
354 345 0.002184 0.067906 7.712418 7.712418
355 346 0.002629 0.078021 7.623917 7.623917
356 347 0.001691 0.077911 7.538803 7.538803
357 348 0.001891 0.085431 7.431290 7.431290
358 349 0.001619 0.059480 7.377380 7.377380
359 350 0.001761 0.078939 7.297485 7.297485
360 351 0.002970 0.066254 7.230850 7.230850
361 352 0.003010 0.063891 7.154037 7.154037
362 353 0.001544 0.048886 7.072845 7.072845
363 354 0.001544 0.036884 6.993698 6.993698
364 355 0.001953 0.031803 6.920090 6.920090
365 356 0.002290 0.043044 6.850769 6.850769
366 357 0.002584 0.044473 6.779846 6.779846
367 358 0.002889 0.079521 6.685760 6.685760
368 359 0.002238 0.061871 6.622940 6.622940
369 360 0.002490 0.070921 6.526276 6.526276
370 361 0.002184 0.094244 6.432770 6.432770
371 362 0.001827 0.112112 6.349854 6.349854
372 363 0.002584 0.130777 6.269836 6.269836
373 364 0.001827 0.131278 6.193268 6.193268
374 365 0.002392 0.110673 6.123749 6.123749
375 366 0.001827 0.119223 6.074341 6.074341
376 367 0.001544 0.133977 6.040771 6.040771
377 368 0.001381 0.120523 6.016449 6.016449
378 369 0.001619 0.113127 6.012238 6.012238
379 370 0.001691 0.109549 6.026520 6.026520
380 371 0.001381 0.100388 6.050873 6.050873
381 372 0.001465 0.083153 6.090149 6.090149
382 373 0.002072 0.090994 6.137726 6.137726
383 374 0.001292 0.071773 6.198578 6.198578
384 375 0.000691 0.055006 6.261841 6.261841
385 376 0.000691 0.037777 6.327667 6.327667
386 377 0.000977 0.047769 6.398773 6.398773
387 378 0.000000 0.039437 6.476288 6.476288
388 379 0.000846 0.039405 6.558838 6.558838
389 380 0.000488 0.040851 6.651917 6.651917
390 381 0.000977 0.033437 6.765747 6.765747
391 382 0.001544 0.033831 6.861603 6.861603
392 383 0.000977 0.036806 6.965515 6.965515
393 384 0.001196 0.033395 7.067657 7.067657
394 385 0.001092 0.027375 7.165497 7.165497
395 386 0.000691 0.024907 7.238220 7.238220
396 387 0.000488 0.024008 7.327515 7.327515
397 388 0.000691 0.033877 7.429504 7.429504
398 389 0.001196 0.017816 7.536804 7.536804
399 390 0.000977 0.014927 7.636536 7.636536
400 391 0.001465 0.004021 7.716644 7.716644
401 392 0.001196 0.015979 7.772339 7.772339
402 393 0.001381 0.026352 7.865295 7.865295
403 394 0.001092 0.050611 7.929169 7.929169
404 395 0.001691 0.055355 8.025909 8.025909
405 396 0.000691 0.058732 8.094147 8.094147
406 397 0.000977 0.066223 8.143829 8.143829
407 398 0.000977 0.079092 8.182922 8.182922
408 399 0.000846 0.084449 8.210236 8.210236
409 400 0.000691 0.075412 8.275970 8.275970
410 401 0.000691 0.067303 8.351868 8.351868
411 402 0.001691 0.057284 8.379578 8.379578
412 403 0.000691 0.053261 8.443909 8.443909
413 404 0.000488 0.051902 8.487885 8.487885
414 405 0.001196 0.063506 8.530792 8.530792
415 406 0.000691 0.067418 8.564636 8.564636
416 407 0.000977 0.063502 8.589355 8.589355
417 408 0.000000 0.074132 8.605957 8.605957
418 409 0.001381 0.067400 8.622528 8.622528
419 410 0.002392 0.089633 8.624664 8.624664
420 411 0.001465 0.070116 8.626099 8.626099
421 412 0.002128 0.067060 8.624542 8.624542
422 413 0.001953 0.050023 8.623993 8.623993
423 414 0.000977 0.053715 8.595337 8.595337
424 415 0.000691 0.035028 8.582031 8.582031
425 416 0.000691 0.024153 8.599640 8.599640
426 417 0.001196 0.058826 8.563110 8.563110
427 418 0.000977 0.051446 8.560760 8.560760
428 419 0.002762 0.070903 8.531830 8.531830
429 420 0.002290 0.102206 8.514374 8.514374
430 421 0.002392 0.098799 8.496857 8.496857
431 422 0.001691 0.124538 8.477692 8.477692
432 423 0.000977 0.093603 8.496918 8.496918
433 424 0.000000 0.096277 8.498993 8.498993
434 425 0.000488 0.117102 8.459381 8.459381
435 426 0.000691 0.066755 8.477295 8.477295
436 427 0.000000 0.080603 8.462280 8.462280
437 428 0.000000 0.072381 8.465179 8.465179
438 429 0.001092 0.066723 8.456726 8.456726
439 430 0.000977 0.062947 8.438354 8.438354
440 431 0.001381 0.056302 8.425934 8.425934
441 432 0.000488 0.053279 8.405640 8.405640
442 433 0.001092 0.060719 8.390472 8.390472
443 434 0.001196 0.065320 8.382874 8.382874
444 435 0.000691 0.073539 8.364227 8.364227
445 436 0.001381 0.071694 8.337097 8.337097
446 437 0.000691 0.082183 8.319214 8.319214
447 438 0.000691 0.081352 8.296417 8.296417
448 439 0.000977 0.079762 8.287842 8.287842
449 440 0.000000 0.087150 8.268433 8.268433
450 441 0.000691 0.093443 8.243042 8.243042
451 442 0.001092 0.082440 8.205536 8.205536
452 443 0.002072 0.087008 8.166229 8.166229
453 444 0.000000 0.084712 8.146973 8.146973
454 445 0.000977 0.090238 8.130951 8.130951
455 446 0.001691 0.085638 8.121063 8.121063
456 447 0.000691 0.080776 8.111908 8.111908
457 448 0.001827 0.082415 8.084534 8.084534
458 449 0.002584 0.078479 8.060303 8.060303
459 450 0.001827 0.073294 8.041351 8.041351
460 451 0.002490 0.085614 8.030396 8.030396
461 452 0.003010 0.096732 8.017639 8.017639
462 453 0.001381 0.085499 7.990448 7.990448
463 454 0.000691 0.088452 7.957214 7.957214
464 455 0.000846 0.081660 7.931702 7.931702
465 456 0.000977 0.076291 7.911377 7.911377
466 457 0.000691 0.077221 7.896454 7.896454
467 458 0.000488 0.086476 7.878754 7.878754
468 459 0.000000 0.087188 7.854858 7.854858
469 460 0.000691 0.073520 7.839478 7.839478
470 461 0.000977 0.074992 7.833008 7.833008
471 462 0.001196 0.080779 7.828461 7.828461
472 463 0.000691 0.072347 7.822571 7.822571
473 464 0.001196 0.072218 7.812347 7.812347
474 465 0.000488 0.077370 7.796509 7.796509
475 466 0.000691 0.071192 7.781921 7.781921
476 467 0.000691 0.061333 7.767273 7.767273
477 468 0.000977 0.053580 7.753021 7.753021
478 469 0.000691 0.044177 7.738739 7.738739
479 470 0.000691 0.048730 7.678314 7.678314
480 471 0.000691 0.039474 7.629639 7.629639
481 472 0.000977 0.042688 7.574585 7.574585
482 473 0.000691 0.043314 7.517059 7.517059
483 474 0.000977 0.051164 7.443420 7.443420
484 475 0.001196 0.039888 7.365143 7.365143
485 476 0.000977 0.035663 7.277191 7.277191
486 477 0.001544 0.041408 7.184174 7.184174
487 478 0.001827 0.056315 7.076996 7.076996
488 479 0.001196 0.044022 7.012207 7.012207
489 480 0.000846 0.049390 6.914398 6.914398
490 481 0.000488 0.039180 6.822327 6.822327
491 482 0.001691 0.044376 6.704468 6.704468
492 483 0.000691 0.038507 6.595520 6.595520
493 484 0.000691 0.057235 6.483704 6.483704
494 485 0.000846 0.060348 6.373718 6.373718
495 486 0.000846 0.071508 6.261597 6.261597
496 487 0.001292 0.045963 6.146667 6.146667
497 488 0.000846 0.034152 6.023254 6.023254
498 489 0.000977 0.035911 5.907196 5.907196
499 490 0.001544 0.029225 5.793671 5.793671
500 491 0.001292 0.028424 5.672119 5.672119
501 492 0.000691 0.013469 5.574066 5.574066
502 493 0.001292 0.021876 5.471649 5.471649
503 494 0.001292 0.027392 5.369843 5.369843
504 495 0.001381 0.036034 5.268890 5.268890
505 496 0.001196 0.037621 5.171265 5.171265
506 497 0.001381 0.051522 5.076050 5.076050
507 498 0.001465 0.049004 4.984802 4.984802
508 499 0.001196 0.058077 4.884338 4.884338
509 500 0.000691 0.066277 4.814270 4.814270
510 501 0.001381 0.072287 4.723663 4.723663
511 502 0.001092 0.071394 4.650818 4.650818
512 503 0.000977 0.062799 4.586395 4.586395
513 504 0.000691 0.056497 4.541321 4.541321
514 505 0.001292 0.060195 4.510406 4.510406
515 506 0.000488 0.050398 4.492493 4.492493
516 507 0.000000 0.044074 4.489960 4.489960
517 508 0.000000 0.041920 4.501984 4.501984
518 509 0.000977 0.031821 4.528259 4.528259
519 510 0.000000 0.033847 4.570862 4.570862
520 511 0.000691 0.031169 4.626434 4.626434
521 512 0.000691 0.030622 4.695648 4.695648
522 513 0.000488 0.032374 4.769623 4.769623
523 514 0.000691 0.029334 4.852509 4.852509
524 515 0.000488 0.030123 4.936249 4.936249
525 516 0.000488 0.032354 5.020416 5.020416
526 517 0.000977 0.032964 5.110962 5.110962
527 518 0.000977 0.039483 5.210815 5.210815
528 519 0.000846 0.032921 5.312683 5.312683
529 520 0.001381 0.029834 5.412445 5.412445
530 521 0.000691 0.033391 5.510284 5.510284
531 522 0.001827 0.032250 5.606201 5.606201
532 523 0.001619 0.045534 5.696320 5.696320
533 524 0.000488 0.037763 5.793640 5.793640
534 525 0.000691 0.039980 5.902588 5.902588
535 526 0.000000 0.041131 6.001099 6.001099
536 527 0.001292 0.043653 6.091400 6.091400
537 528 0.001465 0.036034 6.180939 6.180939
538 529 0.000488 0.037652 6.261658 6.261658
539 530 0.000691 0.044820 6.345886 6.345886
540 531 0.001292 0.042806 6.432922 6.432922
541 532 0.001465 0.046577 6.522217 6.522217
542 533 0.001196 0.036411 6.605896 6.605896
543 534 0.000691 0.037816 6.677521 6.677521
544 535 0.000846 0.041240 6.756104 6.756104
545 536 0.001092 0.017485 6.833923 6.833923
546 537 0.000691 0.023378 6.913696 6.913696
547 538 0.000488 0.025013 6.998230 6.998230
548 539 0.000000 0.025290 7.072815 7.072815
549 540 0.000846 0.009881 7.149475 7.149475
550 541 0.000488 0.013306 7.215057 7.215057
551 542 0.000691 0.011749 7.287231 7.287231
552 543 0.000000 0.007428 7.360962 7.360962
553 544 0.000000 0.027427 7.435364 7.435364
554 545 0.000691 0.012022 7.505615 7.505615
555 546 0.000488 0.010746 7.575073 7.575073
556 547 0.000691 0.039635 7.647675 7.647675
557 548 0.000691 0.031284 7.717041 7.717041
558 549 0.000846 0.029494 7.778839 7.778839
559 550 0.000691 0.044302 7.850189 7.850189
560 551 0.000488 0.038951 7.909271 7.909271
561 552 0.000691 0.041515 7.967163 7.967163
562 553 0.000977 0.045172 8.019470 8.019470
563 554 0.001196 0.053459 8.073608 8.073608
564 555 0.001381 0.055242 8.120056 8.120056
565 556 0.001691 0.055956 8.155975 8.155975
566 557 0.001953 0.057002 8.194214 8.194214
567 558 0.002584 0.052389 8.225861 8.225861
568 559 0.002392 0.054009 8.246552 8.246552
569 560 0.001827 0.058603 8.269714 8.269714
570 561 0.001691 0.052412 8.283875 8.283875
571 562 0.001891 0.072197 8.294128 8.294128
572 563 0.001619 0.065286 8.294495 8.294495
573 564 0.001827 0.075607 8.287445 8.287445
574 565 0.001691 0.084234 8.279755 8.279755
575 566 0.001761 0.063833 8.269379 8.269379
576 567 0.002290 0.074579 8.258301 8.258301
577 568 0.002930 0.092083 8.247986 8.247986
578 569 0.001619 0.079761 8.235138 8.235138
579 570 0.001891 0.074525 8.217834 8.217834
580 571 0.002342 0.075687 8.200317 8.200317
581 572 0.001381 0.080725 8.185516 8.185516
582 573 0.001544 0.073298 8.179932 8.179932
583 574 0.002184 0.080456 8.175171 8.175171
584 575 0.003127 0.072889 8.162750 8.162750
585 576 0.000488 0.053208 8.150665 8.150665
586 577 0.001691 0.052555 8.140106 8.140106
587 578 0.001292 0.056996 8.132874 8.132874
588 579 0.001196 0.064362 8.131989 8.131989
589 580 0.001953 0.081386 8.135315 8.135315
590 581 0.001381 0.089922 8.138184 8.138184
591 582 0.001544 0.111896 8.142456 8.142456
592 583 0.002238 0.131666 8.142975 8.142975
593 584 0.003521 0.155484 8.153625 8.153625
594 585 0.001827 0.174691 8.164856 8.164856
595 586 0.001891 0.201310 8.181610 8.181610
596 587 0.001292 0.216664 8.189728 8.189728
597 588 0.001691 0.220548 8.198425 8.198425
598 589 0.000977 0.203652 8.204559 8.204559
599 590 0.001761 0.230525 8.211090 8.211090
600 591 0.001381 0.234730 8.212402 8.212402
601 592 0.001381 0.237757 8.214874 8.214874
602 593 0.001891 0.233565 8.212433 8.212433
603 594 0.001381 0.201021 8.211823 8.211823
604 595 0.001381 0.158427 8.195404 8.195404
605 596 0.001691 0.137640 8.188141 8.188141
606 597 0.001761 0.115213 8.178192 8.178192
607 598 0.001092 0.108923 8.170044 8.170044
608 599 0.000977 0.069374 8.163788 8.163788
609 600 0.001292 0.047116 8.157227 8.157227
610 601 0.000691 0.049444 8.156616 8.156616
611 602 0.000691 0.040969 8.160492 8.160492
612 603 0.000000 0.043213 8.165192 8.165192
613 604 0.000691 0.046328 8.179077 8.179077
614 605 0.000691 0.053144 8.192230 8.192230
615 606 0.000488 0.055412 8.203308 8.203308
616 607 0.000488 0.057586 8.209595 8.209595
617 608 0.000691 0.050647 8.202332 8.202332
618 609 0.000488 0.048608 8.196381 8.196381
619 610 0.000691 0.040930 8.175629 8.175629
620 611 0.000000 0.066172 8.147339 8.147339
621 612 0.000691 0.075915 8.118530 8.118530
622 613 0.000977 0.067010 8.091522 8.091522
623 614 0.000691 0.097829 8.053101 8.053101
624 615 0.000977 0.102411 8.014771 8.014771
625 616 0.000691 0.116492 7.969727 7.969727
626 617 0.001196 0.099724 7.936859 7.936859
627 618 0.001092 0.112467 7.903290 7.903290
628 619 0.001196 0.129776 7.871887 7.871887
629 620 0.001092 0.095697 7.847809 7.847809
630 621 0.000977 0.109075 7.804352 7.804352
631 622 0.000691 0.121637 7.756409 7.756409
632 623 0.001292 0.087197 7.711700 7.711700
633 624 0.000488 0.098417 7.671753 7.671753
634 625 0.001544 0.077192 7.652374 7.652374
635 626 0.000691 0.068541 7.631073 7.631073
636 627 0.001196 0.051958 7.601685 7.601685
637 628 0.000846 0.048529 7.572876 7.572876
638 629 0.001761 0.053557 7.547028 7.547028
639 630 0.000488 0.041098 7.552338 7.552338
640 631 0.000691 0.039752 7.566010 7.566010
641 632 0.000000 0.030391 7.586975 7.586975
642 633 0.000000 0.033168 7.611908 7.611908
643 634 0.000488 0.041991 7.650757 7.650757
644 635 0.000488 0.048472 7.668274 7.668274
645 636 0.000488 0.066631 7.752869 7.752869
646 637 0.000000 0.049868 7.786346 7.786346
647 638 0.001292 0.043001 7.850006 7.850006
648 639 0.000977 0.057322 7.902252 7.902252
649 640 0.001092 0.068933 7.959808 7.959808
650 641 0.001092 0.074745 8.005432 8.005432
651 642 0.000691 0.070943 8.052185 8.052185
652 643 0.000691 0.089361 8.074036 8.074036
653 644 0.000000 0.069951 8.122040 8.122040
654 645 0.000977 0.131691 8.115326 8.115326
655 646 0.001544 0.102704 8.159180 8.159180
656 647 0.001544 0.074796 8.166595 8.166595
657 648 0.000000 0.089614 8.163269 8.163269
658 649 0.000691 0.077224 8.153839 8.153839
659 650 0.000977 0.063021 8.155090 8.155090
660 651 0.000691 0.082175 8.138245 8.138245
661 652 0.000488 0.090620 8.119476 8.119476
662 653 0.000000 0.109580 8.082092 8.082092
663 654 0.001196 0.107496 8.035461 8.035461
664 655 0.001465 0.115023 7.984009 7.984009
665 656 0.000000 0.123653 7.934509 7.934509
666 657 0.001092 0.119608 7.870636 7.870636
667 658 0.000977 0.109736 7.794861 7.794861
668 659 0.000691 0.113185 7.704132 7.704132
669 660 0.000977 0.117133 7.617584 7.617584
670 661 0.000000 0.097655 7.522308 7.522308
671 662 0.001292 0.088196 7.443451 7.443451
672 663 0.000691 0.104122 7.363098 7.363098
673 664 0.000977 0.102945 7.292358 7.292358
674 665 0.000977 0.087613 7.218567 7.218567
675 666 0.000488 0.078292 7.157776 7.157776
676 667 0.001092 0.084425 7.093719 7.093719
677 668 0.000691 0.076633 7.040344 7.040344
678 669 0.001953 0.086739 6.999969 6.999969
679 670 0.002013 0.086924 6.968292 6.968292
680 671 0.002847 0.092228 6.930084 6.930084
681 672 0.001544 0.076476 6.918335 6.918335
682 673 0.000691 0.088047 6.880493 6.880493
683 674 0.000846 0.093536 6.862976 6.862976
684 675 0.000000 0.095701 6.859741 6.859741
685 676 0.000846 0.094377 6.870178 6.870178
686 677 0.001092 0.105116 6.881897 6.881897
687 678 0.001465 0.099291 6.874451 6.874451
688 679 0.000846 0.097091 6.852844 6.852844
689 680 0.001544 0.079745 6.841248 6.841248
690 681 0.001761 0.062704 6.801880 6.801880
691 682 0.000691 0.045785 6.766846 6.766846
692 683 0.000846 0.036684 6.705261 6.705261
693 684 0.001092 0.029165 6.634888 6.634888
694 685 0.000846 0.033587 6.556152 6.556152
695 686 0.000691 0.056311 6.451050 6.451050
696 687 0.000977 0.062256 6.364075 6.364075
697 688 0.000691 0.051692 6.299011 6.299011
698 689 0.000000 0.064167 6.178772 6.178772
699 690 0.001465 0.055881 6.077393 6.077393
700 691 0.000977 0.065808 6.003845 6.003845
701 692 0.000000 0.074831 5.896179 5.896179
702 693 0.000488 0.068457 5.811707 5.811707
703 694 0.000691 0.080205 5.685608 5.685608
704 695 0.000000 0.077208 5.596436 5.596436
705 696 0.000000 0.075166 5.491699 5.491699
706 697 0.000000 0.095113 5.373352 5.373352
707 698 0.000000 0.077678 5.296143 5.296143
708 699 0.000000 0.082582 5.194214 5.194214
709 700 0.000846 0.095433 5.079529 5.079529
710 701 0.000488 0.076707 4.985718 4.985718
711 702 0.000977 0.093455 4.866577 4.866577
712 703 0.000000 0.076808 4.789490 4.789490
713 704 0.000691 0.068645 4.683350 4.683350
714 705 0.000488 0.076166 4.583191 4.583191
715 706 0.000488 0.073187 4.479431 4.479431
716 707 0.000691 0.075421 4.374146 4.374146
717 708 0.000977 0.060289 4.275146 4.275146
718 709 0.000977 0.085593 4.155090 4.155090
719 710 0.000691 0.076406 4.051025 4.051025
720 711 0.000691 0.080495 3.940613 3.940613
721 712 0.000000 0.082592 3.819214 3.819214
722 713 0.000488 0.073894 3.717224 3.717224
723 714 0.000691 0.070506 3.604736 3.604736
724 715 0.000000 0.069242 3.492920 3.492920
725 716 0.001092 0.092708 3.380798 3.380798
726 717 0.000000 0.097497 3.266418 3.266418
727 718 0.000691 0.062287 3.171997 3.171997
728 719 0.000691 0.072259 3.072693 3.072693
729 720 0.000488 0.061505 2.981873 2.981873
730 721 0.000000 0.051508 2.905029 2.905029
731 722 0.001092 0.074064 2.823975 2.823975
732 723 0.000977 0.068185 2.760132 2.760132
733 724 0.000977 0.052936 2.703857 2.703857
734 725 0.001292 0.032299 2.655945 2.655945
735 726 0.000977 0.029144 2.616760 2.616760
736 727 0.000977 0.037466 2.587708 2.587708
737 728 0.001092 0.031064 2.570129 2.570129
738 729 0.000977 0.041090 2.558716 2.558716
739 730 0.001196 0.043447 2.550415 2.550415
740 731 0.000488 0.040882 2.559570 2.559570
741 732 0.000691 0.042233 2.567505 2.567505
742 733 0.000000 0.051355 2.584290 2.584290
743 734 0.000000 0.052848 2.614929 2.614929
744 735 0.000691 0.059275 2.654846 2.654846
745 736 0.000691 0.057638 2.698975 2.698975
746 737 0.000846 0.048935 2.732788 2.732788
747 738 0.000691 0.039927 2.772278 2.772278
748 739 0.001196 0.042965 2.811157 2.811157
749 740 0.000846 0.033517 2.822388 2.822388
750 741 0.001292 0.036643 2.835815 2.835815
751 742 0.002184 0.045742 2.838806 2.838806
752 743 0.002392 0.048533 2.820862 2.820862
753 744 0.002072 0.056470 2.785339 2.785339
754 745 0.002238 0.057845 2.731323 2.731323
755 746 0.001691 0.080592 2.685913 2.685913
756 747 0.001092 0.095502 2.594727 2.594727
757 748 0.000846 0.105391 2.561707 2.561707
758 749 0.000691 0.115929 2.521729 2.521729
759 750 0.001891 0.119960 2.483765 2.483765
760 751 0.001619 0.135152 2.445862 2.445862
761 752 0.002290 0.138293 2.435791 2.435791
762 753 0.002072 0.136906 2.437378 2.437378
763 754 0.002889 0.132587 2.444214 2.444214
764 755 0.002762 0.106767 2.462158 2.462158
765 756 0.001544 0.104167 2.517273 2.517273
766 757 0.002930 0.073228 2.500183 2.500183
767 758 0.001827 0.064361 2.506592 2.506592
768 759 0.001292 0.039101 2.485718 2.485718
769 760 0.001953 0.011785 2.469604 2.469604
770 761 0.001381 0.030916 2.435791 2.435791
771 762 0.000977 0.022666 2.379089 2.379089
772 763 0.000846 0.031443 2.321167 2.321167
773 764 0.000977 0.030064 2.253418 2.253418
774 765 0.001465 0.033667 2.165894 2.165894
775 766 0.001761 0.028165 2.072510 2.072510
776 767 0.002013 0.016899 1.977478 1.977478
777 768 0.002392 0.033126 1.904419 1.904419
778 769 0.006496 0.052454 1.801575 1.801575
779 770 0.002490 0.059968 1.696106 1.696106
780 771 0.001827 0.080095 1.598206 1.598206
781 772 0.001544 0.077637 1.505066 1.505066
782 773 0.002128 0.086301 1.407654 1.407654
783 774 0.001691 0.101293 1.335632 1.335632
784 775 0.001544 0.119952 1.263855 1.263855
785 776 0.001465 0.135950 1.183411 1.183411
786 777 0.000977 0.119864 1.106995 1.106995
787 778 0.004422 0.113105 1.055359 1.055359
788 779 0.000691 0.132222 1.000549 1.000549
789 780 0.001465 0.124179 0.953308 0.953308
790 781 0.001465 0.139402 0.903137 0.903137
791 782 0.001092 0.129880 0.847412 0.847412
792 783 0.002013 0.102290 0.784424 0.784424
793 784 0.002072 0.078952 0.732483 0.732483
794 785 0.001691 0.074041 0.688232 0.688232
795 786 0.002013 0.067886 0.642151 0.642151
796 787 0.001544 0.059152 0.601501 0.601501
797 788 0.001761 0.041668 0.561218 0.561218
798 789 0.000977 0.033042 0.522095 0.522095
799 790 0.000977 0.014236 0.487671 0.487671
800 791 0.001196 0.013297 0.460999 0.460999
