10 1 0.000000 0.006280 11.932547 11.932547
11 2 0.000058 0.006701 11.956223 11.956223
12 3 0.000000 0.007564 11.989985 11.989985
13 4 0.000070 0.007064 12.022207 12.022207
14 5 0.000057 0.007277 12.054070 12.054070
15 6 0.000000 0.006795 12.078957 12.078957
16 7 0.000070 0.006625 12.103438 12.103438
17 8 0.000070 0.007362 12.137462 12.137462
18 9 0.000069 0.007025 12.169348 12.169348
19 10 0.000155 0.004724 12.208214 12.208214
20 11 0.000080 0.004875 12.241418 12.241418
21 12 0.000098 0.002853 12.265681 12.265681
22 13 0.000000 0.003762 12.289587 12.289587
23 14 0.000056 0.005329 12.316971 12.316971
24 15 0.000056 0.004962 12.350569 12.350569
25 16 0.000131 0.003113 12.378559 12.378559
26 17 0.000172 0.003150 12.407135 12.407135
27 18 0.000142 0.003856 12.437963 12.437963
28 19 0.000124 0.005545 12.459438 12.459438
29 20 0.000039 0.003807 12.483564 12.483564
30 21 0.000103 0.005338 12.511892 12.511892
31 22 0.000039 0.004284 12.543188 12.543188
32 23 0.000055 0.004438 12.570992 12.570992
33 24 0.000039 0.004056 12.595119 12.595119
34 25 0.000055 0.004701 12.625587 12.625587
35 26 0.000086 0.005954 12.648155 12.648155
36 27 0.000000 0.004905 12.673515 12.673515
37 28 0.000054 0.004969 12.697998 12.697998
38 29 0.000038 0.006149 12.728405 12.728405
39 30 0.000066 0.005925 12.754429 12.754429
40 31 0.000038 0.006498 12.775185 12.775185
41 32 0.000093 0.006246 12.799515 12.799515
42 33 0.000076 0.007959 12.818726 12.818726
43 34 0.000054 0.007654 12.833763 12.833763
44 35 0.000066 0.007490 12.847488 12.847488
45 36 0.000114 0.007613 12.849632 12.849632
46 37 0.000093 0.008483 12.851139 12.851139
47 38 0.000054 0.008493 12.844891 12.844891
48 39 0.000066 0.008246 12.833607 12.833607
49 40 0.000114 0.007950 12.819824 12.819824
50 41 0.000000 0.009085 12.800804 12.800804
51 42 0.000054 0.009136 12.786015 12.786015
52 43 0.000054 0.008948 12.767700 12.767700
53 44 0.000101 0.008648 12.738239 12.738239
54 45 0.000000 0.009214 12.716022 12.716022
55 46 0.000094 0.008258 12.694069 12.694069
56 47 0.000185 0.007172 12.670479 12.670479
57 48 0.000095 0.008029 12.647102 12.647102
58 49 0.000055 0.010164 12.623856 12.623856
59 50 0.000103 0.008223 12.596436 12.596436
60 51 0.000055 0.007252 12.568588 12.568588
61 52 0.000110 0.006888 12.545273 12.545273
62 53 0.000068 0.007375 12.527184 12.527184
63 54 0.000123 0.007414 12.509285 12.509285
64 55 0.000055 0.007149 12.486122 12.486122
65 56 0.000039 0.007826 12.467133 12.467133
66 57 0.000111 0.005361 12.441887 12.441887
67 58 0.000039 0.003300 12.417542 12.417542
68 59 0.000056 0.006310 12.394211 12.394211
69 60 0.000079 0.005322 12.365532 12.365532
70 61 0.000056 0.004231 12.332275 12.332275
71 62 0.000056 0.005480 12.302101 12.302101
72 63 0.000000 0.006620 12.267326 12.267326
73 64 0.000080 0.006229 12.233582 12.233582
74 65 0.000106 0.007022 12.201553 12.201553
75 66 0.000090 0.008188 12.173233 12.173233
76 67 0.000090 0.012726 12.145851 12.145851
77 68 0.000127 0.009075 12.119965 12.119965
78 69 0.000128 0.012474 12.107101 12.107101
79 70 0.000140 0.012959 12.095116 12.095116
80 71 0.000099 0.014313 12.081810 12.081810
81 72 0.000114 0.013248 12.064148 12.064148
82 73 0.000091 0.013029 12.047546 12.047546
83 74 0.000041 0.010234 12.025894 12.025894
84 75 0.000041 0.012132 12.016830 12.016830
85 76 0.000070 0.007764 12.010986 12.010986
86 77 0.000070 0.009052 12.009056 12.009056
87 78 0.000058 0.006086 11.998161 11.998161
88 79 0.000000 0.006797 12.000130 12.000130
89 80 0.000041 0.006631 12.025902 12.025902
90 81 0.000057 0.007730 12.049675 12.049675
91 82 0.000057 0.008832 12.080566 12.080566
92 83 0.000000 0.011850 12.110641 12.110641
93 84 0.000057 0.010747 12.134949 12.134949
94 85 0.000040 0.013767 12.159386 12.159386
95 86 0.000057 0.016910 12.182716 12.182716
96 87 0.000000 0.015254 12.197708 12.197708
97 88 0.000089 0.015575 12.208641 12.208641
98 89 0.000040 0.013721 12.196388 12.196388
99 90 0.000000 0.013626 12.193916 12.193916
100 91 0.000000 0.013300 12.180550 12.180550
101 92 0.000057 0.013187 12.178795 12.178795
102 93 0.000057 0.011802 12.173264 12.173264
103 94 0.000080 0.011471 12.166489 12.166489
104 95 0.000057 0.010719 12.158218 12.158218
105 96 0.000000 0.011426 12.157196 12.157196
106 97 0.000057 0.011240 12.151093 12.151093
107 98 0.000040 0.010866 12.142609 12.142609
108 99 0.000080 0.010175 12.142136 12.142136
109 100 0.000080 0.009745 12.145309 12.145309
110 101 0.000070 0.010528 12.138641 12.138641
111 102 0.000057 0.009368 12.132080 12.132080
112 103 0.000057 0.009020 12.127548 12.127548
113 104 0.000057 0.008419 12.125320 12.125320
114 105 0.000121 0.007835 12.126297 12.126297
115 106 0.000114 0.008960 12.128357 12.128357
116 107 0.000080 0.005458 12.133926 12.133926
117 108 0.000057 0.005514 12.127640 12.127640
118 109 0.000099 0.003686 12.128830 12.128830
119 110 0.000121 0.004849 12.133408 12.133408
120 111 0.000057 0.005223 12.140488 12.140488
121 112 0.000070 0.005916 12.145737 12.145737
122 113 0.000080 0.007210 12.156937 12.156937
123 114 0.000080 0.007202 12.169312 12.169312
124 115 0.000120 0.007913 12.179504 12.179504
125 116 0.000120 0.008371 12.190140 12.190140
126 117 0.000139 0.010374 12.207947 12.207947
127 118 0.000160 0.012045 12.226486 12.226486
128 119 0.000098 0.013828 12.253052 12.253052
129 120 0.000097 0.012214 12.281876 12.281876
130 121 0.000105 0.012930 12.307190 12.307190
131 122 0.000137 0.013144 12.324295 12.324295
132 123 0.000148 0.013494 12.344437 12.344437
133 124 0.000148 0.014036 12.363556 12.363556
134 125 0.000136 0.014511 12.392334 12.392334
135 126 0.000056 0.012602 12.421967 12.421967
136 127 0.000068 0.012150 12.448471 12.448471
137 128 0.000124 0.011619 12.471573 12.471573
138 129 0.000068 0.010595 12.493576 12.493576
139 130 0.000096 0.010367 12.521622 12.521622
140 131 0.000055 0.011320 12.554260 12.554260
141 132 0.000087 0.013020 12.581650 12.581650
142 133 0.000067 0.011204 12.620880 12.620880
143 134 0.000067 0.010998 12.652054 12.652054
144 135 0.000000 0.013023 12.679977 12.679977
145 136 0.000038 0.014802 12.704926 12.704926
146 137 0.000054 0.016157 12.729385 12.729385
147 138 0.000108 0.015904 12.761444 12.761444
148 139 0.000038 0.014551 12.794815 12.794815
149 140 0.000000 0.011944 12.824432 12.824432
150 141 0.000000 0.011294 12.853699 12.853699
151 142 0.000000 0.010816 12.883026 12.883026
152 143 0.000107 0.010042 12.912964 12.912964
153 144 0.000075 0.008179 12.946182 12.946182
154 145 0.000065 0.007307 12.987656 12.987656
155 146 0.000075 0.004780 13.024307 13.024307
156 147 0.000084 0.004912 13.059799 13.059799
157 148 0.000000 0.005060 13.094193 13.094193
158 149 0.000074 0.004842 13.131638 13.131638
159 150 0.000083 0.003721 13.174271 13.174271
160 151 0.000074 0.004423 13.203812 13.203812
161 152 0.000052 0.004878 13.240524 13.240524
162 153 0.000037 0.004480 13.269409 13.269409
163 154 0.000000 0.004125 13.297073 13.297073
164 155 0.000052 0.003688 13.326721 13.326721
165 156 0.000000 0.004736 13.348785 13.348785
166 157 0.000000 0.004173 13.367386 13.367386
167 158 0.000036 0.004599 13.386520 13.386520
168 159 0.000052 0.005235 13.402725 13.402725
169 160 0.000063 0.005410 13.421036 13.421036
170 161 0.000036 0.005886 13.436111 13.436111
171 162 0.000073 0.006498 13.457718 13.457718
172 163 0.000081 0.006835 13.473602 13.473602
173 164 0.000036 0.007282 13.493912 13.493912
174 165 0.000036 0.006955 13.513687 13.513687
175 166 0.000088 0.006068 13.538971 13.538971
176 167 0.000108 0.005786 13.559494 13.559494
177 168 0.000062 0.005043 13.583908 13.583908
178 169 0.000062 0.004320 13.612793 13.612793
179 170 0.000088 0.005256 13.631973 13.631973
180 171 0.000051 0.004981 13.654465 13.654465
181 172 0.000080 0.005152 13.676697 13.676697
182 173 0.000050 0.005565 13.699051 13.699051
183 174 0.000087 0.005636 13.719528 13.719528
184 175 0.000071 0.006602 13.737823 13.737823
185 176 0.000118 0.006670 13.761261 13.761261
186 177 0.000100 0.006523 13.779251 13.779251
187 178 0.000154 0.007259 13.789490 13.789490
188 179 0.000128 0.007395 13.806870 13.806870
189 180 0.000100 0.006427 13.816879 13.816879
190 181 0.000086 0.006213 13.835220 13.835220
191 182 0.000071 0.007502 13.843567 13.843567
192 183 0.000086 0.007951 13.851929 13.851929
193 184 0.000035 0.008050 13.857147 13.857147
194 185 0.000050 0.008783 13.860626 13.860626
195 186 0.000035 0.010460 13.868317 13.868317
196 187 0.000070 0.010443 13.875977 13.875977
197 188 0.000079 0.011236 13.885040 13.885040
198 189 0.000086 0.012449 13.888855 13.888855
199 190 0.000099 0.014222 13.893372 13.893372
200 191 0.000050 0.012654 13.903137 13.903137
201 192 0.000061 0.012262 13.917633 13.917633
202 193 0.000099 0.012056 13.928802 13.928802
203 194 0.000121 0.012525 13.932251 13.932251
204 195 0.000050 0.011939 13.940277 13.940277
205 196 0.000099 0.011833 13.951752 13.951752
206 197 0.000099 0.011213 13.961731 13.961731
207 198 0.000116 0.008960 13.978760 13.978760
208 199 0.000099 0.008066 13.990906 13.990906
209 200 0.000110 0.008381 14.009308 14.009308
210 201 0.000104 0.007167 14.026917 14.026917
211 202 0.000130 0.006171 14.054047 14.054047
212 203 0.000130 0.005633 14.095520 14.095520
213 204 0.000120 0.005577 14.125214 14.125214
214 205 0.000134 0.005286 14.163300 14.163300
215 206 0.000119 0.006180 14.202972 14.202972
216 207 0.000103 0.005755 14.243195 14.243195
217 208 0.000084 0.006642 14.283722 14.283722
218 209 0.000102 0.007161 14.322052 14.322052
219 210 0.000076 0.007451 14.364655 14.364655
220 211 0.000076 0.007473 14.398438 14.398438
221 212 0.000096 0.007853 14.435913 14.435913
222 213 0.000117 0.008051 14.478729 14.478729
223 214 0.000106 0.008239 14.515747 14.515747
224 215 0.000047 0.008143 14.547699 14.547699
225 216 0.000082 0.008613 14.578400 14.578400
226 217 0.000111 0.008818 14.606995 14.606995
227 218 0.000082 0.008745 14.625397 14.625397
228 219 0.000116 0.009404 14.639618 14.639618
229 220 0.000100 0.008715 14.657593 14.657593
230 221 0.000088 0.008167 14.660309 14.660309
231 222 0.000067 0.009372 14.659790 14.659790
232 223 0.000082 0.008217 14.649384 14.649384
233 224 0.000116 0.008085 14.641022 14.641022
234 225 0.000075 0.007855 14.624298 14.624298
235 226 0.000067 0.008335 14.600128 14.600128
236 227 0.000033 0.007936 14.585663 14.585663
237 228 0.000067 0.008021 14.564789 14.564789
238 229 0.000058 0.006849 14.552582 14.552582
239 230 0.000000 0.006562 14.532379 14.532379
240 231 0.000048 0.006053 14.505219 14.505219
241 232 0.000048 0.006508 14.489380 14.489380
242 233 0.000000 0.007383 14.468964 14.468964
243 234 0.000048 0.007378 14.453796 14.453796
244 235 0.000096 0.006680 14.440979 14.440979
245 236 0.000068 0.007612 14.428070 14.428070
246 237 0.000117 0.005760 14.411957 14.411957
247 238 0.000068 0.006844 14.387573 14.387573
248 239 0.000068 0.006685 14.372253 14.372253
249 240 0.000090 0.006348 14.363556 14.363556
250 241 0.000048 0.006685 14.352142 14.352142
251 242 0.000048 0.007242 14.337921 14.337921
252 243 0.000068 0.007195 14.337769 14.337769
253 244 0.000076 0.007379 14.340393 14.340393
254 245 0.000048 0.007983 14.339142 14.339142
255 246 0.000034 0.008333 14.353302 14.353302
256 247 0.000096 0.006829 14.349091 14.349091
257 248 0.000096 0.007929 14.398376 14.398376
258 249 0.000162 0.007817 14.417603 14.417603
259 250 0.000083 0.007906 14.382263 14.382263
260 251 0.000090 0.007421 14.403076 14.403076
261 252 0.000127 0.006620 14.410858 14.410858
262 253 0.000048 0.007424 14.427765 14.427765
263 254 0.000059 0.007778 14.443604 14.443604
264 255 0.000034 0.007160 14.458496 14.458496
265 256 0.000135 0.008103 14.480133 14.480133
266 257 0.000000 0.006153 14.456390 14.456390
267 258 0.000126 0.007262 14.464264 14.464264
268 259 0.000067 0.006474 14.528473 14.528473
269 260 0.000067 0.006780 14.552185 14.552185
270 261 0.000146 0.009432 14.568573 14.568573
