10 1 0.001234 0.013690 10.724530 10.724530
11 2 0.000987 0.011491 10.731430 10.731430
12 3 0.000857 0.009367 10.731548 10.731548
13 4 0.000787 0.007254 10.733030 10.733030
14 5 0.000684 0.006050 10.728996 10.728996
15 6 0.000711 0.006182 10.731931 10.731931
16 7 0.000656 0.006775 10.734839 10.734839
17 8 0.000635 0.006311 10.737018 10.737018
18 9 0.000488 0.007033 10.739932 10.739932
19 10 0.000170 0.006228 10.742595 10.742595
20 11 0.000120 0.005082 10.744697 10.744697
21 12 0.000000 0.004883 10.747081 10.747081
22 13 0.000064 0.004586 10.750234 10.750234
23 14 0.000101 0.003993 10.757889 10.757889
24 15 0.000000 0.004575 10.759909 10.759909
25 16 0.000079 0.004380 10.755610 10.755610
26 17 0.000064 0.003708 10.761789 10.761789
27 18 0.000064 0.003174 10.771444 10.771444
28 19 0.000079 0.003238 10.765734 10.765734
29 20 0.000091 0.003377 10.766300 10.766300
30 21 0.000091 0.003811 10.770258 10.770258
31 22 0.000045 0.004360 10.770887 10.770887
32 23 0.000128 0.003681 10.770084 10.770084
33 24 0.000128 0.003750 10.773441 10.773441
34 25 0.000091 0.003331 10.779360 10.779360
35 26 0.000078 0.004505 10.776125 10.776125
36 27 0.000079 0.004700 10.769398 10.769398
37 28 0.000000 0.004875 10.780888 10.780888
38 29 0.000045 0.004786 10.786217 10.786217
39 30 0.000000 0.004814 10.788788 10.788788
40 31 0.000090 0.004675 10.797112 10.797112
41 32 0.000090 0.005313 10.802185 10.802185
42 33 0.000090 0.005417 10.802078 10.802078
43 34 0.000064 0.005475 10.805790 10.805790
44 35 0.000136 0.005062 10.810379 10.810379
45 36 0.000101 0.004659 10.818180 10.818180
46 37 0.000128 0.004647 10.821991 10.821991
47 38 0.000045 0.005322 10.826817 10.826817
48 39 0.000090 0.005021 10.833744 10.833744
49 40 0.000163 0.005035 10.833244 10.833244
50 41 0.000078 0.004397 10.836250 10.836250
51 42 0.000045 0.004528 10.841034 10.841034
52 43 0.000110 0.003798 10.843643 10.843643
53 44 0.000000 0.004016 10.844322 10.844322
54 45 0.000090 0.003497 10.839123 10.839123
55 46 0.000101 0.004809 10.838150 10.838150
56 47 0.000064 0.004662 10.830414 10.830414
57 48 0.000064 0.004237 10.816460 10.816460
58 49 0.000090 0.004374 10.805954 10.805954
59 50 0.000111 0.004528 10.790974 10.790974
60 51 0.000078 0.003825 10.777351 10.777351
61 52 0.000079 0.003745 10.760029 10.760029
62 53 0.000079 0.004544 10.743519 10.743519
63 54 0.000144 0.004424 10.721436 10.721436
64 55 0.000137 0.004511 10.693657 10.693657
65 56 0.000158 0.004976 10.671799 10.671799
66 57 0.000092 0.004883 10.656456 10.656456
67 58 0.000159 0.005633 10.635803 10.635803
68 59 0.000000 0.005624 10.610718 10.610718
69 60 0.000065 0.005924 10.585243 10.585243
70 61 0.000103 0.005556 10.557869 10.557869
71 62 0.000046 0.004976 10.532021 10.532021
72 63 0.000186 0.005114 10.513588 10.513588
73 64 0.000104 0.005737 10.492775 10.492775
74 65 0.000132 0.004090 10.470322 10.470322
75 66 0.000066 0.004308 10.442017 10.442017
76 67 0.000066 0.005737 10.418907 10.418907
77 68 0.000081 0.004856 10.406746 10.406746
78 69 0.000169 0.005776 10.397758 10.397758
79 70 0.000081 0.005264 10.395569 10.395569
80 71 0.000094 0.005608 10.392586 10.392586
81 72 0.000105 0.005861 10.386887 10.386887
82 73 0.000066 0.006545 10.391716 10.391716
83 74 0.000094 0.007415 10.399193 10.399193
84 75 0.000066 0.008701 10.418304 10.418304
85 76 0.000066 0.008545 10.443703 10.443703
86 77 0.000066 0.008864 10.472038 10.472038
87 78 0.000093 0.009510 10.502129 10.502129
88 79 0.000066 0.009111 10.538063 10.538063
89 80 0.000103 0.009474 10.580635 10.580635
90 81 0.000113 0.009960 10.627098 10.627098
91 82 0.000091 0.009455 10.673462 10.673462
92 83 0.000046 0.009230 10.720428 10.720428
93 84 0.000000 0.009371 10.765007 10.765007
94 85 0.000045 0.008588 10.805138 10.805138
95 86 0.000064 0.009337 10.839714 10.839714
96 87 0.000000 0.008982 10.873062 10.873062
97 88 0.000000 0.008838 10.900795 10.900795
98 89 0.000000 0.009005 10.924965 10.924965
99 90 0.000000 0.009232 10.950287 10.950287
100 91 0.000044 0.009567 10.973167 10.973167
101 92 0.000089 0.008459 10.997360 10.997360
102 93 0.000044 0.009746 11.013741 11.013741
103 94 0.000063 0.010350 11.038788 11.038788
104 95 0.000044 0.009721 11.062668 11.062668
105 96 0.000088 0.010264 11.085007 11.085007
106 97 0.000044 0.009238 11.110802 11.110802
107 98 0.000062 0.008951 11.137573 11.137573
108 99 0.000076 0.007979 11.161537 11.161537
109 100 0.000107 0.008606 11.183281 11.183281
110 101 0.000075 0.009035 11.207085 11.207085
111 102 0.000097 0.007469 11.234901 11.234901
112 103 0.000137 0.006902 11.256035 11.256035
113 104 0.000122 0.007093 11.278763 11.278763
114 105 0.000061 0.006185 11.300644 11.300644
115 106 0.000114 0.006519 11.321251 11.321251
116 107 0.000086 0.006275 11.338417 11.338417
117 108 0.000061 0.008443 11.362534 11.362534
118 109 0.000043 0.006840 11.387756 11.387756
119 110 0.000000 0.007706 11.406540 11.406540
120 111 0.000060 0.007411 11.421463 11.421463
121 112 0.000000 0.007030 11.430191 11.430191
122 113 0.000095 0.007573 11.436768 11.436768
123 114 0.000074 0.007084 11.440735 11.440735
124 115 0.000074 0.007614 11.439926 11.439926
125 116 0.000074 0.008089 11.438293 11.438293
126 117 0.000000 0.006137 11.428574 11.428574
127 118 0.000000 0.005900 11.422028 11.422028
128 119 0.000043 0.005048 11.411514 11.411514
129 120 0.000086 0.005099 11.403946 11.403946
130 121 0.000043 0.004359 11.396637 11.396637
131 122 0.000000 0.006573 11.387787 11.387787
132 123 0.000043 0.007433 11.385193 11.385193
133 124 0.000000 0.007162 11.380905 11.380905
134 125 0.000000 0.006770 11.375916 11.375916
135 126 0.000043 0.006874 11.374161 11.374161
136 127 0.000086 0.006628 11.369705 11.369705
137 128 0.000000 0.007593 11.367905 11.367905
138 129 0.000061 0.008564 11.365448 11.365448
139 130 0.000000 0.009874 11.364227 11.364227
140 131 0.000043 0.007810 11.368454 11.368454
141 132 0.000043 0.007521 11.367569 11.367569
142 133 0.000043 0.006802 11.372223 11.372223
143 134 0.000061 0.007830 11.375595 11.375595
144 135 0.000000 0.007177 11.377686 11.377686
145 136 0.000061 0.008466 11.374420 11.374420
146 137 0.000074 0.008406 11.380341 11.380341
147 138 0.000086 0.006629 11.380768 11.380768
148 139 0.000061 0.007116 11.378754 11.378754
149 140 0.000105 0.007171 11.375366 11.375366
150 141 0.000043 0.007404 11.373581 11.373581
151 142 0.000086 0.007025 11.372070 11.372070
152 143 0.000105 0.007097 11.365128 11.365128
153 144 0.000105 0.007714 11.350800 11.350800
154 145 0.000000 0.007150 11.339310 11.339310
155 146 0.000106 0.006490 11.318405 11.318405
156 147 0.000000 0.006590 11.302460 11.302460
157 148 0.000000 0.005938 11.287552 11.287552
158 149 0.000000 0.006198 11.264923 11.264923
159 150 0.000106 0.006715 11.237167 11.237167
160 151 0.000087 0.007598 11.203476 11.203476
161 152 0.000000 0.007804 11.173355 11.173355
162 153 0.000062 0.007965 11.144180 11.144180
163 154 0.000076 0.008470 11.111954 11.111954
164 155 0.000062 0.008127 11.078064 11.078064
165 156 0.000088 0.009103 11.038773 11.038773
166 157 0.000126 0.009919 10.994812 10.994812
167 158 0.000045 0.009562 10.950470 10.950470
168 159 0.000000 0.009477 10.904282 10.904282
169 160 0.000000 0.010922 10.852005 10.852005
170 161 0.000045 0.010589 10.795578 10.795578
171 162 0.000102 0.010664 10.731644 10.731644
172 163 0.000000 0.010489 10.657104 10.657104
173 164 0.000000 0.010949 10.573746 10.573746
174 165 0.000093 0.010269 10.477783 10.477783
175 166 0.000067 0.009824 10.373215 10.373215
176 167 0.000095 0.010034 10.262589 10.262589
177 168 0.000136 0.009297 10.145142 10.145142
178 169 0.000109 0.008587 10.025665 10.025665
179 170 0.000085 0.007571 9.898880 9.898880
180 171 0.000071 0.007567 9.779205 9.779205
181 172 0.000134 0.007853 9.658768 9.658768
182 173 0.000051 0.006750 9.532974 9.532974
183 174 0.000052 0.007149 9.404816 9.404816
184 175 0.000000 0.007810 9.274170 9.274170
185 176 0.000076 0.007886 9.131622 9.131622
186 177 0.000054 0.008975 8.981750 8.981750
187 178 0.000055 0.009793 8.819214 8.819214
188 179 0.000080 0.010847 8.650055 8.650055
189 180 0.000100 0.011525 8.466492 8.466492
190 181 0.000083 0.010174 8.274490 8.274490
191 182 0.000121 0.012568 8.084229 8.084229
192 183 0.000087 0.013320 7.894775 7.894775
193 184 0.000063 0.011652 7.706100 7.706100
194 185 0.000112 0.011841 7.522644 7.522644
195 186 0.000115 0.011551 7.343765 7.343765
196 187 0.000096 0.010748 7.178024 7.178024
197 188 0.000170 0.009926 7.031448 7.031448
198 189 0.000123 0.009645 6.900970 6.900970
199 190 0.000102 0.010557 6.792801 6.792801
200 191 0.000163 0.010308 6.697205 6.697205
201 192 0.000128 0.008718 6.617126 6.617126
202 193 0.000075 0.010131 6.550339 6.550339
203 194 0.000075 0.009706 6.498734 6.498734
204 195 0.000076 0.010286 6.460297 6.460297
205 196 0.000000 0.009678 6.429062 6.429062
206 197 0.000000 0.010013 6.397385 6.397385
207 198 0.000153 0.010410 6.366501 6.366501
208 199 0.000000 0.008703 6.332199 6.332199
209 200 0.000000 0.008751 6.301651 6.301651
210 201 0.000110 0.009314 6.275955 6.275955
211 202 0.000000 0.008187 6.258362 6.258362
212 203 0.000111 0.008197 6.247818 6.247818
213 204 0.000111 0.007428 6.246841 6.246841
214 205 0.000221 0.007678 6.249969 6.249969
215 206 0.000110 0.007672 6.257996 6.257996
216 207 0.000156 0.007358 6.273605 6.273605
217 208 0.000110 0.006998 6.300323 6.300323
218 209 0.000109 0.005898 6.334579 6.334579
219 210 0.000108 0.005153 6.373795 6.373795
220 211 0.000132 0.004883 6.414001 6.414001
221 212 0.000185 0.004989 6.459778 6.459778
222 213 0.000150 0.004982 6.503357 6.503357
223 214 0.000167 0.004924 6.553085 6.553085
224 215 0.000148 0.004864 6.609558 6.609558
225 216 0.000103 0.004905 6.675705 6.675705
226 217 0.000177 0.005017 6.744919 6.744919
227 218 0.000143 0.004247 6.810211 6.810211
228 219 0.000201 0.004803 6.877060 6.877060
229 220 0.000186 0.004303 6.938232 6.938232
230 221 0.000139 0.004254 7.002548 7.002548
231 222 0.000138 0.004873 7.074387 7.074387
232 223 0.000097 0.005813 7.150070 7.150070
233 224 0.000096 0.004139 7.224640 7.224640
234 225 0.000232 0.005469 7.287521 7.287521
235 226 0.000133 0.004748 7.342972 7.342972
236 227 0.000000 0.007328 7.390640 7.390640
237 228 0.000186 0.010443 7.433533 7.433533
238 229 0.000253 0.010904 7.478287 7.478287
239 230 0.000243 0.010059 7.515259 7.515259
240 231 0.000159 0.010059 7.540161 7.540161
241 232 0.000129 0.011238 7.552094 7.552094
242 233 0.000289 0.012747 7.560822 7.560822
243 234 0.000274 0.011349 7.568207 7.568207
244 235 0.000182 0.011201 7.576202 7.576202
245 236 0.000322 0.011148 7.590607 7.590607
246 237 0.000111 0.009237 7.601624 7.601624
247 238 0.000170 0.010316 7.615814 7.615814
248 239 0.000202 0.010659 7.626465 7.626465
249 240 0.000221 0.009215 7.640106 7.640106
250 241 0.000202 0.008292 7.655121 7.655121
251 242 0.000090 0.007823 7.664246 7.664246
252 243 0.000110 0.007615 7.676483 7.676483
253 244 0.000090 0.008023 7.682495 7.682495
254 245 0.000110 0.006207 7.685181 7.685181
255 246 0.000142 0.005593 7.686737 7.686737
256 247 0.000090 0.005678 7.681641 7.681641
257 248 0.000090 0.003979 7.673492 7.673492
258 249 0.000156 0.004653 7.656342 7.656342
259 250 0.000090 0.005803 7.634521 7.634521
260 251 0.000144 0.005286 7.602417 7.602417
261 252 0.000144 0.005651 7.559235 7.559235
262 253 0.000195 0.005639 7.506409 7.506409
263 254 0.000093 0.006240 7.438843 7.438843
264 255 0.000094 0.006947 7.355988 7.355988
265 256 0.000000 0.004452 7.257141 7.257141
266 257 0.000097 0.004400 7.142029 7.142029
267 258 0.000000 0.004628 7.010925 7.010925
268 259 0.000000 0.003368 6.866486 6.866486
269 260 0.000103 0.003739 6.712952 6.712952
270 261 0.000000 0.002795 6.550415 6.550415
271 262 0.000076 0.001989 6.388397 6.388397
272 263 0.000136 0.001036 6.233673 6.233673
273 264 0.000180 0.001302 6.079315 6.079315
274 265 0.000184 0.002190 5.935181 5.935181
275 266 0.000280 0.001774 5.785828 5.785828
276 267 0.000259 0.003194 5.657837 5.657837
277 268 0.000414 0.004795 5.537445 5.537445
278 269 0.000494 0.005738 5.414734 5.414734
279 270 0.000581 0.007157 5.312408 5.312408
280 271 0.000562 0.009740 5.211670 5.211670
281 272 0.000576 0.010182 5.089233 5.089233
282 273 0.000732 0.012668 4.993591 4.993591
283 274 0.000737 0.013995 4.870789 4.870789
284 275 0.000676 0.015626 4.792145 4.792145
285 276 0.000823 0.024644 4.710907 4.710907
286 277 0.000808 0.018212 4.604462 4.604462
287 278 0.000803 0.024144 4.547974 4.547974
288 279 0.000722 0.028829 4.483429 4.483429
289 280 0.000703 0.027558 4.394806 4.394806
290 281 0.000708 0.031400 4.364349 4.364349
291 282 0.000644 0.031555 4.286865 4.286865
292 283 0.000676 0.034726 4.275055 4.275055
293 284 0.000756 0.042520 4.235382 4.235382
294 285 0.000497 0.028557 4.164032 4.164032
295 286 0.000485 0.041563 4.150848 4.150848
296 287 0.000724 0.041205 4.103851 4.103851
297 288 0.000848 0.032687 4.032593 4.032593
298 289 0.001055 0.038787 4.007568 4.007568
299 290 0.001195 0.036047 3.941650 3.941650
300 291 0.001042 0.037285 3.920776 3.920776
301 292 0.001017 0.041424 3.872253 3.872253
302 293 0.001124 0.040416 3.837585 3.837585
303 294 0.001634 0.047324 3.850128 3.850128
304 295 0.002006 0.046266 3.848328 3.848328
305 296 0.001628 0.039023 3.876190 3.876190
306 297 0.001138 0.043421 3.931885 3.931885
307 298 0.001325 0.042382 4.003906 4.003906
308 299 0.001332 0.029686 4.082245 4.082245
309 300 0.001388 0.032577 4.162292 4.162292
310 301 0.001307 0.033947 4.277191 4.277191
311 302 0.001149 0.026033 4.376129 4.376129
312 303 0.000188 0.042817 4.507965 4.507965
313 304 0.000236 0.038419 4.626740 4.626740
314 305 0.000482 0.033012 4.749359 4.749359
315 306 0.000497 0.029036 4.914551 4.914551
316 307 0.000662 0.035332 5.054016 5.054016
317 308 0.000935 0.036951 5.249115 5.249115
318 309 0.001017 0.033737 5.431915 5.431915
319 310 0.001024 0.035591 5.620911 5.620911
320 311 0.001147 0.033479 5.819763 5.819763
321 312 0.000764 0.014221 5.998993 5.998993
322 313 0.000665 0.023560 6.228821 6.228821
323 314 0.000572 0.023405 6.439880 6.439880
324 315 0.000539 0.021482 6.652557 6.652557
325 316 0.000578 0.015072 6.865265 6.865265
326 317 0.000543 0.014194 7.074707 7.074707
327 318 0.000492 0.015302 7.289673 7.289673
328 319 0.000591 0.011986 7.484772 7.484772
329 320 0.000536 0.016050 7.724030 7.724030
330 321 0.000547 0.017288 7.940765 7.940765
331 322 0.000436 0.012347 8.147552 8.147552
332 323 0.000379 0.014213 8.357025 8.357025
333 324 0.000333 0.014354 8.553253 8.553253
334 325 0.000284 0.014296 8.780579 8.780579
335 326 0.000326 0.012655 8.977570 8.977570
336 327 0.000168 0.013408 9.201172 9.201172
337 328 0.000226 0.012561 9.417572 9.417572
338 329 0.000161 0.009192 9.618469 9.618469
339 330 0.000199 0.009606 9.829926 9.829926
340 331 0.000154 0.007437 10.020569 10.020569
341 332 0.000151 0.006911 10.219452 10.219452
342 333 0.000169 0.005451 10.405457 10.405457
343 334 0.000173 0.005510 10.579559 10.579559
344 335 0.000091 0.008079 10.751617 10.751617
345 336 0.000190 0.008836 10.913116 10.913116
346 337 0.000108 0.009385 11.071808 11.071808
347 338 0.000115 0.012140 11.215332 11.215332
348 339 0.000074 0.012285 11.360809 11.360809
349 340 0.000060 0.012034 11.501129 11.501129
350 341 0.000103 0.011802 11.624268 11.624268
351 342 0.000000 0.012700 11.729095 11.729095
352 343 0.000000 0.014434 11.808594 11.808594
353 344 0.000041 0.013596 11.888123 11.888123
354 345 0.000000 0.012826 11.946442 11.946442
355 346 0.000091 0.013296 11.992157 11.992157
356 347 0.000057 0.012901 12.029602 12.029602
357 348 0.000000 0.013159 12.054810 12.054810
358 349 0.000057 0.012126 12.073059 12.073059
359 350 0.000081 0.011829 12.089142 12.089142
360 351 0.000081 0.011138 12.112946 12.112946
361 352 0.000099 0.010504 12.135712 12.135712
362 353 0.000090 0.009213 12.152161 12.152161
363 354 0.000098 0.008563 12.179962 12.179962
364 355 0.000098 0.008321 12.206177 12.206177
365 356 0.000089 0.007288 12.233307 12.233307
366 357 0.000113 0.007221 12.256836 12.256836
367 358 0.000126 0.006656 12.288971 12.288971
368 359 0.000131 0.007322 12.319336 12.319336
369 360 0.000125 0.006016 12.346741 12.346741
370 361 0.000118 0.006693 12.384186 12.384186
371 362 0.000104 0.007292 12.418579 12.418579
372 363 0.000088 0.006992 12.449310 12.449310
373 364 0.000096 0.006643 12.481750 12.481750
374 365 0.000103 0.006861 12.508575 12.508575
375 366 0.000067 0.007012 12.539093 12.539093
376 367 0.000000 0.007937 12.559814 12.559814
377 368 0.000000 0.007977 12.591492 12.591492
378 369 0.000000 0.007107 12.623840 12.623840
379 370 0.000077 0.006401 12.654785 12.654785
380 371 0.000000 0.007518 12.685364 12.685364
381 372 0.000077 0.007801 12.711304 12.711304
382 373 0.000108 0.007923 12.740448 12.740448
383 374 0.000066 0.007475 12.767944 12.767944
384 375 0.000066 0.007332 12.801025 12.801025
385 376 0.000076 0.007168 12.835785 12.835785
386 377 0.000120 0.006745 12.865234 12.865234
387 378 0.000114 0.005830 12.889435 12.889435
388 379 0.000065 0.005139 12.916382 12.916382
389 380 0.000092 0.003540 12.944641 12.944641
390 381 0.000053 0.003684 12.974182 12.974182
391 382 0.000038 0.004425 13.005066 13.005066
392 383 0.000075 0.003721 13.040314 13.040314
393 384 0.000053 0.004113 13.066772 13.066772
394 385 0.000091 0.004445 13.091064 13.091064
395 386 0.000053 0.004398 13.108765 13.108765
396 387 0.000053 0.005001 13.136688 13.136688
397 388 0.000052 0.005613 13.153961 13.153961
398 389 0.000037 0.005246 13.163513 13.163513
399 390 0.000083 0.005538 13.169525 13.169525
400 391 0.000052 0.003838 13.164429 13.164429
401 392 0.000064 0.004154 13.156921 13.156921
402 393 0.000074 0.004419 13.146240 13.146240
403 394 0.000053 0.005394 13.131226 13.131226
404 395 0.000112 0.004989 13.120087 13.120087
405 396 0.000065 0.004881 13.093170 13.093170
406 397 0.000075 0.004991 13.072723 13.072723
407 398 0.000053 0.004966 13.051331 13.051331
408 399 0.000106 0.004934 13.028473 13.028473
409 400 0.000000 0.006069 13.003387 13.003387
410 401 0.000053 0.006580 12.972870 12.972870
411 402 0.000038 0.007441 12.944763 12.944763
412 403 0.000053 0.006877 12.909515 12.909515
413 404 0.000076 0.007776 12.868835 12.868835
414 405 0.000076 0.007527 12.818909 12.818909
415 406 0.000077 0.009647 12.756226 12.756226
416 407 0.000039 0.009682 12.680756 12.680756
417 408 0.000055 0.010849 12.588501 12.588501
418 409 0.000078 0.010374 12.478577 12.478577
419 410 0.000137 0.010697 12.357758 12.357758
420 411 0.000057 0.008883 12.216095 12.216095
421 412 0.000040 0.009094 12.062653 12.062653
422 413 0.000041 0.008683 11.887146 11.887146
423 414 0.000000 0.009422 11.705109 11.705109
424 415 0.000085 0.008551 11.507721 11.507721
425 416 0.000086 0.009101 11.303680 11.303680
426 417 0.000062 0.010781 11.091888 11.091888
427 418 0.000090 0.010769 10.880676 10.880676
428 419 0.000079 0.011213 10.657135 10.657135
429 420 0.000000 0.010920 10.425751 10.425751
430 421 0.000083 0.010527 10.195007 10.195007
431 422 0.000085 0.010818 9.963531 9.963531
432 423 0.000100 0.010814 9.729584 9.729584
433 424 0.000073 0.010103 9.494568 9.494568
434 425 0.000075 0.009870 9.256531 9.256531
435 426 0.000054 0.008335 9.023743 9.023743
436 427 0.000056 0.007716 8.792267 8.792267
437 428 0.000000 0.007809 8.573090 8.573090
438 429 0.000000 0.007489 8.366516 8.366516
439 430 0.000000 0.008108 8.168762 8.168762
440 431 0.000000 0.007693 7.986572 7.986572
441 432 0.000000 0.006907 7.811584 7.811584
442 433 0.000000 0.007690 7.645050 7.645050
443 434 0.000065 0.006978 7.490234 7.490234
444 435 0.000094 0.006670 7.349060 7.349060
445 436 0.000068 0.007984 7.221497 7.221497
446 437 0.000000 0.009504 7.101898 7.101898
447 438 0.000099 0.011067 6.990662 6.990662
448 439 0.000071 0.009993 6.880402 6.880402
449 440 0.000072 0.010386 6.775879 6.775879
450 441 0.000000 0.012999 6.682922 6.682922
451 442 0.000000 0.011915 6.604645 6.604645
452 443 0.000106 0.014522 6.537811 6.537811
453 444 0.000000 0.013940 6.477631 6.477631
454 445 0.000076 0.015154 6.424072 6.424072
455 446 0.000133 0.015872 6.377167 6.377167
456 447 0.000077 0.014766 6.338501 6.338501
457 448 0.000155 0.014067 6.305359 6.305359
458 449 0.000135 0.014616 6.271240 6.271240
459 450 0.000271 0.013286 6.245239 6.245239
460 451 0.000192 0.014547 6.225800 6.225800
461 452 0.000136 0.011962 6.222229 6.222229
462 453 0.000000 0.012651 6.231384 6.231384
463 454 0.000135 0.012571 6.256927 6.256927
464 455 0.000134 0.012013 6.293152 6.293152
465 456 0.000109 0.012442 6.339050 6.339050
466 457 0.000000 0.011051 6.402466 6.402466
467 458 0.000000 0.009919 6.485535 6.485535
468 459 0.000371 0.009173 6.585754 6.585754
469 460 0.000178 0.006759 6.702576 6.702576
470 461 0.000124 0.008569 6.824036 6.824036
471 462 0.000000 0.007330 6.951019 6.951019
472 463 0.000154 0.007450 7.076782 7.076782
473 464 0.000096 0.006805 7.211517 7.211517
474 465 0.000094 0.006826 7.352509 7.352509
475 466 0.000130 0.007355 7.500519 7.500519
476 467 0.000000 0.006144 7.657959 7.657959
477 468 0.000125 0.006049 7.812500 7.812500
478 469 0.000000 0.006672 7.968231 7.968231
479 470 0.000000 0.005848 8.120605 8.120605
480 471 0.000083 0.006457 8.271576 8.271576
481 472 0.000082 0.005843 8.426147 8.426147
482 473 0.000000 0.005242 8.581329 8.581329
483 474 0.000000 0.004904 8.740692 8.740692
484 475 0.000110 0.005724 8.898743 8.898743
485 476 0.000076 0.005226 9.050262 9.050262
486 477 0.000075 0.005754 9.203430 9.203430
487 478 0.000128 0.004694 9.351501 9.351501
488 479 0.000136 0.005726 9.513031 9.513031
489 480 0.000124 0.004836 9.679901 9.679901
490 481 0.000140 0.006922 9.843750 9.843750
491 482 0.000120 0.006027 9.996429 9.996429
492 483 0.000127 0.005729 10.149445 10.149445
493 484 0.000106 0.005671 10.303955 10.303955
494 485 0.000114 0.006634 10.457916 10.457916
495 486 0.000113 0.006189 10.608917 10.608917
496 487 0.000091 0.007095 10.761139 10.761139
497 488 0.000142 0.006653 10.905823 10.905823
498 489 0.000133 0.005573 11.038910 11.038910
499 490 0.000151 0.006248 11.176788 11.176788
500 491 0.000114 0.005390 11.319336 11.319336
501 492 0.000074 0.007012 11.446777 11.446777
502 493 0.000163 0.007160 11.580017 11.580017
503 494 0.000132 0.007162 11.727051 11.727051
504 495 0.000123 0.007741 11.872437 11.872437
505 496 0.000135 0.005849 12.010986 12.010986
506 497 0.000171 0.006446 12.137817 12.137817
507 498 0.000080 0.006254 12.279053 12.279053
508 499 0.000096 0.005455 12.417542 12.417542
509 500 0.000135 0.006260 12.556824 12.556824
510 501 0.000184 0.004969 12.705566 12.705566
511 502 0.000108 0.003622 12.833679 12.833679
512 503 0.000075 0.003677 12.936646 12.936646
513 504 0.000119 0.003401 13.024536 13.024536
514 505 0.000083 0.004128 13.101257 13.101257
515 506 0.000074 0.003861 13.165283 13.165283
516 507 0.000052 0.004518 13.207458 13.207458
517 508 0.000052 0.004279 13.232178 13.232178
518 509 0.000104 0.004651 13.245605 13.245605
519 510 0.000156 0.005219 13.239807 13.239807
520 511 0.000052 0.004927 13.229675 13.229675
521 512 0.000074 0.005629 13.224548 13.224548
522 513 0.000052 0.005615 13.220154 13.220154
523 514 0.000083 0.006340 13.215088 13.215088
524 515 0.000064 0.004925 13.209778 13.209778
525 516 0.000111 0.004489 13.193909 13.193909
526 517 0.000064 0.004215 13.184448 13.184448
527 518 0.000083 0.003815 13.171082 13.171082
528 519 0.000000 0.004032 13.160278 13.160278
529 520 0.000037 0.004045 13.152527 13.152527
530 521 0.000000 0.003321 13.132263 13.132263
531 522 0.000065 0.003720 13.109863 13.109863
532 523 0.000053 0.004286 13.080444 13.080444
533 524 0.000118 0.004067 13.056702 13.056702
534 525 0.000053 0.003850 13.042236 13.042236
535 526 0.000053 0.004114 13.020142 13.020142
536 527 0.000038 0.003863 13.000793 13.000793
537 528 0.000053 0.004696 12.974976 12.974976
538 529 0.000053 0.004855 12.946350 12.946350
539 530 0.000053 0.005122 12.921509 12.921509
540 531 0.000038 0.005863 12.893677 12.893677
541 532 0.000085 0.005739 12.872253 12.872253
542 533 0.000054 0.004966 12.856384 12.856384
543 534 0.000054 0.005681 12.834412 12.834412
544 535 0.000000 0.004654 12.808472 12.808472
545 536 0.000054 0.005156 12.778687 12.778687
546 537 0.000038 0.004609 12.754700 12.754700
547 538 0.000000 0.004989 12.725586 12.725586
548 539 0.000054 0.005425 12.691711 12.691711
549 540 0.000039 0.004493 12.656006 12.656006
550 541 0.000067 0.004298 12.623230 12.623230
551 542 0.000078 0.004408 12.580200 12.580200
552 543 0.000095 0.004554 12.538513 12.538513
553 544 0.000078 0.004456 12.498962 12.498962
554 545 0.000055 0.004814 12.458923 12.458923
555 546 0.000079 0.004326 12.428223 12.428223
556 547 0.000039 0.004214 12.398926 12.398926
557 548 0.000039 0.004442 12.372681 12.372681
558 549 0.000040 0.003950 12.353210 12.353210
559 550 0.000000 0.004605 12.328064 12.328064
560 551 0.000056 0.005976 12.311584 12.311584
561 552 0.000089 0.005798 12.297607 12.297607
562 553 0.000097 0.006469 12.289795 12.289795
563 554 0.000056 0.005347 12.289795 12.289795
564 555 0.000079 0.005861 12.288513 12.288513
565 556 0.000056 0.006028 12.293396 12.293396
566 557 0.000069 0.006296 12.304871 12.304871
567 558 0.000119 0.005023 12.318970 12.318970
568 559 0.000148 0.004605 12.344055 12.344055
569 560 0.000112 0.004395 12.370056 12.370056
570 561 0.000104 0.004967 12.399719 12.399719
571 562 0.000039 0.003278 12.434937 12.434937
572 563 0.000000 0.004015 12.462463 12.462463
573 564 0.000039 0.003486 12.487854 12.487854
574 565 0.000087 0.004161 12.518066 12.518066
575 566 0.000055 0.003014 12.549072 12.549072
576 567 0.000039 0.003041 12.575500 12.575500
577 568 0.000039 0.003435 12.600403 12.600403
578 569 0.000067 0.003825 12.621338 12.621338
579 570 0.000000 0.003764 12.649780 12.649780
580 571 0.000067 0.004991 12.671936 12.671936
581 572 0.000054 0.004350 12.697693 12.697693
582 573 0.000054 0.004415 12.722778 12.722778
583 574 0.000066 0.004139 12.739197 12.739197
584 575 0.000101 0.005190 12.758423 12.758423
585 576 0.000038 0.004977 12.785645 12.785645
586 577 0.000054 0.004761 12.801880 12.801880
587 578 0.000066 0.004450 12.814270 12.814270
588 579 0.000085 0.004790 12.818420 12.818420
589 580 0.000114 0.005482 12.822510 12.822510
590 581 0.000076 0.005057 12.822998 12.822998
591 582 0.000038 0.005888 12.816833 12.816833
592 583 0.000000 0.004927 12.813599 12.813599
593 584 0.000076 0.003701 12.801147 12.801147
594 585 0.000038 0.004173 12.777466 12.777466
595 586 0.000094 0.003779 12.754211 12.754211
596 587 0.000054 0.003662 12.736938 12.736938
597 588 0.000038 0.003042 12.720642 12.720642
598 589 0.000077 0.002922 12.702271 12.702271
599 590 0.000054 0.002729 12.683838 12.683838
600 591 0.000067 0.002701 12.669250 12.669250
601 592 0.000094 0.002503 12.656677 12.656677
602 593 0.000109 0.002308 12.637024 12.637024
603 594 0.000134 0.002766 12.629883 12.629883
604 595 0.000055 0.002916 12.630493 12.630493
605 596 0.000067 0.002601 12.624023 12.624023
606 597 0.000067 0.002155 12.615723 12.615723
607 598 0.000000 0.002986 12.608215 12.608215
608 599 0.000039 0.002386 12.607605 12.607605
609 600 0.000067 0.001916 12.604797 12.604797
610 601 0.000000 0.003057 12.600403 12.600403
611 602 0.000000 0.002086 12.600830 12.600830
612 603 0.000055 0.000306 12.591370 12.591370
613 604 0.000055 0.000890 12.584412 12.584412
614 605 0.000055 0.002128 12.573608 12.573608
615 606 0.000095 0.001831 12.559326 12.559326
616 607 0.000039 0.002860 12.547485 12.547485
617 608 0.000055 0.002134 12.526245 12.526245
618 609 0.000000 0.003167 12.507080 12.507080
619 610 0.000055 0.003129 12.477112 12.477112
620 611 0.000096 0.003157 12.448120 12.448120
621 612 0.000000 0.003771 12.416199 12.416199
622 613 0.000104 0.004886 12.384033 12.384033
623 614 0.000040 0.004450 12.358765 12.358765
624 615 0.000097 0.004853 12.328125 12.328125
625 616 0.000056 0.005084 12.290405 12.290405
626 617 0.000056 0.005308 12.252258 12.252258
627 618 0.000000 0.005950 12.215820 12.215820
628 619 0.000000 0.006440 12.183411 12.183411
629 620 0.000057 0.005700 12.149719 12.149719
630 621 0.000000 0.005638 12.124939 12.124939
631 622 0.000057 0.004834 12.084900 12.084900
632 623 0.000057 0.004831 12.045593 12.045593
633 624 0.000115 0.005036 12.012268 12.012268
634 625 0.000000 0.004282 11.981018 11.981018
635 626 0.000000 0.005827 11.951416 11.951416
636 627 0.000041 0.005766 11.914917 11.914917
637 628 0.000000 0.005938 11.883728 11.883728
638 629 0.000058 0.005350 11.852844 11.852844
639 630 0.000058 0.006557 11.816589 11.816589
640 631 0.000041 0.006421 11.786743 11.786743
641 632 0.000093 0.007205 11.749695 11.749695
642 633 0.000072 0.007287 11.718628 11.718628
643 634 0.000059 0.008958 11.683655 11.683655
644 635 0.000073 0.006895 11.653625 11.653625
645 636 0.000042 0.006933 11.622681 11.622681
646 637 0.000060 0.006349 11.587891 11.587891
647 638 0.000042 0.007267 11.556152 11.556152
648 639 0.000060 0.006555 11.520142 11.520142
649 640 0.000060 0.006097 11.484314 11.484314
650 641 0.000060 0.005974 11.452026 11.452026
651 642 0.000043 0.004990 11.411560 11.411560
652 643 0.000000 0.004910 11.369324 11.369324
653 644 0.000061 0.005638 11.316895 11.316895
654 645 0.000000 0.006912 11.262756 11.262756
655 646 0.000075 0.006960 11.205383 11.205383
656 647 0.000000 0.007493 11.140381 11.140381
657 648 0.000000 0.007407 11.075134 11.075134
658 649 0.000063 0.007249 11.002319 11.002319
659 650 0.000063 0.008030 10.922546 10.922546
660 651 0.000064 0.008131 10.836487 10.836487
661 652 0.000000 0.007480 10.748962 10.748962
662 653 0.000065 0.008736 10.655701 10.655701
663 654 0.000122 0.006273 10.551331 10.551331
664 655 0.000000 0.007740 10.433594 10.433594
665 656 0.000082 0.007056 10.308289 10.308289
666 657 0.000048 0.008324 10.170166 10.170166
667 658 0.000000 0.007906 10.017761 10.017761
668 659 0.000000 0.007435 9.851685 9.851685
669 660 0.000071 0.006837 9.668762 9.668762
670 661 0.000115 0.010007 9.470398 9.470398
671 662 0.000000 0.010498 9.258057 9.258057
672 663 0.000132 0.012394 9.036316 9.036316
673 664 0.000147 0.010316 8.808594 8.808594
674 665 0.000099 0.012657 8.562195 8.562195
675 666 0.000176 0.011851 8.310486 8.310486
676 667 0.000171 0.011422 8.059143 8.059143
677 668 0.000207 0.010356 7.806152 7.806152
678 669 0.000296 0.009790 7.553772 7.553772
679 670 0.000341 0.004954 7.305969 7.305969
680 671 0.000353 0.004471 7.057922 7.057922
681 672 0.000497 0.007170 6.804871 6.804871
682 673 0.000510 0.010454 6.562805 6.562805
683 674 0.000517 0.016296 6.337708 6.337708
684 675 0.000525 0.019341 6.100830 6.100830
685 676 0.000642 0.024897 5.891846 5.891846
686 677 0.000736 0.024660 5.670471 5.670471
687 678 0.000653 0.030271 5.491577 5.491577
688 679 0.000686 0.034245 5.328613 5.328613
689 680 0.000738 0.037079 5.165222 5.165222
690 681 0.000655 0.041055 5.055603 5.055603
691 682 0.000782 0.043188 4.954712 4.954712
692 683 0.000819 0.041272 4.843933 4.843933
693 684 0.000736 0.046586 4.786072 4.786072
694 685 0.000777 0.046914 4.704651 4.704651
695 686 0.000862 0.052464 4.670471 4.670471
696 687 0.001089 0.058172 4.615295 4.615295
697 688 0.001146 0.055038 4.550293 4.550293
698 689 0.000897 0.042488 4.520203 4.520203
699 690 0.000928 0.044571 4.465149 4.465149
700 691 0.000782 0.046445 4.416016 4.416016
701 692 0.000684 0.047265 4.397705 4.397705
702 693 0.000749 0.046431 4.373535 4.373535
703 694 0.000850 0.042011 4.375122 4.375122
704 695 0.000732 0.039499 4.372620 4.372620
705 696 0.000694 0.034269 4.390808 4.390808
706 697 0.000957 0.036005 4.417786 4.417786
707 698 0.001139 0.053208 4.456238 4.456238
708 699 0.001098 0.051593 4.492737 4.492737
709 700 0.001064 0.041847 4.543823 4.543823
710 701 0.001039 0.049743 4.626343 4.626343
711 702 0.000361 0.052200 4.688538 4.688538
712 703 0.000177 0.045566 4.782471 4.782471
713 704 0.000482 0.039878 4.856323 4.856323
714 705 0.000603 0.031143 4.928345 4.928345
715 706 0.000744 0.031503 5.043640 5.043640
716 707 0.000912 0.024511 5.137146 5.137146
717 708 0.001330 0.044867 5.280090 5.280090
718 709 0.001273 0.042892 5.397217 5.397217
719 710 0.001199 0.033253 5.492920 5.492920
720 711 0.000839 0.031595 5.642822 5.642822
721 712 0.000986 0.026583 5.751404 5.751404
722 713 0.001130 0.031141 5.910156 5.910156
723 714 0.001147 0.031327 6.063660 6.063660
724 715 0.001083 0.029241 6.215088 6.215088
725 716 0.000967 0.027948 6.387512 6.387512
726 717 0.000761 0.017562 6.540405 6.540405
727 718 0.000645 0.019616 6.731140 6.731140
728 719 0.000661 0.019526 6.926941 6.926941
729 720 0.000698 0.010650 7.101746 7.101746
730 721 0.000620 0.011540 7.301086 7.301086
731 722 0.000601 0.009098 7.487183 7.487183
732 723 0.000436 0.007295 7.685059 7.685059
733 724 0.000322 0.006330 7.870972 7.870972
734 725 0.000332 0.005863 8.059875 8.059875
735 726 0.000167 0.006855 8.246521 8.246521
736 727 0.000116 0.006693 8.424316 8.424316
737 728 0.000000 0.007262 8.601562 8.601562
738 729 0.000000 0.007215 8.776855 8.776855
739 730 0.000077 0.006923 8.952454 8.952454
740 731 0.000161 0.007509 9.122925 9.122925
741 732 0.000105 0.007258 9.291626 9.291626
742 733 0.000103 0.007194 9.454224 9.454224
743 734 0.000102 0.006925 9.616699 9.616699
744 735 0.000100 0.007362 9.774963 9.774963
745 736 0.000000 0.007916 9.929199 9.929199
746 737 0.000068 0.008540 10.086426 10.086426
747 738 0.000048 0.007614 10.238220 10.238220
748 739 0.000047 0.009828 10.387878 10.387878
749 740 0.000080 0.010422 10.532043 10.532043
750 741 0.000000 0.011761 10.670410 10.670410
751 742 0.000111 0.012538 10.809509 10.809509
752 743 0.000100 0.009846 10.950928 10.950928
753 744 0.000088 0.010339 11.089294 11.089294
754 745 0.000000 0.011520 11.230713 11.230713
755 746 0.000000 0.011921 11.362000 11.362000
756 747 0.000000 0.009846 11.493042 11.493042
757 748 0.000084 0.010076 11.628174 11.628174
758 749 0.000083 0.007654 11.765320 11.765320
759 750 0.000082 0.006464 11.902710 11.902710
760 751 0.000107 0.006706 12.035278 12.035278
761 752 0.000070 0.007371 12.164124 12.164124
762 753 0.000112 0.005643 12.293884 12.293884
763 754 0.000171 0.004564 12.421143 12.421143
764 755 0.000156 0.003350 12.555664 12.555664
765 756 0.000128 0.005033 12.692993 12.692993
766 757 0.000148 0.005187 12.817139 12.817139
767 758 0.000092 0.005822 12.952332 12.952332
768 759 0.000091 0.005826 13.082703 13.082703
769 760 0.000098 0.004994 13.203430 13.203430
770 761 0.000110 0.006076 13.304810 13.304810
771 762 0.000063 0.005642 13.390442 13.390442
772 763 0.000120 0.005453 13.460266 13.460266
773 764 0.000072 0.005616 13.509277 13.509277
774 765 0.000102 0.005255 13.544006 13.544006
775 766 0.000108 0.005229 13.564819 13.564819
776 767 0.000153 0.005123 13.574280 13.574280
777 768 0.000125 0.005728 13.568542 13.568542
778 769 0.000125 0.006349 13.558899 13.558899
779 770 0.000088 0.006106 13.551086 13.551086
780 771 0.000130 0.006453 13.544556 13.544556
781 772 0.000088 0.006456 13.543396 13.543396
782 773 0.000081 0.006687 13.542786 13.542786
783 774 0.000088 0.006574 13.531921 13.531921
784 775 0.000072 0.005605 13.525085 13.525085
785 776 0.000089 0.007125 13.499634 13.499634
786 777 0.000072 0.007105 13.488220 13.488220
787 778 0.000089 0.006753 13.475586 13.475586
788 779 0.000089 0.006921 13.454590 13.454590
789 780 0.000073 0.006753 13.435791 13.435791
790 781 0.000081 0.005718 13.410339 13.410339
791 782 0.000073 0.007862 13.388184 13.388184
792 783 0.000037 0.008194 13.362549 13.362549
793 784 0.000073 0.009414 13.341858 13.341858
794 785 0.000037 0.008087 13.330444 13.330444
795 786 0.000000 0.007566 13.304199 13.304199
796 787 0.000090 0.007639 13.275635 13.275635
797 788 0.000000 0.008320 13.255066 13.255066
798 789 0.000074 0.008151 13.229553 13.229553
799 790 0.000052 0.008957 13.205872 13.205872
800 791 0.000052 0.008446 13.179443 13.179443
801 792 0.000064 0.007071 13.161194 13.161194
802 793 0.000083 0.006794 13.138733 13.138733
803 794 0.000091 0.007447 13.105713 13.105713
804 795 0.000065 0.008034 13.085144 13.085144
805 796 0.000099 0.008567 13.065063 13.065063
806 797 0.000053 0.007319 13.042969 13.042969
807 798 0.000038 0.007220 13.019348 13.019348
808 799 0.000075 0.007332 12.998169 12.998169
809 800 0.000084 0.006688 12.977478 12.977478
810 801 0.000038 0.007221 12.957153 12.957153
811 802 0.000000 0.007308 12.935181 12.935181
812 803 0.000076 0.007141 12.914246 12.914246
813 804 0.000038 0.007277 12.887634 12.887634
814 805 0.000038 0.007985 12.861389 12.861389
815 806 0.000054 0.008448 12.843445 12.843445
816 807 0.000054 0.009717 12.816895 12.816895
817 808 0.000038 0.008890 12.786499 12.786499
818 809 0.000054 0.009215 12.757141 12.757141
819 810 0.000038 0.009481 12.727539 12.727539
820 811 0.000054 0.009362 12.697815 12.697815
821 812 0.000054 0.009124 12.672974 12.672974
822 813 0.000055 0.009477 12.646606 12.646606
823 814 0.000087 0.008429 12.614441 12.614441
824 815 0.000055 0.010651 12.576599 12.576599
825 816 0.000055 0.010010 12.547302 12.547302
826 817 0.000055 0.010675 12.519592 12.519592
827 818 0.000039 0.009913 12.488770 12.488770
828 819 0.000039 0.012226 12.456787 12.456787
829 820 0.000039 0.011982 12.429932 12.429932
830 821 0.000056 0.013831 12.398987 12.398987
831 822 0.000056 0.013522 12.370300 12.370300
832 823 0.000000 0.013300 12.351074 12.351074
833 824 0.000056 0.011369 12.329895 12.329895
834 825 0.000079 0.011448 12.316895 12.316895
835 826 0.000097 0.010838 12.300659 12.300659
836 827 0.000112 0.012067 12.287720 12.287720
837 828 0.000112 0.008656 12.277283 12.277283
838 829 0.000113 0.009736 12.262451 12.262451
839 830 0.000056 0.007553 12.256836 12.256836
840 831 0.000098 0.010369 12.247620 12.247620
841 832 0.000098 0.006802 12.238892 12.238892
842 833 0.000000 0.006193 12.231812 12.231812
843 834 0.000057 0.006540 12.218262 12.218262
844 835 0.000069 0.006402 12.212280 12.212280
845 836 0.000106 0.006837 12.205688 12.205688
846 837 0.000080 0.007571 12.197327 12.197327
847 838 0.000080 0.006784 12.193848 12.193848
848 839 0.000040 0.006939 12.183044 12.183044
849 840 0.000069 0.006504 12.177917 12.177917
850 841 0.000069 0.008245 12.168762 12.168762
851 842 0.000040 0.008522 12.159973 12.159973
852 843 0.000057 0.008348 12.154419 12.154419
853 844 0.000057 0.007971 12.140747 12.140747
854 845 0.000040 0.007043 12.129089 12.129089
855 846 0.000099 0.006988 12.116577 12.116577
856 847 0.000107 0.007698 12.094727 12.094727
857 848 0.000057 0.007055 12.072205 12.072205
858 849 0.000070 0.006659 12.053467 12.053467
859 850 0.000000 0.006355 12.030640 12.030640
860 851 0.000041 0.006090 12.004639 12.004639
861 852 0.000100 0.006087 11.974487 11.974487
862 853 0.000082 0.005832 11.945557 11.945557
863 854 0.000000 0.006102 11.915649 11.915649
864 855 0.000092 0.005500 11.884644 11.884644
865 856 0.000058 0.005767 11.860168 11.860168
866 857 0.000092 0.006057 11.831360 11.831360
867 858 0.000083 0.005770 11.797363 11.797363
868 859 0.000072 0.005881 11.770386 11.770386
869 860 0.000042 0.006226 11.746826 11.746826
870 861 0.000059 0.006120 11.721191 11.721191
871 862 0.000118 0.006255 11.697754 11.697754
872 863 0.000042 0.006055 11.664246 11.664246
873 864 0.000042 0.005769 11.639771 11.639771
874 865 0.000084 0.005450 11.610168 11.610168
875 866 0.000119 0.005322 11.585571 11.585571
876 867 0.000094 0.005190 11.556580 11.556580
877 868 0.000085 0.004892 11.531616 11.531616
878 869 0.000104 0.005034 11.504089 11.504089
879 870 0.000095 0.003659 11.476562 11.476562
880 871 0.000104 0.003870 11.449097 11.449097
881 872 0.000128 0.003365 11.425842 11.425842
882 873 0.000086 0.003437 11.401306 11.401306
883 874 0.000086 0.002992 11.375732 11.375732
884 875 0.000061 0.004235 11.354004 11.354004
885 876 0.000086 0.005056 11.329163 11.329163
886 877 0.000043 0.004682 11.295044 11.295044
887 878 0.000075 0.005424 11.267700 11.267700
888 879 0.000000 0.005434 11.240417 11.240417
889 880 0.000044 0.005548 11.211548 11.211548
890 881 0.000098 0.005906 11.183838 11.183838
891 882 0.000088 0.006282 11.139648 11.139648
892 883 0.000088 0.005338 11.090942 11.090942
893 884 0.000044 0.005719 11.018005 11.018005
894 885 0.000167 0.006252 10.938354 10.938354
895 886 0.000064 0.006099 10.850647 10.850647
896 887 0.000120 0.006404 10.730957 10.730957
897 888 0.000103 0.006374 10.602478 10.602478
898 889 0.000066 0.006323 10.469543 10.469543
899 890 0.000000 0.006404 10.337402 10.337402
900 891 0.000000 0.006633 10.218872 10.218872
901 892 0.000216 0.007671 10.114014 10.114014
902 893 0.000109 0.006450 10.030640 10.030640
903 894 0.000000 0.005691 9.951721 9.951721
904 895 0.000156 0.005535 9.883850 9.883850
905 896 0.000111 0.006101 9.840332 9.840332
906 897 0.000100 0.005493 9.810303 9.810303
907 898 0.000071 0.005216 9.785217 9.785217
908 899 0.000132 0.005492 9.759094 9.759094
909 900 0.000087 0.004850 9.726929 9.726929
910 901 0.000050 0.005937 9.691650 9.691650
911 902 0.000000 0.006001 9.649658 9.649658
912 903 0.000072 0.006552 9.617859 9.617859
913 904 0.000000 0.007489 9.591248 9.591248
914 905 0.000000 0.007609 9.574524 9.574524
915 906 0.000051 0.007781 9.563477 9.563477
916 907 0.000072 0.007382 9.563843 9.563843
917 908 0.000102 0.007751 9.572632 9.572632
918 909 0.000072 0.010995 9.590942 9.590942
919 910 0.000072 0.009937 9.618164 9.618164
920 911 0.000071 0.011731 9.659668 9.659668
921 912 0.000112 0.008836 9.705200 9.705200
922 913 0.000050 0.009086 9.754761 9.754761
923 914 0.000000 0.008764 9.804199 9.804199
924 915 0.000070 0.009688 9.859131 9.859131
925 916 0.000099 0.008471 9.911743 9.911743
926 917 0.000162 0.008760 9.969604 9.969604
927 918 0.000119 0.007225 10.025513 10.025513
928 919 0.000097 0.006574 10.080933 10.080933
929 920 0.000083 0.006242 10.138062 10.138062
930 921 0.000127 0.007809 10.201660 10.201660
931 922 0.000117 0.008701 10.262573 10.262573
932 923 0.000106 0.008130 10.327759 10.327759
933 924 0.000133 0.007908 10.389038 10.389038
934 925 0.000093 0.009133 10.453369 10.453369
935 926 0.000080 0.009106 10.521118 10.521118
936 927 0.000065 0.007972 10.592651 10.592651
937 928 0.000112 0.008360 10.666870 10.666870
938 929 0.000064 0.009851 10.742554 10.742554
939 930 0.000078 0.009012 10.815308 10.815308
940 931 0.000063 0.009180 10.894897 10.894897
941 932 0.000089 0.009115 10.975342 10.975342
942 933 0.000108 0.008575 11.064453 11.064453
943 934 0.000116 0.008395 11.153809 11.153809
944 935 0.000123 0.007803 11.244385 11.244385
945 936 0.000136 0.008145 11.336670 11.336670
946 937 0.000096 0.009499 11.426270 11.426270
947 938 0.000000 0.008051 11.524170 11.524170
948 939 0.000059 0.008494 11.624146 11.624146
949 940 0.000042 0.008082 11.720337 11.720337
950 941 0.000000 0.007119 11.823120 11.823120
951 942 0.000000 0.007886 11.917236 11.917236
952 943 0.000122 0.007890 12.009888 12.009888
953 944 0.000099 0.008252 12.099121 12.099121
954 945 0.000139 0.008563 12.185547 12.185547
955 946 0.000080 0.007100 12.281006 12.281006
956 947 0.000000 0.008032 12.368042 12.368042
957 948 0.000039 0.007580 12.455566 12.455566
958 949 0.000055 0.006863 12.541626 12.541626
959 950 0.000055 0.007179 12.617676 12.617676
960 951 0.000038 0.007518 12.694702 12.694702
961 952 0.000038 0.008240 12.762573 12.762573
962 953 0.000066 0.008634 12.822510 12.822510
963 954 0.000038 0.009285 12.875000 12.875000
964 955 0.000000 0.009210 12.910767 12.910767
965 956 0.000053 0.008983 12.935669 12.935669
966 957 0.000075 0.009806 12.949219 12.949219
967 958 0.000075 0.009736 12.957520 12.957520
968 959 0.000038 0.010505 12.955566 12.955566
969 960 0.000000 0.010174 12.953369 12.953369
970 961 0.000053 0.009741 12.945923 12.945923
971 962 0.000053 0.008723 12.935181 12.935181
972 963 0.000000 0.008164 12.922607 12.922607
973 964 0.000093 0.008953 12.905029 12.905029
974 965 0.000076 0.008984 12.891724 12.891724
975 966 0.000000 0.008192 12.874023 12.874023
976 967 0.000038 0.007974 12.851685 12.851685
977 968 0.000085 0.007221 12.831421 12.831421
978 969 0.000000 0.007316 12.802490 12.802490
979 970 0.000054 0.007897 12.779663 12.779663
980 971 0.000101 0.007905 12.748291 12.748291
981 972 0.000000 0.007489 12.714600 12.714600
982 973 0.000000 0.007596 12.685059 12.685059
983 974 0.000000 0.007213 12.654053 12.654053
984 975 0.000000 0.007009 12.628052 12.628052
985 976 0.000039 0.006261 12.600098 12.600098
986 977 0.000095 0.006948 12.566528 12.566528
987 978 0.000055 0.005566 12.530273 12.530273
988 979 0.000000 0.005688 12.494141 12.494141
989 980 0.000055 0.006191 12.465332 12.465332
990 981 0.000068 0.006780 12.438110 12.438110
991 982 0.000056 0.006895 12.410400 12.410400
992 983 0.000039 0.007434 12.373169 12.373169
993 984 0.000079 0.008019 12.339355 12.339355
994 985 0.000000 0.008803 12.306030 12.306030
995 986 0.000040 0.009249 12.272095 12.272095
996 987 0.000069 0.009796 12.239868 12.239868
997 988 0.000080 0.010599 12.203735 12.203735
998 989 0.000090 0.011326 12.171875 12.171875
999 990 0.000106 0.010970 12.139404 12.139404
1000 991 0.000128 0.011306 12.099609 12.099609
1001 992 0.000128 0.010902 12.059692 12.059692
1002 993 0.000081 0.010361 12.000732 12.000732
1003 994 0.000116 0.010557 11.928955 11.928955
1004 995 0.000071 0.009433 11.842041 11.842041
1005 996 0.000125 0.009364 11.734131 11.734131
1006 997 0.000103 0.009495 11.603882 11.603882
1007 998 0.000085 0.010129 11.441650 11.441650
1008 999 0.000061 0.010656 11.263916 11.263916
1009 1000 0.000062 0.011523 11.064331 11.064331
1010 1001 0.000110 0.012632 10.842407 10.842407
1011 1002 0.000000 0.013041 10.604980 10.604980
1012 1003 0.000082 0.012450 10.360718 10.360718
1013 1004 0.000068 0.013786 10.101929 10.101929
1014 1005 0.000050 0.014628 9.837646 9.837646
1015 1006 0.000051 0.014311 9.568237 9.568237
1016 1007 0.000091 0.014062 9.292847 9.292847
1017 1008 0.000094 0.013875 9.009033 9.009033
1018 1009 0.000079 0.012722 8.723267 8.723267
1019 1010 0.000082 0.012478 8.436523 8.436523
1020 1011 0.000085 0.013279 8.160400 8.160400
1021 1012 0.000062 0.012776 7.897461 7.897461
1022 1013 0.000090 0.012595 7.670776 7.670776
1023 1014 0.000065 0.012097 7.471680 7.471680
1024 1015 0.000000 0.012513 7.303223 7.303223
1025 1016 0.000096 0.011448 7.169312 7.169312
1026 1017 0.000000 0.011688 7.058716 7.058716
1027 1018 0.000000 0.011461 6.982300 6.982300
1028 1019 0.000000 0.010915 6.931641 6.931641
1029 1020 0.000123 0.010024 6.899658 6.899658
1030 1021 0.000100 0.009590 6.876953 6.876953
1031 1022 0.000143 0.009365 6.850586 6.850586
1032 1023 0.000189 0.007797 6.823730 6.823730
1033 1024 0.000190 0.005650 6.795776 6.795776
1034 1025 0.000228 0.005219 6.763916 6.763916
1035 1026 0.000205 0.003489 6.738403 6.738403
1036 1027 0.000252 0.004196 6.715698 6.715698
1037 1028 0.000242 0.003856 6.704346 6.704346
1038 1029 0.000318 0.003431 6.703125 6.703125
1039 1030 0.000317 0.003320 6.708374 6.708374
1040 1031 0.000325 0.003055 6.721191 6.721191
1041 1032 0.000229 0.003305 6.742065 6.742065
1042 1033 0.000239 0.004403 6.766968 6.766968
1043 1034 0.000249 0.003841 6.802979 6.802979
1044 1035 0.000189 0.004112 6.848145 6.848145
1045 1036 0.000158 0.003810 6.896973 6.896973
1046 1037 0.000141 0.004262 6.948242 6.948242
1047 1038 0.000000 0.002452 6.989746 6.989746
1048 1039 0.000120 0.002728 7.028320 7.028320
1049 1040 0.000000 0.002885 7.068726 7.068726
1050 1041 0.000000 0.003623 7.109375 7.109375
1051 1042 0.000136 0.003830 7.161255 7.161255
1052 1043 0.000000 0.004806 7.210815 7.210815
1053 1044 0.000000 0.005582 7.256958 7.256958
1054 1045 0.000150 0.004208 7.298584 7.298584
1055 1046 0.000163 0.006358 7.338135 7.338135
1056 1047 0.000162 0.010702 7.387817 7.387817
1057 1048 0.000245 0.009916 7.446045 7.446045
1058 1049 0.000243 0.010287 7.512573 7.512573
1059 1050 0.000193 0.009409 7.581055 7.581055
1060 1051 0.000255 0.009974 7.646606 7.646606
1061 1052 0.000335 0.010657 7.717041 7.717041
1062 1053 0.000301 0.011124 7.790771 7.790771
1063 1054 0.000263 0.011866 7.869019 7.869019
1064 1055 0.000137 0.011228 7.951172 7.951172
1065 1056 0.000172 0.009903 8.031982 8.031982
1066 1057 0.000104 0.010259 8.111084 8.111084
1067 1058 0.000119 0.009267 8.178711 8.178711
1068 1059 0.000084 0.009690 8.241577 8.241577
1069 1060 0.000000 0.009396 8.292725 8.292725
1070 1061 0.000083 0.009320 8.335938 8.335938
1071 1062 0.000000 0.008007 8.369629 8.369629
1072 1063 0.000058 0.007617 8.393677 8.393677
1073 1064 0.000116 0.007722 8.408813 8.408813
1074 1065 0.000082 0.007689 8.416016 8.416016
1075 1066 0.000130 0.007695 8.416870 8.416870
1076 1067 0.000101 0.008061 8.409180 8.409180
1077 1068 0.000082 0.008286 8.395508 8.395508
1078 1069 0.000101 0.008158 8.381226 8.381226
1079 1070 0.000083 0.007870 8.363892 8.363892
1080 1071 0.000101 0.007607 8.343750 8.343750
1081 1072 0.000083 0.007722 8.321167 8.321167
1082 1073 0.000000 0.007446 8.286255 8.286255
1083 1074 0.000084 0.007020 8.236816 8.236816
1084 1075 0.000085 0.005968 8.164185 8.164185
1085 1076 0.000121 0.005218 8.080566 8.080566
1086 1077 0.000086 0.005220 7.986450 7.986450
1087 1078 0.000088 0.005164 7.891235 7.891235
1088 1079 0.000063 0.004249 7.797241 7.797241
1089 1080 0.000090 0.003751 7.706055 7.706055
1090 1081 0.000064 0.003554 7.614868 7.614868
1091 1082 0.000092 0.003955 7.530762 7.530762
1092 1083 0.000113 0.005053 7.459717 7.459717
1093 1084 0.000066 0.006410 7.406860 7.406860
1094 1085 0.000115 0.007624 7.371826 7.371826
1095 1086 0.000149 0.005190 7.344849 7.344849
1096 1087 0.000149 0.010701 7.317627 7.317627
1097 1088 0.000116 0.011695 7.290283 7.290283
1098 1089 0.000095 0.010724 7.262085 7.262085
1099 1090 0.000135 0.010694 7.240234 7.240234
1100 1091 0.000135 0.008468 7.225830 7.225830
