10 1 0.000588 0.035776 1.175030 1.175030
11 2 0.000000 0.037968 1.262333 1.262333
12 3 0.000000 0.038624 1.353073 1.353073
13 4 0.000000 0.038501 1.445507 1.445507
14 5 0.000450 0.037843 1.535648 1.535648
15 6 0.000426 0.032920 1.619656 1.619656
16 7 0.000705 0.030654 1.697531 1.697531
17 8 0.000677 0.041315 1.766115 1.766115
18 9 0.000757 0.040340 1.824316 1.824316
19 10 0.000778 0.041377 1.881717 1.881717
20 11 0.001237 0.043930 1.934440 1.934440
21 12 0.001634 0.042015 1.981998 1.981998
22 13 0.001384 0.056594 2.026966 2.026966
23 14 0.000942 0.069290 2.073434 2.073434
24 15 0.001609 0.073482 2.124709 2.124709
25 16 0.001438 0.072448 2.173700 2.173700
26 17 0.002248 0.059737 2.225242 2.225242
27 18 0.002117 0.056302 2.283169 2.283169
28 19 0.002299 0.052193 2.345521 2.345521
29 20 0.002261 0.043820 2.414958 2.414958
30 21 0.002170 0.042085 2.495985 2.495985
31 22 0.001416 0.041716 2.580831 2.580831
32 23 0.001596 0.031098 2.666789 2.666789
33 24 0.001175 0.026898 2.757108 2.757108
34 25 0.001221 0.023042 2.855552 2.855552
35 26 0.000902 0.033322 2.963889 2.963889
36 27 0.001077 0.031623 3.074453 3.074453
37 28 0.000719 0.036710 3.184620 3.184620
38 29 0.000661 0.035338 3.302025 3.302025
39 30 0.000856 0.032985 3.421721 3.421721
40 31 0.000849 0.033737 3.545310 3.545310
41 32 0.000959 0.033804 3.672676 3.672676
42 33 0.000900 0.031510 3.796620 3.796620
43 34 0.000825 0.031157 3.925995 3.925995
44 35 0.000893 0.020716 4.053331 4.053331
45 36 0.000807 0.019972 4.190270 4.190270
46 37 0.000765 0.014007 4.331427 4.331427
47 38 0.000921 0.012294 4.469419 4.469419
48 39 0.000899 0.012586 4.609528 4.609528
49 40 0.000554 0.006789 4.749316 4.749316
50 41 0.000547 0.006417 4.892596 4.892596
51 42 0.000411 0.005458 5.038531 5.038531
52 43 0.000388 0.005437 5.182336 5.182336
53 44 0.000318 0.004911 5.327165 5.327165
54 45 0.000346 0.003942 5.463135 5.463135
55 46 0.000247 0.005332 5.601683 5.601683
56 47 0.000170 0.006264 5.743095 5.743095
57 48 0.000288 0.007270 5.883164 5.883164
58 49 0.000162 0.006688 6.024846 6.024846
59 50 0.000000 0.002643 6.158836 6.158836
60 51 0.000190 0.004538 6.291218 6.291218
61 52 0.000108 0.005835 6.419193 6.419193
62 53 0.000075 0.004807 6.551472 6.551472
63 54 0.000127 0.005505 6.679899 6.679899
64 55 0.000102 0.005211 6.798582 6.798582
65 56 0.000245 0.006119 6.900669 6.900669
66 57 0.000252 0.006545 6.991255 6.991255
67 58 0.000169 0.007571 7.081808 7.081808
68 59 0.000193 0.007614 7.171770 7.171770
69 60 0.000067 0.008331 7.261383 7.261383
70 61 0.000133 0.008446 7.343384 7.343384
71 62 0.000093 0.007579 7.404814 7.404814
72 63 0.000146 0.006701 7.459213 7.459213
73 64 0.000065 0.005953 7.499786 7.499786
74 65 0.000145 0.006276 7.537432 7.537432
75 66 0.000112 0.006013 7.574697 7.574697
76 67 0.000000 0.006024 7.594288 7.594288
77 68 0.000265 0.005169 7.606678 7.606678
78 69 0.000144 0.004917 7.595634 7.595634
79 70 0.000158 0.005376 7.583225 7.583225
80 71 0.000112 0.005173 7.573717 7.573717
81 72 0.000091 0.007018 7.565151 7.565151
82 73 0.000091 0.007224 7.565235 7.565235
83 74 0.000065 0.007320 7.568783 7.568783
84 75 0.000129 0.005826 7.561066 7.561066
85 76 0.000065 0.009698 7.554550 7.554550
86 77 0.000092 0.009960 7.543354 7.543354
87 78 0.000065 0.011617 7.538673 7.538673
88 79 0.000000 0.012263 7.531952 7.531952
89 80 0.000172 0.010617 7.522236 7.522236
90 81 0.000065 0.011069 7.508945 7.508945
91 82 0.000092 0.010174 7.491901 7.491901
92 83 0.000113 0.010071 7.472954 7.472954
93 84 0.000160 0.011882 7.460613 7.460613
94 85 0.000066 0.008221 7.452290 7.452290
95 86 0.000000 0.009622 7.438076 7.438076
96 87 0.000093 0.008749 7.421291 7.421291
97 88 0.000114 0.007714 7.397499 7.397499
98 89 0.000094 0.009641 7.369099 7.369099
99 90 0.000133 0.008094 7.343307 7.343307
100 91 0.000000 0.008440 7.315483 7.315483
101 92 0.000164 0.008514 7.287422 7.287422
102 93 0.000095 0.009092 7.252499 7.252499
103 94 0.000000 0.008072 7.211456 7.211456
104 95 0.000096 0.006464 7.175247 7.175247
105 96 0.000137 0.006944 7.140942 7.140942
106 97 0.000182 0.005897 7.111240 7.111240
107 98 0.000195 0.005411 7.077789 7.077789
108 99 0.000069 0.005519 7.036556 7.036556
109 100 0.000000 0.006215 6.989147 6.989147
110 101 0.000141 0.007465 6.928837 6.928837
111 102 0.000071 0.008070 6.868679 6.868679
112 103 0.000102 0.008170 6.795109 6.795109
113 104 0.000163 0.008179 6.710682 6.710682
114 105 0.000233 0.009056 6.614784 6.614784
115 106 0.000150 0.008888 6.505489 6.505489
116 107 0.000187 0.009787 6.389355 6.389355
117 108 0.000220 0.010000 6.266277 6.266277
118 109 0.000138 0.010734 6.135818 6.135818
119 110 0.000230 0.009816 6.001156 6.001156
120 111 0.000186 0.009967 5.855568 5.855568
121 112 0.000297 0.008945 5.704651 5.704651
122 113 0.000341 0.009030 5.546974 5.546974
123 114 0.000222 0.009763 5.380615 5.380615
124 115 0.000409 0.010474 5.209930 5.209930
125 116 0.000363 0.011324 5.038506 5.038506
126 117 0.000568 0.011542 4.864098 4.864098
127 118 0.000830 0.020487 4.707245 4.707245
128 119 0.000983 0.019361 4.554390 4.554390
129 120 0.001104 0.018590 4.421021 4.421021
130 121 0.001072 0.020622 4.297363 4.297363
131 122 0.001283 0.022486 4.202362 4.202362
132 123 0.001208 0.022741 4.121170 4.121170
133 124 0.001471 0.021307 4.065666 4.065666
134 125 0.001948 0.031013 4.025482 4.025482
135 126 0.001952 0.026687 3.993484 3.993484
136 127 0.001939 0.027867 3.957581 3.957581
137 128 0.001882 0.029532 3.925613 3.925613
138 129 0.001920 0.030761 3.906349 3.906349
139 130 0.002315 0.028215 3.906548 3.906548
140 131 0.002021 0.027241 3.925041 3.925041
141 132 0.002105 0.026177 3.969765 3.969765
142 133 0.001762 0.018631 4.015190 4.015190
143 134 0.001539 0.025700 4.087776 4.087776
144 135 0.001382 0.023115 4.181580 4.181580
145 136 0.001137 0.019793 4.295250 4.295250
146 137 0.001442 0.015257 4.439766 4.439766
147 138 0.001317 0.013159 4.584709 4.584709
148 139 0.000886 0.018366 4.741646 4.741646
149 140 0.001057 0.017165 4.888428 4.888428
150 141 0.000925 0.014982 5.037239 5.037239
151 142 0.000814 0.013331 5.192238 5.192238
152 143 0.000873 0.014448 5.336884 5.336884
153 144 0.000766 0.013359 5.483849 5.483849
154 145 0.000699 0.013900 5.628563 5.628563
155 146 0.000562 0.012833 5.768181 5.768181
156 147 0.000529 0.013313 5.908470 5.908470
157 148 0.000524 0.015536 6.038086 6.038086
158 149 0.000388 0.014547 6.165573 6.165573
159 150 0.000515 0.013867 6.283607 6.283607
160 151 0.000418 0.014013 6.404831 6.404831
161 152 0.000389 0.011407 6.523331 6.523331
162 153 0.000390 0.013124 6.631859 6.631859
163 154 0.000333 0.012447 6.723305 6.723305
164 155 0.000337 0.013491 6.791336 6.791336
165 156 0.000303 0.012125 6.844681 6.844681
166 157 0.000283 0.010831 6.893494 6.893494
167 158 0.000373 0.011951 6.927872 6.927872
168 159 0.000199 0.011676 6.954346 6.954346
169 160 0.000371 0.011923 6.956467 6.956467
170 161 0.000263 0.012360 6.943336 6.943336
171 162 0.000331 0.011127 6.926170 6.926170
172 163 0.000316 0.011729 6.907516 6.907516
173 164 0.000173 0.011054 6.907608 6.907608
174 165 0.000347 0.010268 6.898979 6.898979
175 166 0.000201 0.010229 6.886803 6.886803
176 167 0.000101 0.009397 6.868790 6.868790
177 168 0.000267 0.008604 6.845749 6.845749
178 169 0.000320 0.007767 6.834404 6.834404
179 170 0.000202 0.007382 6.826248 6.826248
180 171 0.000304 0.008060 6.821106 6.821106
181 172 0.000189 0.006654 6.826584 6.826584
182 173 0.000303 0.009136 6.825813 6.825813
183 174 0.000189 0.008786 6.836128 6.836128
184 175 0.000123 0.010115 6.852875 6.852875
185 176 0.000224 0.009947 6.884644 6.884644
186 177 0.000199 0.010225 6.922752 6.922752
187 178 0.000297 0.009292 6.967865 6.967865
188 179 0.000261 0.011007 7.010269 7.010269
189 180 0.000339 0.010644 7.053734 7.053734
190 181 0.000364 0.010381 7.102684 7.102684
191 182 0.000118 0.008361 7.155434 7.155434
192 183 0.000135 0.006847 7.216499 7.216499
193 184 0.000277 0.006154 7.277000 7.277000
194 185 0.000210 0.006105 7.337143 7.337143
195 186 0.000093 0.005920 7.402458 7.402458
196 187 0.000207 0.007165 7.460983 7.460983
197 188 0.000159 0.007061 7.527206 7.527206
198 189 0.000129 0.006499 7.590393 7.590393
199 190 0.000000 0.006838 7.643547 7.643547
200 191 0.000201 0.008208 7.693115 7.693115
201 192 0.000328 0.008177 7.732864 7.732864
202 193 0.000109 0.007054 7.773857 7.773857
203 194 0.000140 0.006677 7.806839 7.806839
204 195 0.000358 0.007380 7.828812 7.828812
205 196 0.000233 0.007485 7.841454 7.841454
206 197 0.000279 0.006051 7.839447 7.839447
207 198 0.000197 0.007097 7.837334 7.837334
208 199 0.000306 0.006207 7.826294 7.826294
209 200 0.000207 0.006915 7.811562 7.811562
210 201 0.000226 0.006598 7.792778 7.792778
211 202 0.000281 0.007408 7.772209 7.772209
212 203 0.000267 0.007691 7.746475 7.746475
213 204 0.000253 0.005473 7.708466 7.708466
214 205 0.000156 0.007639 7.670258 7.670258
215 206 0.000143 0.006050 7.641479 7.641479
216 207 0.000128 0.006275 7.606720 7.606720
217 208 0.000214 0.006056 7.573120 7.573120
218 209 0.000205 0.006830 7.534561 7.534561
219 210 0.000261 0.005344 7.492920 7.492920
220 211 0.000147 0.009328 7.447479 7.447479
221 212 0.000575 0.011672 7.405869 7.405869
222 213 0.000418 0.010868 7.379761 7.379761
223 214 0.000094 0.011470 7.357437 7.357437
224 215 0.000133 0.011299 7.326828 7.326828
225 216 0.000134 0.010774 7.294800 7.294800
226 217 0.000190 0.011816 7.269882 7.269882
227 218 0.000165 0.010811 7.240097 7.240097
228 219 0.000192 0.009641 7.208801 7.208801
229 220 0.000180 0.007834 7.172485 7.172485
230 221 0.000068 0.007591 7.132217 7.132217
231 222 0.000228 0.005739 7.094269 7.094269
232 223 0.000138 0.008104 7.056122 7.056122
233 224 0.000070 0.007744 7.024811 7.024811
234 225 0.000156 0.007124 6.994034 6.994034
235 226 0.000272 0.007944 6.953079 6.953079
236 227 0.000122 0.008785 6.916748 6.916748
237 228 0.000100 0.009789 6.888840 6.888840
238 229 0.000383 0.011340 6.868652 6.868652
239 230 0.000143 0.011024 6.852692 6.852692
240 231 0.000226 0.011079 6.838501 6.838501
241 232 0.000351 0.008315 6.819580 6.819580
242 233 0.000227 0.007758 6.789307 6.789307
243 234 0.000000 0.008528 6.757812 6.757812
244 235 0.000072 0.009472 6.739502 6.739502
245 236 0.000192 0.008799 6.739456 6.739456
246 237 0.000229 0.008642 6.742920 6.742920
247 238 0.000240 0.010459 6.742157 6.742157
248 239 0.000308 0.010373 6.733688 6.733688
249 240 0.000178 0.010945 6.720352 6.720352
250 241 0.000192 0.011140 6.714935 6.714935
251 242 0.000145 0.010744 6.721832 6.721832
252 243 0.000271 0.010262 6.742111 6.742111
253 244 0.000144 0.009799 6.760361 6.760361
254 245 0.000354 0.007767 6.760956 6.760956
255 246 0.000250 0.007351 6.764908 6.764908
256 247 0.000368 0.004850 6.773193 6.773193
257 248 0.000249 0.006013 6.791214 6.791214
258 249 0.000373 0.004049 6.803955 6.803955
259 250 0.000143 0.003151 6.809845 6.809845
260 251 0.000143 0.006052 6.818146 6.818146
261 252 0.000143 0.007019 6.828644 6.828644
262 253 0.000101 0.006939 6.847153 6.847153
263 254 0.000101 0.004496 6.869476 6.869476
264 255 0.000362 0.004669 6.881470 6.881470
265 256 0.000408 0.004674 6.881516 6.881516
266 257 0.000123 0.002696 6.881470 6.881470
267 258 0.000340 0.002220 6.891068 6.891068
268 259 0.000100 0.003569 6.914780 6.914780
269 260 0.000100 0.005256 6.931793 6.931793
270 261 0.000273 0.006609 6.937042 6.937042
271 262 0.000282 0.004617 6.927444 6.927444
272 263 0.000200 0.005353 6.914993 6.914993
273 264 0.000123 0.004926 6.902847 6.902847
274 265 0.000123 0.005190 6.897705 6.897705
275 266 0.000265 0.004437 6.886322 6.886322
276 267 0.000334 0.004542 6.862213 6.862213
277 268 0.000258 0.004814 6.826096 6.826096
278 269 0.000161 0.003135 6.788467 6.788467
279 270 0.000177 0.003420 6.762329 6.762329
280 271 0.000178 0.004264 6.734436 6.734436
281 272 0.000073 0.006829 6.701935 6.701935
282 273 0.000194 0.003990 6.653275 6.653275
283 274 0.000257 0.004334 6.589432 6.589432
284 275 0.000318 0.003568 6.510910 6.510910
285 276 0.000215 0.004812 6.427795 6.427795
286 277 0.000154 0.006479 6.334305 6.334305
287 278 0.000192 0.003937 6.226608 6.226608
288 279 0.000253 0.003282 6.094162 6.094162
289 280 0.000435 0.001528 5.946457 5.946457
290 281 0.000348 0.000996 5.779816 5.779816
291 282 0.000174 0.000470 5.607346 5.607346
292 283 0.000312 0.004047 5.426178 5.426178
293 284 0.000384 0.003616 5.244354 5.244354
294 285 0.000273 0.004282 5.054443 5.054443
295 286 0.000482 0.008874 4.859192 4.859192
296 287 0.000444 0.007223 4.668808 4.668808
297 288 0.000189 0.001272 4.474716 4.474716
298 289 0.000360 0.004327 4.284073 4.284073
299 290 0.000238 0.005946 4.101395 4.101395
300 291 0.000176 0.007763 3.924652 3.924652
301 292 0.000319 0.009103 3.750137 3.750137
302 293 0.000335 0.010157 3.573593 3.573593
303 294 0.000203 0.012253 3.404449 3.404449
304 295 0.000213 0.014868 3.237610 3.237610
305 296 0.000636 0.016725 3.071365 3.071365
306 297 0.000291 0.011138 2.909500 2.909500
307 298 0.000501 0.014644 2.754013 2.754013
308 299 0.000839 0.011987 2.602066 2.602066
309 300 0.000629 0.008637 2.454330 2.454330
310 301 0.001664 0.025881 2.328522 2.328522
311 302 0.002147 0.030314 2.228378 2.228378
312 303 0.002091 0.029519 2.139771 2.139771
313 304 0.000744 0.037052 2.074631 2.074631
314 305 0.000591 0.039469 2.022827 2.022827
315 306 0.000922 0.042970 1.981827 1.981827
316 307 0.001343 0.039729 1.958191 1.958191
317 308 0.001723 0.041336 1.943192 1.943192
318 309 0.001665 0.048088 1.945312 1.945312
319 310 0.001682 0.039288 1.947861 1.947861
320 311 0.001006 0.033169 1.941574 1.941574
321 312 0.000870 0.046373 1.945145 1.945145
322 313 0.001845 0.045627 1.945023 1.945023
323 314 0.001439 0.064077 1.949265 1.949265
324 315 0.001494 0.064795 1.987854 1.987854
325 316 0.001504 0.061447 2.027969 2.027969
326 317 0.001885 0.064057 2.104156 2.104156
327 318 0.001994 0.063199 2.190750 2.190750
328 319 0.001903 0.059762 2.280243 2.280243
329 320 0.001675 0.076999 2.403702 2.403702
330 321 0.001333 0.080287 2.537476 2.537476
331 322 0.002261 0.074346 2.662308 2.662308
332 323 0.002146 0.063650 2.813934 2.813934
333 324 0.001682 0.053935 2.931824 2.931824
334 325 0.001423 0.057855 3.070007 3.070007
335 326 0.001224 0.052811 3.190857 3.190857
336 327 0.001089 0.040215 3.296249 3.296249
337 328 0.000966 0.035100 3.427414 3.427414
338 329 0.000826 0.025277 3.545090 3.545090
339 330 0.000597 0.019953 3.660217 3.660217
340 331 0.000925 0.023862 3.805969 3.805969
341 332 0.000912 0.021736 3.933289 3.933289
342 333 0.000654 0.020069 4.089249 4.089249
343 334 0.000364 0.018107 4.240280 4.240280
344 335 0.000157 0.015315 4.392960 4.392960
345 336 0.000239 0.010032 4.570435 4.570435
346 337 0.000619 0.022598 4.732056 4.732056
347 338 0.000527 0.022469 4.901840 4.901840
348 339 0.000913 0.019918 5.075226 5.075226
349 340 0.000822 0.016001 5.244370 5.244370
350 341 0.000759 0.013523 5.418961 5.418961
351 342 0.000752 0.013595 5.585007 5.585007
352 343 0.000653 0.016557 5.743378 5.743378
353 344 0.000489 0.019719 5.903091 5.903091
354 345 0.000419 0.018163 6.057846 6.057846
355 346 0.000208 0.008014 6.211166 6.211166
356 347 0.000188 0.006708 6.362732 6.362732
357 348 0.000212 0.008405 6.508606 6.508606
358 349 0.000180 0.011549 6.652298 6.652298
359 350 0.000161 0.012030 6.795532 6.795532
360 351 0.000186 0.009755 6.939926 6.939926
361 352 0.000276 0.004670 7.078491 7.078491
362 353 0.000262 0.004486 7.217941 7.217941
363 354 0.000364 0.007138 7.344254 7.344254
364 355 0.000392 0.006702 7.473450 7.473450
365 356 0.000436 0.006034 7.594498 7.594498
366 357 0.000429 0.004679 7.719589 7.719589
367 358 0.000517 0.006603 7.840179 7.840179
368 359 0.000425 0.006129 7.952118 7.952118
369 360 0.000449 0.005842 8.058807 8.058807
370 361 0.000349 0.006498 8.165955 8.165955
371 362 0.000344 0.003072 8.271393 8.271393
372 363 0.000261 0.007528 8.382431 8.382431
373 364 0.000237 0.004822 8.488129 8.488129
374 365 0.000228 0.005158 8.578415 8.578415
375 366 0.000160 0.005734 8.657700 8.657700
376 367 0.000112 0.004996 8.722275 8.722275
377 368 0.000056 0.008795 8.780029 8.780029
378 369 0.000156 0.007848 8.826126 8.826126
379 370 0.000055 0.008574 8.864594 8.864594
380 371 0.000078 0.009447 8.895538 8.895538
381 372 0.000134 0.010306 8.908661 8.908661
382 373 0.000164 0.010105 8.915558 8.915558
383 374 0.000155 0.009778 8.930237 8.930237
384 375 0.000173 0.011531 8.930664 8.930664
385 376 0.000250 0.012690 8.939865 8.939865
386 377 0.000154 0.015077 8.941223 8.941223
387 378 0.000204 0.012250 8.944077 8.944077
388 379 0.000204 0.013915 8.939667 8.939667
389 380 0.000212 0.015631 8.935394 8.935394
390 381 0.000218 0.017553 8.939117 8.939117
391 382 0.000173 0.021989 8.935913 8.935913
392 383 0.000205 0.017931 8.924042 8.924042
393 384 0.000145 0.018985 8.920532 8.920532
394 385 0.000134 0.018731 8.913300 8.913300
395 386 0.000110 0.019536 8.916306 8.916306
396 387 0.000055 0.019329 8.915588 8.915588
397 388 0.000145 0.018946 8.924606 8.924606
398 389 0.000155 0.018531 8.916916 8.916916
399 390 0.000078 0.017826 8.903931 8.903931
400 391 0.000110 0.016616 8.894699 8.894699
401 392 0.000078 0.015829 8.891357 8.891357
402 393 0.000055 0.014386 8.892441 8.892441
403 394 0.000145 0.014409 8.883728 8.883728
404 395 0.000095 0.013123 8.866501 8.866501
405 396 0.000078 0.014794 8.850616 8.850616
406 397 0.000078 0.014379 8.828949 8.828949
407 398 0.000136 0.012418 8.816711 8.816711
408 399 0.000055 0.013252 8.805054 8.805054
409 400 0.000079 0.014727 8.792816 8.792816
410 401 0.000079 0.015251 8.768738 8.768738
411 402 0.000000 0.015764 8.733337 8.733337
412 403 0.000079 0.013320 8.704132 8.704132
413 404 0.000113 0.015168 8.677521 8.677521
414 405 0.000056 0.013731 8.651703 8.651703
415 406 0.000080 0.012870 8.623566 8.623566
416 407 0.000000 0.012782 8.593262 8.593262
417 408 0.000099 0.010929 8.563843 8.563843
418 409 0.000140 0.009794 8.531891 8.531891
419 410 0.000141 0.009485 8.508179 8.508179
420 411 0.000163 0.009290 8.490570 8.490570
421 412 0.000208 0.011711 8.470459 8.470459
422 413 0.000100 0.012154 8.449097 8.449097
423 414 0.000000 0.013317 8.424164 8.424164
424 415 0.000082 0.014877 8.396301 8.396301
425 416 0.000083 0.015738 8.362335 8.362335
426 417 0.000059 0.017905 8.321259 8.321259
427 418 0.000059 0.017772 8.273346 8.273346
428 419 0.000157 0.019598 8.218781 8.218781
429 420 0.000104 0.019549 8.148926 8.148926
430 421 0.000181 0.020048 8.071228 8.071228
431 422 0.000122 0.021325 7.983032 7.983032
432 423 0.000124 0.021042 7.885925 7.885925
433 424 0.000125 0.020706 7.786224 7.786224
434 425 0.000127 0.020749 7.683228 7.683228
435 426 0.000158 0.020349 7.581512 7.581512
436 427 0.000131 0.019398 7.480713 7.480713
437 428 0.000066 0.017365 7.372833 7.372833
438 429 0.000095 0.015519 7.266113 7.266113
439 430 0.000097 0.014108 7.155029 7.155029
440 431 0.000098 0.012487 7.041962 7.041962
441 432 0.000141 0.011850 6.933868 6.933868
442 433 0.000160 0.012350 6.809113 6.809113
443 434 0.000163 0.012714 6.687988 6.687988
444 435 0.000235 0.013779 6.561523 6.561523
445 436 0.000304 0.014338 6.433899 6.433899
446 437 0.000387 0.015445 6.307892 6.307892
447 438 0.000335 0.015194 6.187683 6.187683
448 439 0.000369 0.013258 6.071198 6.071198
449 440 0.000418 0.015080 5.962585 5.962585
450 441 0.000364 0.011845 5.854950 5.854950
451 442 0.000339 0.012027 5.761627 5.761627
452 443 0.000413 0.010431 5.667908 5.667908
453 444 0.000232 0.014624 5.569885 5.569885
454 445 0.000252 0.013421 5.473816 5.473816
455 446 0.000385 0.015830 5.381744 5.381744
456 447 0.000381 0.015384 5.286743 5.286743
457 448 0.000420 0.018621 5.196838 5.196838
458 449 0.000331 0.022945 5.102539 5.102539
459 450 0.000426 0.033111 5.000885 5.000885
460 451 0.000527 0.032818 4.904449 4.904449
461 452 0.000406 0.044427 4.809082 4.809082
462 453 0.000752 0.035276 4.727020 4.727020
463 454 0.000860 0.037599 4.649536 4.649536
464 455 0.000738 0.037075 4.581970 4.581970
465 456 0.000989 0.038429 4.523041 4.523041
466 457 0.001343 0.036417 4.468079 4.468079
467 458 0.001385 0.035840 4.432373 4.432373
468 459 0.000761 0.024748 4.396393 4.396393
469 460 0.000924 0.022081 4.356903 4.356903
470 461 0.000983 0.019569 4.330139 4.330139
471 462 0.001004 0.015906 4.295105 4.295105
472 463 0.000740 0.021446 4.273376 4.273376
473 464 0.000476 0.019371 4.233215 4.233215
474 465 0.000349 0.017263 4.192474 4.192474
475 466 0.000732 0.020648 4.168243 4.168243
476 467 0.000709 0.016180 4.130920 4.130920
477 468 0.000529 0.023084 4.130646 4.130646
478 469 0.000554 0.022284 4.134888 4.134888
479 470 0.000528 0.020064 4.136902 4.136902
480 471 0.000643 0.020667 4.157562 4.157562
481 472 0.000795 0.015304 4.166870 4.166870
482 473 0.000232 0.018811 4.203522 4.203522
483 474 0.000445 0.017211 4.247314 4.247314
484 475 0.000302 0.014890 4.284393 4.284393
485 476 0.000374 0.013306 4.334564 4.334564
486 477 0.000651 0.014997 4.371063 4.371063
487 478 0.000585 0.012971 4.420074 4.420074
488 479 0.000450 0.011742 4.474670 4.474670
489 480 0.000457 0.011835 4.535828 4.535828
490 481 0.000540 0.010081 4.609589 4.609589
491 482 0.000390 0.007718 4.685913 4.685913
492 483 0.000383 0.006439 4.770721 4.770721
493 484 0.000265 0.005905 4.868713 4.868713
494 485 0.000220 0.006318 4.968842 4.968842
495 486 0.000167 0.005353 5.077881 5.077881
496 487 0.000230 0.005668 5.193024 5.193024
497 488 0.000184 0.007091 5.313049 5.313049
498 489 0.000090 0.008033 5.431488 5.431488
499 490 0.000176 0.009975 5.558228 5.558228
500 491 0.000192 0.011447 5.696045 5.696045
501 492 0.000000 0.009405 5.838715 5.838715
502 493 0.000142 0.008634 5.976868 5.976868
503 494 0.000113 0.007692 6.122925 6.122925
504 495 0.000110 0.009080 6.265930 6.265930
505 496 0.000108 0.011969 6.418701 6.418701
506 497 0.000074 0.012210 6.573944 6.573944
507 498 0.000000 0.013042 6.732483 6.732483
508 499 0.000142 0.012132 6.883423 6.883423
509 500 0.000098 0.012514 7.020142 7.020142
510 501 0.000096 0.012417 7.161560 7.161560
511 502 0.000067 0.011526 7.299774 7.299774
512 503 0.000131 0.011119 7.429779 7.429779
513 504 0.000129 0.010454 7.553497 7.553497
514 505 0.000127 0.011174 7.665558 7.665558
515 506 0.000126 0.011870 7.769897 7.769897
516 507 0.000164 0.011731 7.870148 7.870148
517 508 0.000123 0.013025 7.970428 7.970428
518 509 0.000121 0.012312 8.072388 8.072388
519 510 0.000104 0.011455 8.156433 8.156433
520 511 0.000103 0.012192 8.227600 8.227600
521 512 0.000132 0.011668 8.284698 8.284698
522 513 0.000234 0.012727 8.330353 8.330353
523 514 0.000274 0.013251 8.365112 8.365112
524 515 0.000273 0.012661 8.396698 8.396698
525 516 0.000372 0.012224 8.414703 8.414703
526 517 0.000385 0.012340 8.413208 8.413208
527 518 0.000349 0.013469 8.393585 8.393585
528 519 0.000320 0.012079 8.363495 8.363495
529 520 0.000336 0.011265 8.345093 8.345093
530 521 0.000342 0.010664 8.326050 8.326050
531 522 0.000316 0.009891 8.310944 8.310944
532 523 0.000263 0.007583 8.297424 8.297424
533 524 0.000290 0.007845 8.255371 8.255371
534 525 0.000188 0.009410 8.225494 8.225494
535 526 0.000266 0.008970 8.199310 8.199310
536 527 0.000189 0.008644 8.172180 8.172180
537 528 0.000120 0.007980 8.149353 8.149353
538 529 0.000120 0.008100 8.109711 8.109711
539 530 0.000085 0.008017 8.076660 8.076660
540 531 0.000086 0.007887 8.033752 8.033752
541 532 0.000122 0.009644 7.986786 7.986786
542 533 0.000174 0.010067 7.958099 7.958099
543 534 0.000204 0.009924 7.920044 7.920044
544 535 0.000303 0.010184 7.885956 7.885956
545 536 0.000278 0.011246 7.844849 7.844849
546 537 0.000325 0.011170 7.805389 7.805389
547 538 0.000367 0.012025 7.768402 7.768402
548 539 0.000340 0.012258 7.741669 7.741669
549 540 0.000253 0.011900 7.723450 7.723450
550 541 0.000090 0.011803 7.708008 7.708008
551 542 0.000190 0.009326 7.702454 7.702454
552 543 0.000359 0.009315 7.704163 7.704163
553 544 0.000245 0.008462 7.721863 7.721863
554 545 0.000282 0.007644 7.756866 7.756866
555 546 0.000242 0.007619 7.799225 7.799225
556 547 0.000329 0.005520 7.845306 7.845306
557 548 0.000277 0.005061 7.893921 7.893921
558 549 0.000336 0.004703 7.965973 7.965973
559 550 0.000227 0.004723 8.043549 8.043549
560 551 0.000180 0.004765 8.130157 8.130157
561 552 0.000245 0.002985 8.210846 8.210846
562 553 0.000228 0.003266 8.283051 8.283051
563 554 0.000202 0.004286 8.361084 8.361084
564 555 0.000163 0.003609 8.451630 8.451630
565 556 0.000214 0.003549 8.556763 8.556763
566 557 0.000226 0.004792 8.657135 8.657135
567 558 0.000340 0.002784 8.741516 8.741516
568 559 0.000303 0.003286 8.834473 8.834473
569 560 0.000319 0.003860 8.913422 8.913422
570 561 0.000172 0.003875 9.002930 9.002930
571 562 0.000208 0.003848 9.089020 9.089020
572 563 0.000160 0.003868 9.175262 9.175262
573 564 0.000198 0.003939 9.250183 9.250183
574 565 0.000196 0.004422 9.310944 9.310944
575 566 0.000188 0.005387 9.364807 9.364807
576 567 0.000147 0.006408 9.411194 9.411194
577 568 0.000073 0.005417 9.444061 9.444061
578 569 0.000073 0.005621 9.476990 9.476990
579 570 0.000103 0.005686 9.495300 9.495300
580 571 0.000073 0.004425 9.504211 9.504211
581 572 0.000103 0.003905 9.502228 9.502228
582 573 0.000089 0.002832 9.493530 9.493530
583 574 0.000000 0.002317 9.480316 9.480316
584 575 0.000089 0.002101 9.467407 9.467407
585 576 0.000126 0.002098 9.457062 9.457062
586 577 0.000179 0.002295 9.425110 9.425110
587 578 0.000073 0.002806 9.397125 9.397125
588 579 0.000000 0.001775 9.370270 9.370270
589 580 0.000074 0.001995 9.348328 9.348328
590 581 0.000105 0.002307 9.325653 9.325653
591 582 0.000091 0.002149 9.300354 9.300354
592 583 0.000105 0.002699 9.272919 9.272919
593 584 0.000149 0.002490 9.239197 9.239197
594 585 0.000092 0.002942 9.204071 9.204071
595 586 0.000053 0.003560 9.179077 9.179077
596 587 0.000075 0.003050 9.154053 9.154053
597 588 0.000000 0.004251 9.124359 9.124359
598 589 0.000107 0.004397 9.091248 9.091248
599 590 0.000093 0.004803 9.058533 9.058533
600 591 0.000054 0.005286 9.028137 9.028137
601 592 0.000077 0.005950 8.999542 8.999542
602 593 0.000054 0.006987 8.972412 8.972412
603 594 0.000000 0.005902 8.942719 8.942719
604 595 0.000077 0.006004 8.915771 8.915771
605 596 0.000000 0.007429 8.879547 8.879547
606 597 0.000055 0.006372 8.851379 8.851379
607 598 0.000078 0.006899 8.824341 8.824341
608 599 0.000124 0.006882 8.794830 8.794830
609 600 0.000056 0.007610 8.764221 8.764221
610 601 0.000079 0.005763 8.730530 8.730530
611 602 0.000056 0.007052 8.697174 8.697174
612 603 0.000080 0.006664 8.660095 8.660095
613 604 0.000113 0.006647 8.624023 8.624023
614 605 0.000080 0.006643 8.586273 8.586273
615 606 0.000140 0.006843 8.537170 8.537170
616 607 0.000081 0.006266 8.485260 8.485260
617 608 0.000100 0.006680 8.419006 8.419006
618 609 0.000117 0.007090 8.342041 8.342041
619 610 0.000102 0.007440 8.255981 8.255981
620 611 0.000085 0.007452 8.157379 8.157379
621 612 0.000061 0.007669 8.044861 8.044861
622 613 0.000000 0.007732 7.916595 7.916595
623 614 0.000089 0.007812 7.772064 7.772064
624 615 0.000091 0.008045 7.614197 7.614197
625 616 0.000114 0.009756 7.437164 7.437164
626 617 0.000095 0.012070 7.255707 7.255707
627 618 0.000098 0.013333 7.058533 7.058533
628 619 0.000071 0.012382 6.849487 6.849487
629 620 0.000074 0.014233 6.629974 6.629974
630 621 0.000132 0.015263 6.403595 6.403595
631 622 0.000079 0.016039 6.170990 6.170990
632 623 0.000082 0.016407 5.939148 5.939148
633 624 0.000000 0.016622 5.699646 5.699646
634 625 0.000200 0.015676 5.456696 5.456696
635 626 0.000133 0.014315 5.205963 5.205963
636 627 0.000099 0.012090 4.956299 4.956299
637 628 0.000180 0.016039 4.698730 4.698730
638 629 0.000270 0.016913 4.435394 4.435394
639 630 0.000203 0.017964 4.166626 4.166626
640 631 0.000469 0.021303 3.895447 3.895447
641 632 0.000742 0.022009 3.605316 3.605316
642 633 0.000818 0.024428 3.325409 3.325409
643 634 0.001499 0.029464 3.054840 3.054840
644 635 0.001078 0.029030 2.793060 2.793060
645 636 0.000956 0.028724 2.553711 2.553711
646 637 0.000909 0.027008 2.341278 2.341278
647 638 0.000877 0.031820 2.156525 2.156525
648 639 0.000916 0.028436 1.995453 1.995453
649 640 0.000745 0.024665 1.853394 1.853394
650 641 0.001589 0.042416 1.737885 1.737885
651 642 0.001370 0.052049 1.633514 1.633514
652 643 0.002240 0.060919 1.541046 1.541046
653 644 0.001666 0.041399 1.465546 1.465546
654 645 0.001687 0.051706 1.388214 1.388214
655 646 0.002354 0.063116 1.311951 1.311951
656 647 0.001253 0.054054 1.232269 1.232269
657 648 0.001343 0.063607 1.149414 1.149414
658 649 0.000920 0.061150 1.061584 1.061584
659 650 0.001418 0.054239 0.973846 0.973846
660 651 0.001566 0.057404 0.881958 0.881958
661 652 0.001756 0.067110 0.786285 0.786285
662 653 0.001422 0.060667 0.686554 0.686554
663 654 0.001672 0.070310 0.584015 0.584015
664 655 0.006097 0.051268 0.480530 0.480530
665 656 0.002866 0.134231 0.380981 0.380981
666 657 0.005243 0.127890 0.294495 0.294495
667 658 0.009481 0.213664 0.218506 0.218506
668 659 0.007495 0.179208 0.159576 0.159576
669 660 0.011822 0.222230 0.116821 0.116821
670 661 0.027329 0.496218 0.083801 0.083801
671 662 0.017598 0.665970 0.062042 0.062042
672 663 0.030665 0.935729 0.050354 0.050354
673 664 0.000000 0.727970 0.046112 0.046112
674 665 0.000000 0.789745 0.046570 0.046570
675 666 0.015823 0.843721 0.043640 0.043640
676 667 0.025516 1.420434 0.046875 0.046875
677 668 0.000000 1.114477 0.044983 0.044983
678 669 0.014449 0.921150 0.047791 0.047791
679 670 0.032981 1.176463 0.049103 0.049103
680 671 0.023315 1.238589 0.051300 0.051300
681 672 0.027511 0.825573 0.050201 0.050201
682 673 0.000000 0.781600 0.051056 0.051056
683 674 0.000000 1.076153 0.048492 0.048492
684 675 0.013839 0.876811 0.049896 0.049896
685 676 0.009756 1.091056 0.050049 0.050049
686 677 0.000000 0.848035 0.055206 0.055206
687 678 0.012634 0.917374 0.054657 0.054657
688 679 0.012291 0.984155 0.056183 0.056183
689 680 0.009050 0.881324 0.053955 0.053955
690 681 0.009034 0.908334 0.054047 0.054047
691 682 0.012923 0.944197 0.053436 0.053436
692 683 0.000000 0.808121 0.053497 0.053497
693 684 0.019382 1.012923 0.050385 0.050385
694 685 0.023399 1.108261 0.046661 0.046661
695 686 0.033473 1.287404 0.041260 0.041260
696 687 0.034591 1.591809 0.034576 0.034576
697 688 0.000000 0.993618 0.031799 0.031799
698 689 0.016360 1.203708 0.029846 0.029846
699 690 0.000000 1.563532 0.028259 0.028259
700 691 0.033714 1.298924 0.025085 0.025085
701 692 0.026280 1.144700 0.026276 0.026276
702 693 0.025282 1.508408 0.027313 0.027313
703 694 0.046315 0.558543 0.027893 0.027893
704 695 0.026129 1.453403 0.026428 0.026428
705 696 0.027295 1.165013 0.025299 0.025299
706 697 0.054433 1.338672 0.021973 0.021973
707 698 0.057890 2.164435 0.020660 0.020660
708 699 0.028679 1.898398 0.024078 0.024078
709 700 0.031854 1.143630 0.026550 0.026550
710 701 0.034426 0.687493 0.024567 0.024567
711 702 0.038172 1.431578 0.022156 0.022156
712 703 0.000000 0.974949 0.023376 0.023376
713 704 0.049298 1.277767 0.024261 0.024261
714 705 0.028039 1.057218 0.024628 0.024628
715 706 0.049453 1.740387 0.026123 0.026123
716 707 0.014260 0.824568 0.076569 0.076569
717 708 0.017915 0.720865 0.105560 0.105560
718 709 0.012771 0.977590 0.132446 0.132446
719 710 0.011165 0.995071 0.163635 0.163635
720 711 0.005715 1.012180 0.191040 0.191040
721 712 0.004361 1.016168 0.223938 0.223938
722 713 0.003823 0.993481 0.255432 0.255432
723 714 0.004090 1.001705 0.292450 0.292450
724 715 0.003001 0.924521 0.325409 0.325409
725 716 0.000000 0.831142 0.314819 0.314819
726 717 0.000000 0.754728 0.322235 0.322235
727 718 0.002039 0.638679 0.338715 0.338715
728 719 0.002385 0.552918 0.354675 0.354675
729 720 0.003146 0.445630 0.380127 0.380127
730 721 0.002953 0.354486 0.405029 0.405029
731 722 0.004126 0.263977 0.442749 0.442749
732 723 0.003975 0.186758 0.491364 0.491364
733 724 0.003362 0.167280 0.562439 0.562439
734 725 0.002858 0.129048 0.639191 0.639191
735 726 0.002307 0.110236 0.733063 0.733063
736 727 0.001934 0.075322 0.837158 0.837158
737 728 0.002616 0.047950 0.951660 0.951660
738 729 0.002310 0.046088 1.077820 1.077820
739 730 0.001620 0.035102 1.205933 1.205933
740 731 0.000968 0.056545 1.334473 1.334473
741 732 0.000669 0.043976 1.458832 1.458832
742 733 0.000439 0.079411 1.572876 1.572876
743 734 0.000410 0.073115 1.685883 1.685883
744 735 0.000667 0.068804 1.792999 1.792999
745 736 0.000887 0.068987 1.905945 1.905945
746 737 0.000761 0.078619 2.029083 2.029083
747 738 0.001294 0.084528 2.167358 2.167358
748 739 0.001698 0.082527 2.318970 2.318970
749 740 0.002357 0.071391 2.486237 2.486237
750 741 0.002546 0.069482 2.678070 2.678070
751 742 0.002839 0.026541 2.883026 2.883026
752 743 0.001663 0.022740 3.107758 3.107758
753 744 0.001540 0.018622 3.355225 3.355225
754 745 0.001384 0.013472 3.598419 3.598419
755 746 0.001562 0.009046 3.853607 3.853607
756 747 0.001225 0.017790 4.084930 4.084930
757 748 0.000588 0.023609 4.316040 4.316040
758 749 0.000428 0.022317 4.558563 4.558563
759 750 0.000102 0.028309 4.771393 4.771393
760 751 0.000195 0.018540 4.999359 4.999359
761 752 0.000721 0.016173 5.204285 5.204285
762 753 0.000519 0.015562 5.400085 5.400085
763 754 0.000275 0.014713 5.610260 5.610260
764 755 0.000119 0.016510 5.802917 5.802917
765 756 0.000215 0.014294 6.018616 6.018616
766 757 0.000192 0.011215 6.236816 6.236816
767 758 0.000170 0.012644 6.440704 6.440704
768 759 0.000180 0.010039 6.658173 6.658173
769 760 0.000201 0.012582 6.857239 6.857239
770 761 0.000293 0.010641 7.071533 7.071533
771 762 0.000300 0.010187 7.285522 7.285522
772 763 0.000206 0.009620 7.488495 7.488495
773 764 0.000220 0.010636 7.695862 7.695862
774 765 0.000321 0.011501 7.895752 7.895752
775 766 0.000241 0.010859 8.094849 8.094849
776 767 0.000177 0.008443 8.296783 8.296783
777 768 0.000057 0.008518 8.502106 8.502106
778 769 0.000112 0.008678 8.705383 8.705383
779 770 0.000110 0.007262 8.907379 8.907379
780 771 0.000178 0.004926 9.101898 9.101898
781 772 0.000189 0.004346 9.293701 9.293701
782 773 0.000115 0.003728 9.476532 9.476532
783 774 0.000072 0.003682 9.654968 9.654968
784 775 0.000111 0.005421 9.825775 9.825775
785 776 0.000254 0.005170 9.983856 9.983856
786 777 0.000264 0.007823 10.132111 10.132111
787 778 0.000300 0.008356 10.276855 10.276855
788 779 0.000322 0.008756 10.406067 10.406067
789 780 0.000278 0.008522 10.521484 10.521484
790 781 0.000201 0.008696 10.612762 10.612762
791 782 0.000258 0.007247 10.685730 10.685730
792 783 0.000227 0.008349 10.739685 10.739685
793 784 0.000240 0.007379 10.771698 10.771698
794 785 0.000157 0.007905 10.790527 10.790527
795 786 0.000207 0.006510 10.796539 10.796539
796 787 0.000091 0.006626 10.789001 10.789001
797 788 0.000150 0.006185 10.774048 10.774048
798 789 0.000136 0.006746 10.750366 10.750366
799 790 0.000158 0.006111 10.726807 10.726807
800 791 0.000129 0.006292 10.705933 10.705933
801 792 0.000145 0.006035 10.685577 10.685577
802 793 0.000065 0.006403 10.670441 10.670441
803 794 0.000102 0.005731 10.652710 10.652710
804 795 0.000113 0.005568 10.627258 10.627258
805 796 0.000092 0.005460 10.595764 10.595764
806 797 0.000092 0.005074 10.563660 10.563660
807 798 0.000080 0.004396 10.533783 10.533783
808 799 0.000161 0.003266 10.509186 10.509186
809 800 0.000093 0.002419 10.483398 10.483398
810 801 0.000148 0.002903 10.452454 10.452454
811 802 0.000188 0.003517 10.416107 10.416107
812 803 0.000067 0.002892 10.379150 10.379150
813 804 0.000067 0.004107 10.352661 10.352661
814 805 0.000095 0.003939 10.325195 10.325195
815 806 0.000095 0.003990 10.298035 10.298035
816 807 0.000000 0.003196 10.265991 10.265991
817 808 0.000095 0.003122 10.230469 10.230469
818 809 0.000107 0.004496 10.203369 10.203369
819 810 0.000083 0.006143 10.175476 10.175476
820 811 0.000215 0.008123 10.150818 10.150818
821 812 0.000108 0.008288 10.126282 10.126282
822 813 0.000137 0.009730 10.097229 10.097229
823 814 0.000211 0.010791 10.069824 10.069824
824 815 0.000175 0.010701 10.041321 10.041321
825 816 0.000069 0.012212 10.015564 10.015564
826 817 0.000098 0.011696 9.993164 9.993164
827 818 0.000110 0.010324 9.967102 9.967102
828 819 0.000069 0.008315 9.951721 9.951721
829 820 0.000139 0.006735 9.935974 9.935974
830 821 0.000070 0.005464 9.928833 9.928833
831 822 0.000070 0.005168 9.904785 9.904785
832 823 0.000148 0.005562 9.896790 9.896790
833 824 0.000070 0.004824 9.889465 9.889465
834 825 0.000099 0.005461 9.869934 9.869934
835 826 0.000099 0.004853 9.847290 9.847290
836 827 0.000099 0.005033 9.815796 9.815796
837 828 0.000122 0.006160 9.793518 9.793518
838 829 0.000112 0.007154 9.769287 9.769287
839 830 0.000071 0.008555 9.743774 9.743774
840 831 0.000071 0.008144 9.734497 9.734497
841 832 0.000087 0.009208 9.712402 9.712402
842 833 0.000000 0.009447 9.683594 9.683594
843 834 0.000051 0.009101 9.655884 9.655884
844 835 0.000000 0.008738 9.632812 9.632812
845 836 0.000102 0.009200 9.617371 9.617371
846 837 0.000125 0.011137 9.583374 9.583374
847 838 0.000191 0.010390 9.558228 9.558228
848 839 0.000145 0.008464 9.541443 9.541443
849 840 0.000072 0.007207 9.525208 9.525208
850 841 0.000218 0.008660 9.516724 9.516724
851 842 0.000154 0.008015 9.513428 9.513428
852 843 0.000102 0.004835 9.527466 9.527466
853 844 0.000000 0.002857 9.531677 9.531677
854 845 0.000102 0.002326 9.537659 9.537659
855 846 0.000125 0.007248 9.543335 9.543335
856 847 0.000135 0.008846 9.543640 9.543640
857 848 0.000145 0.006412 9.524292 9.524292
858 849 0.000073 0.007194 9.500366 9.500366
859 850 0.000231 0.007736 9.469055 9.469055
860 851 0.000311 0.007760 9.433289 9.433289
861 852 0.000156 0.006855 9.401672 9.401672
862 853 0.000147 0.007463 9.376465 9.376465
863 854 0.000128 0.004201 9.344360 9.344360
864 855 0.000128 0.002375 9.311035 9.311035
865 856 0.000167 0.004749 9.272034 9.272034
866 857 0.000140 0.004118 9.243225 9.243225
867 858 0.000183 0.005100 9.218933 9.218933
868 859 0.000106 0.005748 9.189331 9.189331
869 860 0.000107 0.007329 9.166321 9.166321
870 861 0.000131 0.007458 9.128967 9.128967
871 862 0.000170 0.007128 9.091492 9.091492
872 863 0.000171 0.008404 9.044800 9.044800
873 864 0.000154 0.008898 8.983154 8.983154
874 865 0.000110 0.009223 8.911072 8.911072
875 866 0.000111 0.009194 8.820801 8.820801
876 867 0.000079 0.008692 8.712341 8.712341
877 868 0.000080 0.009042 8.589600 8.589600
878 869 0.000100 0.009132 8.443298 8.443298
879 870 0.000083 0.008852 8.288086 8.288086
880 871 0.000000 0.009547 8.111816 8.111816
881 872 0.000087 0.010276 7.932312 7.932312
882 873 0.000154 0.010935 7.759460 7.759460
883 874 0.000170 0.011586 7.580444 7.580444
884 875 0.000175 0.011964 7.396057 7.396057
885 876 0.000135 0.013548 7.207825 7.207825
886 877 0.000070 0.014407 7.021545 7.021545
887 878 0.000189 0.016009 6.833496 6.833496
888 879 0.000232 0.016275 6.644531 6.644531
889 880 0.000239 0.017397 6.449768 6.449768
890 881 0.000206 0.017631 6.256104 6.256104
891 882 0.000197 0.019422 6.085571 6.085571
892 883 0.000249 0.020143 5.876221 5.876221
893 884 0.000242 0.020478 5.716248 5.716248
894 885 0.000176 0.020779 5.539246 5.539246
895 886 0.000395 0.020162 5.382385 5.382385
896 887 0.000323 0.017367 5.241638 5.241638
897 888 0.000270 0.016840 5.110901 5.110901
898 889 0.000338 0.017476 5.000000 5.000000
899 890 0.000508 0.017082 4.902283 4.902283
900 891 0.000720 0.017253 4.797729 4.797729
901 892 0.000482 0.024334 4.747253 4.747253
902 893 0.000646 0.023982 4.662537 4.662537
903 894 0.000560 0.028207 4.617920 4.617920
904 895 0.000742 0.032010 4.560913 4.560913
905 896 0.001156 0.038779 4.510742 4.510742
906 897 0.001278 0.045432 4.471436 4.471436
907 898 0.001206 0.037108 4.433411 4.433411
908 899 0.001052 0.035854 4.401672 4.401672
909 900 0.001216 0.028838 4.361023 4.361023
910 901 0.001516 0.025140 4.332458 4.332458
911 902 0.001980 0.025666 4.320374 4.320374
912 903 0.001581 0.021191 4.302368 4.302368
913 904 0.001117 0.019344 4.307007 4.307007
914 905 0.000936 0.013174 4.303589 4.303589
915 906 0.001066 0.009953 4.296997 4.296997
916 907 0.000934 0.014793 4.310120 4.310120
917 908 0.000959 0.014868 4.320007 4.320007
918 909 0.000655 0.016607 4.348755 4.348755
919 910 0.000499 0.020711 4.373413 4.373413
920 911 0.000736 0.023236 4.398132 4.398132
921 912 0.000801 0.025852 4.437866 4.437866
922 913 0.000846 0.024070 4.472046 4.472046
923 914 0.000870 0.024079 4.526367 4.526367
924 915 0.000673 0.022975 4.591370 4.591370
925 916 0.000554 0.017084 4.659790 4.659790
926 917 0.000617 0.014925 4.746521 4.746521
927 918 0.000614 0.012069 4.835510 4.835510
928 919 0.000601 0.009739 4.943054 4.943054
929 920 0.000492 0.011224 5.056458 5.056458
930 921 0.000481 0.006766 5.177246 5.177246
931 922 0.000469 0.006725 5.308716 5.308716
932 923 0.000335 0.007647 5.447266 5.447266
933 924 0.000494 0.008943 5.592896 5.592896
934 925 0.000531 0.008740 5.744141 5.744141
935 926 0.000531 0.007726 5.887756 5.887756
936 927 0.000505 0.008771 6.034607 6.034607
937 928 0.000411 0.006929 6.178162 6.178162
938 929 0.000394 0.004200 6.314819 6.314819
939 930 0.000379 0.005102 6.439270 6.439270
940 931 0.000373 0.005521 6.550110 6.550110
941 932 0.000312 0.005938 6.646362 6.646362
942 933 0.000230 0.004485 6.722168 6.722168
943 934 0.000190 0.006138 6.782288 6.782288
944 935 0.000160 0.004827 6.832214 6.832214
945 936 0.000142 0.003283 6.866882 6.866882
946 937 0.000246 0.002771 6.885803 6.885803
947 938 0.000255 0.001918 6.896362 6.896362
948 939 0.000265 0.001698 6.900879 6.900879
949 940 0.000245 0.002798 6.904724 6.904724
950 941 0.000255 0.001010 6.905396 6.905396
951 942 0.000224 0.002276 6.907776 6.907776
952 943 0.000141 0.003009 6.905640 6.905640
953 944 0.000158 0.005676 6.899597 6.899597
954 945 0.000000 0.007132 6.890991 6.890991
955 946 0.000000 0.008761 6.879272 6.879272
956 947 0.000101 0.010470 6.863525 6.863525
957 948 0.000143 0.010382 6.847351 6.847351
958 949 0.000160 0.013130 6.823669 6.823669
959 950 0.000203 0.014006 6.798828 6.798828
960 951 0.000250 0.012819 6.765320 6.765320
961 952 0.000145 0.015139 6.722900 6.722900
962 953 0.000127 0.014178 6.675110 6.675110
963 954 0.000148 0.014685 6.618042 6.618042
964 955 0.000183 0.016042 6.551636 6.551636
965 956 0.000169 0.017107 6.474854 6.474854
966 957 0.000216 0.019205 6.389404 6.389404
967 958 0.000190 0.017739 6.302734 6.302734
968 959 0.000208 0.018202 6.214539 6.214539
969 960 0.000113 0.018597 6.131958 6.131958
970 961 0.000255 0.018056 6.055115 6.055115
971 962 0.000163 0.017797 5.980225 5.980225
972 963 0.000000 0.017481 5.911255 5.911255
973 964 0.000250 0.016881 5.850769 5.850769
974 965 0.000266 0.017310 5.799744 5.799744
975 966 0.000255 0.017952 5.754456 5.754456
976 967 0.000148 0.016289 5.712219 5.712219
977 968 0.000122 0.016093 5.670349 5.670349
978 969 0.000173 0.017328 5.631470 5.631470
979 970 0.000175 0.019256 5.592651 5.592651
980 971 0.000000 0.020115 5.559875 5.559875
981 972 0.000125 0.020625 5.529114 5.529114
982 973 0.000178 0.021946 5.499695 5.499695
983 974 0.000178 0.022685 5.472473 5.472473
984 975 0.000155 0.021339 5.448242 5.448242
985 976 0.000090 0.022278 5.425659 5.425659
986 977 0.000202 0.021907 5.402039 5.402039
987 978 0.000128 0.021108 5.376831 5.376831
988 979 0.000158 0.020367 5.350037 5.350037
989 980 0.000225 0.021488 5.318176 5.318176
990 981 0.000131 0.019312 5.277771 5.277771
991 982 0.000000 0.018198 5.233215 5.233215
992 983 0.000163 0.017950 5.178894 5.178894
993 984 0.000253 0.019746 5.114929 5.114929
994 985 0.000194 0.018581 5.042419 5.042419
995 986 0.000139 0.017206 4.964050 4.964050
996 987 0.000173 0.017295 4.875549 4.875549
997 988 0.000204 0.016934 4.780334 4.780334
998 989 0.000181 0.017617 4.682434 4.682434
999 990 0.000107 0.017590 4.581848 4.581848
1000 991 0.000154 0.018359 4.480286 4.480286
1001 992 0.000250 0.016699 4.374939 4.374939
1002 993 0.000162 0.016540 4.265320 4.265320
1003 994 0.000406 0.014790 4.166016 4.166016
1004 995 0.000171 0.012349 4.027588 4.027588
1005 996 0.000250 0.011641 3.900452 3.900452
1006 997 0.000411 0.010368 3.757996 3.757996
1007 998 0.000383 0.011822 3.603699 3.603699
1008 999 0.000347 0.010468 3.446167 3.446167
1009 1000 0.000258 0.012321 3.279907 3.279907
1010 1001 0.000313 0.013788 3.117371 3.117371
1011 1002 0.000368 0.015742 2.964294 2.964294
1012 1003 0.000000 0.019521 2.802856 2.802856
1013 1004 0.000257 0.019056 2.691101 2.691101
1014 1005 0.000189 0.019844 2.579712 2.579712
1015 1006 0.000000 0.023980 2.493591 2.493591
1016 1007 0.000349 0.024037 2.425415 2.425415
1017 1008 0.000000 0.027349 2.373474 2.373474
1018 1009 0.000000 0.026427 2.337646 2.337646
1019 1010 0.000211 0.025564 2.308960 2.308960
1020 1011 0.000213 0.025961 2.288513 2.288513
1021 1012 0.000429 0.027038 2.274963 2.274963
1022 1013 0.000305 0.024618 2.261963 2.261963
1023 1014 0.000307 0.026613 2.248840 2.248840
1024 1015 0.000437 0.024768 2.235901 2.235901
1025 1016 0.000311 0.025225 2.223938 2.223938
1026 1017 0.000312 0.026972 2.213196 2.213196
1027 1018 0.000314 0.030235 2.199158 2.199158
1028 1019 0.000000 0.036028 2.187378 2.187378
1029 1020 0.000000 0.036790 2.176636 2.176636
1030 1021 0.000391 0.034517 2.164856 2.164856
1031 1022 0.000227 0.033841 2.153992 2.153992
1032 1023 0.000456 0.033063 2.141846 2.141846
1033 1024 0.000513 0.027096 2.129517 2.129517
1034 1025 0.000515 0.024385 2.118408 2.118408
1035 1026 0.000402 0.019530 2.105103 2.105103
1036 1027 0.000521 0.015605 2.095581 2.095581
1037 1028 0.000234 0.009503 2.091125 2.091125
1038 1029 0.000407 0.010536 2.080261 2.080261
1039 1030 0.000334 0.011347 2.070435 2.070435
1040 1031 0.000335 0.015504 2.059387 2.059387
1041 1032 0.000337 0.016123 2.051392 2.051392
1042 1033 0.000239 0.018494 2.044189 2.044189
1043 1034 0.000000 0.020290 2.037903 2.037903
1044 1035 0.000339 0.022421 2.036865 2.036865
1045 1036 0.000239 0.020198 2.044922 2.044922
1046 1037 0.000237 0.023971 2.061157 2.061157
1047 1038 0.000233 0.017842 2.093140 2.093140
1048 1039 0.000396 0.021982 2.138245 2.138245
1049 1040 0.000497 0.018804 2.195496 2.195496
1050 1041 0.000000 0.019444 2.263611 2.263611
1051 1042 0.000295 0.018016 2.341370 2.341370
1052 1043 0.000201 0.014545 2.426636 2.426636
1053 1044 0.000274 0.013756 2.515991 2.515991
1054 1045 0.000265 0.015947 2.604919 2.604919
1055 1046 0.000000 0.016644 2.692017 2.692017
1056 1047 0.000249 0.012767 2.773682 2.773682
1057 1048 0.000171 0.013672 2.852417 2.852417
1058 1049 0.000236 0.013391 2.926941 2.926941
1059 1050 0.000230 0.012419 2.999390 2.999390
1060 1051 0.000159 0.014142 3.074097 3.074097
1061 1052 0.000310 0.012147 3.152405 3.152405
1062 1053 0.000213 0.020188 3.236755 3.236755
1063 1054 0.000294 0.032358 3.323364 3.323364
1064 1055 0.000249 0.039529 3.394165 3.394165
1065 1056 0.000141 0.049243 3.454163 3.454163
1066 1057 0.000442 0.050860 3.496338 3.496338
1067 1058 0.000438 0.056408 3.527771 3.527771
1068 1059 0.000457 0.060576 3.544189 3.544189
1069 1060 0.000551 0.064515 3.546631 3.546631
1070 1061 0.000731 0.072981 3.534607 3.534607
1071 1062 0.000763 0.076868 3.506775 3.506775
1072 1063 0.000912 0.061976 3.469177 3.469177
1073 1064 0.000888 0.059889 3.434204 3.434204
1074 1065 0.000674 0.055595 3.395691 3.395691
1075 1066 0.000325 0.054377 3.360107 3.360107
1076 1067 0.000440 0.049945 3.325745 3.325745
1077 1068 0.000210 0.046583 3.296082 3.296082
1078 1069 0.000299 0.044755 3.267029 3.267029
1079 1070 0.000477 0.041990 3.239502 3.239502
1080 1071 0.000745 0.036737 3.209717 3.209717
1081 1072 0.000842 0.033326 3.174683 3.174683
1082 1073 0.000838 0.026251 3.138550 3.138550
1083 1074 0.001013 0.022735 3.086304 3.086304
1084 1075 0.000947 0.019616 3.005920 3.005920
1085 1076 0.001254 0.014786 2.887390 2.887390
1086 1077 0.000875 0.012643 2.733704 2.733704
1087 1078 0.000743 0.019497 2.545288 2.545288
1088 1079 0.000758 0.024741 2.323669 2.323669
1089 1080 0.000471 0.018305 2.073059 2.073059
1090 1081 0.000385 0.022230 1.791626 1.791626
1091 1082 0.000000 0.017696 1.483521 1.483521
1092 1083 0.001018 0.007737 1.174500 1.174500
1093 1084 0.000532 0.021277 0.917053 0.917053
1094 1085 0.000998 0.022842 0.692017 0.692017
1095 1086 0.001963 0.035067 0.497559 0.497559
1096 1087 0.003507 0.055502 0.341003 0.341003
1097 1088 0.004980 0.109280 0.219238 0.219238
1098 1089 0.007656 0.174244 0.127563 0.127563
1099 1090 0.006838 0.307795 0.071411 0.071411
1100 1091 0.014213 0.385034 0.048584 0.048584
