10 1 0.003967 0.049714 2.964846 2.964846
11 2 0.004172 0.052738 3.057333 3.057333
12 3 0.004056 0.052700 3.153074 3.153074
13 4 0.002674 0.055839 3.249574 3.249574
14 5 0.002184 0.053408 3.351330 3.351330
15 6 0.002392 0.058441 3.456661 3.456661
16 7 0.002441 0.056659 3.561472 3.561472
17 8 0.002490 0.049099 3.658955 3.658955
18 9 0.001544 0.031584 3.767578 3.767578
19 10 0.001691 0.031721 3.876456 3.876456
20 11 0.002128 0.034224 3.993378 3.993378
21 12 0.002184 0.033177 4.103570 4.103570
22 13 0.002072 0.029451 4.226284 4.226284
23 14 0.001465 0.031279 4.344847 4.344847
24 15 0.001465 0.040872 4.466004 4.466004
25 16 0.000977 0.042250 4.583806 4.583806
26 17 0.001092 0.054631 4.699539 4.699539
27 18 0.001544 0.064039 4.811575 4.811575
28 19 0.000691 0.078433 4.919025 4.919025
29 20 0.000846 0.102165 5.023259 5.023259
30 21 0.000488 0.108373 5.134447 5.134447
31 22 0.000846 0.103116 5.239312 5.239312
32 23 0.002490 0.115489 5.345985 5.345985
33 24 0.001196 0.118553 5.452367 5.452367
34 25 0.000488 0.122969 5.560914 5.560914
35 26 0.000691 0.125390 5.675406 5.675406
36 27 0.000691 0.107851 5.807181 5.807181
37 28 0.000000 0.104012 5.907741 5.907741
38 29 0.001196 0.087801 6.020937 6.020937
39 30 0.000691 0.075339 6.141706 6.141706
40 31 0.000691 0.081512 6.259150 6.259150
41 32 0.000488 0.064370 6.378654 6.378654
42 33 0.001196 0.046943 6.493263 6.493263
43 34 0.001465 0.035608 6.612341 6.612341
44 35 0.001292 0.031172 6.723293 6.723293
45 36 0.001292 0.044709 6.832800 6.832800
46 37 0.001196 0.050690 6.950714 6.950714
47 38 0.001196 0.069157 7.059134 7.059134
48 39 0.000846 0.074158 7.154528 7.154528
49 40 0.000846 0.088346 7.250290 7.250290
50 41 0.000977 0.100625 7.339033 7.339033
51 42 0.001092 0.095491 7.432310 7.432310
52 43 0.000488 0.089977 7.515425 7.515425
53 44 0.000691 0.094109 7.609423 7.609423
54 45 0.000488 0.080496 7.686182 7.686182
55 46 0.001196 0.090555 7.786592 7.786592
56 47 0.001196 0.078710 7.876535 7.876535
57 48 0.000691 0.078635 7.973059 7.973059
58 49 0.000846 0.073173 8.071625 8.071625
59 50 0.001381 0.068278 8.175564 8.175564
60 51 0.001196 0.072432 8.280586 8.280586
61 52 0.001196 0.065109 8.383831 8.383831
62 53 0.001381 0.066040 8.502874 8.502874
63 54 0.001092 0.085914 8.628538 8.628538
64 55 0.001292 0.097961 8.750496 8.750496
65 56 0.001544 0.118662 8.875370 8.875370
66 57 0.002072 0.127043 9.001274 9.001274
67 58 0.002674 0.125343 9.123299 9.123299
68 59 0.001544 0.122976 9.238125 9.238125
69 60 0.002674 0.128701 9.340321 9.340321
70 61 0.000846 0.135148 9.434811 9.434811
71 62 0.001827 0.120856 9.495235 9.495235
72 63 0.001691 0.111601 9.535595 9.535595
73 64 0.000977 0.095765 9.581417 9.581417
74 65 0.000488 0.077806 9.614262 9.614262
75 66 0.000691 0.068415 9.638878 9.638878
76 67 0.001196 0.081739 9.649734 9.649734
77 68 0.001891 0.064810 9.646091 9.646091
78 69 0.001092 0.084850 9.636330 9.636330
79 70 0.000977 0.110749 9.626091 9.626091
80 71 0.001827 0.111002 9.625866 9.625866
81 72 0.002290 0.100578 9.632019 9.632019
82 73 0.001761 0.117260 9.632366 9.632366
83 74 0.002072 0.104401 9.632034 9.632034
84 75 0.001891 0.097343 9.628532 9.628532
85 76 0.001196 0.093285 9.632439 9.632439
86 77 0.000977 0.089457 9.639900 9.639900
87 78 0.001761 0.033295 9.663498 9.663498
88 79 0.002290 0.028207 9.678165 9.678165
89 80 0.002238 0.025358 9.692776 9.692776
90 81 0.002537 0.032051 9.706547 9.706547
91 82 0.001953 0.030694 9.720722 9.720722
92 83 0.002392 0.044082 9.737354 9.737354
93 84 0.002629 0.057497 9.756981 9.756981
94 85 0.003010 0.068585 9.790623 9.790623
95 86 0.003312 0.068598 9.825882 9.825882
96 87 0.002847 0.085066 9.836273 9.836273
97 88 0.002930 0.092378 9.876579 9.876579
98 89 0.003275 0.118994 9.910591 9.910591
99 90 0.003088 0.135373 9.951805 9.951805
100 91 0.003275 0.134210 9.991104 9.991104
101 92 0.003202 0.151476 10.039490 10.039490
102 93 0.002674 0.163708 10.083809 10.083809
103 94 0.001827 0.170596 10.114792 10.114792
104 95 0.001196 0.183846 10.152382 10.152382
105 96 0.002490 0.180940 10.208305 10.208305
106 97 0.001544 0.173854 10.253151 10.253151
107 98 0.002128 0.186268 10.301369 10.301369
108 99 0.001827 0.169453 10.344658 10.344658
109 100 0.000977 0.179612 10.384842 10.384842
110 101 0.001196 0.169649 10.414398 10.414398
111 102 0.001196 0.158149 10.459198 10.459198
112 103 0.001465 0.144989 10.506050 10.506050
113 104 0.002072 0.148404 10.551041 10.551041
114 105 0.001544 0.131974 10.593422 10.593422
115 106 0.002238 0.131921 10.639114 10.639114
116 107 0.000846 0.132016 10.676537 10.676537
117 108 0.001092 0.116212 10.716011 10.716011
118 109 0.001544 0.107250 10.762932 10.762932
119 110 0.001953 0.099828 10.815102 10.815102
120 111 0.002013 0.100912 10.855461 10.855461
121 112 0.002238 0.109891 10.891670 10.891670
122 113 0.002290 0.121936 10.930550 10.930550
123 114 0.002441 0.130435 10.971596 10.971596
124 115 0.001891 0.115229 11.004837 11.004837
125 116 0.002490 0.105743 11.046768 11.046768
126 117 0.002392 0.118384 11.083466 11.083466
127 118 0.002392 0.118885 11.114319 11.114319
128 119 0.001691 0.132481 11.147354 11.147354
129 120 0.002184 0.144176 11.172928 11.172928
130 121 0.001827 0.123111 11.212387 11.212387
131 122 0.002128 0.144207 11.250481 11.250481
132 123 0.002013 0.135793 11.287361 11.287361
133 124 0.001691 0.113230 11.322731 11.322731
134 125 0.001381 0.103193 11.350082 11.350082
135 126 0.001953 0.101706 11.379517 11.379517
136 127 0.001381 0.093852 11.405624 11.405624
137 128 0.001196 0.084636 11.427490 11.427490
138 129 0.000846 0.079082 11.443672 11.443672
139 130 0.001544 0.082723 11.450287 11.450287
140 131 0.001953 0.072876 11.494034 11.494034
141 132 0.000691 0.075108 11.440361 11.440361
142 133 0.000977 0.084565 11.422211 11.422211
143 134 0.001465 0.090308 11.401123 11.401123
144 135 0.001827 0.094025 11.373657 11.373657
145 136 0.001691 0.102076 11.335777 11.335777
146 137 0.001196 0.095168 11.272125 11.272125
147 138 0.000691 0.110492 11.208473 11.208473
148 139 0.000977 0.114180 11.135147 11.135147
149 140 0.002013 0.170672 11.011536 11.011536
150 141 0.001761 0.126244 10.970230 10.970230
151 142 0.001196 0.134725 10.878754 10.878754
152 143 0.001827 0.135020 10.781219 10.781219
153 144 0.001381 0.139109 10.673630 10.673630
154 145 0.001691 0.147126 10.571106 10.571106
155 146 0.001891 0.155997 10.484665 10.484665
156 147 0.002072 0.134642 10.407608 10.407608
157 148 0.001196 0.128725 10.329514 10.329514
158 149 0.002072 0.111709 10.257141 10.257141
159 150 0.001292 0.092065 10.193207 10.193207
160 151 0.001465 0.086202 10.138901 10.138901
161 152 0.000691 0.071268 10.087570 10.087570
162 153 0.000977 0.050832 10.044571 10.044571
163 154 0.000977 0.035432 10.004211 10.004211
164 155 0.000691 0.015867 9.973816 9.973816
165 156 0.000000 0.029745 9.944473 9.944473
166 157 0.000000 0.047887 9.915939 9.915939
167 158 0.000691 0.068227 9.886566 9.886566
168 159 0.001544 0.100237 9.856293 9.856293
169 160 0.001196 0.112619 9.812225 9.812225
170 161 0.000691 0.121218 9.767838 9.767838
171 162 0.001953 0.160894 9.721268 9.721268
172 163 0.002392 0.162238 9.670380 9.670380
173 164 0.002392 0.169478 9.608871 9.608871
174 165 0.002342 0.158049 9.533371 9.533371
175 166 0.001891 0.143815 9.454681 9.454681
176 167 0.002392 0.132784 9.371521 9.371521
177 168 0.001196 0.094094 9.283417 9.283417
178 169 0.002584 0.082329 9.206924 9.206924
179 170 0.002584 0.076519 9.130081 9.130081
180 171 0.001691 0.071032 9.050476 9.050476
181 172 0.001827 0.073045 8.969543 8.969543
182 173 0.001544 0.082541 8.887177 8.887177
183 174 0.001619 0.087769 8.809982 8.809982
184 175 0.002072 0.103158 8.715576 8.715576
185 176 0.001196 0.111405 8.625610 8.625610
186 177 0.002537 0.137657 8.521240 8.521240
187 178 0.002392 0.137751 8.418991 8.418991
188 179 0.002584 0.146152 8.314819 8.314819
189 180 0.002184 0.129572 8.220108 8.220108
190 181 0.003010 0.132901 8.127686 8.127686
191 182 0.002847 0.138700 8.017197 8.017197
192 183 0.002629 0.158313 7.920044 7.920044
193 184 0.002392 0.148420 7.842590 7.842590
194 185 0.002441 0.145208 7.773972 7.773972
195 186 0.001465 0.137887 7.722427 7.722427
196 187 0.001544 0.123919 7.676971 7.676971
197 188 0.001891 0.122633 7.642151 7.642151
198 189 0.001619 0.123624 7.604187 7.604187
199 190 0.000691 0.121256 7.570755 7.570755
200 191 0.001465 0.108732 7.566498 7.566498
201 192 0.002128 0.089836 7.572815 7.572815
202 193 0.001292 0.105008 7.556854 7.556854
203 194 0.001761 0.107530 7.556854 7.556854
204 195 0.001381 0.110067 7.565918 7.565918
205 196 0.001465 0.103922 7.581619 7.581619
206 197 0.001544 0.093926 7.597214 7.597214
207 198 0.001827 0.076949 7.630966 7.630966
208 199 0.001891 0.082447 7.678375 7.678375
209 200 0.001196 0.082391 7.737625 7.737625
210 201 0.001092 0.099125 7.783356 7.783356
211 202 0.000977 0.075267 7.868408 7.868408
212 203 0.000691 0.080572 7.949844 7.949844
213 204 0.000691 0.079702 8.040756 8.040756
214 205 0.000000 0.088406 8.134430 8.134430
215 206 0.000691 0.101845 8.239609 8.239609
216 207 0.000691 0.112550 8.340073 8.340073
217 208 0.000488 0.103084 8.440659 8.440659
218 209 0.000000 0.117494 8.538193 8.538193
219 210 0.000691 0.107572 8.664566 8.664566
220 211 0.000691 0.128796 8.753494 8.753494
221 212 0.001196 0.136110 8.860718 8.860718
222 213 0.000977 0.146368 8.967346 8.967346
223 214 0.000977 0.141810 9.077393 9.077393
224 215 0.000846 0.134994 9.177338 9.177338
225 216 0.001381 0.134376 9.283463 9.283463
226 217 0.001691 0.164713 9.392715 9.392715
227 218 0.001953 0.157392 9.496429 9.496429
228 219 0.002441 0.171843 9.588837 9.588837
229 220 0.002674 0.180366 9.718994 9.718994
230 221 0.002719 0.174355 9.823517 9.823517
231 222 0.003487 0.160131 9.930908 9.930908
232 223 0.003239 0.170225 10.034286 10.034286
233 224 0.003686 0.157774 10.153152 10.153152
234 225 0.003686 0.153604 10.273636 10.273636
235 226 0.003453 0.144391 10.384613 10.384613
236 227 0.003814 0.150793 10.514771 10.514771
237 228 0.003418 0.152235 10.620743 10.620743
238 229 0.003239 0.138515 10.730911 10.730911
239 230 0.003127 0.141118 10.839233 10.839233
240 231 0.002762 0.169585 10.940720 10.940720
241 232 0.003202 0.171570 11.050964 11.050964
242 233 0.002930 0.172942 11.154449 11.154449
243 234 0.002674 0.202986 11.243378 11.243378
244 235 0.002629 0.216266 11.338120 11.338120
245 236 0.002847 0.219093 11.422043 11.422043
246 237 0.002930 0.220604 11.522125 11.522125
247 238 0.003312 0.225304 11.620514 11.620514
248 239 0.003010 0.225027 11.718216 11.718216
249 240 0.003049 0.211574 11.831421 11.831421
250 241 0.002762 0.220399 11.935577 11.935577
251 242 0.002537 0.228962 12.029785 12.029785
252 243 0.002930 0.213622 12.129364 12.129364
253 244 0.002847 0.231750 12.230774 12.230774
254 245 0.002072 0.251715 12.326019 12.326019
255 246 0.001691 0.261207 12.424286 12.424286
256 247 0.000846 0.259864 12.510620 12.510620
257 248 0.000846 0.264713 12.605453 12.605453
258 249 0.001761 0.266332 12.687134 12.687134
259 250 0.002013 0.287535 12.755371 12.755371
260 251 0.002072 0.284575 12.848206 12.848206
261 252 0.002128 0.268668 12.928833 12.928833
262 253 0.002889 0.242191 13.016327 13.016327
263 254 0.003088 0.236386 13.095032 13.095032
264 255 0.003487 0.239473 13.162903 13.162903
265 256 0.003937 0.232244 13.241577 13.241577
266 257 0.004340 0.215024 13.303879 13.303879
267 258 0.004956 0.213749 13.361847 13.361847
268 259 0.004143 0.196072 13.424011 13.424011
269 260 0.003967 0.187164 13.467743 13.467743
270 261 0.003906 0.209273 13.519226 13.519226
271 262 0.003719 0.215023 13.559937 13.559937
272 263 0.003453 0.221980 13.600281 13.600281
273 264 0.002889 0.232518 13.637787 13.637787
274 265 0.002629 0.246236 13.664276 13.664276
275 266 0.002290 0.269554 13.701874 13.701874
276 267 0.000488 0.292518 13.732269 13.732269
277 268 0.000691 0.302076 13.769012 13.769012
278 269 0.001292 0.328596 13.795044 13.795044
279 270 0.000977 0.311239 13.815704 13.815704
280 271 0.000977 0.313570 13.814484 13.814484
281 272 0.001544 0.303897 13.801849 13.801849
282 273 0.002238 0.287753 13.773499 13.773499
283 274 0.000977 0.301920 13.724854 13.724854
284 275 0.000977 0.291526 13.669830 13.669830
285 276 0.001544 0.309441 13.599823 13.599823
286 277 0.001292 0.317579 13.510559 13.510559
287 278 0.002392 0.309923 13.410095 13.410095
288 279 0.002238 0.342338 13.294983 13.294983
289 280 0.002674 0.320852 13.184113 13.184113
290 281 0.001953 0.348738 13.065643 13.065643
291 282 0.003127 0.356399 12.955505 12.955505
292 283 0.001827 0.338998 12.845978 12.845978
293 284 0.003418 0.355368 12.720795 12.720795
294 285 0.002238 0.319984 12.602173 12.602173
295 286 0.004056 0.332721 12.478333 12.478333
296 287 0.002674 0.334110 12.344116 12.344116
297 288 0.003202 0.332295 12.215607 12.215607
298 289 0.002847 0.350867 12.088959 12.088959
299 290 0.002889 0.336897 11.972198 11.972198
300 291 0.002537 0.337348 11.848236 11.848236
301 292 0.002392 0.353746 11.731476 11.731476
302 293 0.002290 0.345110 11.619843 11.619843
303 294 0.002013 0.375996 11.509521 11.509521
304 295 0.002184 0.350367 11.403687 11.403687
305 296 0.002584 0.364597 11.311310 11.311310
306 297 0.002930 0.358972 11.217987 11.217987
307 298 0.002537 0.370603 11.122894 11.122894
308 299 0.002342 0.369994 11.032379 11.032379
309 300 0.002184 0.353958 10.960754 10.960754
310 301 0.002013 0.351791 10.844940 10.844940
311 302 0.002392 0.373898 10.738556 10.738556
312 303 0.002584 0.340296 10.625244 10.625244
313 304 0.002013 0.369081 10.515686 10.515686
314 305 0.001827 0.385568 10.402527 10.402527
315 306 0.001619 0.366878 10.282043 10.282043
316 307 0.002674 0.363885 10.167084 10.167084
317 308 0.001465 0.368506 10.058960 10.058960
318 309 0.000691 0.352196 9.941162 9.941162
319 310 0.002128 0.326569 9.858612 9.858612
320 311 0.001619 0.308890 9.762085 9.762085
321 312 0.000977 0.324625 9.672241 9.672241
322 313 0.001691 0.300897 9.582611 9.582611
323 314 0.000691 0.262402 9.506897 9.506897
324 315 0.000000 0.281675 9.439941 9.439941
325 316 0.002342 0.243679 9.371735 9.371735
326 317 0.001196 0.232269 9.295074 9.295074
327 318 0.000846 0.227853 9.227966 9.227966
328 319 0.001953 0.213592 9.176666 9.176666
329 320 0.001092 0.190156 9.121643 9.121643
330 321 0.000691 0.182204 9.076385 9.076385
331 322 0.000691 0.158392 9.040405 9.040405
332 323 0.001196 0.119035 9.005341 9.005341
333 324 0.001381 0.119424 8.977081 8.977081
334 325 0.001381 0.105461 8.950134 8.950134
335 326 0.001544 0.068966 8.921936 8.921936
336 327 0.001381 0.092805 8.886749 8.886749
337 328 0.002290 0.088020 8.853485 8.853485
338 329 0.002719 0.064358 8.836151 8.836151
339 330 0.001465 0.060585 8.814056 8.814056
340 331 0.000691 0.063591 8.791290 8.791290
341 332 0.000000 0.078551 8.767975 8.767975
342 333 0.001292 0.064898 8.747772 8.747772
343 334 0.001381 0.088264 8.726105 8.726105
344 335 0.001196 0.094990 8.709167 8.709167
345 336 0.001196 0.078909 8.693268 8.693268
346 337 0.001619 0.082200 8.674469 8.674469
347 338 0.001891 0.088011 8.652802 8.652802
348 339 0.001196 0.083763 8.629700 8.629700
349 340 0.001691 0.093199 8.604095 8.604095
350 341 0.002072 0.076340 8.582275 8.582275
351 342 0.002290 0.080419 8.563599 8.563599
352 343 0.002290 0.059194 8.552673 8.552673
353 344 0.002762 0.065997 8.551788 8.551788
354 345 0.002290 0.069506 8.559143 8.559143
355 346 0.001827 0.058792 8.575348 8.575348
356 347 0.001827 0.064508 8.599243 8.599243
357 348 0.002072 0.051468 8.632996 8.632996
358 349 0.001292 0.043022 8.672546 8.672546
359 350 0.001953 0.057908 8.715271 8.715271
360 351 0.000846 0.059897 8.753876 8.753876
361 352 0.000691 0.062710 8.791290 8.791290
362 353 0.001092 0.064696 8.823212 8.823212
363 354 0.000691 0.063385 8.851196 8.851196
364 355 0.000846 0.077983 8.878906 8.878906
365 356 0.001196 0.081011 8.905518 8.905518
366 357 0.001196 0.094243 8.909027 8.909027
367 358 0.000846 0.079531 8.916473 8.916473
368 359 0.001292 0.081109 8.919830 8.919830
369 360 0.001691 0.086507 8.924957 8.924957
370 361 0.001292 0.071154 8.923920 8.923920
371 362 0.001381 0.069730 8.925293 8.925293
372 363 0.002847 0.066614 8.922577 8.922577
373 364 0.002238 0.063215 8.911011 8.911011
374 365 0.001292 0.055897 8.900055 8.900055
375 366 0.001953 0.074740 8.904938 8.904938
376 367 0.001953 0.056679 8.904572 8.904572
377 368 0.001761 0.065672 8.901276 8.901276
378 369 0.001827 0.066838 8.894684 8.894684
379 370 0.002290 0.077953 8.887878 8.887878
380 371 0.001619 0.078319 8.877136 8.877136
381 372 0.000977 0.084585 8.863647 8.863647
382 373 0.000691 0.074233 8.849518 8.849518
383 374 0.002392 0.078589 8.828094 8.828094
384 375 0.002072 0.064132 8.801636 8.801636
385 376 0.001381 0.074845 8.775940 8.775940
386 377 0.001827 0.080894 8.754120 8.754120
387 378 0.002128 0.096259 8.711670 8.711670
388 379 0.001381 0.073758 8.679321 8.679321
389 380 0.001092 0.070031 8.642853 8.642853
390 381 0.001381 0.063122 8.615417 8.615417
391 382 0.001465 0.057473 8.581726 8.581726
392 383 0.000846 0.058275 8.552155 8.552155
393 384 0.001381 0.047880 8.524628 8.524628
394 385 0.001953 0.046940 8.497467 8.497467
395 386 0.002013 0.057490 8.469788 8.469788
396 387 0.002889 0.051529 8.467682 8.467682
397 388 0.002238 0.047393 8.459198 8.459198
398 389 0.003239 0.040315 8.459686 8.459686
399 390 0.002805 0.083525 8.462769 8.462769
400 391 0.002184 0.118695 8.483612 8.483612
401 392 0.002072 0.148236 8.499603 8.499603
402 393 0.002072 0.179298 8.521393 8.521393
403 394 0.000977 0.203650 8.538300 8.538300
404 395 0.001196 0.219713 8.556519 8.556519
405 396 0.001953 0.228863 8.578461 8.578461
406 397 0.001827 0.238461 8.599640 8.599640
407 398 0.002128 0.258940 8.619324 8.619324
408 399 0.000000 0.234256 8.632172 8.632172
409 400 0.000691 0.194876 8.643738 8.643738
410 401 0.001092 0.179524 8.661041 8.661041
411 402 0.001691 0.158867 8.670197 8.670197
412 403 0.000977 0.143413 8.691040 8.691040
413 404 0.000691 0.121491 8.714142 8.714142
414 405 0.002072 0.118168 8.737030 8.737030
415 406 0.001292 0.113424 8.762543 8.762543
416 407 0.001196 0.087268 8.784271 8.784271
417 408 0.001691 0.083642 8.805725 8.805725
418 409 0.001953 0.085792 8.819336 8.819336
419 410 0.002392 0.083066 8.833221 8.833221
420 411 0.001292 0.077062 8.853119 8.853119
421 412 0.000000 0.077104 8.858612 8.858612
422 413 0.000846 0.079197 8.858795 8.858795
423 414 0.000977 0.074822 8.851318 8.851318
424 415 0.000977 0.079691 8.849060 8.849060
425 416 0.001196 0.080637 8.840485 8.840485
426 417 0.001092 0.073365 8.831512 8.831512
427 418 0.000691 0.073892 8.819153 8.819153
428 419 0.001381 0.074004 8.819672 8.819672
429 420 0.000691 0.074691 8.797363 8.797363
430 421 0.000691 0.092482 8.797180 8.797180
431 422 0.000691 0.082725 8.793030 8.793030
432 423 0.000000 0.086246 8.787231 8.787231
433 424 0.000846 0.100736 8.789337 8.789337
434 425 0.000846 0.094202 8.782166 8.782166
435 426 0.000691 0.109816 8.805267 8.805267
436 427 0.000488 0.097585 8.805878 8.805878
437 428 0.000846 0.080434 8.813629 8.813629
438 429 0.000691 0.100451 8.849213 8.849213
439 430 0.000846 0.100806 8.876373 8.876373
440 431 0.001092 0.106214 8.911499 8.911499
441 432 0.000977 0.093476 8.957733 8.957733
442 433 0.000691 0.073928 8.987061 8.987061
443 434 0.000977 0.090009 9.043427 9.043427
444 435 0.000977 0.073937 9.075592 9.075592
445 436 0.001292 0.084183 9.135468 9.135468
446 437 0.001619 0.087586 9.181763 9.181763
447 438 0.000977 0.088023 9.227661 9.227661
448 439 0.001544 0.088382 9.270782 9.270782
449 440 0.001619 0.065656 9.313904 9.313904
450 441 0.002441 0.084519 9.354004 9.354004
451 442 0.001761 0.090401 9.396851 9.396851
452 443 0.000846 0.072032 9.437317 9.437317
453 444 0.001619 0.067744 9.474335 9.474335
454 445 0.002584 0.086674 9.516235 9.516235
455 446 0.001196 0.066610 9.554993 9.554993
456 447 0.001196 0.060006 9.595337 9.595337
457 448 0.001827 0.055449 9.637573 9.637573
458 449 0.001381 0.051403 9.675964 9.675964
459 450 0.001827 0.056323 9.714813 9.714813
460 451 0.001953 0.037553 9.757019 9.757019
461 452 0.002392 0.044087 9.795593 9.795593
462 453 0.002342 0.040256 9.832214 9.832214
463 454 0.001465 0.048751 9.865356 9.865356
464 455 0.002392 0.047603 9.899353 9.899353
465 456 0.001761 0.039807 9.937347 9.937347
466 457 0.001691 0.043855 9.974091 9.974091
467 458 0.002013 0.070840 10.009064 10.009064
468 459 0.000977 0.051549 10.042877 10.042877
469 460 0.001544 0.043742 10.075226 10.075226
470 461 0.000488 0.037476 10.106354 10.106354
471 462 0.000691 0.036959 10.139954 10.139954
472 463 0.000488 0.038876 10.176727 10.176727
473 464 0.001196 0.038682 10.208618 10.208618
474 465 0.001196 0.043109 10.228577 10.228577
475 466 0.001465 0.052332 10.241821 10.241821
476 467 0.002013 0.051525 10.255829 10.255829
477 468 0.002238 0.075562 10.268341 10.268341
478 469 0.001619 0.078027 10.273071 10.273071
479 470 0.001381 0.089804 10.272522 10.272522
480 471 0.000846 0.090675 10.266998 10.266998
481 472 0.000691 0.084559 10.255280 10.255280
482 473 0.000691 0.077462 10.235931 10.235931
483 474 0.000977 0.076261 10.219177 10.219177
484 475 0.001092 0.088782 10.202179 10.202179
485 476 0.001381 0.086154 10.179871 10.179871
486 477 0.001196 0.088003 10.152435 10.152435
487 478 0.001465 0.099419 10.128235 10.128235
488 479 0.000691 0.073412 10.104614 10.104614
489 480 0.001619 0.066709 10.081299 10.081299
490 481 0.001465 0.083591 10.058289 10.058289
491 482 0.002290 0.094994 10.041901 10.041901
492 483 0.001827 0.090720 10.025360 10.025360
493 484 0.002290 0.082047 10.006897 10.006897
494 485 0.002013 0.068786 9.991943 9.991943
495 486 0.001691 0.101935 9.975464 9.975464
496 487 0.001381 0.084646 9.965027 9.965027
497 488 0.001196 0.105618 9.952576 9.952576
498 489 0.001544 0.102264 9.943359 9.943359
499 490 0.001381 0.109256 9.936401 9.936401
500 491 0.001196 0.104386 9.925415 9.925415
501 492 0.000977 0.109991 9.907104 9.907104
502 493 0.001544 0.110810 9.887939 9.887939
503 494 0.000977 0.116237 9.866699 9.866699
504 495 0.002847 0.089552 9.848022 9.848022
505 496 0.000977 0.082716 9.814758 9.814758
506 497 0.001891 0.085494 9.775574 9.775574
507 498 0.001827 0.086691 9.719727 9.719727
508 499 0.001691 0.087082 9.649414 9.649414
509 500 0.002392 0.105047 9.564819 9.564819
510 501 0.001292 0.082636 9.479309 9.479309
511 502 0.001544 0.096200 9.377441 9.377441
512 503 0.001381 0.080805 9.263123 9.263123
513 504 0.002441 0.097494 9.136658 9.136658
514 505 0.000691 0.112135 9.015015 9.015015
515 506 0.001465 0.098627 8.903442 8.903442
516 507 0.001953 0.095098 8.804321 8.804321
517 508 0.002290 0.086597 8.712524 8.712524
518 509 0.002537 0.045782 8.639526 8.639526
519 510 0.002013 0.044434 8.572144 8.572144
520 511 0.002762 0.029383 8.518616 8.518616
521 512 0.002392 0.018675 8.481201 8.481201
522 513 0.002674 0.024023 8.445068 8.445068
523 514 0.001465 0.060163 8.422241 8.422241
524 515 0.002128 0.065565 8.394531 8.394531
525 516 0.002847 0.058364 8.356201 8.356201
526 517 0.003010 0.068950 8.336365 8.336365
527 518 0.001544 0.049965 8.319763 8.319763
528 519 0.001691 0.042786 8.293823 8.293823
529 520 0.000977 0.060870 8.287170 8.287170
530 521 0.001196 0.040028 8.265991 8.265991
531 522 0.000488 0.075677 8.272461 8.272461
532 523 0.001092 0.074659 8.273987 8.273987
533 524 0.000691 0.069392 8.270325 8.270325
534 525 0.000691 0.076680 8.294800 8.294800
535 526 0.001381 0.076018 8.317505 8.317505
536 527 0.002238 0.070341 8.340637 8.340637
537 528 0.002762 0.064232 8.379272 8.379272
538 529 0.002584 0.045049 8.404236 8.404236
539 530 0.003418 0.041713 8.457397 8.457397
540 531 0.002719 0.040841 8.505859 8.505859
541 532 0.003312 0.042293 8.563538 8.563538
542 533 0.002805 0.050812 8.636902 8.636902
543 534 0.003049 0.050302 8.701843 8.701843
544 535 0.003239 0.069676 8.767151 8.767151
545 536 0.001196 0.066343 8.839478 8.839478
546 537 0.001544 0.066758 8.922119 8.922119
547 538 0.000846 0.069529 9.021606 9.021606
548 539 0.000846 0.070068 9.119629 9.119629
549 540 0.001196 0.035840 9.217224 9.217224
550 541 0.000691 0.043976 9.312927 9.312927
551 542 0.000691 0.043548 9.411804 9.411804
552 543 0.001544 0.051178 9.510315 9.510315
553 544 0.001381 0.036293 9.604126 9.604126
554 545 0.000488 0.056598 9.695862 9.695862
555 546 0.000691 0.046361 9.779114 9.779114
556 547 0.001292 0.047657 9.852112 9.852112
557 548 0.000977 0.049609 9.915649 9.915649
558 549 0.001092 0.070521 9.965454 9.965454
559 550 0.000691 0.074434 10.007751 10.007751
560 551 0.000977 0.077274 10.039001 10.039001
561 552 0.000000 0.061559 10.063232 10.063232
562 553 0.001196 0.064338 10.084106 10.084106
563 554 0.000488 0.068773 10.096863 10.096863
564 555 0.000846 0.059708 10.101746 10.101746
565 556 0.001292 0.056895 10.095459 10.095459
566 557 0.001761 0.064921 10.082397 10.082397
567 558 0.001292 0.058006 10.066589 10.066589
568 559 0.001619 0.064937 10.049744 10.049744
569 560 0.001465 0.068697 10.029602 10.029602
570 561 0.002629 0.068141 10.005920 10.005920
571 562 0.002072 0.072141 9.979492 9.979492
572 563 0.003049 0.075450 9.947998 9.947998
573 564 0.001761 0.094048 9.921509 9.921509
574 565 0.001827 0.084546 9.902710 9.902710
575 566 0.003383 0.070047 9.892883 9.892883
576 567 0.000846 0.074905 9.888916 9.888916
577 568 0.000000 0.066303 9.885498 9.885498
578 569 0.000488 0.063346 9.890015 9.890015
579 570 0.000691 0.063845 9.901367 9.901367
580 571 0.002013 0.041263 9.915894 9.915894
581 572 0.001196 0.044956 9.931580 9.931580
582 573 0.000488 0.032048 9.945862 9.945862
583 574 0.001381 0.041003 9.963379 9.963379
584 575 0.002674 0.037990 9.978455 9.978455
585 576 0.001292 0.038544 9.995056 9.995056
586 577 0.001544 0.049643 10.010498 10.010498
587 578 0.001196 0.013707 10.027039 10.027039
588 579 0.001196 0.024740 10.043823 10.043823
589 580 0.001761 0.044049 10.054871 10.054871
590 581 0.001827 0.039427 10.067261 10.067261
591 582 0.001381 0.045302 10.077881 10.077881
592 583 0.000977 0.055586 10.076782 10.076782
593 584 0.001196 0.062036 10.073730 10.073730
594 585 0.000000 0.065753 10.069885 10.069885
595 586 0.001196 0.071158 10.061157 10.061157
596 587 0.000000 0.091645 10.046570 10.046570
597 588 0.000488 0.091837 10.030640 10.030640
598 589 0.000691 0.085197 10.013550 10.013550
599 590 0.000691 0.104158 9.992004 9.992004
600 591 0.000691 0.111765 9.965576 9.965576
601 592 0.000691 0.100700 9.939270 9.939270
602 593 0.000977 0.107061 9.917786 9.917786
603 594 0.000000 0.114565 9.886353 9.886353
604 595 0.000977 0.118907 9.855774 9.855774
605 596 0.000691 0.108569 9.819031 9.819031
606 597 0.000977 0.114355 9.772827 9.772827
607 598 0.001891 0.119932 9.733398 9.733398
608 599 0.000000 0.121915 9.689697 9.689697
609 600 0.000691 0.112419 9.645691 9.645691
610 601 0.000846 0.111390 9.603027 9.603027
611 602 0.001196 0.108523 9.552795 9.552795
612 603 0.001196 0.109049 9.506226 9.506226
613 604 0.000977 0.108156 9.454163 9.454163
614 605 0.000488 0.111943 9.403015 9.403015
615 606 0.000691 0.101637 9.351562 9.351562
616 607 0.002184 0.118879 9.298279 9.298279
617 608 0.000488 0.104957 9.249817 9.249817
618 609 0.000691 0.119796 9.200378 9.200378
619 610 0.001092 0.094888 9.147461 9.147461
620 611 0.001544 0.098419 9.094116 9.094116
621 612 0.000000 0.088766 9.044434 9.044434
622 613 0.000691 0.072016 8.999268 8.999268
623 614 0.000977 0.063677 8.954529 8.954529
624 615 0.000691 0.051335 8.914673 8.914673
625 616 0.000691 0.043571 8.866272 8.866272
626 617 0.000000 0.031899 8.824463 8.824463
627 618 0.000977 0.025458 8.785156 8.785156
628 619 0.000691 0.032450 8.753662 8.753662
629 620 0.001381 0.034933 8.719177 8.719177
630 621 0.001196 0.026532 8.674988 8.674988
631 622 0.000488 0.022807 8.638245 8.638245
632 623 0.000977 0.009405 8.601807 8.601807
633 624 0.000691 0.008315 8.563904 8.563904
634 625 0.000691 0.009837 8.525513 8.525513
635 626 0.001381 0.020560 8.475586 8.475586
636 627 0.001691 0.040427 8.424683 8.424683
637 628 0.001619 0.042079 8.361633 8.361633
638 629 0.001292 0.042735 8.294067 8.294067
639 630 0.002184 0.052862 8.228943 8.228943
640 631 0.001381 0.044632 8.143372 8.143372
641 632 0.001381 0.039871 8.050781 8.050781
642 633 0.000691 0.045089 7.948242 7.948242
643 634 0.000977 0.036619 7.841858 7.841858
644 635 0.000488 0.031921 7.738403 7.738403
645 636 0.000691 0.026749 7.635925 7.635925
646 637 0.000691 0.025470 7.539856 7.539856
647 638 0.000691 0.066636 7.451843 7.451843
648 639 0.000977 0.065742 7.370422 7.370422
649 640 0.001381 0.055727 7.304626 7.304626
650 641 0.001092 0.068210 7.254395 7.254395
651 642 0.001381 0.050591 7.217285 7.217285
652 643 0.000488 0.078473 7.190308 7.190308
653 644 0.000000 0.081597 7.179626 7.179626
654 645 0.000846 0.097891 7.158203 7.158203
655 646 0.000691 0.119072 7.147888 7.147888
656 647 0.000846 0.088924 7.142822 7.142822
657 648 0.001196 0.100739 7.125732 7.125732
658 649 0.001292 0.116011 7.125122 7.125122
659 650 0.002013 0.139234 7.103455 7.103455
660 651 0.001544 0.144334 7.105286 7.105286
661 652 0.002674 0.119363 7.105591 7.105591
662 653 0.002128 0.119327 7.081055 7.081055
663 654 0.001381 0.126042 7.092896 7.092896
664 655 0.001196 0.108190 7.098633 7.098633
665 656 0.001381 0.117638 7.091431 7.091431
666 657 0.001465 0.084531 7.116516 7.116516
667 658 0.001381 0.104643 7.114197 7.114197
668 659 0.001827 0.089188 7.149963 7.149963
669 660 0.000691 0.092842 7.169800 7.169800
670 661 0.000977 0.099250 7.181824 7.181824
671 662 0.000846 0.099539 7.227600 7.227600
672 663 0.001619 0.078575 7.242004 7.242004
673 664 0.002072 0.072048 7.274841 7.274841
674 665 0.001691 0.058866 7.325500 7.325500
675 666 0.001381 0.065996 7.349609 7.349609
676 667 0.002342 0.056032 7.400757 7.400757
677 668 0.001827 0.061740 7.437134 7.437134
678 669 0.001196 0.074035 7.463684 7.463684
679 670 0.001691 0.055423 7.514404 7.514404
680 671 0.001619 0.055222 7.545532 7.545532
681 672 0.002290 0.082656 7.598938 7.598938
682 673 0.000000 0.091946 7.634033 7.634033
683 674 0.000977 0.099991 7.655457 7.655457
684 675 0.000846 0.101132 7.695557 7.695557
685 676 0.001619 0.087749 7.726562 7.726562
686 677 0.000977 0.081898 7.743530 7.743530
687 678 0.001544 0.104618 7.780640 7.780640
688 679 0.001196 0.105648 7.805542 7.805542
689 680 0.000691 0.112607 7.829895 7.829895
690 681 0.002342 0.105627 7.851929 7.851929
691 682 0.000000 0.121092 7.858704 7.858704
692 683 0.002290 0.109647 7.883423 7.883423
693 684 0.001465 0.107541 7.898804 7.898804
694 685 0.002674 0.138412 7.890442 7.890442
695 686 0.003347 0.130225 7.901611 7.901611
696 687 0.001092 0.103713 7.893066 7.893066
697 688 0.001196 0.119725 7.865417 7.865417
698 689 0.000691 0.100486 7.855652 7.855652
699 690 0.001544 0.097099 7.827759 7.827759
700 691 0.001891 0.080588 7.828552 7.828552
701 692 0.001827 0.087743 7.820923 7.820923
702 693 0.001465 0.099257 7.806519 7.806519
703 694 0.001761 0.080013 7.818359 7.818359
704 695 0.002072 0.081783 7.826660 7.826660
705 696 0.001381 0.081403 7.840149 7.840149
706 697 0.001292 0.070819 7.884827 7.884827
707 698 0.001196 0.097889 7.904175 7.904175
708 699 0.001196 0.086713 7.946106 7.946106
709 700 0.001381 0.070068 7.976685 7.976685
710 701 0.000691 0.073748 7.996643 7.996643
711 702 0.000000 0.064482 8.037598 8.037598
712 703 0.000000 0.064811 8.075562 8.075562
713 704 0.000488 0.083601 8.102478 8.102478
714 705 0.000846 0.076510 8.143921 8.143921
715 706 0.000000 0.093089 8.169128 8.169128
716 707 0.001691 0.070776 8.218079 8.218079
717 708 0.000977 0.081560 8.258484 8.258484
718 709 0.001544 0.107636 8.296692 8.296692
719 710 0.001381 0.104406 8.354675 8.354675
720 711 0.002290 0.109149 8.405273 8.405273
721 712 0.002128 0.132171 8.447388 8.447388
722 713 0.001544 0.106760 8.509399 8.509399
723 714 0.002013 0.121363 8.554871 8.554871
724 715 0.001691 0.111622 8.615234 8.615234
725 716 0.001891 0.131705 8.668335 8.668335
726 717 0.001381 0.139470 8.712952 8.712952
727 718 0.001292 0.128007 8.771301 8.771301
728 719 0.001827 0.122901 8.823547 8.823547
729 720 0.001381 0.156147 8.874146 8.874146
730 721 0.000977 0.141126 8.940430 8.940430
731 722 0.002805 0.141618 8.992554 8.992554
732 723 0.001953 0.127425 9.049805 9.049805
733 724 0.002290 0.183802 9.103027 9.103027
734 725 0.001092 0.158926 9.151001 9.151001
735 726 0.000977 0.155231 9.214050 9.214050
736 727 0.001619 0.171112 9.263000 9.263000
737 728 0.001092 0.176143 9.320435 9.320435
738 729 0.002128 0.152321 9.372986 9.372986
739 730 0.002490 0.161357 9.415466 9.415466
740 731 0.003383 0.159943 9.463806 9.463806
741 732 0.002072 0.212633 9.516235 9.516235
742 733 0.001381 0.151157 9.571167 9.571167
743 734 0.000691 0.166833 9.621155 9.621155
744 735 0.000691 0.154371 9.667175 9.667175
745 736 0.000488 0.140355 9.720215 9.720215
746 737 0.000691 0.140281 9.764160 9.764160
747 738 0.000691 0.147193 9.812378 9.812378
748 739 0.001619 0.159294 9.865295 9.865295
749 740 0.001465 0.152377 9.913757 9.913757
750 741 0.002184 0.111684 9.956177 9.956177
751 742 0.001544 0.112411 9.995605 9.995605
752 743 0.002184 0.093725 10.044800 10.044800
753 744 0.000977 0.099586 10.092468 10.092468
754 745 0.000488 0.098356 10.137695 10.137695
755 746 0.000977 0.095246 10.185059 10.185059
756 747 0.001691 0.094821 10.234314 10.234314
757 748 0.001196 0.067064 10.286072 10.286072
758 749 0.002072 0.070673 10.338440 10.338440
759 750 0.002072 0.061596 10.402100 10.402100
760 751 0.002072 0.057012 10.447754 10.447754
761 752 0.002392 0.052392 10.498535 10.498535
762 753 0.001544 0.079561 10.615662 10.615662
763 754 0.001619 0.053716 10.605652 10.605652
764 755 0.001381 0.060412 10.658752 10.658752
765 756 0.000691 0.069304 10.714172 10.714172
766 757 0.000977 0.074316 10.769531 10.769531
767 758 0.000977 0.075742 10.826050 10.826050
768 759 0.000977 0.070137 10.872681 10.872681
769 760 0.001292 0.077747 10.936340 10.936340
770 761 0.000977 0.071636 10.995178 10.995178
771 762 0.001292 0.084747 10.985596 10.985596
772 763 0.001827 0.078669 11.103149 11.103149
773 764 0.001092 0.067573 11.161682 11.161682
774 765 0.002537 0.064815 11.221069 11.221069
775 766 0.001092 0.069996 11.272339 11.272339
776 767 0.001544 0.070199 11.326294 11.326294
777 768 0.002072 0.083312 11.383301 11.383301
778 769 0.001691 0.083143 11.440491 11.440491
779 770 0.001827 0.091820 11.506287 11.506287
780 771 0.000977 0.091237 11.582947 11.582947
781 772 0.001292 0.093475 11.653809 11.653809
782 773 0.002072 0.085088 11.718811 11.718811
783 774 0.001761 0.095122 11.782043 11.782043
784 775 0.002490 0.085583 11.852173 11.852173
785 776 0.002128 0.093740 11.925354 11.925354
786 777 0.001827 0.086039 11.996033 11.996033
787 778 0.001953 0.095031 12.067078 12.067078
788 779 0.001196 0.096586 12.130127 12.130127
789 780 0.002805 0.087249 12.184326 12.184326
790 781 0.001827 0.099595 12.248230 12.248230
791 782 0.002072 0.094363 12.311829 12.311829
792 783 0.002342 0.089260 12.369873 12.369873
793 784 0.002184 0.094919 12.425110 12.425110
794 785 0.000977 0.107935 12.471008 12.471008
795 786 0.000691 0.100889 12.520203 12.520203
796 787 0.001381 0.066624 12.559753 12.559753
797 788 0.001891 0.064173 12.596680 12.596680
798 789 0.000977 0.081994 12.625671 12.625671
799 790 0.001544 0.061125 12.648865 12.648865
800 791 0.001381 0.060777 12.667175 12.667175
801 792 0.000691 0.052534 12.681458 12.681458
802 793 0.000488 0.055810 12.689941 12.689941
803 794 0.001544 0.055432 12.695618 12.695618
804 795 0.001381 0.069569 12.696411 12.696411
805 796 0.000846 0.084296 12.700378 12.700378
806 797 0.001292 0.087137 12.695618 12.695618
807 798 0.001891 0.083232 12.698547 12.698547
808 799 0.001292 0.094755 12.702698 12.702698
809 800 0.000977 0.090717 12.696533 12.696533
810 801 0.000977 0.072452 12.687073 12.687073
811 802 0.000691 0.077840 12.674438 12.674438
812 803 0.001691 0.092242 12.660095 12.660095
813 804 0.000846 0.078117 12.639343 12.639343
814 805 0.000977 0.079227 12.623108 12.623108
815 806 0.001953 0.075727 12.608887 12.608887
816 807 0.000977 0.066137 12.585327 12.585327
817 808 0.002013 0.081402 12.555969 12.555969
818 809 0.001544 0.071246 12.531677 12.531677
819 810 0.000691 0.067133 12.516052 12.516052
820 811 0.000977 0.059794 12.494629 12.494629
821 812 0.000977 0.052750 12.476379 12.476379
822 813 0.001381 0.043180 12.455078 12.455078
823 814 0.000977 0.038673 12.426270 12.426270
824 815 0.001292 0.042079 12.398987 12.398987
825 816 0.001691 0.035426 12.365234 12.365234
826 817 0.001465 0.033622 12.329895 12.329895
827 818 0.000977 0.036291 12.295898 12.295898
828 819 0.001381 0.027926 12.254639 12.254639
829 820 0.001691 0.033427 12.217468 12.217468
830 821 0.001691 0.037746 12.174988 12.174988
831 822 0.000691 0.041225 12.127380 12.127380
832 823 0.001292 0.063611 12.062256 12.062256
833 824 0.001953 0.047507 11.985291 11.985291
834 825 0.001827 0.051642 11.900208 11.900208
835 826 0.000977 0.053062 11.795715 11.795715
836 827 0.002184 0.065749 11.673889 11.673889
837 828 0.001465 0.069005 11.534485 11.534485
838 829 0.001619 0.064896 11.387024 11.387024
839 830 0.000691 0.091056 11.221313 11.221313
840 831 0.001691 0.098410 11.046936 11.046936
841 832 0.002072 0.084705 10.868408 10.868408
842 833 0.000846 0.093898 10.682495 10.682495
843 834 0.000691 0.099643 10.497742 10.497742
844 835 0.000691 0.107494 10.319580 10.319580
845 836 0.001544 0.109737 10.155334 10.155334
846 837 0.001196 0.093961 9.999573 9.999573
847 838 0.002128 0.103985 9.847046 9.847046
848 839 0.001691 0.064445 9.712769 9.712769
849 840 0.000846 0.050362 9.585083 9.585083
850 841 0.001691 0.055737 9.475830 9.475830
851 842 0.003845 0.062018 9.379639 9.379639
852 843 0.001292 0.062488 9.304749 9.304749
853 844 0.002490 0.062731 9.245422 9.245422
854 845 0.002537 0.062042 9.197327 9.197327
855 846 0.001619 0.074262 9.156555 9.156555
856 847 0.001196 0.066771 9.129700 9.129700
857 848 0.001196 0.070979 9.109070 9.109070
858 849 0.000977 0.103769 9.091370 9.091370
859 850 0.000846 0.096116 9.078491 9.078491
860 851 0.001891 0.094523 9.075317 9.075317
861 852 0.000846 0.084087 9.069275 9.069275
862 853 0.001092 0.072589 9.071045 9.071045
863 854 0.001619 0.108174 9.059998 9.059998
864 855 0.002290 0.099674 9.062378 9.062378
865 856 0.000846 0.066775 9.072388 9.072388
866 857 0.001691 0.099876 9.078003 9.078003
867 858 0.001691 0.114478 9.110107 9.110107
868 859 0.002184 0.101246 9.151794 9.151794
869 860 0.001092 0.049773 9.187134 9.187134
870 861 0.002128 0.089990 9.238831 9.238831
871 862 0.002290 0.085838 9.287903 9.287903
872 863 0.001619 0.059494 9.332031 9.332031
873 864 0.000846 0.048488 9.386230 9.386230
874 865 0.002674 0.066838 9.420593 9.420593
875 866 0.001827 0.044668 9.479370 9.479370
876 867 0.001953 0.055804 9.527344 9.527344
877 868 0.001953 0.053811 9.566956 9.566956
878 869 0.003588 0.064979 9.627991 9.627991
879 870 0.001953 0.064689 9.675415 9.675415
880 871 0.002537 0.058953 9.705383 9.705383
881 872 0.001891 0.088427 9.765381 9.765381
882 873 0.002584 0.071626 9.804382 9.804382
883 874 0.001544 0.107102 9.872070 9.872070
884 875 0.001381 0.098450 9.925903 9.925903
885 876 0.001381 0.084347 9.962708 9.962708
886 877 0.001953 0.090416 10.022034 10.022034
887 878 0.001761 0.107135 10.060730 10.060730
888 879 0.001761 0.103275 10.089600 10.089600
889 880 0.002847 0.083175 10.144592 10.144592
890 881 0.003010 0.078224 10.175903 10.175903
891 882 0.002889 0.083423 10.228394 10.228394
892 883 0.002930 0.067983 10.261658 10.261658
893 884 0.002490 0.027265 10.285339 10.285339
894 885 0.001381 0.023807 10.332581 10.332581
895 886 0.002072 0.038727 10.354919 10.354919
896 887 0.002674 0.028468 10.388184 10.388184
897 888 0.001465 0.038855 10.430603 10.430603
898 889 0.001691 0.014644 10.465515 10.465515
899 890 0.001761 0.037078 10.511353 10.511353
900 891 0.001092 0.040786 10.528931 10.528931
901 892 0.001544 0.041322 10.545471 10.545471
902 893 0.000846 0.091865 10.560791 10.560791
903 894 0.001092 0.100356 10.566345 10.566345
904 895 0.000846 0.076827 10.570618 10.570618
905 896 0.000846 0.076728 10.562012 10.562012
906 897 0.001196 0.075914 10.548462 10.548462
907 898 0.001381 0.080821 10.522644 10.522644
908 899 0.001381 0.079111 10.488831 10.488831
909 900 0.001092 0.087110 10.448059 10.448059
910 901 0.001544 0.095081 10.398743 10.398743
911 902 0.000488 0.111795 10.340759 10.340759
912 903 0.001381 0.124567 10.272827 10.272827
913 904 0.001465 0.101066 10.184814 10.184814
914 905 0.001619 0.116796 10.080994 10.080994
915 906 0.001544 0.098772 9.966370 9.966370
916 907 0.000691 0.082290 9.834717 9.834717
917 908 0.000846 0.104223 9.697021 9.697021
918 909 0.000488 0.088424 9.556763 9.556763
919 910 0.001292 0.097484 9.399597 9.399597
920 911 0.000691 0.079988 9.246460 9.246460
921 912 0.000977 0.084666 9.078796 9.078796
922 913 0.000488 0.077119 8.909790 8.909790
923 914 0.001292 0.065783 8.739990 8.739990
924 915 0.001196 0.095424 8.543762 8.543762
925 916 0.001544 0.098460 8.364807 8.364807
926 917 0.001761 0.096699 8.168335 8.168335
927 918 0.001691 0.081837 7.991028 7.991028
928 919 0.001544 0.071704 7.833923 7.833923
929 920 0.001381 0.110868 7.650940 7.650940
930 921 0.002342 0.097860 7.501587 7.501587
931 922 0.002584 0.122805 7.337097 7.337097
932 923 0.003275 0.128043 7.202087 7.202087
933 924 0.002584 0.086401 7.110168 7.110168
934 925 0.002441 0.104155 6.983276 6.983276
935 926 0.001891 0.077469 6.921387 6.921387
936 927 0.002238 0.130122 6.820374 6.820374
937 928 0.003239 0.124557 6.768799 6.768799
938 929 0.003997 0.079904 6.753540 6.753540
939 930 0.003347 0.119789 6.693787 6.693787
940 931 0.003654 0.092813 6.693115 6.693115
941 932 0.002441 0.121175 6.651611 6.651611
942 933 0.002847 0.135903 6.625427 6.625427
943 934 0.002490 0.110694 6.635437 6.635437
944 935 0.001953 0.188050 6.594421 6.594421
945 936 0.001292 0.150412 6.611633 6.611633
946 937 0.001953 0.182579 6.572083 6.572083
947 938 0.001292 0.221515 6.541992 6.541992
948 939 0.001953 0.195229 6.548157 6.548157
949 940 0.001891 0.221940 6.531128 6.531128
950 941 0.003555 0.199646 6.551697 6.551697
951 942 0.002441 0.215634 6.556458 6.556458
952 943 0.002184 0.232441 6.568970 6.568970
953 944 0.003453 0.190890 6.599304 6.599304
954 945 0.003418 0.208118 6.615723 6.615723
955 946 0.002072 0.246708 6.645630 6.645630
956 947 0.002537 0.227020 6.666748 6.666748
957 948 0.002238 0.250022 6.684692 6.684692
958 949 0.002490 0.220179 6.708923 6.708923
959 950 0.002290 0.215166 6.722046 6.722046
960 951 0.002238 0.199202 6.734680 6.734680
961 952 0.002392 0.175760 6.747314 6.747314
962 953 0.002072 0.194501 6.760559 6.760559
963 954 0.002805 0.175068 6.765869 6.765869
964 955 0.002013 0.153096 6.772339 6.772339
965 956 0.002342 0.147503 6.765198 6.765198
966 957 0.001761 0.112911 6.750122 6.750122
967 958 0.002184 0.155486 6.742432 6.742432
968 959 0.003654 0.148280 6.718567 6.718567
969 960 0.003010 0.188757 6.699707 6.699707
970 961 0.004229 0.194638 6.648071 6.648071
971 962 0.003967 0.171674 6.581482 6.581482
972 963 0.005393 0.219548 6.523926 6.523926
973 964 0.003588 0.169479 6.451843 6.451843
974 965 0.002490 0.176864 6.393799 6.393799
975 966 0.002762 0.201675 6.355530 6.355530
976 967 0.001827 0.162223 6.300720 6.300720
977 968 0.001292 0.149166 6.279846 6.279846
978 969 0.001619 0.168863 6.242554 6.242554
979 970 0.001691 0.166105 6.232605 6.232605
980 971 0.002342 0.177200 6.252319 6.252319
981 972 0.001619 0.180684 6.251038 6.251038
982 973 0.003088 0.204209 6.259338 6.259338
983 974 0.003588 0.197766 6.286804 6.286804
984 975 0.002290 0.179449 6.280151 6.280151
985 976 0.003202 0.154401 6.318665 6.318665
986 977 0.003686 0.164384 6.323792 6.323792
987 978 0.002537 0.142908 6.335388 6.335388
988 979 0.002584 0.123951 6.376953 6.376953
989 980 0.002762 0.119934 6.377991 6.377991
990 981 0.003049 0.125031 6.405151 6.405151
991 982 0.001196 0.085444 6.467285 6.467285
992 983 0.002128 0.096655 6.490356 6.490356
993 984 0.002441 0.096330 6.561462 6.561462
994 985 0.001381 0.101859 6.584839 6.584839
995 986 0.001544 0.102665 6.639954 6.639954
996 987 0.001691 0.118321 6.714966 6.714966
997 988 0.001953 0.125115 6.765930 6.765930
998 989 0.001761 0.124699 6.849243 6.849243
999 990 0.002584 0.114710 6.932861 6.932861
1000 991 0.002762 0.165626 6.990967 6.990967
1001 992 0.001465 0.148458 7.081665 7.081665
1002 993 0.002184 0.153619 7.157471 7.157471
1003 994 0.002490 0.140798 7.251465 7.251465
1004 995 0.001827 0.139796 7.347046 7.347046
1005 996 0.001761 0.123938 7.431763 7.431763
1006 997 0.001544 0.120619 7.518311 7.518311
1007 998 0.001196 0.114563 7.614502 7.614502
1008 999 0.000691 0.117668 7.706665 7.706665
1009 1000 0.001196 0.093403 7.801270 7.801270
1010 1001 0.001381 0.084204 7.888184 7.888184
1011 1002 0.000977 0.076942 7.972900 7.972900
1012 1003 0.001292 0.081860 8.061646 8.061646
1013 1004 0.000000 0.067344 8.148438 8.148438
1014 1005 0.000691 0.066663 8.240601 8.240601
1015 1006 0.000691 0.065697 8.328979 8.328979
1016 1007 0.000846 0.059501 8.409912 8.409912
1017 1008 0.001691 0.070852 8.490967 8.490967
1018 1009 0.000977 0.058736 8.569702 8.569702
1019 1010 0.001196 0.057628 8.649780 8.649780
1020 1011 0.000977 0.063680 8.729492 8.729492
1021 1012 0.000000 0.076958 8.797119 8.797119
1022 1013 0.000691 0.074732 8.858765 8.858765
1023 1014 0.000977 0.083624 8.910278 8.910278
1024 1015 0.000977 0.066089 8.965332 8.965332
1025 1016 0.002847 0.056675 9.006836 9.006836
1026 1017 0.002537 0.059371 9.041504 9.041504
1027 1018 0.000846 0.059873 9.077759 9.077759
1028 1019 0.002072 0.068587 9.106079 9.106079
1029 1020 0.001691 0.061739 9.121094 9.121094
1030 1021 0.000977 0.047097 9.135986 9.135986
1031 1022 0.002290 0.048671 9.149292 9.149292
1032 1023 0.001827 0.047146 9.160889 9.160889
1033 1024 0.000691 0.056378 9.168091 9.168091
1034 1025 0.003621 0.064749 9.174683 9.174683
1035 1026 0.002490 0.043678 9.176147 9.176147
1036 1027 0.001381 0.070511 9.172974 9.172974
1037 1028 0.000977 0.061792 9.165527 9.165527
1038 1029 0.000846 0.064662 9.169067 9.169067
1039 1030 0.001292 0.071183 9.168213 9.168213
1040 1031 0.001761 0.080418 9.164062 9.164062
1041 1032 0.000846 0.082710 9.164917 9.164917
1042 1033 0.001292 0.100972 9.154907 9.154907
1043 1034 0.000691 0.107550 9.142212 9.142212
1044 1035 0.000977 0.119048 9.134888 9.134888
1045 1036 0.000691 0.125223 9.123169 9.123169
1046 1037 0.002537 0.106974 9.114014 9.114014
1047 1038 0.001381 0.121425 9.103760 9.103760
1048 1039 0.001196 0.109890 9.094482 9.094482
1049 1040 0.001465 0.106876 9.081177 9.081177
1050 1041 0.001953 0.103344 9.069092 9.069092
1051 1042 0.001381 0.091486 9.061279 9.061279
1052 1043 0.001544 0.092391 9.063354 9.063354
1053 1044 0.001196 0.095213 9.058594 9.058594
1054 1045 0.001465 0.088196 9.051636 9.051636
1055 1046 0.000691 0.096420 9.051025 9.051025
1056 1047 0.001619 0.070828 9.041016 9.041016
1057 1048 0.001196 0.067354 9.040039 9.040039
1058 1049 0.001092 0.052365 9.043579 9.043579
1059 1050 0.001196 0.045506 9.047729 9.047729
1060 1051 0.001196 0.039465 9.041016 9.041016
1061 1052 0.001196 0.031918 9.032227 9.032227
1062 1053 0.000691 0.035086 9.028564 9.028564
1063 1054 0.000977 0.043935 9.031372 9.031372
1064 1055 0.001691 0.042929 9.027344 9.027344
1065 1056 0.001381 0.053949 9.033203 9.033203
1066 1057 0.000000 0.057079 9.034058 9.034058
1067 1058 0.000691 0.066694 9.032227 9.032227
1068 1059 0.000488 0.047561 9.021118 9.021118
1069 1060 0.000000 0.045332 9.026978 9.026978
1070 1061 0.000691 0.053321 9.028687 9.028687
1071 1062 0.000977 0.047706 9.026611 9.026611
1072 1063 0.000691 0.049383 9.017944 9.017944
1073 1064 0.001381 0.040803 9.009033 9.009033
1074 1065 0.001196 0.045137 8.992310 8.992310
1075 1066 0.001465 0.061292 8.971313 8.971313
1076 1067 0.001292 0.078303 8.952148 8.952148
1077 1068 0.001544 0.076988 8.932129 8.932129
1078 1069 0.001544 0.069894 8.905518 8.905518
1079 1070 0.001196 0.082000 8.882080 8.882080
1080 1071 0.000977 0.075247 8.858398 8.858398
1081 1072 0.001691 0.074837 8.832397 8.832397
1082 1073 0.000977 0.066206 8.817993 8.817993
1083 1074 0.000691 0.076083 8.759644 8.759644
1084 1075 0.000846 0.075315 8.716675 8.716675
1085 1076 0.001292 0.073955 8.662354 8.662354
1086 1077 0.001381 0.084319 8.600708 8.600708
1087 1078 0.001292 0.097989 8.529541 8.529541
1088 1079 0.001953 0.108103 8.434814 8.434814
1089 1080 0.002490 0.107076 8.324585 8.324585
1090 1081 0.001827 0.100280 8.189941 8.189941
1091 1082 0.001544 0.114897 8.019043 8.019043
1092 1083 0.001619 0.102840 7.879395 7.879395
1093 1084 0.001827 0.101093 7.698975 7.698975
1094 1085 0.002392 0.095956 7.507690 7.507690
1095 1086 0.001761 0.079543 7.305054 7.305054
1096 1087 0.001619 0.080342 7.101074 7.101074
1097 1088 0.000691 0.087695 6.912109 6.912109
1098 1089 0.001891 0.104742 6.744873 6.744873
1099 1090 0.002072 0.138603 6.605347 6.605347
1100 1091 0.001544 0.145313 6.481445 6.481445
1101 1092 0.001891 0.175569 6.362915 6.362915
1102 1093 0.001381 0.177499 6.270142 6.270142
1103 1094 0.001544 0.201436 6.193481 6.193481
1104 1095 0.002930 0.225357 6.131470 6.131470
1105 1096 0.002342 0.236924 6.097046 6.097046
1106 1097 0.003312 0.217610 6.041992 6.041992
1107 1098 0.004834 0.232074 5.999878 5.999878
1108 1099 0.005144 0.214647 5.931641 5.931641
1109 1100 0.004475 0.230392 5.905884 5.905884
1110 1101 0.004229 0.192546 5.855835 5.855835
1111 1102 0.004312 0.168435 5.802246 5.802246
1112 1103 0.005191 0.199517 5.797241 5.797241
1113 1104 0.005503 0.183173 5.759399 5.759399
1114 1105 0.004502 0.198693 5.759766 5.759766
1115 1106 0.005524 0.210380 5.752808 5.752808
1116 1107 0.004395 0.207571 5.738281 5.738281
1117 1108 0.005304 0.233200 5.796509 5.796509
1118 1109 0.003654 0.209637 5.784668 5.784668
1119 1110 0.003845 0.239679 5.854614 5.854614
1120 1111 0.004026 0.286944 5.897095 5.897095
1121 1112 0.002674 0.230228 5.896851 5.896851
1122 1113 0.002013 0.241091 5.980713 5.980713
1123 1114 0.002584 0.209600 5.986084 5.986084
1124 1115 0.002490 0.218570 6.059937 6.059937
1125 1116 0.002674 0.205549 6.114746 6.114746
1126 1117 0.001761 0.177956 6.138428 6.138428
1127 1118 0.003088 0.175992 6.231079 6.231079
1128 1119 0.002238 0.163001 6.274292 6.274292
1129 1120 0.002584 0.138997 6.369995 6.369995
1130 1121 0.003127 0.131990 6.482056 6.482056
1131 1122 0.002847 0.122664 6.557617 6.557617
1132 1123 0.002629 0.132334 6.692261 6.692261
1133 1124 0.002342 0.112895 6.792603 6.792603
1134 1125 0.002889 0.107075 6.926758 6.926758
1135 1126 0.002629 0.110844 7.061768 7.061768
1136 1127 0.001827 0.110803 7.184326 7.184326
1137 1128 0.002719 0.097622 7.324585 7.324585
1138 1129 0.002584 0.098245 7.462524 7.462524
1139 1130 0.002674 0.107115 7.603149 7.603149
1140 1131 0.001691 0.114213 7.747559 7.747559
1141 1132 0.002072 0.110217 7.877808 7.877808
1142 1133 0.002184 0.122945 8.011963 8.011963
1143 1134 0.001953 0.129039 8.141113 8.141113
1144 1135 0.001465 0.136345 8.268311 8.268311
1145 1136 0.001691 0.140576 8.383423 8.383423
1146 1137 0.000977 0.148461 8.499390 8.499390
1147 1138 0.000977 0.149290 8.604736 8.604736
1148 1139 0.000846 0.145405 8.701172 8.701172
1149 1140 0.001196 0.125574 8.797974 8.797974
1150 1141 0.000977 0.124583 8.890259 8.890259
1151 1142 0.000691 0.109001 8.981567 8.981567
1152 1143 0.001196 0.107259 9.064697 9.064697
1153 1144 0.001544 0.084242 9.134644 9.134644
1154 1145 0.001544 0.078430 9.209961 9.209961
1155 1146 0.000691 0.066423 9.265747 9.265747
1156 1147 0.000488 0.060525 9.320923 9.320923
1157 1148 0.001827 0.046578 9.369873 9.369873
1158 1149 0.001292 0.048502 9.412842 9.412842
1159 1150 0.000000 0.066930 9.444092 9.444092
1160 1151 0.001381 0.057599 9.471558 9.471558
1161 1152 0.001619 0.067311 9.496948 9.496948
1162 1153 0.000691 0.073079 9.526611 9.526611
1163 1154 0.001381 0.077166 9.543579 9.543579
1164 1155 0.000977 0.060457 9.558838 9.558838
1165 1156 0.001544 0.049575 9.578247 9.578247
1166 1157 0.000000 0.042212 9.581909 9.581909
1167 1158 0.001092 0.041039 9.588501 9.588501
1168 1159 0.000977 0.032618 9.601562 9.601562
1169 1160 0.000000 0.045946 9.609619 9.609619
1170 1161 0.001196 0.048832 9.614258 9.614258
1171 1162 0.001465 0.062223 9.612427 9.612427
1172 1163 0.001691 0.087960 9.607666 9.607666
1173 1164 0.002072 0.084363 9.619019 9.619019
1174 1165 0.001691 0.107584 9.620728 9.620728
1175 1166 0.002072 0.101681 9.640503 9.640503
1176 1167 0.002537 0.119489 9.659180 9.659180
1177 1168 0.002930 0.124910 9.672119 9.672119
1178 1169 0.002342 0.104580 9.699585 9.699585
1179 1170 0.002013 0.101100 9.725708 9.725708
1180 1171 0.002072 0.100367 9.766357 9.766357
1181 1172 0.002238 0.071821 9.813843 9.813843
1182 1173 0.000488 0.083209 9.854126 9.854126
1183 1174 0.002013 0.070121 9.898315 9.898315
1184 1175 0.001619 0.044773 9.940674 9.940674
1185 1176 0.000977 0.041231 9.978271 9.978271
1186 1177 0.000691 0.040899 10.024048 10.024048
1187 1178 0.001465 0.044079 10.064941 10.064941
1188 1179 0.001092 0.044905 10.108887 10.108887
1189 1180 0.001196 0.047252 10.146729 10.146729
1190 1181 0.000691 0.052431 10.195068 10.195068
1191 1182 0.001691 0.059463 10.236572 10.236572
1192 1183 0.000691 0.054821 10.281494 10.281494
1193 1184 0.000691 0.070843 10.328735 10.328735
1194 1185 0.001691 0.078651 10.383057 10.383057
1195 1186 0.001619 0.084810 10.437866 10.437866
1196 1187 0.000977 0.093673 10.495728 10.495728
1197 1188 0.000977 0.096220 10.555542 10.555542
1198 1189 0.001092 0.104510 10.609375 10.609375
1199 1190 0.000691 0.106367 10.661011 10.661011
1200 1191 0.000846 0.123536 10.721191 10.721191
1201 1192 0.000977 0.125752 10.784180 10.784180
1202 1193 0.001381 0.142078 10.843628 10.843628
1203 1194 0.000977 0.139440 10.900024 10.900024
1204 1195 0.000691 0.145738 10.959351 10.959351
1205 1196 0.001953 0.138621 11.020874 11.020874
1206 1197 0.001827 0.140783 11.075439 11.075439
1207 1198 0.001953 0.137900 11.133301 11.133301
1208 1199 0.001196 0.133101 11.183594 11.183594
1209 1200 0.002072 0.114914 11.236084 11.236084
1210 1201 0.001292 0.114117 11.282837 11.282837
1211 1202 0.001953 0.098741 11.335693 11.335693
1212 1203 0.002128 0.110040 11.386963 11.386963
1213 1204 0.002441 0.108407 11.424194 11.424194
1214 1205 0.001891 0.105727 11.457275 11.457275
1215 1206 0.001544 0.075144 11.499878 11.499878
1216 1207 0.001544 0.085076 11.547363 11.547363
1217 1208 0.001691 0.089268 11.589478 11.589478
1218 1209 0.001196 0.081274 11.625244 11.625244
1219 1210 0.002072 0.081472 11.646729 11.646729
1220 1211 0.001691 0.067693 11.666016 11.666016
1221 1212 0.001891 0.048805 11.683105 11.683105
1222 1213 0.001381 0.034569 11.710449 11.710449
1223 1214 0.001196 0.051054 11.741821 11.741821
1224 1215 0.001891 0.051801 11.765503 11.765503
1225 1216 0.002762 0.048470 11.788574 11.788574
1226 1217 0.002238 0.060327 11.815918 11.815918
1227 1218 0.003239 0.072981 11.839233 11.839233
1228 1219 0.000846 0.052411 11.876953 11.876953
1229 1220 0.001544 0.051146 11.922729 11.922729
1230 1221 0.000691 0.062136 11.968628 11.968628
1231 1222 0.001292 0.070268 12.015015 12.015015
1232 1223 0.001691 0.106608 12.056274 12.056274
1233 1224 0.002629 0.118332 12.099365 12.099365
1234 1225 0.001092 0.127858 12.134033 12.134033
1235 1226 0.001381 0.139732 12.169800 12.169800
1236 1227 0.001381 0.171946 12.210083 12.210083
1237 1228 0.001092 0.169186 12.243896 12.243896
1238 1229 0.000977 0.139451 12.273315 12.273315
1239 1230 0.001691 0.130175 12.298584 12.298584
1240 1231 0.001544 0.125999 12.322266 12.322266
1241 1232 0.001691 0.098697 12.340576 12.340576
1242 1233 0.003521 0.084648 12.356812 12.356812
1243 1234 0.000977 0.076320 12.390869 12.390869
1244 1235 0.001196 0.085482 12.420166 12.420166
1245 1236 0.001691 0.111010 12.453857 12.453857
1246 1237 0.001544 0.121660 12.495239 12.495239
1247 1238 0.000977 0.120372 12.538696 12.538696
1248 1239 0.000977 0.152591 12.588379 12.588379
1249 1240 0.000977 0.158151 12.643555 12.643555
1250 1241 0.001092 0.182193 12.697876 12.697876
1251 1242 0.000977 0.171433 12.755127 12.755127
1252 1243 0.000691 0.200747 12.802979 12.802979
1253 1244 0.001381 0.218293 12.852783 12.852783
1254 1245 0.001196 0.212762 12.894775 12.894775
1255 1246 0.002290 0.226827 12.941284 12.941284
1256 1247 0.002184 0.280865 12.980591 12.980591
1257 1248 0.001691 0.288327 13.018799 13.018799
1258 1249 0.000846 0.324932 13.057007 13.057007
1259 1250 0.000488 0.315866 13.093018 13.093018
1260 1251 0.001827 0.358030 13.134033 13.134033
1261 1252 0.002072 0.358351 13.153809 13.153809
1262 1253 0.002072 0.352453 13.183960 13.183960
1263 1254 0.002290 0.369967 13.213257 13.213257
1264 1255 0.002674 0.347481 13.237061 13.237061
1265 1256 0.001092 0.319413 13.257812 13.257812
1266 1257 0.000691 0.304061 13.266235 13.266235
1267 1258 0.001953 0.275625 13.270874 13.270874
1268 1259 0.001465 0.266557 13.273682 13.273682
1269 1260 0.000691 0.228471 13.272949 13.272949
1270 1261 0.001761 0.221292 13.285767 13.285767
1271 1262 0.001196 0.205532 13.282837 13.282837
1272 1263 0.001465 0.206171 13.292236 13.292236
1273 1264 0.000488 0.219454 13.287720 13.287720
1274 1265 0.000488 0.202374 13.276001 13.276001
1275 1266 0.000977 0.185251 13.274902 13.274902
1276 1267 0.001465 0.182797 13.263428 13.263428
1277 1268 0.001953 0.169737 13.261963 13.261963
1278 1269 0.000977 0.169899 13.252441 13.252441
1279 1270 0.001381 0.156001 13.236450 13.236450
1280 1271 0.001827 0.161033 13.227295 13.227295
1281 1272 0.001381 0.147090 13.209839 13.209839
1282 1273 0.001544 0.134608 13.204102 13.204102
1283 1274 0.001691 0.136796 13.206665 13.206665
1284 1275 0.001381 0.145330 13.203247 13.203247
1285 1276 0.001544 0.126800 13.204102 13.204102
1286 1277 0.000977 0.134578 13.197388 13.197388
1287 1278 0.001092 0.117907 13.188599 13.188599
1288 1279 0.001092 0.124950 13.182861 13.182861
1289 1280 0.001619 0.113295 13.180054 13.180054
1290 1281 0.000691 0.100552 13.170776 13.170776
1291 1282 0.001953 0.099384 13.158325 13.158325
1292 1283 0.001092 0.058654 13.144531 13.144531
1293 1284 0.001381 0.065408 13.136353 13.136353
1294 1285 0.000846 0.071204 13.126587 13.126587
1295 1286 0.001292 0.082999 13.117920 13.117920
1296 1287 0.001196 0.089343 13.118896 13.118896
1297 1288 0.001196 0.101316 13.110474 13.110474
1298 1289 0.003654 0.115583 13.098511 13.098511
1299 1290 0.001544 0.120420 13.098633 13.098633
1300 1291 0.001092 0.132207 13.100708 13.100708
1301 1292 0.001691 0.138200 13.101807 13.101807
1302 1293 0.001953 0.148998 13.084106 13.084106
1303 1294 0.000846 0.140728 13.067993 13.067993
1304 1295 0.000977 0.133118 13.053833 13.053833
1305 1296 0.002238 0.147900 13.038574 13.038574
1306 1297 0.001827 0.132627 13.034180 13.034180
1307 1298 0.001953 0.111282 13.031616 13.031616
1308 1299 0.000977 0.124854 13.016602 13.016602
1309 1300 0.000977 0.118428 13.003296 13.003296
1310 1301 0.001619 0.130503 12.983032 12.983032
1311 1302 0.000691 0.129458 12.986206 12.986206
1312 1303 0.001196 0.127566 12.991333 12.991333
1313 1304 0.001196 0.115334 12.999023 12.999023
1314 1305 0.000488 0.113065 13.000854 13.000854
1315 1306 0.001691 0.100729 13.006226 13.006226
1316 1307 0.001381 0.093076 13.015015 13.015015
1317 1308 0.001544 0.080330 13.025879 13.025879
1318 1309 0.000691 0.075747 13.036133 13.036133
1319 1310 0.000846 0.061582 13.053467 13.053467
1320 1311 0.000488 0.054045 13.065430 13.065430
1321 1312 0.000488 0.048541 13.071533 13.071533
1322 1313 0.000488 0.045735 13.073242 13.073242
1323 1314 0.000000 0.054258 13.079102 13.079102
1324 1315 0.001292 0.040237 13.079224 13.079224
1325 1316 0.000000 0.045954 13.082886 13.082886
1326 1317 0.000488 0.052047 13.079956 13.079956
1327 1318 0.001465 0.055904 13.073486 13.073486
1328 1319 0.000000 0.051825 13.063110 13.063110
1329 1320 0.000977 0.050527 13.056641 13.056641
1330 1321 0.000691 0.051208 13.050415 13.050415
1331 1322 0.001381 0.045517 13.048340 13.048340
1332 1323 0.001196 0.041752 13.053101 13.053101
1333 1324 0.001092 0.044617 13.059937 13.059937
1334 1325 0.000977 0.057713 13.061523 13.061523
1335 1326 0.000846 0.077494 13.059937 13.059937
1336 1327 0.001381 0.099282 13.054077 13.054077
1337 1328 0.001381 0.097025 13.050781 13.050781
1338 1329 0.001619 0.101831 13.044922 13.044922
1339 1330 0.001619 0.127456 13.038208 13.038208
1340 1331 0.001691 0.149570 13.025269 13.025269
1341 1332 0.000846 0.166612 12.996826 12.996826
1342 1333 0.000691 0.181770 12.974365 12.974365
1343 1334 0.001381 0.192295 12.940552 12.940552
1344 1335 0.001381 0.187568 12.927368 12.927368
1345 1336 0.001381 0.187274 12.914551 12.914551
1346 1337 0.000691 0.158886 12.900024 12.900024
1347 1338 0.000691 0.130539 12.885254 12.885254
1348 1339 0.000977 0.097462 12.874756 12.874756
1349 1340 0.000977 0.066526 12.867798 12.867798
1350 1341 0.001381 0.041473 12.861328 12.861328
1351 1342 0.000977 0.038608 12.857422 12.857422
1352 1343 0.001092 0.072934 12.865723 12.865723
1353 1344 0.001691 0.094044 12.861084 12.861084
1354 1345 0.001891 0.105705 12.864868 12.864868
1355 1346 0.002238 0.137056 12.867554 12.867554
1356 1347 0.002970 0.141168 12.863647 12.863647
1357 1348 0.002342 0.121158 12.853638 12.853638
1358 1349 0.001381 0.099160 12.842285 12.842285
1359 1350 0.003010 0.107711 12.834961 12.834961
1360 1351 0.001891 0.092879 12.828979 12.828979
1361 1352 0.002889 0.073994 12.813110 12.813110
1362 1353 0.001465 0.053704 12.801392 12.801392
1363 1354 0.001691 0.032440 12.793457 12.793457
1364 1355 0.000977 0.015605 12.792969 12.792969
1365 1356 0.002674 0.011262 12.800903 12.800903
1366 1357 0.000488 0.019623 12.814453 12.814453
1367 1358 0.002889 0.057442 12.827881 12.827881
1368 1359 0.000488 0.048903 12.839722 12.839722
1369 1360 0.003967 0.076434 12.850098 12.850098
1370 1361 0.001891 0.103331 12.869507 12.869507
1371 1362 0.000691 0.094764 12.885010 12.885010
1372 1363 0.001092 0.115843 12.892944 12.892944
1373 1364 0.000691 0.113100 12.901978 12.901978
1374 1365 0.001761 0.104664 12.897583 12.897583
1375 1366 0.001381 0.130519 12.901367 12.901367
1376 1367 0.001465 0.129983 12.907837 12.907837
1377 1368 0.001381 0.129159 12.918091 12.918091
1378 1369 0.001761 0.118955 12.931030 12.931030
1379 1370 0.002128 0.123032 12.937744 12.937744
1380 1371 0.002072 0.092386 12.948730 12.948730
1381 1372 0.001761 0.094197 12.966797 12.966797
1382 1373 0.001544 0.080406 12.986572 12.986572
1383 1374 0.001196 0.060109 13.018921 13.018921
1384 1375 0.000846 0.046752 13.038818 13.038818
1385 1376 0.000691 0.057843 13.062622 13.062622
1386 1377 0.001691 0.089268 13.081299 13.081299
1387 1378 0.001691 0.104980 13.100464 13.100464
1388 1379 0.002013 0.144851 13.121826 13.121826
1389 1380 0.001381 0.125365 13.139648 13.139648
1390 1381 0.000846 0.129807 13.147705 13.147705
1391 1382 0.000977 0.116245 13.152710 13.152710
1392 1383 0.001465 0.105810 13.160889 13.160889
1393 1384 0.000691 0.107795 13.172241 13.172241
1394 1385 0.001092 0.102082 13.183350 13.183350
1395 1386 0.001691 0.096924 13.197754 13.197754
1396 1387 0.000000 0.081414 13.200195 13.200195
1397 1388 0.000691 0.075308 13.208008 13.208008
1398 1389 0.000691 0.072127 13.219360 13.219360
1399 1390 0.000488 0.058516 13.237793 13.237793
1400 1391 0.000488 0.070655 13.254883 13.254883
1401 1392 0.000000 0.044749 13.262573 13.262573
1402 1393 0.000691 0.053788 13.276367 13.276367
1403 1394 0.001827 0.043417 13.294067 13.294067
1404 1395 0.001196 0.039968 13.314941 13.314941
1405 1396 0.000846 0.073321 13.344482 13.344482
1406 1397 0.000691 0.068979 13.376465 13.376465
1407 1398 0.000488 0.082050 13.401001 13.401001
1408 1399 0.000691 0.084702 13.417358 13.417358
1409 1400 0.000488 0.070833 13.434082 13.434082
1410 1401 0.001196 0.110549 13.462158 13.462158
1411 1402 0.000691 0.118026 13.495483 13.495483
1412 1403 0.002184 0.108889 13.511841 13.511841
1413 1404 0.002072 0.100294 13.508667 13.508667
1414 1405 0.002072 0.081098 13.493896 13.493896
1415 1406 0.002392 0.088762 13.480347 13.480347
1416 1407 0.001381 0.078309 13.483032 13.483032
1417 1408 0.000977 0.077048 13.484009 13.484009
1418 1409 0.001292 0.063592 13.482788 13.482788
1419 1410 0.001381 0.042230 13.468750 13.468750
1420 1411 0.000691 0.025457 13.454468 13.454468
1421 1412 0.000691 0.041742 13.455688 13.455688
1422 1413 0.000691 0.062385 13.474731 13.474731
1423 1414 0.000000 0.069957 13.492310 13.492310
1424 1415 0.000691 0.075509 13.497681 13.497681
1425 1416 0.000488 0.076703 13.485718 13.485718
1426 1417 0.001381 0.084478 13.481201 13.481201
1427 1418 0.000977 0.110982 13.478394 13.478394
1428 1419 0.000691 0.125366 13.482300 13.482300
1429 1420 0.001544 0.126725 13.474121 13.474121
1430 1421 0.001292 0.128701 13.452515 13.452515
1431 1422 0.001196 0.123630 13.437500 13.437500
1432 1423 0.002128 0.122627 13.423462 13.423462
1433 1424 0.000977 0.127487 13.411743 13.411743
1434 1425 0.001292 0.140491 13.409912 13.409912
1435 1426 0.000846 0.148836 13.406006 13.406006
1436 1427 0.000691 0.133439 13.400879 13.400879
1437 1428 0.000691 0.138953 13.393799 13.393799
1438 1429 0.001092 0.121492 13.385620 13.385620
1439 1430 0.001292 0.106314 13.378906 13.378906
1440 1431 0.000691 0.086668 13.368408 13.368408
1441 1432 0.001381 0.081843 13.370605 13.370605
1442 1433 0.001196 0.077385 13.368774 13.368774
1443 1434 0.000977 0.057964 13.362305 13.362305
1444 1435 0.000691 0.086178 13.372803 13.372803
1445 1436 0.000691 0.067999 13.379517 13.379517
1446 1437 0.000846 0.082276 13.391968 13.391968
1447 1438 0.001092 0.098825 13.397461 13.397461
1448 1439 0.000488 0.145393 13.426025 13.426025
1449 1440 0.001827 0.160226 13.437622 13.437622
1450 1441 0.000846 0.203190 13.456055 13.456055
1451 1442 0.000000 0.228874 13.466187 13.466187
1452 1443 0.000846 0.281018 13.480957 13.480957
1453 1444 0.002072 0.286000 13.474121 13.474121
1454 1445 0.001196 0.301525 13.467529 13.467529
1455 1446 0.001381 0.277939 13.454468 13.454468
1456 1447 0.001196 0.280913 13.459961 13.459961
1457 1448 0.001953 0.265789 13.450562 13.450562
1458 1449 0.002184 0.236977 13.446411 13.446411
1459 1450 0.000977 0.219652 13.430176 13.430176
1460 1451 0.000977 0.209848 13.418823 13.418823
1461 1452 0.000977 0.181836 13.402344 13.402344
1462 1453 0.000000 0.151032 13.388916 13.388916
1463 1454 0.001381 0.167992 13.380737 13.380737
1464 1455 0.000977 0.195606 13.360107 13.360107
1465 1456 0.001381 0.175414 13.329712 13.329712
1466 1457 0.000846 0.172479 13.295288 13.295288
1467 1458 0.001092 0.211299 13.274658 13.274658
1468 1459 0.000691 0.215881 13.268433 13.268433
1469 1460 0.000977 0.232838 13.253906 13.253906
1470 1461 0.000846 0.262318 13.234253 13.234253
1471 1462 0.001953 0.295843 13.192017 13.192017
1472 1463 0.000977 0.275850 13.136963 13.136963
1473 1464 0.001544 0.252739 13.085938 13.085938
1474 1465 0.001761 0.267211 13.024048 13.024048
1475 1466 0.000977 0.252310 12.942627 12.942627
1476 1467 0.000977 0.216492 12.834473 12.834473
1477 1468 0.001381 0.165971 12.698486 12.698486
1478 1469 0.000691 0.124306 12.561890 12.561890
1479 1470 0.000691 0.074723 12.418579 12.418579
1480 1471 0.001544 0.050636 12.274902 12.274902
1481 1472 0.000691 0.026472 12.128174 12.128174
1482 1473 0.001827 0.025252 11.983154 11.983154
1483 1474 0.001544 0.038795 11.810181 11.810181
1484 1475 0.001381 0.054340 11.640015 11.640015
1485 1476 0.000691 0.060326 11.482666 11.482666
1486 1477 0.000691 0.042500 11.315430 11.315430
1487 1478 0.000977 0.045787 11.129517 11.129517
1488 1479 0.000691 0.040797 10.917480 10.917480
1489 1480 0.000000 0.057947 10.704956 10.704956
1490 1481 0.001196 0.059881 10.480591 10.480591
1491 1482 0.000691 0.091525 10.234375 10.234375
1492 1483 0.000977 0.090619 9.986206 9.986206
1493 1484 0.001544 0.117646 9.720215 9.720215
1494 1485 0.001292 0.129553 9.424316 9.424316
1495 1486 0.000846 0.138559 9.126709 9.126709
1496 1487 0.001092 0.139201 8.826782 8.826782
1497 1488 0.001092 0.127768 8.539062 8.539062
1498 1489 0.001619 0.108365 8.250244 8.250244
1499 1490 0.001691 0.093413 7.958740 7.958740
1500 1491 0.001761 0.062252 7.669434 7.669434
1501 1492 0.002072 0.060112 7.394897 7.394897
1502 1493 0.002762 0.064616 7.124390 7.124390
1503 1494 0.002889 0.066592 6.864136 6.864136
1504 1495 0.002930 0.070185 6.601318 6.601318
1505 1496 0.002392 0.073938 6.356934 6.356934
1506 1497 0.002184 0.078831 6.139160 6.139160
1507 1498 0.002889 0.098428 5.937744 5.937744
1508 1499 0.003418 0.104216 5.759399 5.759399
1509 1500 0.005481 0.122292 5.595215 5.595215
1510 1501 0.005567 0.124196 5.452881 5.452881
1511 1502 0.005167 0.113893 5.324219 5.324219
1512 1503 0.005027 0.122745 5.218140 5.218140
1513 1504 0.004734 0.102392 5.131714 5.131714
1514 1505 0.006253 0.142965 5.055298 5.055298
1515 1506 0.009518 0.205183 4.963501 4.963501
1516 1507 0.010184 0.203531 4.883423 4.883423
1517 1508 0.010918 0.213165 4.809937 4.809937
1518 1509 0.008776 0.208277 4.743774 4.743774
1519 1510 0.010007 0.234495 4.686768 4.686768
1520 1511 0.009778 0.220360 4.644409 4.644409
1521 1512 0.010507 0.235240 4.609253 4.609253
1522 1513 0.011780 0.241416 4.594849 4.594849
1523 1514 0.012285 0.234104 4.589111 4.589111
1524 1515 0.009729 0.218675 4.613037 4.613037
1525 1516 0.007736 0.214601 4.642700 4.642700
1526 1517 0.008286 0.216756 4.678589 4.678589
1527 1518 0.009341 0.222443 4.727783 4.727783
1528 1519 0.010054 0.230994 4.778442 4.778442
1529 1520 0.007242 0.236850 4.837891 4.837891
1530 1521 0.006291 0.230314 4.908569 4.908569
1531 1522 0.006329 0.239008 4.972046 4.972046
1532 1523 0.003588 0.240772 5.045288 5.045288
1533 1524 0.003845 0.270518 5.123047 5.123047
1534 1525 0.003127 0.254809 5.198975 5.198975
1535 1526 0.002537 0.255803 5.282471 5.282471
1536 1527 0.003418 0.241442 5.363159 5.363159
1537 1528 0.007093 0.240142 5.458496 5.458496
1538 1529 0.002762 0.201091 5.554077 5.554077
1539 1530 0.003202 0.189281 5.649170 5.649170
1540 1531 0.003555 0.186311 5.746338 5.746338
1541 1532 0.003906 0.159320 5.847778 5.847778
1542 1533 0.005415 0.112129 5.945557 5.945557
1543 1534 0.004502 0.130337 6.049683 6.049683
1544 1535 0.004759 0.155315 6.150635 6.150635
1545 1536 0.004784 0.180080 6.251709 6.251709
1546 1537 0.004026 0.180275 6.346191 6.346191
1547 1538 0.003088 0.174119 6.442993 6.442993
1548 1539 0.003347 0.192981 6.538452 6.538452
1549 1540 0.002629 0.199081 6.629150 6.629150
1550 1541 0.002184 0.190700 6.717896 6.717896
1551 1542 0.002013 0.194480 6.805298 6.805298
1552 1543 0.001953 0.232344 6.892334 6.892334
1553 1544 0.001292 0.228444 6.977783 6.977783
1554 1545 0.000977 0.234569 7.065430 7.065430
1555 1546 0.001953 0.228299 7.147827 7.147827
1556 1547 0.001544 0.249229 7.235718 7.235718
1557 1548 0.001691 0.246437 7.321289 7.321289
1558 1549 0.002584 0.247312 7.408691 7.408691
1559 1550 0.003906 0.244629 7.489868 7.489868
1560 1551 0.002392 0.265303 7.554321 7.554321
1561 1552 0.002490 0.248027 7.601440 7.601440
1562 1553 0.002762 0.248858 7.628906 7.628906
1563 1554 0.002490 0.266863 7.644775 7.644775
1564 1555 0.001691 0.267249 7.642578 7.642578
1565 1556 0.002238 0.254170 7.619141 7.619141
1566 1557 0.002072 0.246432 7.576050 7.576050
1567 1558 0.002184 0.250184 7.517212 7.517212
1568 1559 0.002490 0.247532 7.442871 7.442871
1569 1560 0.001381 0.205046 7.363281 7.363281
1570 1561 0.001544 0.165185 7.281128 7.281128
1571 1562 0.000691 0.136657 7.204834 7.204834
1572 1563 0.001691 0.137912 7.129028 7.129028
1573 1564 0.001196 0.127709 7.052612 7.052612
1574 1565 0.001761 0.125539 6.969238 6.969238
1575 1566 0.001827 0.120399 6.885864 6.885864
1576 1567 0.002290 0.151425 6.811157 6.811157
1577 1568 0.001891 0.146215 6.743164 6.743164
1578 1569 0.001691 0.136339 6.678711 6.678711
1579 1570 0.002392 0.126640 6.618896 6.618896
1580 1571 0.003555 0.101676 6.553345 6.553345
1581 1572 0.001953 0.126323 6.490479 6.490479
1582 1573 0.002072 0.128992 6.443970 6.443970
1583 1574 0.002128 0.128978 6.418579 6.418579
1584 1575 0.002537 0.131885 6.409058 6.409058
1585 1576 0.002537 0.126709 6.405884 6.405884
1586 1577 0.002930 0.143427 6.403442 6.403442
1587 1578 0.003202 0.157558 6.410645 6.410645
1588 1579 0.003202 0.164012 6.420776 6.420776
1589 1580 0.002072 0.169213 6.443726 6.443726
1590 1581 0.002290 0.141796 6.475586 6.475586
