10 1 0.003654 0.019550 1.855917 1.855917
11 2 0.003487 0.022791 1.983262 1.983262
12 3 0.003686 0.014371 2.097525 2.097525
13 4 0.003010 0.039497 2.213344 2.213344
14 5 0.003719 0.044616 2.325962 2.325962
15 6 0.003202 0.052676 2.435660 2.435660
16 7 0.003782 0.058911 2.548415 2.548415
17 8 0.003383 0.072378 2.660897 2.660897
18 9 0.004907 0.058622 2.778658 2.778658
19 10 0.005191 0.060743 2.896700 2.896700
20 11 0.004632 0.057843 3.031478 3.031478
21 12 0.003782 0.060571 3.179431 3.179431
22 13 0.004580 0.053014 3.333860 3.333860
23 14 0.004056 0.051705 3.501195 3.501195
24 15 0.004257 0.052921 3.677908 3.677908
25 16 0.003453 0.052599 3.862325 3.862325
26 17 0.003621 0.060380 4.058220 4.058220
27 18 0.003588 0.052271 4.261073 4.261073
28 19 0.003239 0.059939 4.471837 4.471837
29 20 0.003010 0.085003 4.689146 4.689146
30 21 0.003621 0.079607 4.908792 4.908792
31 22 0.003751 0.091602 5.131203 5.131203
32 23 0.003049 0.092786 5.354716 5.354716
33 24 0.003521 0.095840 5.576314 5.576314
34 25 0.003521 0.088673 5.797807 5.797807
35 26 0.003049 0.104830 6.012300 6.012300
36 27 0.001827 0.102659 6.216851 6.216851
37 28 0.002013 0.109116 6.414618 6.414618
38 29 0.001196 0.110651 6.591643 6.591643
39 30 0.001092 0.113753 6.750574 6.750574
40 31 0.001292 0.094190 6.888885 6.888885
41 32 0.001619 0.114592 7.002399 7.002399
42 33 0.001691 0.109783 7.102410 7.102410
43 34 0.001953 0.114351 7.183820 7.183820
44 35 0.002013 0.098131 7.249423 7.249423
45 36 0.002762 0.099121 7.303516 7.303516
46 37 0.002970 0.093491 7.340778 7.340778
47 38 0.002584 0.076017 7.376825 7.376825
48 39 0.002584 0.081571 7.408623 7.408623
49 40 0.002584 0.090237 7.437687 7.437687
50 41 0.002342 0.084854 7.468576 7.468576
51 42 0.002184 0.081519 7.493876 7.493876
52 43 0.002584 0.077978 7.516409 7.516409
53 44 0.001544 0.082497 7.538017 7.538017
54 45 0.000977 0.086559 7.551516 7.551516
55 46 0.000691 0.072154 7.566933 7.566933
56 47 0.000691 0.063643 7.582958 7.582958
57 48 0.002013 0.042758 7.590343 7.590343
58 49 0.002128 0.029507 7.587137 7.587137
59 50 0.002013 0.013002 7.576155 7.576155
60 51 0.000846 0.011806 7.560745 7.560745
61 52 0.001196 0.009864 7.551085 7.551085
62 53 0.001381 0.022495 7.540525 7.540525
63 54 0.001953 0.025547 7.533480 7.533480
64 55 0.001381 0.023502 7.523409 7.523409
65 56 0.001465 0.023074 7.500965 7.500965
66 57 0.003588 0.032028 7.478897 7.478897
67 58 0.002762 0.035218 7.455441 7.455441
68 59 0.002805 0.036788 7.429554 7.429554
69 60 0.003453 0.036294 7.404037 7.404037
70 61 0.002537 0.031082 7.374557 7.374557
71 62 0.002584 0.034822 7.345417 7.345417
72 63 0.003418 0.036878 7.321320 7.321320
73 64 0.002889 0.042320 7.309677 7.309677
74 65 0.004475 0.047644 7.319340 7.319340
75 66 0.002013 0.053026 7.354965 7.354965
76 67 0.002238 0.049617 7.419167 7.419167
77 68 0.002072 0.045450 7.506859 7.506859
78 69 0.002584 0.042977 7.614857 7.614857
79 70 0.001953 0.051821 7.736237 7.736237
80 71 0.001891 0.045698 7.874367 7.874367
81 72 0.001953 0.053306 8.025299 8.025299
82 73 0.000977 0.069142 8.179142 8.179142
83 74 0.002184 0.069074 8.330818 8.330818
84 75 0.001292 0.080911 8.473888 8.473888
85 76 0.000977 0.078872 8.614891 8.614891
86 77 0.001619 0.075951 8.751934 8.751934
87 78 0.001381 0.075447 8.878136 8.878136
88 79 0.000977 0.082485 8.994534 8.994534
89 80 0.001465 0.082784 9.090584 9.090584
90 81 0.000691 0.077971 9.166313 9.166313
91 82 0.000691 0.076266 9.224499 9.224499
92 83 0.000691 0.081973 9.268456 9.268456
93 84 0.000000 0.083995 9.299072 9.299072
94 85 0.000691 0.084383 9.308872 9.308872
95 86 0.001827 0.080722 9.305500 9.305500
96 87 0.001292 0.086421 9.294182 9.294182
97 88 0.000000 0.077256 9.268288 9.268288
98 89 0.000000 0.077291 9.241112 9.241112
99 90 0.000691 0.072865 9.210224 9.210224
100 91 0.000488 0.074310 9.182919 9.182919
101 92 0.000691 0.073645 9.151505 9.151505
102 93 0.001827 0.072846 9.115387 9.115387
103 94 0.001544 0.088548 9.076614 9.076614
104 95 0.001292 0.097440 9.033455 9.033455
105 96 0.001292 0.094461 8.991570 8.991570
106 97 0.000691 0.085708 8.952591 8.952591
107 98 0.001292 0.085986 8.915230 8.915230
108 99 0.000691 0.091724 8.888115 8.888115
109 100 0.001465 0.078479 8.856621 8.856621
110 101 0.003088 0.084396 8.822563 8.822563
111 102 0.000846 0.088341 8.779732 8.779732
112 103 0.001465 0.062466 8.740044 8.740044
113 104 0.001196 0.052727 8.708969 8.708969
114 105 0.001381 0.073486 8.679436 8.679436
115 106 0.002072 0.076561 8.653801 8.653801
116 107 0.002584 0.083897 8.628906 8.628906
117 108 0.001544 0.048692 8.599312 8.599312
118 109 0.001953 0.076317 8.564507 8.564507
119 110 0.003654 0.101563 8.536232 8.536232
120 111 0.001827 0.078856 8.521255 8.521255
121 112 0.001761 0.064134 8.506775 8.506775
122 113 0.001544 0.070576 8.486130 8.486130
123 114 0.000488 0.074453 8.465744 8.465744
124 115 0.002184 0.059782 8.449417 8.449417
125 116 0.001196 0.048886 8.428436 8.428436
126 117 0.002584 0.073067 8.409843 8.409843
127 118 0.001381 0.036165 8.398170 8.398170
128 119 0.001544 0.026814 8.380363 8.380363
129 120 0.000000 0.020460 8.369370 8.369370
130 121 0.001691 0.044202 8.355667 8.355667
131 122 0.002805 0.042491 8.341522 8.341522
132 123 0.003239 0.030158 8.318153 8.318153
133 124 0.004085 0.046854 8.294395 8.294395
134 125 0.002930 0.063773 8.283058 8.283058
135 126 0.002930 0.031422 8.268982 8.268982
136 127 0.003453 0.036058 8.247711 8.247711
137 128 0.004475 0.049741 8.226654 8.226654
138 129 0.005074 0.049958 8.202110 8.202110
139 130 0.003719 0.040270 8.186989 8.186989
140 131 0.002490 0.043598 8.176788 8.176788
141 132 0.003202 0.035751 8.171379 8.171379
142 133 0.002072 0.038315 8.167267 8.167267
143 134 0.001196 0.056510 8.159599 8.159599
144 135 0.002342 0.054370 8.146027 8.146027
145 136 0.002490 0.038497 8.137466 8.137466
146 137 0.001381 0.059630 8.132416 8.132416
147 138 0.001691 0.049695 8.122757 8.122757
148 139 0.000488 0.049728 8.112389 8.112389
149 140 0.002629 0.050125 8.104317 8.104317
150 141 0.000691 0.058702 8.103287 8.103287
151 142 0.001092 0.053263 8.099548 8.099548
152 143 0.001761 0.059571 8.083961 8.083961
153 144 0.001092 0.057343 8.076027 8.076027
154 145 0.000000 0.063039 8.071716 8.071716
155 146 0.001381 0.058676 8.074234 8.074234
156 147 0.000977 0.065573 8.079079 8.079079
157 148 0.000691 0.067711 8.080544 8.080544
158 149 0.000977 0.074840 8.078125 8.078125
159 150 0.000691 0.069850 8.071930 8.071930
160 151 0.001827 0.072573 8.065674 8.065674
161 152 0.000000 0.068646 8.068283 8.068283
162 153 0.001196 0.066056 8.068596 8.068596
163 154 0.000691 0.059374 8.065742 8.065742
164 155 0.000488 0.069206 8.065216 8.065216
165 156 0.001196 0.063417 8.063911 8.063911
166 157 0.000977 0.065228 8.060272 8.060272
167 158 0.000846 0.059246 8.056519 8.056519
168 159 0.000846 0.046127 8.048531 8.048531
169 160 0.000977 0.048986 8.042419 8.042419
170 161 0.000691 0.054264 8.035782 8.035782
171 162 0.001092 0.052528 8.028976 8.028976
172 163 0.002072 0.041978 8.030060 8.030060
173 164 0.002184 0.048298 8.015671 8.015671
174 165 0.002290 0.041418 7.993271 7.993271
175 166 0.002013 0.059101 7.972260 7.972260
176 167 0.001465 0.044763 7.953461 7.953461
177 168 0.001953 0.052663 7.938934 7.938934
178 169 0.000846 0.056137 7.918167 7.918167
179 170 0.002392 0.047592 7.890900 7.890900
180 171 0.000000 0.042953 7.860611 7.860611
181 172 0.001761 0.047681 7.819595 7.819595
182 173 0.002238 0.053863 7.785202 7.785202
183 174 0.002719 0.051982 7.756744 7.756744
184 175 0.002072 0.069024 7.721924 7.721924
185 176 0.004143 0.055503 7.690582 7.690582
186 177 0.004907 0.046174 7.650452 7.650452
187 178 0.002392 0.051972 7.618439 7.618439
188 179 0.005715 0.054235 7.579895 7.579895
189 180 0.003654 0.047883 7.536911 7.536911
190 181 0.002930 0.051006 7.495117 7.495117
191 182 0.001092 0.043733 7.453629 7.453629
192 183 0.001196 0.052325 7.419052 7.419052
193 184 0.001691 0.050887 7.387405 7.387405
194 185 0.001092 0.055303 7.341766 7.341766
195 186 0.001619 0.053891 7.302811 7.302811
196 187 0.001292 0.058056 7.258362 7.258362
197 188 0.002847 0.052122 7.216431 7.216431
198 189 0.002238 0.049074 7.175827 7.175827
199 190 0.003010 0.053824 7.129547 7.129547
200 191 0.002441 0.041436 7.082535 7.082535
201 192 0.002805 0.041872 7.040115 7.040115
202 193 0.002584 0.047025 7.006287 7.006287
203 194 0.001292 0.041344 6.973099 6.973099
204 195 0.001827 0.043087 6.928940 6.928940
205 196 0.001544 0.050447 6.880402 6.880402
206 197 0.001381 0.055686 6.847931 6.847931
207 198 0.002889 0.066887 6.832687 6.832687
208 199 0.001691 0.068359 6.825562 6.825562
209 200 0.001827 0.076736 6.820328 6.820328
210 201 0.001544 0.082360 6.801743 6.801743
211 202 0.002184 0.078801 6.777344 6.777344
212 203 0.001092 0.093009 6.768021 6.768021
213 204 0.001196 0.094595 6.766785 6.766785
214 205 0.000691 0.092665 6.770279 6.770279
215 206 0.001891 0.093207 6.767487 6.767487
216 207 0.001891 0.093008 6.743713 6.743713
217 208 0.001544 0.098431 6.718918 6.718918
218 209 0.001381 0.095197 6.691086 6.691086
219 210 0.002128 0.092774 6.663467 6.663467
220 211 0.003010 0.094884 6.632614 6.632614
221 212 0.001381 0.087732 6.599823 6.599823
222 213 0.002072 0.085091 6.569641 6.569641
223 214 0.002238 0.090009 6.531891 6.531891
224 215 0.001544 0.082048 6.486572 6.486572
225 216 0.001092 0.070770 6.448212 6.448212
226 217 0.001761 0.077724 6.408859 6.408859
227 218 0.001381 0.074502 6.368317 6.368317
228 219 0.001544 0.071869 6.332199 6.332199
229 220 0.000846 0.066500 6.297012 6.297012
230 221 0.000846 0.067097 6.251022 6.251022
231 222 0.000846 0.063751 6.200424 6.200424
232 223 0.000691 0.058040 6.146973 6.146973
233 224 0.001381 0.062895 6.101334 6.101334
234 225 0.001292 0.058117 6.042816 6.042816
235 226 0.002013 0.048095 5.991089 5.991089
236 227 0.000691 0.048536 5.939087 5.939087
237 228 0.001544 0.042394 5.889282 5.889282
238 229 0.001381 0.040130 5.839081 5.839081
239 230 0.001827 0.031687 5.785873 5.785873
240 231 0.001827 0.021926 5.732376 5.732376
241 232 0.001465 0.024036 5.682755 5.682755
242 233 0.000977 0.020797 5.637360 5.637360
243 234 0.002392 0.015981 5.613998 5.613998
244 235 0.000691 0.026142 5.601120 5.601120
245 236 0.002762 0.011733 5.596710 5.596710
246 237 0.000691 0.021586 5.592438 5.592438
247 238 0.001381 0.016358 5.583801 5.583801
248 239 0.001381 0.020479 5.581390 5.581390
249 240 0.001292 0.030696 5.587402 5.587402
250 241 0.001619 0.039040 5.604721 5.604721
251 242 0.001092 0.041021 5.622543 5.622543
252 243 0.001292 0.024876 5.646622 5.646622
253 244 0.001381 0.037258 5.660583 5.660583
254 245 0.000846 0.031373 5.675323 5.675323
255 246 0.002674 0.035065 5.691589 5.691589
256 247 0.000691 0.049642 5.715988 5.715988
257 248 0.001691 0.043640 5.743484 5.743484
258 249 0.000846 0.046316 5.771896 5.771896
259 250 0.001196 0.044577 5.802994 5.802994
260 251 0.000488 0.056018 5.841904 5.841904
261 252 0.000977 0.074277 5.878647 5.878647
262 253 0.000488 0.076659 5.910248 5.910248
263 254 0.000977 0.079335 5.938431 5.938431
264 255 0.001092 0.078318 5.977417 5.977417
265 256 0.001092 0.073020 6.020355 6.020355
266 257 0.001465 0.077057 6.078369 6.078369
267 258 0.001544 0.076485 6.144226 6.144226
268 259 0.001619 0.070119 6.198029 6.198029
269 260 0.001891 0.053815 6.250748 6.250748
270 261 0.001691 0.040809 6.305191 6.305191
271 262 0.001196 0.048709 6.376740 6.376740
272 263 0.001827 0.055084 6.450104 6.450104
273 264 0.001544 0.060710 6.513885 6.513885
274 265 0.001691 0.054627 6.575272 6.575272
275 266 0.001953 0.055646 6.623474 6.623474
276 267 0.001544 0.052778 6.660568 6.660568
277 268 0.001465 0.055067 6.698410 6.698410
278 269 0.001691 0.064240 6.726349 6.726349
279 270 0.001691 0.058813 6.739777 6.739777
280 271 0.002392 0.039912 6.739410 6.739410
281 272 0.000846 0.023207 6.741898 6.741898
282 273 0.000691 0.015795 6.738770 6.738770
283 274 0.000977 0.018120 6.735779 6.735779
284 275 0.000691 0.026319 6.730728 6.730728
285 276 0.000691 0.030006 6.722733 6.722733
286 277 0.000691 0.032394 6.720520 6.720520
287 278 0.001691 0.040683 6.711212 6.711212
288 279 0.001196 0.041030 6.710159 6.710159
289 280 0.001827 0.037154 6.708160 6.708160
290 281 0.002441 0.032615 6.705872 6.705872
291 282 0.001465 0.025331 6.705475 6.705475
292 283 0.000000 0.022994 6.699860 6.699860
293 284 0.001381 0.035777 6.696014 6.696014
294 285 0.002072 0.024376 6.696075 6.696075
295 286 0.002013 0.040801 6.703262 6.703262
296 287 0.002674 0.052975 6.713913 6.713913
297 288 0.001465 0.049293 6.725616 6.725616
298 289 0.002392 0.046780 6.741669 6.741669
299 290 0.003654 0.049079 6.754852 6.754852
300 291 0.002537 0.042554 6.770630 6.770630
301 292 0.002392 0.056577 6.794830 6.794830
302 293 0.002290 0.073706 6.825516 6.825516
303 294 0.003010 0.084312 6.857880 6.857880
304 295 0.002238 0.072392 6.889557 6.889557
305 296 0.001619 0.071032 6.922729 6.922729
306 297 0.002674 0.064745 6.954300 6.954300
307 298 0.001381 0.092744 6.982651 6.982651
308 299 0.002290 0.083840 7.010651 7.010651
309 300 0.001761 0.098785 7.039276 7.039276
310 301 0.001544 0.094271 7.069885 7.069885
311 302 0.001544 0.088506 7.089340 7.089340
312 303 0.001465 0.099673 7.113403 7.113403
313 304 0.000691 0.109791 7.130951 7.130951
314 305 0.000977 0.122135 7.148438 7.148438
315 306 0.002762 0.115669 7.156403 7.156403
316 307 0.001381 0.078249 7.157623 7.157623
317 308 0.001691 0.066620 7.159134 7.159134
318 309 0.001292 0.041186 7.162674 7.162674
319 310 0.001827 0.039957 7.156601 7.156601
320 311 0.001544 0.038575 7.142242 7.142242
321 312 0.001092 0.056538 7.121933 7.121933
322 313 0.000977 0.079232 7.104858 7.104858
323 314 0.000000 0.092418 7.099731 7.099731
324 315 0.000691 0.097386 7.105759 7.105759
325 316 0.000846 0.093649 7.120483 7.120483
326 317 0.000691 0.092488 7.134415 7.134415
327 318 0.002290 0.073686 7.139694 7.139694
328 319 0.001196 0.056801 7.138885 7.138885
329 320 0.001381 0.040294 7.149948 7.149948
330 321 0.000691 0.034266 7.162735 7.162735
331 322 0.000691 0.033535 7.171432 7.171432
332 323 0.000977 0.029572 7.168793 7.168793
333 324 0.001891 0.026724 7.166565 7.166565
334 325 0.001196 0.024979 7.167984 7.167984
335 326 0.000691 0.023937 7.170273 7.170273
336 327 0.002072 0.030716 7.180450 7.180450
337 328 0.001381 0.038260 7.202271 7.202271
338 329 0.000977 0.034742 7.228745 7.228745
339 330 0.000691 0.037029 7.248138 7.248138
340 331 0.002184 0.030879 7.253693 7.253693
341 332 0.002674 0.032370 7.259888 7.259888
342 333 0.001092 0.031715 7.257660 7.257660
343 334 0.002184 0.028516 7.263947 7.263947
344 335 0.000691 0.029425 7.273773 7.273773
345 336 0.001381 0.030175 7.274689 7.274689
346 337 0.000691 0.037413 7.273956 7.273956
347 338 0.001953 0.031547 7.274139 7.274139
348 339 0.002392 0.033146 7.283386 7.283386
349 340 0.000691 0.033094 7.301849 7.301849
350 341 0.001381 0.044908 7.320160 7.320160
351 342 0.001691 0.046787 7.338318 7.338318
352 343 0.000488 0.047219 7.340454 7.340454
353 344 0.001691 0.043294 7.340546 7.340546
354 345 0.001092 0.049613 7.346527 7.346527
355 346 0.000977 0.049642 7.354767 7.354767
356 347 0.001465 0.071227 7.354370 7.354370
357 348 0.000977 0.075945 7.347839 7.347839
358 349 0.001691 0.082481 7.344757 7.344757
359 350 0.000977 0.097066 7.339417 7.339417
360 351 0.001827 0.103292 7.342194 7.342194
361 352 0.002490 0.110508 7.346680 7.346680
362 353 0.001761 0.115910 7.349457 7.349457
363 354 0.001381 0.108429 7.346497 7.346497
364 355 0.002013 0.112266 7.348755 7.348755
365 356 0.002290 0.104429 7.356720 7.356720
366 357 0.001953 0.099421 7.365417 7.365417
367 358 0.001544 0.084252 7.372528 7.372528
368 359 0.001827 0.080537 7.377594 7.377594
369 360 0.001092 0.081279 7.376312 7.376312
370 361 0.001465 0.089002 7.378296 7.378296
371 362 0.002392 0.076939 7.377197 7.377197
372 363 0.002342 0.074635 7.377228 7.377228
373 364 0.002674 0.075487 7.367371 7.367371
374 365 0.003239 0.074134 7.354584 7.354584
375 366 0.002674 0.067932 7.351196 7.351196
376 367 0.002072 0.074695 7.346222 7.346222
377 368 0.001827 0.091434 7.346313 7.346313
378 369 0.001196 0.095279 7.343109 7.343109
379 370 0.001196 0.086853 7.334473 7.334473
380 371 0.001544 0.089790 7.334900 7.334900
381 372 0.001292 0.089647 7.338379 7.338379
382 373 0.001196 0.101835 7.351135 7.351135
383 374 0.001761 0.099938 7.365173 7.365173
384 375 0.001761 0.100701 7.374176 7.374176
385 376 0.001953 0.091986 7.381409 7.381409
386 377 0.001953 0.085517 7.385132 7.385132
387 378 0.001381 0.089694 7.388397 7.388397
388 379 0.001891 0.107552 7.400726 7.400726
389 380 0.002184 0.120875 7.415253 7.415253
390 381 0.000846 0.125444 7.439850 7.439850
391 382 0.000488 0.116142 7.456573 7.456573
392 383 0.001196 0.113343 7.479187 7.479187
393 384 0.001381 0.110229 7.504669 7.504669
394 385 0.000691 0.095394 7.539246 7.539246
395 386 0.000691 0.093064 7.580200 7.580200
396 387 0.001092 0.088689 7.629578 7.629578
397 388 0.000691 0.062378 7.675140 7.675140
398 389 0.002490 0.049053 7.706238 7.706238
399 390 0.001891 0.032397 7.734192 7.734192
400 391 0.002537 0.024927 7.763336 7.763336
401 392 0.001292 0.027188 7.792938 7.792938
402 393 0.002762 0.027733 7.824982 7.824982
403 394 0.001619 0.045495 7.859070 7.859070
404 395 0.001544 0.049185 7.899811 7.899811
405 396 0.001544 0.067385 7.944092 7.944092
406 397 0.001619 0.064908 7.981262 7.981262
407 398 0.001381 0.065663 8.019379 8.019379
408 399 0.001827 0.048503 8.044586 8.044586
409 400 0.001292 0.030261 8.063873 8.063873
410 401 0.001381 0.014799 8.077820 8.077820
411 402 0.000977 0.038876 8.087036 8.087036
412 403 0.000977 0.030660 8.100494 8.100494
413 404 0.001196 0.056853 8.117401 8.117401
414 405 0.001196 0.076970 8.132721 8.132721
415 406 0.001691 0.102230 8.152191 8.152191
416 407 0.002629 0.109235 8.175049 8.175049
417 408 0.002290 0.158253 8.263580 8.263580
418 409 0.001761 0.253371 8.382050 8.382050
419 410 0.002537 0.381883 8.499664 8.499664
420 411 0.001544 0.455557 8.590424 8.590424
421 412 0.001953 0.529748 8.665436 8.665436
422 413 0.000691 0.579181 8.728577 8.728577
423 414 0.002805 0.629505 8.783508 8.783508
424 415 0.002184 0.679380 8.843262 8.843262
425 416 0.001092 0.727609 8.902466 8.902466
426 417 0.000846 0.678055 8.899841 8.899841
427 418 0.000488 0.580180 8.855499 8.855499
428 419 0.001381 0.476595 8.821228 8.821228
429 420 0.000977 0.433065 8.803436 8.803436
430 421 0.000691 0.394378 8.796478 8.796478
431 422 0.002072 0.333078 8.779663 8.779663
432 423 0.001827 0.309680 8.769196 8.769196
433 424 0.002290 0.256603 8.746307 8.746307
434 425 0.001544 0.230459 8.723694 8.723694
435 426 0.001761 0.194553 8.702515 8.702515
436 427 0.001691 0.181481 8.689697 8.689697
437 428 0.001891 0.183577 8.671204 8.671204
438 429 0.002674 0.148987 8.653778 8.653778
439 430 0.001092 0.151748 8.631897 8.631897
440 431 0.000977 0.137887 8.612213 8.612213
441 432 0.001381 0.130106 8.591156 8.591156
442 433 0.001544 0.130794 8.579102 8.579102
443 434 0.002290 0.125462 8.566895 8.566895
444 435 0.000691 0.127074 8.554138 8.554138
445 436 0.002013 0.121496 8.551514 8.551514
446 437 0.002930 0.102290 8.535156 8.535156
447 438 0.002847 0.129671 8.524689 8.524689
448 439 0.002013 0.102711 8.507080 8.507080
449 440 0.002805 0.101946 8.501831 8.501831
450 441 0.002072 0.091516 8.499390 8.499390
451 442 0.002392 0.089661 8.498901 8.498901
452 443 0.000691 0.084109 8.503479 8.503479
453 444 0.000691 0.087190 8.507080 8.507080
454 445 0.001381 0.078971 8.509521 8.509521
455 446 0.001691 0.086450 8.520752 8.520752
456 447 0.000691 0.064488 8.538147 8.538147
457 448 0.000691 0.072135 8.567169 8.567169
458 449 0.001691 0.054527 8.592773 8.592773
459 450 0.001092 0.083088 8.616638 8.616638
460 451 0.001544 0.075427 8.644897 8.644897
461 452 0.001544 0.081957 8.670654 8.670654
462 453 0.002013 0.073004 8.689545 8.689545
463 454 0.002013 0.082286 8.707886 8.707886
464 455 0.000846 0.075707 8.729126 8.729126
465 456 0.001292 0.073414 8.752655 8.752655
466 457 0.000846 0.072734 8.777924 8.777924
467 458 0.002072 0.074702 8.801788 8.801788
468 459 0.001691 0.058574 8.825592 8.825592
469 460 0.000977 0.058129 8.842407 8.842407
470 461 0.001544 0.060978 8.862518 8.862518
471 462 0.002013 0.074006 8.891022 8.891022
472 463 0.001196 0.063328 8.925262 8.925262
473 464 0.001196 0.066299 8.957367 8.957367
474 465 0.001827 0.066877 8.985046 8.985046
475 466 0.001891 0.053836 9.005157 9.005157
476 467 0.001619 0.053281 9.032562 9.032562
477 468 0.000977 0.055509 9.052673 9.052673
478 469 0.000691 0.055386 9.071167 9.071167
479 470 0.001544 0.056789 9.086273 9.086273
480 471 0.000977 0.052507 9.096985 9.096985
481 472 0.000691 0.053320 9.103180 9.103180
482 473 0.000000 0.056340 9.108795 9.108795
483 474 0.000691 0.053163 9.116272 9.116272
484 475 0.000000 0.047176 9.127106 9.127106
485 476 0.002072 0.046709 9.130707 9.130707
486 477 0.000691 0.048860 9.129517 9.129517
487 478 0.001381 0.046367 9.122009 9.122009
488 479 0.000846 0.058234 9.113617 9.113617
489 480 0.001092 0.067757 9.112701 9.112701
490 481 0.000977 0.066664 9.120941 9.120941
491 482 0.001381 0.077485 9.125702 9.125702
492 483 0.000846 0.087763 9.125031 9.125031
493 484 0.000846 0.094904 9.122955 9.122955
494 485 0.001196 0.108521 9.114227 9.114227
495 486 0.001092 0.114508 9.115753 9.115753
496 487 0.001465 0.117340 9.118622 9.118622
497 488 0.001381 0.117277 9.127441 9.127441
498 489 0.001196 0.110095 9.135437 9.135437
499 490 0.001544 0.110269 9.129883 9.129883
500 491 0.001691 0.113053 9.127716 9.127716
501 492 0.002290 0.118834 9.123047 9.123047
502 493 0.002072 0.118404 9.119690 9.119690
503 494 0.002719 0.118905 9.122253 9.122253
504 495 0.001953 0.122567 9.120575 9.120575
505 496 0.000846 0.111977 9.121094 9.121094
506 497 0.000691 0.103468 9.112305 9.112305
507 498 0.000691 0.095752 9.097473 9.097473
508 499 0.000000 0.091793 9.084625 9.084625
509 500 0.001381 0.076798 9.066284 9.066284
510 501 0.001691 0.078737 9.046631 9.046631
511 502 0.000691 0.057135 9.015137 9.015137
512 503 0.000977 0.060006 8.973358 8.973358
513 504 0.001196 0.049308 8.923126 8.923126
514 505 0.002013 0.044582 8.863678 8.863678
515 506 0.003654 0.044064 8.794006 8.794006
516 507 0.003845 0.045874 8.716797 8.716797
517 508 0.003521 0.046521 8.629883 8.629883
518 509 0.002342 0.042069 8.528809 8.528809
519 510 0.000691 0.043145 8.414795 8.414795
520 511 0.000977 0.042300 8.291168 8.291168
521 512 0.001381 0.057025 8.160126 8.160126
522 513 0.000488 0.050255 8.022064 8.022064
523 514 0.000691 0.061686 7.878296 7.878296
524 515 0.002290 0.059505 7.735413 7.735413
525 516 0.002674 0.058995 7.594391 7.594391
526 517 0.002013 0.070993 7.453094 7.453094
527 518 0.001891 0.080172 7.317688 7.317688
528 519 0.000846 0.086764 7.185730 7.185730
529 520 0.000846 0.091448 7.063995 7.063995
530 521 0.001691 0.095759 6.946320 6.946320
531 522 0.001953 0.101502 6.831024 6.831024
532 523 0.000846 0.100490 6.725616 6.725616
533 524 0.000846 0.105925 6.630859 6.630859
534 525 0.001761 0.109920 6.549530 6.549530
535 526 0.001891 0.115142 6.492584 6.492584
536 527 0.001619 0.111814 6.453278 6.453278
537 528 0.000691 0.129792 6.432068 6.432068
538 529 0.001092 0.127137 6.425476 6.425476
539 530 0.000691 0.124164 6.430176 6.430176
540 531 0.001196 0.128039 6.454468 6.454468
541 532 0.001827 0.132663 6.485748 6.485748
542 533 0.002584 0.121197 6.523621 6.523621
543 534 0.003164 0.110180 6.568420 6.568420
544 535 0.004085 0.097946 6.610107 6.610107
545 536 0.002930 0.093594 6.666595 6.666595
546 537 0.002290 0.072266 6.729309 6.729309
547 538 0.002342 0.067436 6.787750 6.787750
548 539 0.002537 0.064026 6.846741 6.846741
549 540 0.002342 0.057752 6.904144 6.904144
550 541 0.002238 0.058107 6.965271 6.965271
551 542 0.002930 0.046210 7.033081 7.033081
552 543 0.002490 0.040678 7.091797 7.091797
553 544 0.002762 0.041914 7.144501 7.144501
554 545 0.003312 0.038514 7.167786 7.167786
555 546 0.003383 0.032154 7.172241 7.172241
556 547 0.000846 0.036133 7.172516 7.172516
557 548 0.000977 0.042220 7.170013 7.170013
558 549 0.001465 0.027003 7.156830 7.156830
559 550 0.002342 0.023288 7.134247 7.134247
560 551 0.001691 0.021320 7.088745 7.088745
561 552 0.003453 0.037127 7.037872 7.037872
562 553 0.003383 0.041572 6.972748 6.972748
563 554 0.002805 0.040303 6.902679 6.902679
564 555 0.002290 0.049096 6.831024 6.831024
565 556 0.003275 0.049103 6.756348 6.756348
566 557 0.002392 0.052330 6.680084 6.680084
567 558 0.002584 0.064070 6.621460 6.621460
568 559 0.002342 0.062860 6.553894 6.553894
569 560 0.003654 0.066479 6.505280 6.505280
570 561 0.000691 0.064045 6.465240 6.465240
571 562 0.001381 0.040425 6.429932 6.429932
572 563 0.000488 0.051206 6.431396 6.431396
573 564 0.001953 0.046249 6.439392 6.439392
574 565 0.002290 0.047589 6.473724 6.473724
575 566 0.001953 0.045663 6.520782 6.520782
576 567 0.001761 0.043715 6.556091 6.556091
577 568 0.001827 0.054173 6.613770 6.613770
578 569 0.002629 0.058012 6.666260 6.666260
579 570 0.001544 0.069464 6.719330 6.719330
580 571 0.002342 0.061943 6.785156 6.785156
581 572 0.003521 0.064630 6.822174 6.822174
582 573 0.003418 0.063709 6.851624 6.851624
583 574 0.003312 0.063277 6.856415 6.856415
584 575 0.003010 0.057802 6.856506 6.856506
585 576 0.003782 0.072602 6.882050 6.882050
586 577 0.002072 0.072191 6.914703 6.914703
587 578 0.002184 0.071707 6.939026 6.939026
588 579 0.003845 0.065454 6.937225 6.937225
589 580 0.003418 0.074854 6.904968 6.904968
590 581 0.001691 0.078128 6.889465 6.889465
591 582 0.004114 0.085798 6.897217 6.897217
592 583 0.002392 0.087224 6.913422 6.913422
593 584 0.001827 0.080915 6.911591 6.911591
594 585 0.003967 0.070203 6.864166 6.864166
595 586 0.002392 0.071096 6.786957 6.786957
596 587 0.000000 0.084390 6.712555 6.712555
597 588 0.002128 0.093213 6.656494 6.656494
598 589 0.002490 0.071017 6.614380 6.614380
599 590 0.003275 0.071982 6.548462 6.548462
600 591 0.005074 0.066665 6.459686 6.459686
601 592 0.002392 0.067406 6.356415 6.356415
602 593 0.000977 0.078191 6.264832 6.264832
603 594 0.001827 0.091326 6.186951 6.186951
604 595 0.002184 0.096500 6.120117 6.120117
605 596 0.002013 0.102653 6.040466 6.040466
606 597 0.002290 0.107445 5.958008 5.958008
607 598 0.001827 0.093890 5.857239 5.857239
608 599 0.000977 0.099472 5.745728 5.745728
609 600 0.000977 0.106719 5.627289 5.627289
610 601 0.001691 0.104860 5.494263 5.494263
611 602 0.000977 0.106247 5.349670 5.349670
612 603 0.001292 0.095653 5.187317 5.187317
613 604 0.001465 0.097844 4.993652 4.993652
614 605 0.001465 0.099844 4.790161 4.790161
615 606 0.001381 0.107089 4.568207 4.568207
616 607 0.001381 0.116553 4.347473 4.347473
617 608 0.001827 0.091228 4.139709 4.139709
618 609 0.001092 0.086452 3.933075 3.933075
619 610 0.001196 0.078575 3.736359 3.736359
620 611 0.001381 0.074344 3.540588 3.540588
621 612 0.001196 0.074034 3.353790 3.353790
622 613 0.001544 0.059507 3.184448 3.184448
623 614 0.002930 0.037730 3.019318 3.019318
624 615 0.002441 0.037092 2.860718 2.860718
625 616 0.001691 0.043466 2.707977 2.707977
626 617 0.000846 0.046332 2.542542 2.542542
627 618 0.000846 0.053859 2.368103 2.368103
628 619 0.002013 0.038067 2.190735 2.190735
629 620 0.002238 0.046358 2.020020 2.020020
630 621 0.000977 0.055225 1.865784 1.865784
631 622 0.001292 0.072834 1.731812 1.731812
632 623 0.002290 0.086649 1.623718 1.623718
633 624 0.001544 0.086987 1.529572 1.529572
634 625 0.001292 0.092848 1.451782 1.451782
635 626 0.002013 0.106595 1.396820 1.396820
636 627 0.001691 0.102527 1.366699 1.366699
637 628 0.001827 0.104993 1.357025 1.357025
638 629 0.002128 0.114286 1.368225 1.368225
639 630 0.001761 0.114061 1.395081 1.395081
640 631 0.001544 0.102355 1.438232 1.438232
641 632 0.001827 0.114110 1.495819 1.495819
642 633 0.001196 0.106462 1.569000 1.569000
643 634 0.001381 0.112356 1.655731 1.655731
644 635 0.001619 0.111118 1.756744 1.756744
645 636 0.001619 0.117887 1.861359 1.861359
646 637 0.002072 0.121980 1.975891 1.975891
647 638 0.001953 0.115254 2.084381 2.084381
648 639 0.001691 0.111485 2.179138 2.179138
649 640 0.002805 0.124559 2.273468 2.273468
650 641 0.002290 0.125020 2.360168 2.360168
651 642 0.003876 0.144451 2.435791 2.435791
652 643 0.002674 0.131903 2.528351 2.528351
653 644 0.002184 0.128019 2.619202 2.619202
654 645 0.001465 0.123060 2.704163 2.704163
655 646 0.001619 0.132017 2.806061 2.806061
656 647 0.001544 0.123546 2.897858 2.897858
657 648 0.001619 0.138974 3.019714 3.019714
658 649 0.000000 0.134752 3.138641 3.138641
659 650 0.000977 0.120000 3.246765 3.246765
660 651 0.001544 0.146596 3.385895 3.385895
661 652 0.001465 0.184171 3.518097 3.518097
662 653 0.001381 0.220588 3.648346 3.648346
663 654 0.000977 0.249355 3.808197 3.808197
664 655 0.001196 0.271586 3.948517 3.948517
665 656 0.001691 0.295650 4.118652 4.118652
666 657 0.001953 0.308225 4.276642 4.276642
667 658 0.002128 0.338335 4.425323 4.425323
668 659 0.001381 0.324173 4.590942 4.590942
669 660 0.001196 0.296434 4.744293 4.744293
670 661 0.001465 0.235731 4.888519 4.888519
671 662 0.002072 0.196412 5.047150 5.047150
672 663 0.001292 0.188785 5.189453 5.189453
673 664 0.001381 0.168557 5.353394 5.353394
674 665 0.001619 0.161169 5.507507 5.507507
675 666 0.001465 0.160521 5.659668 5.659668
676 667 0.001465 0.138801 5.819824 5.819824
677 668 0.001465 0.155946 5.975891 5.975891
678 669 0.001092 0.158376 6.127441 6.127441
679 670 0.000977 0.196458 6.285217 6.285217
680 671 0.000691 0.164653 6.432434 6.432434
681 672 0.000846 0.161873 6.584045 6.584045
682 673 0.001092 0.148172 6.717834 6.717834
683 674 0.001196 0.122999 6.851013 6.851013
684 675 0.001619 0.109252 6.979614 6.979614
685 676 0.000488 0.102557 7.106934 7.106934
686 677 0.000977 0.094286 7.230347 7.230347
687 678 0.001381 0.097779 7.346802 7.346802
688 679 0.001381 0.077751 7.464294 7.464294
689 680 0.000977 0.086721 7.574463 7.574463
690 681 0.000977 0.093560 7.682373 7.682373
691 682 0.001827 0.097713 7.787781 7.787781
692 683 0.001196 0.105680 7.892517 7.892517
693 684 0.001196 0.096359 7.998596 7.998596
694 685 0.000846 0.090872 8.101624 8.101624
695 686 0.000977 0.099382 8.205505 8.205505
696 687 0.000000 0.099643 8.310791 8.310791
697 688 0.000691 0.111302 8.413818 8.413818
698 689 0.000000 0.112923 8.521240 8.521240
699 690 0.000691 0.108361 8.628540 8.628540
700 691 0.001827 0.104618 8.734131 8.734131
701 692 0.000977 0.109015 8.834229 8.834229
702 693 0.000691 0.104971 8.934998 8.934998
703 694 0.001092 0.116706 9.035767 9.035767
704 695 0.000846 0.096226 9.129333 9.129333
705 696 0.000691 0.089373 9.209351 9.209351
706 697 0.001092 0.091199 9.285522 9.285522
707 698 0.000977 0.100271 9.355896 9.355896
708 699 0.001196 0.098611 9.425659 9.425659
709 700 0.001381 0.100840 9.486145 9.486145
710 701 0.001465 0.126016 9.542419 9.542419
711 702 0.000846 0.130393 9.584290 9.584290
712 703 0.001761 0.165129 9.615479 9.615479
713 704 0.001544 0.160895 9.656860 9.656860
714 705 0.002584 0.171639 9.701172 9.701172
715 706 0.001827 0.167397 9.730286 9.730286
716 707 0.002072 0.169785 9.760620 9.760620
717 708 0.001196 0.177954 9.777161 9.777161
718 709 0.000977 0.207321 9.812073 9.812073
719 710 0.002184 0.189015 9.841736 9.841736
720 711 0.002238 0.202259 9.852051 9.852051
721 712 0.001544 0.198692 9.879211 9.879211
722 713 0.002238 0.223109 9.875916 9.875916
723 714 0.001827 0.225572 9.892395 9.892395
724 715 0.000977 0.198032 9.914795 9.914795
725 716 0.000488 0.213562 9.908020 9.908020
726 717 0.001619 0.191926 9.928955 9.928955
727 718 0.000000 0.166624 9.910583 9.910583
728 719 0.001092 0.180627 9.912659 9.912659
729 720 0.002072 0.159246 9.936523 9.936523
730 721 0.002072 0.126610 9.939697 9.939697
731 722 0.002847 0.093216 9.979065 9.979065
732 723 0.003088 0.086227 9.997437 9.997437
733 724 0.002537 0.126644 10.007690 10.007690
734 725 0.002584 0.107982 10.057251 10.057251
735 726 0.003383 0.113414 10.077271 10.077271
736 727 0.003164 0.116085 10.126343 10.126343
737 728 0.003239 0.110554 10.155029 10.155029
738 729 0.002537 0.094562 10.185730 10.185730
739 730 0.002290 0.120431 10.221985 10.221985
740 731 0.001292 0.127845 10.243835 10.243835
741 732 0.001292 0.139596 10.274719 10.274719
742 733 0.000977 0.115956 10.324524 10.324524
743 734 0.002441 0.136828 10.369202 10.369202
744 735 0.002184 0.139011 10.429688 10.429688
745 736 0.001953 0.122428 10.488281 10.488281
746 737 0.001465 0.134032 10.551758 10.551758
747 738 0.000977 0.142216 10.612061 10.612061
748 739 0.000977 0.125677 10.686340 10.686340
749 740 0.000977 0.120560 10.763367 10.763367
750 741 0.000977 0.131863 10.846313 10.846313
751 742 0.000846 0.133430 10.924011 10.924011
752 743 0.001544 0.123059 10.994385 10.994385
753 744 0.000846 0.124739 11.063110 11.063110
754 745 0.002128 0.153594 11.136047 11.136047
755 746 0.001544 0.144606 11.204285 11.204285
756 747 0.000691 0.146222 11.283142 11.283142
757 748 0.001891 0.143923 11.354248 11.354248
758 749 0.001292 0.157858 11.426880 11.426880
759 750 0.001292 0.141663 11.494629 11.494629
760 751 0.000977 0.143873 11.582886 11.582886
761 752 0.001196 0.124883 11.675293 11.675293
762 753 0.000977 0.129856 11.764099 11.764099
763 754 0.002013 0.075754 11.844421 11.844421
764 755 0.002392 0.090047 11.934692 11.934692
765 756 0.001827 0.094407 12.018921 12.018921
766 757 0.002392 0.102980 12.103210 12.103210
767 758 0.002629 0.112974 12.183899 12.183899
768 759 0.001381 0.120587 12.265625 12.265625
769 760 0.001381 0.117233 12.326294 12.326294
770 761 0.001196 0.094470 12.387329 12.387329
771 762 0.001544 0.089210 12.448547 12.448547
772 763 0.001381 0.070306 12.511414 12.511414
773 764 0.000846 0.049947 12.576904 12.576904
774 765 0.000000 0.057058 12.638611 12.638611
775 766 0.000691 0.055431 12.706421 12.706421
776 767 0.000691 0.073200 12.773254 12.773254
777 768 0.001465 0.070136 12.840637 12.840637
778 769 0.001381 0.052457 12.906677 12.906677
779 770 0.000488 0.072484 12.977234 12.977234
780 771 0.001465 0.082361 13.041260 13.041260
781 772 0.001761 0.075936 13.111023 13.111023
782 773 0.001292 0.070002 13.173462 13.173462
783 774 0.000846 0.059392 13.248535 13.248535
784 775 0.000846 0.065424 13.305786 13.305786
785 776 0.000000 0.045509 13.354980 13.354980
786 777 0.000691 0.046462 13.400879 13.400879
787 778 0.000488 0.065170 13.443665 13.443665
788 779 0.000977 0.069173 13.480103 13.480103
789 780 0.001381 0.093388 13.520691 13.520691
790 781 0.000977 0.113059 13.550720 13.550720
791 782 0.001292 0.125075 13.577026 13.577026
792 783 0.000691 0.139423 13.590149 13.590149
793 784 0.001465 0.156313 13.606812 13.606812
794 785 0.001292 0.168374 13.634399 13.634399
795 786 0.001381 0.187572 13.650635 13.650635
796 787 0.001292 0.207318 13.664001 13.664001
797 788 0.001465 0.202270 13.668762 13.668762
798 789 0.001196 0.183735 13.670044 13.670044
799 790 0.000691 0.173068 13.669983 13.669983
800 791 0.000846 0.165765 13.663757 13.663757
801 792 0.001465 0.139821 13.650757 13.650757
802 793 0.000977 0.133930 13.641052 13.641052
803 794 0.000691 0.115579 13.623779 13.623779
804 795 0.000977 0.087910 13.610657 13.610657
805 796 0.000846 0.065167 13.594788 13.594788
806 797 0.001761 0.058671 13.577209 13.577209
807 798 0.000846 0.053615 13.565552 13.565552
808 799 0.001381 0.053994 13.554504 13.554504
809 800 0.000977 0.048845 13.545715 13.545715
810 801 0.000691 0.047977 13.542236 13.542236
811 802 0.001619 0.050971 13.537048 13.537048
812 803 0.000691 0.051012 13.529663 13.529663
813 804 0.000846 0.062590 13.526611 13.526611
814 805 0.001544 0.051657 13.521606 13.521606
815 806 0.000977 0.048969 13.520447 13.520447
816 807 0.000977 0.046095 13.508911 13.508911
817 808 0.000488 0.051181 13.500305 13.500305
818 809 0.001465 0.051022 13.483276 13.483276
819 810 0.000846 0.052078 13.455505 13.455505
820 811 0.001292 0.083547 13.426208 13.426208
821 812 0.001196 0.073482 13.389038 13.389038
822 813 0.001761 0.056396 13.339966 13.339966
823 814 0.000000 0.071082 13.285278 13.285278
824 815 0.000691 0.080291 13.224976 13.224976
825 816 0.001381 0.082118 13.158691 13.158691
826 817 0.000977 0.081773 13.080444 13.080444
827 818 0.000977 0.093591 13.005310 13.005310
828 819 0.000488 0.092687 12.926331 12.926331
829 820 0.000846 0.106147 12.832703 12.832703
830 821 0.001196 0.110699 12.724182 12.724182
831 822 0.001092 0.117608 12.605591 12.605591
832 823 0.001196 0.104860 12.471436 12.471436
833 824 0.000977 0.099854 12.315308 12.315308
834 825 0.000488 0.117448 12.133789 12.133789
835 826 0.000691 0.103918 11.941101 11.941101
836 827 0.000977 0.113667 11.733154 11.733154
837 828 0.000488 0.107325 11.501953 11.501953
838 829 0.000488 0.113592 11.253418 11.253418
839 830 0.001196 0.112176 10.995728 10.995728
840 831 0.001092 0.108782 10.723633 10.723633
841 832 0.000691 0.125030 10.438721 10.438721
842 833 0.000846 0.110784 10.147034 10.147034
843 834 0.001544 0.095240 9.841980 9.841980
844 835 0.001891 0.098413 9.518005 9.518005
845 836 0.001092 0.095626 9.177673 9.177673
846 837 0.002238 0.090826 8.829102 8.829102
847 838 0.000000 0.092958 8.474609 8.474609
848 839 0.000691 0.097754 8.115417 8.115417
849 840 0.001292 0.100093 7.746094 7.746094
850 841 0.001292 0.090974 7.390747 7.390747
851 842 0.001691 0.095436 7.045898 7.045898
852 843 0.002392 0.099800 6.696533 6.696533
853 844 0.002930 0.085698 6.421570 6.421570
854 845 0.004285 0.110988 6.117432 6.117432
855 846 0.003782 0.082700 5.915955 5.915955
856 847 0.003654 0.034572 5.755188 5.755188
857 848 0.002342 0.062434 5.542725 5.542725
858 849 0.002762 0.036895 5.444275 5.444275
859 850 0.003906 0.064762 5.267944 5.267944
860 851 0.004056 0.041610 5.195862 5.195862
861 852 0.003312 0.057915 5.083008 5.083008
862 853 0.002537 0.031230 4.995300 4.995300
863 854 0.002674 0.106616 4.974854 4.974854
864 855 0.003453 0.022855 4.838989 4.838989
865 856 0.003239 0.039374 4.750549 4.750549
866 857 0.003906 0.062122 4.718018 4.718018
867 858 0.003654 0.093161 4.648804 4.648804
868 859 0.002805 0.039877 4.683777 4.683777
869 860 0.004883 0.104316 4.628479 4.628479
870 861 0.005920 0.049124 4.677185 4.677185
871 862 0.006905 0.143063 4.681824 4.681824
872 863 0.007373 0.159904 4.690369 4.690369
873 864 0.006677 0.017492 4.764954 4.764954
874 865 0.005980 0.146471 4.826111 4.826111
875 866 0.005859 0.046572 4.891602 4.891602
876 867 0.006766 0.115111 4.981995 4.981995
877 868 0.006623 0.096357 5.024658 5.024658
878 869 0.005167 0.046186 5.096008 5.096008
879 870 0.004858 0.099957 5.233826 5.233826
880 871 0.004528 0.073522 5.307800 5.307800
881 872 0.004528 0.049926 5.399414 5.399414
882 873 0.006366 0.131418 5.547180 5.547180
883 874 0.005437 0.059719 5.625671 5.625671
884 875 0.005437 0.109051 5.754944 5.754944
885 876 0.006348 0.037006 5.868591 5.868591
886 877 0.006695 0.077853 6.022949 6.022949
887 878 0.006329 0.112676 6.176758 6.176758
888 879 0.006366 0.076992 6.268616 6.268616
889 880 0.005236 0.102244 6.407654 6.407654
890 881 0.005074 0.116274 6.559509 6.559509
891 882 0.004554 0.147776 6.646606 6.646606
892 883 0.004257 0.152252 6.768372 6.768372
893 884 0.003967 0.147961 6.891846 6.891846
894 885 0.002930 0.174525 6.969360 6.969360
895 886 0.002184 0.112352 7.060059 7.060059
896 887 0.003239 0.120189 7.149048 7.149048
897 888 0.002441 0.113866 7.205994 7.205994
898 889 0.002970 0.105494 7.287415 7.287415
899 890 0.003555 0.094354 7.320190 7.320190
900 891 0.004367 0.074520 7.372131 7.372131
901 892 0.004367 0.082817 7.436890 7.436890
902 893 0.004658 0.081585 7.472107 7.472107
903 894 0.005167 0.084925 7.518799 7.518799
904 895 0.004734 0.095895 7.580322 7.580322
905 896 0.003453 0.099298 7.633545 7.633545
906 897 0.003418 0.106910 7.710205 7.710205
907 898 0.003719 0.106653 7.769409 7.769409
908 899 0.004285 0.106269 7.842896 7.842896
909 900 0.003621 0.085143 7.913452 7.913452
910 901 0.002805 0.077179 7.973999 7.973999
911 902 0.001827 0.081443 8.060669 8.060669
912 903 0.001691 0.076448 8.147522 8.147522
913 904 0.003588 0.072801 8.219666 8.219666
914 905 0.001196 0.073633 8.287781 8.287781
915 906 0.001619 0.076507 8.355286 8.355286
916 907 0.001691 0.087004 8.435669 8.435669
917 908 0.004056 0.098110 8.526367 8.526367
918 909 0.002762 0.096121 8.614563 8.614563
919 910 0.001761 0.113845 8.710815 8.710815
920 911 0.001891 0.114720 8.794617 8.794617
921 912 0.002719 0.101434 8.870667 8.870667
922 913 0.004448 0.097862 8.936096 8.936096
923 914 0.002584 0.087746 8.997925 8.997925
924 915 0.002392 0.063203 9.051392 9.051392
925 916 0.002805 0.042835 9.090210 9.090210
926 917 0.000691 0.048684 9.115051 9.115051
927 918 0.001092 0.066879 9.119141 9.119141
928 919 0.001292 0.078959 9.112793 9.112793
929 920 0.000977 0.084472 9.094482 9.094482
930 921 0.000691 0.077336 9.062866 9.062866
931 922 0.001196 0.100116 9.028931 9.028931
932 923 0.002970 0.109942 8.982544 8.982544
933 924 0.001196 0.107588 8.940613 8.940613
934 925 0.001465 0.103454 8.889404 8.889404
935 926 0.001761 0.104181 8.834351 8.834351
936 927 0.001953 0.107783 8.779968 8.779968
937 928 0.000488 0.104584 8.711182 8.711182
938 929 0.001292 0.100421 8.639465 8.639465
939 930 0.001196 0.112592 8.568848 8.568848
940 931 0.001092 0.108494 8.501831 8.501831
941 932 0.001381 0.120683 8.431152 8.431152
942 933 0.001465 0.109975 8.346008 8.346008
943 934 0.000000 0.130774 8.247681 8.247681
944 935 0.001092 0.125136 8.140808 8.140808
945 936 0.000691 0.135745 8.027161 8.027161
946 937 0.001465 0.144569 7.904724 7.904724
947 938 0.001465 0.169641 7.766907 7.766907
948 939 0.002072 0.177748 7.618591 7.618591
949 940 0.002342 0.174569 7.449280 7.449280
950 941 0.001292 0.179408 7.270569 7.270569
951 942 0.000488 0.186583 7.078491 7.078491
952 943 0.001953 0.171669 6.875122 6.875122
953 944 0.001827 0.171960 6.659912 6.659912
954 945 0.000977 0.158777 6.428406 6.428406
955 946 0.000488 0.155151 6.187012 6.187012
956 947 0.000977 0.129051 5.930603 5.930603
957 948 0.001544 0.121358 5.664612 5.664612
958 949 0.001381 0.139819 5.390808 5.390808
959 950 0.001381 0.121418 5.108215 5.108215
960 951 0.000977 0.114291 4.824768 4.824768
961 952 0.000846 0.104555 4.535461 4.535461
962 953 0.001619 0.084236 4.247009 4.247009
963 954 0.001953 0.079598 3.959167 3.959167
964 955 0.001092 0.059285 3.675232 3.675232
965 956 0.002013 0.060316 3.405640 3.405640
966 957 0.002889 0.072665 3.149475 3.149475
967 958 0.002290 0.072253 2.903076 2.903076
968 959 0.002290 0.077989 2.683899 2.683899
969 960 0.002719 0.076894 2.484741 2.484741
970 961 0.002184 0.074282 2.318115 2.318115
971 962 0.002128 0.085458 2.179504 2.179504
972 963 0.001691 0.097490 2.072083 2.072083
973 964 0.002342 0.089454 1.987427 1.987427
974 965 0.001196 0.080349 1.926270 1.926270
975 966 0.000977 0.079769 1.884705 1.884705
976 967 0.002013 0.086280 1.863220 1.863220
977 968 0.000977 0.093646 1.852417 1.852417
978 969 0.001196 0.085683 1.838806 1.838806
979 970 0.001691 0.082450 1.825684 1.825684
980 971 0.002290 0.071483 1.802734 1.802734
981 972 0.002128 0.063155 1.776245 1.776245
982 973 0.001196 0.065305 1.754944 1.754944
983 974 0.001292 0.065119 1.730103 1.730103
984 975 0.001827 0.050365 1.698608 1.698608
985 976 0.001381 0.054801 1.660950 1.660950
986 977 0.001465 0.048352 1.609436 1.609436
987 978 0.001544 0.042696 1.559143 1.559143
988 979 0.000488 0.041484 1.508850 1.508850
989 980 0.000846 0.043106 1.465271 1.465271
990 981 0.000000 0.020624 1.425171 1.425171
991 982 0.000000 0.021352 1.382324 1.382324
992 983 0.000691 0.022101 1.351990 1.351990
993 984 0.001092 0.032255 1.324402 1.324402
994 985 0.000000 0.023008 1.295166 1.295166
995 986 0.000691 0.028711 1.270325 1.270325
996 987 0.000691 0.031536 1.253113 1.253113
997 988 0.001465 0.031710 1.240234 1.240234
998 989 0.001196 0.029465 1.233582 1.233582
999 990 0.000691 0.034373 1.231628 1.231628
1000 991 0.000977 0.027105 1.242493 1.242493
1001 992 0.000977 0.025574 1.254639 1.254639
1002 993 0.000846 0.024744 1.287720 1.287720
1003 994 0.000691 0.033587 1.356689 1.356689
1004 995 0.000000 0.031708 1.459229 1.459229
1005 996 0.000977 0.039213 1.590027 1.590027
1006 997 0.001381 0.047739 1.749512 1.749512
1007 998 0.001292 0.052155 1.934753 1.934753
1008 999 0.001619 0.057028 2.141113 2.141113
1009 1000 0.002238 0.062330 2.367859 2.367859
1010 1001 0.001891 0.066532 2.604492 2.604492
1011 1002 0.001827 0.080023 2.855530 2.855530
1012 1003 0.002013 0.107172 3.100830 3.100830
1013 1004 0.002184 0.111319 3.341736 3.341736
1014 1005 0.001544 0.127059 3.570068 3.570068
1015 1006 0.000977 0.140541 3.794556 3.794556
1016 1007 0.001544 0.148442 4.018005 4.018005
1017 1008 0.000977 0.161700 4.235901 4.235901
1018 1009 0.001544 0.162799 4.436218 4.436218
1019 1010 0.000977 0.174154 4.639587 4.639587
1020 1011 0.001544 0.168575 4.833069 4.833069
1021 1012 0.001196 0.158447 5.015503 5.015503
1022 1013 0.001465 0.151334 5.198669 5.198669
1023 1014 0.000977 0.153649 5.382874 5.382874
1024 1015 0.001381 0.151227 5.560303 5.560303
1025 1016 0.001196 0.141097 5.728516 5.728516
1026 1017 0.001196 0.120218 5.893433 5.893433
1027 1018 0.001953 0.114558 6.056824 6.056824
1028 1019 0.001292 0.102254 6.217712 6.217712
1029 1020 0.001761 0.088173 6.371155 6.371155
1030 1021 0.001196 0.085573 6.539856 6.539856
1031 1022 0.001092 0.067766 6.703369 6.703369
1032 1023 0.000691 0.058346 6.861694 6.861694
1033 1024 0.001381 0.054022 7.017578 7.017578
1034 1025 0.001691 0.050466 7.164368 7.164368
1035 1026 0.000977 0.073777 7.321045 7.321045
1036 1027 0.000846 0.084592 7.475037 7.475037
1037 1028 0.001196 0.089346 7.620605 7.620605
1038 1029 0.001691 0.100617 7.760864 7.760864
1039 1030 0.002392 0.104759 7.883118 7.883118
1040 1031 0.001092 0.111294 7.984680 7.984680
1041 1032 0.001544 0.107821 8.073425 8.073425
1042 1033 0.001544 0.108697 8.143555 8.143555
1043 1034 0.001891 0.095417 8.200073 8.200073
1044 1035 0.001292 0.079829 8.233337 8.233337
1045 1036 0.001381 0.073061 8.256470 8.256470
1046 1037 0.002290 0.052705 8.269287 8.269287
1047 1038 0.000846 0.058792 8.272705 8.272705
1048 1039 0.000846 0.050158 8.277649 8.277649
1049 1040 0.002128 0.062444 8.290039 8.290039
1050 1041 0.000977 0.065453 8.303955 8.303955
1051 1042 0.001761 0.083263 8.320251 8.320251
1052 1043 0.002072 0.082881 8.345520 8.345520
1053 1044 0.003127 0.073971 8.367981 8.367981
1054 1045 0.003453 0.063720 8.396973 8.396973
1055 1046 0.001292 0.070754 8.428345 8.428345
1056 1047 0.001196 0.074407 8.456482 8.456482
1057 1048 0.001292 0.062038 8.480652 8.480652
1058 1049 0.000977 0.050090 8.504150 8.504150
1059 1050 0.000000 0.042634 8.527405 8.527405
1060 1051 0.000000 0.018889 8.558960 8.558960
1061 1052 0.000488 0.022487 8.586060 8.586060
1062 1053 0.000691 0.015465 8.613098 8.613098
1063 1054 0.001092 0.021394 8.638245 8.638245
1064 1055 0.000977 0.018682 8.666931 8.666931
1065 1056 0.000691 0.019768 8.700745 8.700745
1066 1057 0.000691 0.019400 8.724976 8.724976
1067 1058 0.001827 0.028131 8.743164 8.743164
1068 1059 0.000846 0.029452 8.757935 8.757935
1069 1060 0.001827 0.042797 8.768494 8.768494
1070 1061 0.001196 0.053459 8.773865 8.773865
1071 1062 0.002290 0.053125 8.778442 8.778442
1072 1063 0.002674 0.055927 8.771423 8.771423
1073 1064 0.001381 0.042816 8.757141 8.757141
1074 1065 0.001691 0.042905 8.735474 8.735474
1075 1066 0.002970 0.039075 8.714355 8.714355
1076 1067 0.000977 0.046024 8.686340 8.686340
1077 1068 0.002490 0.026897 8.656799 8.656799
1078 1069 0.001691 0.019316 8.622314 8.622314
1079 1070 0.001544 0.037631 8.591003 8.591003
1080 1071 0.001544 0.027379 8.556763 8.556763
1081 1072 0.000846 0.046073 8.521423 8.521423
1082 1073 0.001196 0.011677 8.474060 8.474060
1083 1074 0.001381 0.008586 8.432983 8.432983
1084 1075 0.002128 0.029834 8.392456 8.392456
1085 1076 0.001196 0.017114 8.355591 8.355591
1086 1077 0.002674 0.016689 8.314026 8.314026
1087 1078 0.002072 0.017698 8.259766 8.259766
1088 1079 0.002584 0.015890 8.201050 8.201050
1089 1080 0.003010 0.029972 8.128662 8.128662
1090 1081 0.001953 0.036339 8.054260 8.054260
1091 1082 0.001691 0.025635 7.963989 7.963989
1092 1083 0.002392 0.018908 7.852356 7.852356
1093 1084 0.001761 0.022093 7.729309 7.729309
1094 1085 0.002184 0.014088 7.593018 7.593018
1095 1086 0.000691 0.012299 7.445007 7.445007
1096 1087 0.001619 0.015908 7.273804 7.273804
1097 1088 0.001691 0.024445 7.079590 7.079590
1098 1089 0.002392 0.025281 6.867920 6.867920
1099 1090 0.001196 0.013525 6.639160 6.639160
1100 1091 0.000000 0.027140 6.418518 6.418518
1101 1092 0.001196 0.025595 6.193176 6.193176
1102 1093 0.000691 0.026419 5.959961 5.959961
1103 1094 0.001196 0.009909 5.721619 5.721619
1104 1095 0.001381 0.026882 5.486023 5.486023
1105 1096 0.000000 0.046834 5.276794 5.276794
1106 1097 0.001292 0.057020 5.085754 5.085754
1107 1098 0.002238 0.058902 4.917847 4.917847
1108 1099 0.000488 0.059012 4.769470 4.769470
1109 1100 0.000691 0.061970 4.627502 4.627502
1110 1101 0.000691 0.055775 4.498657 4.498657
1111 1102 0.001292 0.048713 4.384094 4.384094
1112 1103 0.000691 0.034191 4.282532 4.282532
1113 1104 0.000977 0.023568 4.189636 4.189636
1114 1105 0.001196 0.024844 4.097961 4.097961
1115 1106 0.001292 0.028643 4.002991 4.002991
1116 1107 0.002392 0.017787 3.903137 3.903137
1117 1108 0.000488 0.023468 3.799194 3.799194
1118 1109 0.000977 0.027074 3.694580 3.694580
1119 1110 0.001196 0.030347 3.591370 3.591370
1120 1111 0.001544 0.049247 3.482361 3.482361
1121 1112 0.001465 0.053810 3.371521 3.371521
1122 1113 0.001196 0.071485 3.259644 3.259644
1123 1114 0.001761 0.084839 3.149292 3.149292
1124 1115 0.001092 0.095429 3.041077 3.041077
1125 1116 0.001092 0.091170 2.932861 2.932861
1126 1117 0.000977 0.085835 2.823242 2.823242
1127 1118 0.000000 0.074076 2.714233 2.714233
1128 1119 0.000488 0.062876 2.595825 2.595825
1129 1120 0.001381 0.046329 2.480225 2.480225
1130 1121 0.001544 0.037957 2.362610 2.362610
1131 1122 0.001691 0.024868 2.246277 2.246277
1132 1123 0.002184 0.032778 2.121460 2.121460
1133 1124 0.001381 0.027061 1.998230 1.998230
1134 1125 0.001953 0.033120 1.878296 1.878296
1135 1126 0.002584 0.036234 1.763245 1.763245
1136 1127 0.001544 0.036725 1.654907 1.654907
1137 1128 0.000691 0.028014 1.555359 1.555359
1138 1129 0.000846 0.034113 1.460999 1.460999
1139 1130 0.000846 0.040636 1.371582 1.371582
1140 1131 0.001691 0.042487 1.281189 1.281189
1141 1132 0.000488 0.040885 1.200623 1.200623
1142 1133 0.000691 0.041674 1.125061 1.125061
1143 1134 0.000977 0.041079 1.057190 1.057190
1144 1135 0.000846 0.035661 0.992859 0.992859
1145 1136 0.000488 0.033380 0.927734 0.927734
1146 1137 0.000488 0.029775 0.868530 0.868530
1147 1138 0.000000 0.024112 0.813049 0.813049
1148 1139 0.000691 0.016865 0.758911 0.758911
1149 1140 0.001292 0.018123 0.711548 0.711548
1150 1141 0.000846 0.016857 0.666992 0.666992
1151 1142 0.000691 0.016707 0.624207 0.624207
1152 1143 0.000977 0.016564 0.580566 0.580566
1153 1144 0.000691 0.018809 0.539124 0.539124
1154 1145 0.000691 0.020253 0.500610 0.500610
1155 1146 0.000488 0.025597 0.464233 0.464233
1156 1147 0.000000 0.029167 0.425964 0.425964
1157 1148 0.000000 0.036214 0.390076 0.390076
1158 1149 0.000000 0.033284 0.352356 0.352356
1159 1150 0.000000 0.032313 0.313782 0.313782
1160 1151 0.000000 0.030595 0.275879 0.275879
1161 1152 0.000691 0.021007 0.240723 0.240723
1162 1153 0.000488 0.022666 0.209351 0.209351
1163 1154 0.000000 0.020460 0.183044 0.183044
1164 1155 0.000691 0.016661 0.169067 0.169067
1165 1156 0.000691 0.022045 0.159668 0.159668
1166 1157 0.000691 0.036433 0.165405 0.165405
1167 1158 0.000488 0.050648 0.177124 0.177124
1168 1159 0.000691 0.064566 0.194824 0.194824
1169 1160 0.000488 0.072999 0.213501 0.213501
1170 1161 0.000691 0.068412 0.235291 0.235291
1171 1162 0.000691 0.068061 0.262024 0.262024
1172 1163 0.000000 0.073650 0.293152 0.293152
1173 1164 0.000488 0.068074 0.319092 0.319092
1174 1165 0.000691 0.061804 0.348877 0.348877
1175 1166 0.000000 0.048982 0.374695 0.374695
1176 1167 0.000977 0.034329 0.403076 0.403076
1177 1168 0.000000 0.026956 0.437317 0.437317
1178 1169 0.000691 0.021925 0.476013 0.476013
1179 1170 0.000691 0.021684 0.519348 0.519348
1180 1171 0.000488 0.028796 0.562317 0.562317
1181 1172 0.000691 0.035480 0.606995 0.606995
1182 1173 0.000488 0.041252 0.650513 0.650513
1183 1174 0.000000 0.046497 0.694702 0.694702
1184 1175 0.000691 0.055609 0.738586 0.738586
1185 1176 0.000000 0.056882 0.781128 0.781128
1186 1177 0.000488 0.062591 0.817810 0.817810
1187 1178 0.000691 0.062045 0.853455 0.853455
1188 1179 0.000000 0.062151 0.889404 0.889404
1189 1180 0.000000 0.062091 0.922424 0.922424
1190 1181 0.000691 0.057123 0.951355 0.951355
1191 1182 0.000000 0.060941 0.977234 0.977234
1192 1183 0.000488 0.062062 0.998230 0.998230
1193 1184 0.000000 0.061914 1.008118 1.008118
1194 1185 0.000488 0.066040 1.010681 1.010681
1195 1186 0.000691 0.060878 1.006775 1.006775
1196 1187 0.000000 0.065709 0.996521 0.996521
1197 1188 0.000691 0.065939 0.975586 0.975586
1198 1189 0.000691 0.061000 0.946106 0.946106
1199 1190 0.000000 0.072530 0.909363 0.909363
1200 1191 0.000488 0.066969 0.863220 0.863220
