10 6 0.000350 0.045553 3.951117 7.902233
11 7 0.000554 0.041474 3.941569 7.883138
12 8 0.000351 0.043999 3.933596 7.867191
13 9 0.000431 0.049014 3.922392 7.844784
14 10 0.000483 0.040608 3.912120 7.824240
15 11 0.000376 0.057513 3.897305 7.794609
16 12 0.000487 0.053375 3.886041 7.772081
17 13 0.000679 0.061363 3.874985 7.749969
18 14 0.000253 0.066010 3.861053 7.722105
19 15 0.000254 0.066867 3.850220 7.700439
20 16 0.000221 0.067288 3.834505 7.669010
21 17 0.000181 0.068175 3.821407 7.642815
22 18 0.000840 0.065886 3.813559 7.627117
23 19 0.000666 0.061570 3.810045 7.620090
24 20 0.000443 0.062955 3.817881 7.635761
25 21 0.000510 0.057160 3.829554 7.659107
26 22 0.000596 0.058821 3.841856 7.683712
27 23 0.000668 0.051586 3.866405 7.732811
28 24 0.000588 0.056384 3.893030 7.786060
29 25 0.000622 0.046758 3.922377 7.844753
30 26 0.000539 0.047356 3.950050 7.900101
31 27 0.000460 0.048908 3.973581 7.947163
32 28 0.000668 0.039906 4.001907 8.003815
33 29 0.000580 0.046039 4.035955 8.071911
34 30 0.000448 0.046473 4.082518 8.165035
35 31 0.000334 0.040139 4.134705 8.269409
36 32 0.000404 0.048849 4.183420 8.366840
37 33 0.000541 0.046069 4.234154 8.468307
38 34 0.000522 0.053737 4.287167 8.574333
39 35 0.000551 0.056435 4.338413 8.676826
40 36 0.000567 0.059419 4.390385 8.780769
41 37 0.000479 0.066860 4.442055 8.884109
42 38 0.000544 0.063248 4.485065 8.970131
43 39 0.000432 0.066585 4.523640 9.047279
44 40 0.000321 0.063095 4.556931 9.113861
45 41 0.000282 0.059977 4.589066 9.178131
46 42 0.000279 0.057658 4.633705 9.267410
47 43 0.000255 0.055717 4.694729 9.389458
48 44 0.000289 0.055461 4.773174 9.546349
49 45 0.000284 0.053796 4.863495 9.726990
50 46 0.000241 0.053865 4.952816 9.905632
51 47 0.000137 0.050214 5.044140 10.088280
52 48 0.000165 0.050592 5.132164 10.264328
53 49 0.000132 0.047187 5.221684 10.443367
54 50 0.000092 0.049111 5.317287 10.634575
55 51 0.000090 0.047514 5.406364 10.812729
56 52 0.000178 0.040948 5.495358 10.990715
57 53 0.000124 0.041935 5.578503 11.157005
58 54 0.000273 0.032930 5.661793 11.323586
59 55 0.000208 0.031669 5.741772 11.483543
60 56 0.000290 0.030381 5.823730 11.647461
61 57 0.000286 0.026667 5.909775 11.819550
62 58 0.000316 0.025042 5.991676 11.983353
63 59 0.000393 0.024227 6.079567 12.159134
64 60 0.000336 0.020610 6.161705 12.323410
65 61 0.000331 0.016606 6.249352 12.498703
66 62 0.000244 0.015981 6.334290 12.668579
67 63 0.000241 0.015790 6.417351 12.834702
68 64 0.000336 0.016925 6.498817 12.997635
69 65 0.000182 0.029655 6.560364 13.120728
70 66 0.000147 0.029902 6.622482 13.244965
71 67 0.000207 0.029893 6.678162 13.356323
72 68 0.000241 0.029978 6.732666 13.465332
73 69 0.000406 0.017819 6.798767 13.597534
74 70 0.000349 0.015068 6.859894 13.719788
75 71 0.000264 0.014837 6.924606 13.849213
76 72 0.000140 0.013069 6.991104 13.982208
77 73 0.000069 0.014276 7.046867 14.093735
78 74 0.000194 0.014810 7.104866 14.209732
79 75 0.000118 0.011389 7.160278 14.320557
80 76 0.000166 0.011750 7.220795 14.441589
81 77 0.000095 0.010170 7.282402 14.564804
82 78 0.000133 0.010465 7.346405 14.692810
83 79 0.000093 0.007515 7.407364 14.814728
84 80 0.000131 0.006076 7.466042 14.932083
85 81 0.000065 0.005476 7.526451 15.052902
86 82 0.000091 0.007802 7.581253 15.162506
87 83 0.000143 0.005632 7.634995 15.269989
88 84 0.000000 0.005331 7.675270 15.350540
89 85 0.000127 0.006681 7.716698 15.433395
90 86 0.000089 0.005677 7.755219 15.510437
91 87 0.000153 0.005881 7.797752 15.595505
92 88 0.000108 0.005573 7.846062 15.692123
93 89 0.000175 0.006065 7.890831 15.781662
94 90 0.000107 0.007178 7.938416 15.876831
95 91 0.000184 0.005889 7.979568 15.959137
96 92 0.000136 0.008217 8.016449 16.032898
97 93 0.000086 0.010655 8.052711 16.105423
98 94 0.000000 0.011481 8.093102 16.186203
99 95 0.000104 0.014390 8.133698 16.267395
100 96 0.000120 0.013523 8.171997 16.343994
101 97 0.000084 0.012748 8.214813 16.429626
102 98 0.000118 0.013817 8.248047 16.496094
103 99 0.000177 0.014212 8.287521 16.575043
104 100 0.000102 0.014222 8.327042 16.654083
105 101 0.000083 0.016813 8.363922 16.727844
106 102 0.000164 0.013916 8.402908 16.805817
107 103 0.000058 0.016627 8.443008 16.886017
108 104 0.000182 0.016399 8.476685 16.953369
109 105 0.000081 0.017090 8.513306 17.026611
110 106 0.000081 0.020378 8.551880 17.103760
111 107 0.000151 0.018187 8.577515 17.155029
112 108 0.000196 0.020578 8.615631 17.231262
113 109 0.000226 0.021646 8.656418 17.312836
114 110 0.000225 0.020959 8.684708 17.369415
115 111 0.000224 0.021196 8.723755 17.447510
116 112 0.000158 0.021562 8.758575 17.517151
117 113 0.000079 0.018503 8.781082 17.562164
118 114 0.000078 0.019028 8.822922 17.645844
119 115 0.000055 0.019930 8.856827 17.713654
120 116 0.000078 0.018695 8.892609 17.785217
121 117 0.000109 0.020647 8.932312 17.864624
122 118 0.000109 0.019405 8.965134 17.930267
123 119 0.000109 0.020221 9.000092 18.000183
124 120 0.000153 0.025445 9.033783 18.067566
125 121 0.000132 0.027639 9.069229 18.138458
126 122 0.000120 0.028747 9.100952 18.201904
127 123 0.000214 0.031817 9.132446 18.264893
128 124 0.000199 0.028421 9.167679 18.335358
129 125 0.000191 0.026564 9.201691 18.403381
130 126 0.000106 0.024763 9.233826 18.467651
131 127 0.000000 0.021118 9.264191 18.528381
132 128 0.000091 0.019609 9.301498 18.602997
133 129 0.000052 0.017866 9.335861 18.671722
134 130 0.000128 0.020527 9.369217 18.738434
135 131 0.000090 0.022168 9.411942 18.823883
136 132 0.000090 0.021394 9.420639 18.841278
137 133 0.000089 0.021469 9.451828 18.903656
138 134 0.000073 0.024730 9.463089 18.926178
139 135 0.000089 0.025830 9.474167 18.948334
140 136 0.000051 0.026865 9.506226 19.012451
141 137 0.000115 0.026264 9.512115 19.024231
142 138 0.000115 0.020680 9.531647 19.063293
143 139 0.000102 0.017580 9.546616 19.093231
144 140 0.000144 0.019912 9.572220 19.144440
145 141 0.000072 0.018915 9.571732 19.143463
146 142 0.000072 0.021399 9.586990 19.173981
147 143 0.000153 0.022165 9.596359 19.192719
148 144 0.000000 0.022129 9.588867 19.177734
149 145 0.000134 0.024251 9.609634 19.219269
150 146 0.000114 0.026558 9.615646 19.231293
151 147 0.000102 0.028047 9.616730 19.233459
152 148 0.000101 0.023457 9.626175 19.252350
153 149 0.000088 0.023287 9.627274 19.254547
154 150 0.000088 0.020110 9.631546 19.263092
155 151 0.000113 0.018349 9.633728 19.267456
156 152 0.000152 0.019309 9.626312 19.252625
157 153 0.000124 0.021230 9.622833 19.245667
158 154 0.000088 0.019140 9.615906 19.231812
159 155 0.000088 0.019601 9.615692 19.231384
160 156 0.000114 0.018127 9.610046 19.220093
161 157 0.000102 0.016680 9.612854 19.225708
162 158 0.000183 0.017244 9.622559 19.245117
163 159 0.000168 0.016208 9.629578 19.259155
164 160 0.000124 0.018699 9.649414 19.298828
165 161 0.000113 0.016415 9.657227 19.314453
166 162 0.000087 0.017134 9.683563 19.367126
167 163 0.000087 0.014644 9.686493 19.372986
168 164 0.000142 0.015093 9.707214 19.414429
169 165 0.000142 0.017495 9.745270 19.490540
170 166 0.000206 0.017674 9.761658 19.523315
171 167 0.000211 0.017698 9.822021 19.644043
172 168 0.000121 0.016559 9.863647 19.727295
173 169 0.000098 0.015431 9.916687 19.833374
174 170 0.000069 0.018617 9.952393 19.904785
175 171 0.000169 0.026011 9.986084 19.972168
176 172 0.000109 0.023212 10.037079 20.074158
177 173 0.000168 0.020123 10.068695 20.137390
178 174 0.000068 0.020408 10.131561 20.263123
179 175 0.000068 0.014981 10.179260 20.358521
180 176 0.000068 0.016209 10.225403 20.450806
181 177 0.000048 0.017640 10.263184 20.526367
182 178 0.000095 0.016183 10.303467 20.606934
183 179 0.000133 0.019710 10.347076 20.694153
184 180 0.000115 0.022782 10.384552 20.769104
185 181 0.000094 0.028052 10.437836 20.875671
186 182 0.000081 0.028628 10.484894 20.969788
187 183 0.000000 0.026557 10.534637 21.069275
188 184 0.000046 0.021820 10.578094 21.156189
189 185 0.000080 0.014290 10.614166 21.228333
190 186 0.000046 0.009991 10.652771 21.305542
191 187 0.000112 0.009604 10.694214 21.388428
192 188 0.000091 0.014117 10.726105 21.452209
193 189 0.000144 0.019052 10.754852 21.509705
194 190 0.000091 0.023844 10.767914 21.535828
195 191 0.000064 0.025014 10.774536 21.549072
196 192 0.000120 0.024407 10.786469 21.572937
197 193 0.000045 0.024576 10.795563 21.591125
198 194 0.000090 0.019702 10.808685 21.617371
199 195 0.000101 0.016145 10.814270 21.628540
200 196 0.000143 0.015762 10.828033 21.656067
201 197 0.000135 0.012430 10.840576 21.681152
202 198 0.000090 0.017813 10.851471 21.702942
203 199 0.000064 0.024377 10.866852 21.733704
204 200 0.000000 0.025147 10.866669 21.733337
205 201 0.000090 0.029879 10.880493 21.760986
206 202 0.000119 0.026361 10.884216 21.768433
207 203 0.000078 0.021002 10.883972 21.767944
208 204 0.000100 0.020447 10.899780 21.799561
209 205 0.000100 0.016806 10.891754 21.783508
210 206 0.000210 0.014869 10.893646 21.787292
211 207 0.000063 0.015050 10.893250 21.786499
212 208 0.000119 0.013912 10.882874 21.765747
213 209 0.000100 0.013565 10.875122 21.750244
214 210 0.000064 0.014775 10.871216 21.742432
215 211 0.000135 0.014107 10.872223 21.744446
216 212 0.000064 0.013129 10.842712 21.685425
217 213 0.000101 0.013329 10.835022 21.670044
218 214 0.000128 0.011241 10.824982 21.649963
219 215 0.000216 0.010072 10.819702 21.639404
220 216 0.000078 0.010210 10.843445 21.686890
221 217 0.000110 0.009357 10.846924 21.693848
222 218 0.000127 0.008666 10.839081 21.678162
223 219 0.000090 0.009715 10.816895 21.633789
224 220 0.000045 0.012360 10.796570 21.593140
225 221 0.000128 0.011365 10.784485 21.568970
226 222 0.000064 0.009522 10.781677 21.563354
227 223 0.000045 0.008520 10.782776 21.565552
228 224 0.000079 0.007752 10.773132 21.546265
229 225 0.000064 0.007768 10.775269 21.550537
230 226 0.000079 0.008630 10.769379 21.538757
231 227 0.000120 0.011522 10.769592 21.539185
232 228 0.000120 0.011663 10.778992 21.557983
233 229 0.000170 0.011117 10.764313 21.528625
234 230 0.000170 0.010724 10.771057 21.542114
235 231 0.000265 0.011243 10.763245 21.526489
236 232 0.000315 0.011171 10.752167 21.504333
237 233 0.000298 0.012996 10.751404 21.502808
238 234 0.000176 0.012643 10.737823 21.475647
239 235 0.000111 0.014064 10.739166 21.478333
240 236 0.000064 0.012178 10.736511 21.473022
241 237 0.000079 0.011840 10.736420 21.472839
242 238 0.000144 0.013042 10.726624 21.453247
243 239 0.000137 0.012066 10.718994 21.437988
244 240 0.000112 0.012512 10.710114 21.420227
245 241 0.000129 0.012820 10.701233 21.402466
246 242 0.000121 0.013239 10.698425 21.396851
247 243 0.000214 0.013138 10.679962 21.359924
248 244 0.000194 0.013659 10.687378 21.374756
249 245 0.000204 0.015609 10.690521 21.381042
250 246 0.000091 0.014459 10.695190 21.390381
251 247 0.000065 0.013238 10.702301 21.404602
252 248 0.000177 0.015079 10.687897 21.375793
253 249 0.000000 0.015079 10.684540 21.369080
254 250 0.000065 0.016458 10.680176 21.360352
255 251 0.000091 0.016384 10.680176 21.360352
256 252 0.000065 0.014030 10.681519 21.363037
257 253 0.000158 0.012635 10.674805 21.349609
258 254 0.000000 0.014885 10.672668 21.345337
259 255 0.000079 0.016183 10.670044 21.340088
260 256 0.000112 0.016796 10.666199 21.332397
261 257 0.000159 0.017652 10.663696 21.327393
262 258 0.000092 0.015017 10.651917 21.303833
263 259 0.000121 0.015322 10.654968 21.309937
264 260 0.000112 0.016421 10.659241 21.318481
265 261 0.000183 0.015686 10.657410 21.314819
266 262 0.000102 0.018632 10.660278 21.320557
267 263 0.000137 0.018508 10.656799 21.313599
268 264 0.000165 0.016271 10.651245 21.302490
269 265 0.000046 0.021348 10.652710 21.305420
270 266 0.000046 0.021607 10.653076 21.306152
271 267 0.000065 0.021267 10.646851 21.293701
272 268 0.000046 0.019302 10.651794 21.303589
273 269 0.000065 0.012523 10.648926 21.297852
274 270 0.000046 0.012569 10.649170 21.298340
275 271 0.000079 0.012238 10.651123 21.302246
276 272 0.000000 0.014411 10.639709 21.279419
277 273 0.000079 0.018295 10.650391 21.300781
278 274 0.000046 0.017080 10.651855 21.303711
279 275 0.000145 0.017842 10.652710 21.305420
280 276 0.000130 0.019564 10.659912 21.319824
281 277 0.000165 0.017007 10.643066 21.286133
282 278 0.000159 0.021770 10.648621 21.297241
283 279 0.000092 0.022255 10.648071 21.296143
284 280 0.000065 0.023270 10.648010 21.296021
285 281 0.000065 0.024127 10.653076 21.306152
286 282 0.000130 0.022548 10.645386 21.290771
287 283 0.000121 0.021147 10.650269 21.300537
288 284 0.000112 0.021334 10.650330 21.300659
289 285 0.000165 0.023400 10.649414 21.298828
290 286 0.000195 0.028983 10.650208 21.300415
291 287 0.000268 0.030049 10.638977 21.277954
292 288 0.000340 0.029011 10.645996 21.291992
293 289 0.000229 0.025714 10.647217 21.294434
294 290 0.000183 0.023112 10.648132 21.296265
295 291 0.000121 0.023882 10.657227 21.314453
296 292 0.000000 0.023031 10.654419 21.308838
297 293 0.000092 0.020506 10.660706 21.321411
298 294 0.000121 0.018415 10.659302 21.318604
299 295 0.000137 0.014047 10.661072 21.322144
300 296 0.000065 0.016089 10.653015 21.306030
301 297 0.000079 0.017516 10.657043 21.314087
302 298 0.000000 0.016592 10.666382 21.332764
303 299 0.000102 0.018935 10.664001 21.328003
304 300 0.000092 0.014850 10.672058 21.344116
305 301 0.000065 0.015162 10.664978 21.329956
306 302 0.000046 0.013657 10.668518 21.337036
307 303 0.000065 0.012497 10.673157 21.346313
308 304 0.000000 0.012488 10.678833 21.357666
309 305 0.000065 0.012358 10.681274 21.362549
310 306 0.000000 0.011386 10.671082 21.342163
311 307 0.000112 0.012051 10.678711 21.357422
312 308 0.000165 0.014227 10.677673 21.355347
313 309 0.000233 0.015346 10.678223 21.356445
314 310 0.000112 0.017689 10.683716 21.367432
315 311 0.000102 0.017940 10.666077 21.332153
316 312 0.000079 0.015590 10.661926 21.323853
317 313 0.000183 0.015120 10.655151 21.310303
318 314 0.000065 0.014302 10.656128 21.312256
319 315 0.000091 0.017503 10.685547 21.371094
320 316 0.000080 0.018591 10.637390 21.274780
321 317 0.000092 0.019654 10.635559 21.271118
322 318 0.000206 0.022783 10.620300 21.240601
323 319 0.000092 0.019829 10.591248 21.182495
324 320 0.000130 0.020868 10.630493 21.260986
325 321 0.000046 0.017805 10.625610 21.251221
326 322 0.000113 0.016557 10.629211 21.258423
327 323 0.000092 0.016915 10.631165 21.262329
328 324 0.000080 0.017630 10.634766 21.269531
329 325 0.000065 0.019280 10.635132 21.270264
330 326 0.000130 0.018008 10.641174 21.282349
331 327 0.000065 0.017528 10.641052 21.282104
332 328 0.000000 0.015942 10.633179 21.266357
333 329 0.000092 0.011528 10.643066 21.286133
334 330 0.000080 0.010386 10.634399 21.268799
335 331 0.000112 0.009503 10.635437 21.270874
336 332 0.000092 0.009698 10.646423 21.292847
337 333 0.000065 0.012522 10.641968 21.283936
338 334 0.000130 0.015732 10.648132 21.296265
339 335 0.000259 0.017615 10.644897 21.289795
340 336 0.000205 0.018089 10.646912 21.293823
341 337 0.000205 0.017349 10.646179 21.292358
342 338 0.000130 0.016740 10.648132 21.296265
343 339 0.000103 0.015114 10.639343 21.278687
344 340 0.000092 0.015454 10.631531 21.263062
345 341 0.000080 0.016521 10.632568 21.265137
346 342 0.000103 0.016127 10.622620 21.245239
347 343 0.000065 0.018210 10.629150 21.258301
348 344 0.000092 0.015846 10.625366 21.250732
349 345 0.000065 0.016650 10.617981 21.235962
350 346 0.000080 0.015846 10.622620 21.245239
351 347 0.000065 0.014170 10.618713 21.237427
352 348 0.000065 0.013374 10.616882 21.233765
353 349 0.000065 0.012748 10.611877 21.223755
354 350 0.000103 0.012833 10.601990 21.203979
355 351 0.000046 0.010781 10.608765 21.217529
356 352 0.000065 0.011657 10.610352 21.220703
357 353 0.000046 0.013476 10.614746 21.229492
358 354 0.000000 0.015562 10.619324 21.238647
359 355 0.000065 0.016912 10.616638 21.233276
360 356 0.000113 0.017903 10.616211 21.232422
361 357 0.000092 0.015014 10.622681 21.245361
362 358 0.000092 0.016091 10.622375 21.244751
363 359 0.000080 0.017110 10.623596 21.247192
364 360 0.000000 0.019782 10.627441 21.254883
365 361 0.000000 0.019309 10.628052 21.256104
366 362 0.000092 0.019396 10.631714 21.263428
367 363 0.000122 0.019879 10.628845 21.257690
368 364 0.000092 0.018564 10.622864 21.245728
369 365 0.000000 0.016225 10.622437 21.244873
370 366 0.000065 0.017391 10.622009 21.244019
371 367 0.000046 0.020211 10.626343 21.252686
372 368 0.000000 0.017678 10.631531 21.263062
373 369 0.000103 0.022526 10.626038 21.252075
374 370 0.000113 0.023067 10.630127 21.260254
375 371 0.000092 0.022059 10.627563 21.255127
376 372 0.000080 0.024922 10.623230 21.246460
377 373 0.000080 0.024876 10.625610 21.251221
378 374 0.000046 0.022812 10.625061 21.250122
379 375 0.000065 0.019629 10.621582 21.243164
380 376 0.000065 0.018453 10.620300 21.240601
381 377 0.000092 0.016537 10.610901 21.221802
382 378 0.000130 0.016787 10.597351 21.194702
383 379 0.000092 0.015008 10.590454 21.180908
384 380 0.000113 0.013482 10.589111 21.178223
385 381 0.000092 0.013268 10.591858 21.183716
386 382 0.000138 0.011612 10.596008 21.192017
387 383 0.000046 0.014655 10.600525 21.201050
388 384 0.000065 0.014769 10.597839 21.195679
389 385 0.000138 0.014559 10.593506 21.187012
390 386 0.000103 0.013140 10.592102 21.184204
391 387 0.000273 0.011648 10.586975 21.173950
392 388 0.000184 0.012022 10.592834 21.185669
393 389 0.000172 0.014069 10.596985 21.193970
394 390 0.000239 0.016158 10.595154 21.190308
395 391 0.000046 0.015496 10.597412 21.194824
396 392 0.000122 0.014946 10.593994 21.187988
397 393 0.000092 0.012168 10.593872 21.187744
398 394 0.000130 0.013544 10.599731 21.199463
399 395 0.000092 0.013240 10.600220 21.200439
400 396 0.000065 0.013734 10.601074 21.202148
401 397 0.000080 0.017281 10.600403 21.200806
402 398 0.000065 0.017430 10.596680 21.193359
403 399 0.000080 0.019489 10.605774 21.211548
404 400 0.000000 0.018632 10.607422 21.214844
405 401 0.000065 0.015410 10.613159 21.226318
406 402 0.000046 0.013887 10.618347 21.236694
407 403 0.000065 0.013658 10.611816 21.223633
408 404 0.000065 0.013745 10.614807 21.229614
409 405 0.000080 0.014987 10.616394 21.232788
410 406 0.000113 0.016545 10.613708 21.227417
411 407 0.000065 0.017571 10.610107 21.220215
412 408 0.000103 0.014250 10.610352 21.220703
413 409 0.000113 0.013411 10.605164 21.210327
414 410 0.000172 0.014607 10.600891 21.201782
415 411 0.000065 0.014056 10.603271 21.206543
416 412 0.000092 0.016344 10.587708 21.175415
417 413 0.000080 0.016675 10.584595 21.169189
418 414 0.000080 0.015794 10.578796 21.157593
419 415 0.000046 0.016835 10.570923 21.141846
420 416 0.000065 0.018037 10.568787 21.137573
421 417 0.000065 0.018162 10.557190 21.114380
422 418 0.000046 0.017595 10.547852 21.095703
423 419 0.000104 0.016680 10.537170 21.074341
424 420 0.000123 0.015006 10.532349 21.064697
425 421 0.000114 0.015474 10.531921 21.063843
426 422 0.000123 0.015013 10.529175 21.058350
427 423 0.000093 0.015543 10.535645 21.071289
428 424 0.000114 0.016386 10.535095 21.070190
429 425 0.000114 0.016876 10.537109 21.074219
430 426 0.000066 0.016170 10.541748 21.083496
431 427 0.000066 0.016758 10.540894 21.081787
432 428 0.000046 0.017053 10.550537 21.101074
433 429 0.000000 0.015819 10.552551 21.105103
434 430 0.000000 0.015886 10.557800 21.115601
435 431 0.000146 0.014990 10.557617 21.115234
436 432 0.000131 0.014598 10.560181 21.120361
437 433 0.000139 0.014372 10.572205 21.144409
438 434 0.000173 0.013962 10.581665 21.163330
439 435 0.000092 0.016832 10.593384 21.186768
440 436 0.000146 0.017347 10.598328 21.196655
441 437 0.000092 0.017220 10.606323 21.212646
442 438 0.000092 0.018848 10.614380 21.228760
443 439 0.000065 0.015873 10.621948 21.243896
444 440 0.000000 0.014654 10.627441 21.254883
445 441 0.000152 0.015554 10.623413 21.246826
446 442 0.000103 0.014753 10.634338 21.268677
447 443 0.000065 0.016035 10.636475 21.272949
448 444 0.000065 0.018432 10.644897 21.289795
449 445 0.000092 0.022091 10.653198 21.306396
450 446 0.000138 0.018889 10.651001 21.302002
451 447 0.000145 0.015523 10.663696 21.327393
452 448 0.000159 0.013669 10.663330 21.326660
453 449 0.000171 0.014795 10.666870 21.333740
454 450 0.000102 0.014175 10.659424 21.318848
455 451 0.000121 0.014646 10.636963 21.273926
456 452 0.000145 0.014925 10.633423 21.266846
457 453 0.000138 0.015307 10.621216 21.242432
458 454 0.000172 0.015680 10.615234 21.230469
459 455 0.000113 0.016249 10.613037 21.226074
460 456 0.000046 0.014625 10.600586 21.201172
461 457 0.000065 0.015869 10.612061 21.224121
462 458 0.000000 0.013854 10.568115 21.136230
463 459 0.000103 0.013907 10.556274 21.112549
464 460 0.000093 0.016306 10.531372 21.062744
465 461 0.000047 0.019303 10.494873 20.989746
466 462 0.000046 0.016115 10.506104 21.012207
467 463 0.000114 0.014319 10.488892 20.977783
468 464 0.000093 0.012293 10.482056 20.964111
469 465 0.000066 0.012425 10.458252 20.916504
470 466 0.000000 0.012657 10.459351 20.918701
471 467 0.000093 0.012848 10.444824 20.889648
472 468 0.000094 0.012953 10.432373 20.864746
473 469 0.000115 0.013241 10.427979 20.855957
474 470 0.000081 0.014325 10.399536 20.799072
475 471 0.000066 0.017464 10.395874 20.791748
476 472 0.000000 0.018428 10.398315 20.796631
477 473 0.000094 0.017421 10.396362 20.792725
478 474 0.000094 0.013726 10.406738 20.813477
479 475 0.000066 0.012317 10.393799 20.787598
480 476 0.000170 0.012518 10.374268 20.748535
481 477 0.000156 0.014231 10.371094 20.742188
482 478 0.000067 0.018772 10.367676 20.735352
483 479 0.000067 0.018082 10.380981 20.761963
484 480 0.000067 0.016310 10.378418 20.756836
485 481 0.000094 0.015393 10.380615 20.761230
486 482 0.000115 0.017542 10.377930 20.755859
487 483 0.000082 0.017141 10.374146 20.748291
488 484 0.000105 0.016291 10.388794 20.777588
489 485 0.000105 0.018726 10.386719 20.773438
490 486 0.000066 0.017173 10.391846 20.783691
491 487 0.000094 0.017876 10.397827 20.795654
492 488 0.000148 0.018544 10.406128 20.812256
493 489 0.000115 0.016898 10.411499 20.822998
494 490 0.000133 0.015481 10.411255 20.822510
495 491 0.000105 0.016252 10.421753 20.843506
496 492 0.000081 0.016605 10.417725 20.835449
497 493 0.000081 0.019877 10.424927 20.849854
498 494 0.000047 0.021507 10.427979 20.855957
499 495 0.000094 0.018698 10.431641 20.863281
500 496 0.000094 0.019623 10.432495 20.864990
501 497 0.000115 0.020740 10.427490 20.854980
502 498 0.000094 0.023804 10.427002 20.854004
503 499 0.000148 0.022828 10.415527 20.831055
504 500 0.000000 0.022968 10.420166 20.840332
505 501 0.000066 0.019730 10.423340 20.846680
506 502 0.000066 0.016355 10.428345 20.856689
507 503 0.000081 0.017610 10.432251 20.864502
508 504 0.000115 0.017245 10.431885 20.863770
509 505 0.000047 0.016153 10.434204 20.868408
510 506 0.000081 0.016388 10.436401 20.872803
511 507 0.000066 0.014372 10.438110 20.876221
512 508 0.000000 0.014634 10.438843 20.877686
513 509 0.000047 0.014589 10.434937 20.869873
514 510 0.000066 0.015427 10.432251 20.864502
515 511 0.000000 0.018947 10.424927 20.849854
516 512 0.000081 0.021900 10.418213 20.836426
517 513 0.000115 0.029892 10.412231 20.824463
518 514 0.000094 0.030415 10.404663 20.809326
519 515 0.000094 0.034981 10.399658 20.799316
520 516 0.000141 0.035524 10.391357 20.782715
521 517 0.000115 0.030059 10.380493 20.760986
522 518 0.000067 0.030963 10.367920 20.735840
523 519 0.000094 0.022019 10.358154 20.716309
524 520 0.000142 0.018975 10.349976 20.699951
525 521 0.000082 0.021610 10.340698 20.681396
526 522 0.000067 0.020782 10.327393 20.654785
527 523 0.000000 0.021803 10.310181 20.620361
528 524 0.000067 0.021233 10.297607 20.595215
529 525 0.000116 0.018213 10.286865 20.573730
530 526 0.000000 0.017130 10.272705 20.545410
531 527 0.000048 0.018011 10.261719 20.523438
532 528 0.000067 0.018133 10.238281 20.476562
533 529 0.000000 0.019551 10.227539 20.455078
534 530 0.000068 0.019716 10.222412 20.444824
535 531 0.000117 0.020098 10.216309 20.432617
536 532 0.000179 0.024675 10.219482 20.438965
537 533 0.000117 0.025260 10.212036 20.424072
538 534 0.000068 0.026216 10.200562 20.401123
539 535 0.000068 0.028190 10.192993 20.385986
540 536 0.000136 0.025475 10.185547 20.371094
541 537 0.000118 0.026033 10.178101 20.356201
542 538 0.000068 0.025614 10.182495 20.364990
543 539 0.000214 0.028086 10.185181 20.370361
544 540 0.000152 0.026400 10.180420 20.360840
545 541 0.000204 0.026630 10.174561 20.349121
546 542 0.000127 0.026264 10.162109 20.324219
547 543 0.000160 0.022829 10.151611 20.303223
548 544 0.000083 0.025273 10.148682 20.297363
549 545 0.000144 0.022156 10.148193 20.296387
550 546 0.000192 0.021584 10.152222 20.304443
551 547 0.000152 0.021353 10.147827 20.295654
552 548 0.000186 0.020367 10.155884 20.311768
553 549 0.000136 0.020258 10.155273 20.310547
554 550 0.000118 0.020838 10.145386 20.290771
555 551 0.000068 0.018922 10.144775 20.289551
556 552 0.000136 0.017131 10.129639 20.259277
557 553 0.000136 0.018019 10.135986 20.271973
558 554 0.000136 0.019165 10.137695 20.275391
559 555 0.000127 0.024985 10.144287 20.288574
560 556 0.000186 0.025881 10.158325 20.316650
561 557 0.000136 0.024909 10.150757 20.301514
562 558 0.000127 0.029346 10.158447 20.316895
563 559 0.000096 0.030375 10.149048 20.298096
564 560 0.000068 0.029022 10.140381 20.280762
565 561 0.000048 0.031764 10.140747 20.281494
566 562 0.000096 0.024348 10.138672 20.277344
567 563 0.000096 0.017259 10.143066 20.286133
568 564 0.000048 0.020239 10.146851 20.293701
569 565 0.000083 0.021077 10.147095 20.294189
570 566 0.000096 0.020447 10.140015 20.280029
571 567 0.000108 0.023351 10.151245 20.302490
572 568 0.000127 0.022275 10.160156 20.320312
573 569 0.000136 0.019299 10.169312 20.338623
574 570 0.000159 0.020083 10.185913 20.371826
575 571 0.000220 0.017972 10.185791 20.371582
576 572 0.000159 0.019517 10.187866 20.375732
577 573 0.000144 0.022286 10.197144 20.394287
578 574 0.000000 0.022986 10.206665 20.413330
579 575 0.000068 0.027812 10.217896 20.435791
580 576 0.000096 0.028289 10.225220 20.450439
581 577 0.000126 0.028090 10.236694 20.473389
582 578 0.000067 0.026498 10.239990 20.479980
583 579 0.000135 0.023335 10.247192 20.494385
584 580 0.000190 0.021243 10.256836 20.513672
585 581 0.000151 0.015457 10.255127 20.510254
586 582 0.000273 0.013148 10.265869 20.531738
587 583 0.000238 0.010998 10.268799 20.537598
588 584 0.000171 0.011622 10.274414 20.548828
589 585 0.000212 0.011081 10.284668 20.569336
590 586 0.000164 0.012715 10.284912 20.569824
591 587 0.000106 0.016079 10.296631 20.593262
592 588 0.000177 0.015361 10.305176 20.610352
593 589 0.000177 0.019147 10.316284 20.632568
594 590 0.000095 0.021185 10.329102 20.658203
595 591 0.000116 0.019826 10.337036 20.674072
596 592 0.000220 0.025910 10.416138 20.832275
597 593 0.000082 0.017360 10.369385 20.738770
598 594 0.000163 0.013281 10.390747 20.781494
599 595 0.000115 0.014741 10.405029 20.810059
600 596 0.000067 0.013560 10.368896 20.737793
601 597 0.000066 0.018692 10.440552 20.881104
602 598 0.000081 0.022767 10.446167 20.892334
603 599 0.000093 0.019644 10.465820 20.931641
604 600 0.000093 0.016549 10.472900 20.945801
605 601 0.000093 0.014570 10.482422 20.964844
606 602 0.000104 0.015344 10.500732 21.001465
607 603 0.000154 0.019858 10.520996 21.041992
608 604 0.000227 0.019257 10.520386 21.040771
609 605 0.000139 0.017011 10.531128 21.062256
610 606 0.000080 0.016930 10.550049 21.100098
611 607 0.000122 0.016099 10.545898 21.091797
612 608 0.000160 0.017882 10.557617 21.115234
613 609 0.000080 0.023141 10.575928 21.151855
614 610 0.000000 0.025409 10.576050 21.152100
615 611 0.000092 0.022520 10.590332 21.180664
616 612 0.000092 0.024562 10.601440 21.202881
617 613 0.000080 0.021118 10.608521 21.217041
618 614 0.000092 0.019856 10.619141 21.238281
619 615 0.000000 0.023500 10.625488 21.250977
620 616 0.000092 0.020463 10.641968 21.283936
621 617 0.000046 0.025779 10.655884 21.311768
622 618 0.000102 0.024040 10.666748 21.333496
623 619 0.000121 0.022169 10.676270 21.352539
624 620 0.000079 0.021101 10.692871 21.385742
625 621 0.000065 0.016371 10.701538 21.403076
626 622 0.000046 0.016314 10.716919 21.433838
627 623 0.000120 0.020180 10.738525 21.477051
628 624 0.000129 0.024475 10.741943 21.483887
629 625 0.000079 0.024471 10.762085 21.524170
630 626 0.000111 0.024820 10.780151 21.560303
631 627 0.000143 0.024304 10.796997 21.593994
632 628 0.000090 0.022554 10.811279 21.622559
633 629 0.000192 0.023692 10.814209 21.628418
634 630 0.000206 0.025185 10.843384 21.686768
635 631 0.000135 0.019542 10.835083 21.670166
636 632 0.000156 0.016743 10.850586 21.701172
637 633 0.000190 0.016544 10.875366 21.750732
638 634 0.000090 0.016353 10.864624 21.729248
639 635 0.000045 0.020965 10.906616 21.813232
640 636 0.000063 0.025421 10.918823 21.837646
641 637 0.000173 0.028696 10.924683 21.849365
642 638 0.000126 0.024471 10.937500 21.875000
643 639 0.000063 0.021104 10.929688 21.859375
644 640 0.000077 0.019292 10.928955 21.857910
645 641 0.000089 0.015677 10.928955 21.857910
646 642 0.000089 0.013844 10.925293 21.850586
647 643 0.000045 0.014795 10.926392 21.852783
648 644 0.000045 0.014946 10.927002 21.854004
649 645 0.000063 0.015478 10.929565 21.859131
650 646 0.000063 0.018276 10.931152 21.862305
651 647 0.000000 0.016868 10.925415 21.850830
652 648 0.000077 0.014883 10.916626 21.833252
653 649 0.000110 0.016522 10.914673 21.829346
654 650 0.000077 0.016280 10.913452 21.826904
655 651 0.000089 0.017397 10.916626 21.833252
656 652 0.000148 0.019438 10.925171 21.850342
657 653 0.000268 0.015148 10.915161 21.830322
658 654 0.000118 0.014129 10.912598 21.825195
659 655 0.000063 0.013576 10.910278 21.820557
660 656 0.000127 0.011987 10.910889 21.821777
661 657 0.000241 0.012034 10.917725 21.835449
662 658 0.000219 0.013504 10.912598 21.825195
663 659 0.000110 0.013261 10.913818 21.827637
664 660 0.000127 0.017272 10.910400 21.820801
665 661 0.000134 0.017979 10.907349 21.814697
666 662 0.000000 0.017638 10.907227 21.814453
667 663 0.000063 0.019292 10.899048 21.798096
668 664 0.000090 0.019653 10.902100 21.804199
669 665 0.000110 0.022354 10.901245 21.802490
670 666 0.000110 0.020961 10.902832 21.805664
671 667 0.000045 0.024329 10.911011 21.822021
672 668 0.000155 0.022088 10.899170 21.798340
673 669 0.000045 0.019635 10.898926 21.797852
674 670 0.000090 0.019448 10.890137 21.780273
675 671 0.000045 0.015682 10.872803 21.745605
676 672 0.000078 0.015369 10.862671 21.725342
677 673 0.000110 0.013587 10.844727 21.689453
678 674 0.000000 0.012134 10.834717 21.669434
679 675 0.000000 0.011993 10.828735 21.657471
680 676 0.000064 0.012455 10.819580 21.639160
681 677 0.000120 0.011592 10.808228 21.616455
682 678 0.000000 0.013990 10.804199 21.608398
683 679 0.000111 0.014726 10.797363 21.594727
684 680 0.000064 0.013646 10.797729 21.595459
685 681 0.000111 0.014556 10.796509 21.593018
686 682 0.000128 0.012960 10.793091 21.586182
687 683 0.000078 0.012064 10.796875 21.593750
688 684 0.000064 0.012253 10.791138 21.582275
689 685 0.000000 0.013964 10.795898 21.591797
690 686 0.000090 0.017407 10.795776 21.591553
691 687 0.000000 0.019970 10.782471 21.564941
692 688 0.000078 0.022146 10.782471 21.564941
693 689 0.000064 0.022134 10.772949 21.545898
694 690 0.000000 0.020535 10.758911 21.517822
695 691 0.000000 0.021207 10.750977 21.501953
696 692 0.000091 0.020545 10.728394 21.456787
697 693 0.000091 0.022084 10.714233 21.428467
698 694 0.000091 0.021449 10.701050 21.402100
699 695 0.000112 0.021932 10.689575 21.379150
700 696 0.000091 0.022236 10.688843 21.377686
701 697 0.000046 0.022079 10.682373 21.364746
702 698 0.000046 0.021361 10.683594 21.367188
703 699 0.000079 0.019857 10.682861 21.365723
704 700 0.000112 0.023681 10.678467 21.356934
705 701 0.000091 0.022473 10.674316 21.348633
706 702 0.000152 0.024970 10.668091 21.336182
707 703 0.000102 0.028227 10.669067 21.338135
708 704 0.000102 0.027585 10.666016 21.332031
709 705 0.000145 0.029536 10.659302 21.318604
710 706 0.000130 0.028294 10.647583 21.295166
711 707 0.000112 0.027751 10.635254 21.270508
712 708 0.000113 0.024877 10.624634 21.249268
713 709 0.000065 0.022929 10.615234 21.230469
714 710 0.000065 0.018364 10.607910 21.215820
715 711 0.000113 0.015728 10.591675 21.183350
716 712 0.000092 0.016648 10.580444 21.160889
717 713 0.000046 0.015721 10.561157 21.122314
718 714 0.000160 0.019265 10.543091 21.086182
719 715 0.000114 0.018752 10.531006 21.062012
720 716 0.000104 0.018800 10.508057 21.016113
721 717 0.000123 0.023195 10.500732 21.001465
722 718 0.000208 0.021940 10.484741 20.969482
723 719 0.000047 0.020938 10.463623 20.927246
724 720 0.000104 0.020946 10.449951 20.899902
725 721 0.000000 0.017268 10.420410 20.840820
726 722 0.000047 0.018080 10.400391 20.800781
727 723 0.000000 0.015480 10.383789 20.767578
728 724 0.000067 0.014295 10.360718 20.721436
729 725 0.000082 0.016081 10.341919 20.683838
730 726 0.000125 0.017114 10.319946 20.639893
731 727 0.000164 0.019474 10.292114 20.584229
732 728 0.000178 0.019433 10.272949 20.545898
733 729 0.000158 0.017665 10.249268 20.498535
734 730 0.000117 0.016878 10.218628 20.437256
735 731 0.000048 0.021079 10.203857 20.407715
736 732 0.000083 0.019614 10.182373 20.364746
737 733 0.000166 0.019936 10.171753 20.343506
738 734 0.000159 0.019406 10.160034 20.320068
739 735 0.000297 0.018214 10.136108 20.272217
740 736 0.000281 0.020150 10.121948 20.243896
741 737 0.000145 0.017042 10.106201 20.212402
742 738 0.000193 0.017928 10.095703 20.191406
743 739 0.000097 0.020315 10.086304 20.172607
744 740 0.000108 0.017869 10.067505 20.135010
745 741 0.000129 0.020990 10.052734 20.105469
746 742 0.000109 0.019381 10.032715 20.065430
747 743 0.000084 0.018251 10.015381 20.030762
748 744 0.000146 0.021445 10.000244 20.000488
749 745 0.000069 0.020122 9.982788 19.965576
750 746 0.000155 0.019620 9.974854 19.949707
751 747 0.000170 0.018696 9.958740 19.917480
752 748 0.000163 0.016359 9.942139 19.884277
753 749 0.000197 0.017079 9.917969 19.835938
754 750 0.000156 0.019691 9.888428 19.776855
755 751 0.000148 0.018790 9.874268 19.748535
756 752 0.000140 0.019695 9.851440 19.702881
757 753 0.000122 0.019365 9.835083 19.670166
758 754 0.000132 0.016553 9.818726 19.637451
759 755 0.000000 0.015641 9.793945 19.587891
760 756 0.000050 0.012589 9.774658 19.549316
761 757 0.000000 0.012744 9.753662 19.507324
762 758 0.000050 0.012849 9.733276 19.466553
763 759 0.000087 0.015074 9.709839 19.419678
764 760 0.000101 0.016524 9.696655 19.393311
765 761 0.000123 0.018037 9.689087 19.378174
766 762 0.000113 0.017874 9.679810 19.359619
767 763 0.000124 0.016116 9.673462 19.346924
768 764 0.000113 0.016569 9.655884 19.311768
769 765 0.000143 0.015363 9.649292 19.298584
770 766 0.000113 0.013714 9.642212 19.284424
771 767 0.000072 0.014095 9.632568 19.265137
772 768 0.000101 0.013695 9.628540 19.257080
773 769 0.000000 0.011941 9.604980 19.209961
774 770 0.000072 0.015173 9.596558 19.193115
775 771 0.000072 0.017913 9.579468 19.158936
776 772 0.000051 0.022654 9.562378 19.124756
777 773 0.000102 0.026318 9.550049 19.100098
778 774 0.000154 0.028391 9.523193 19.046387
779 775 0.000205 0.026197 9.508179 19.016357
780 776 0.000163 0.021439 9.487915 18.975830
781 777 0.000155 0.017625 9.469116 18.938232
782 778 0.000103 0.015385 9.453491 18.906982
783 779 0.000052 0.013887 9.427612 18.855225
784 780 0.000073 0.012547 9.412842 18.825684
785 781 0.000116 0.011340 9.391846 18.783691
786 782 0.000181 0.011388 9.369263 18.738525
787 783 0.000209 0.011321 9.346313 18.692627
788 784 0.000181 0.012562 9.322632 18.645264
789 785 0.000117 0.016424 9.296143 18.592285
790 786 0.000149 0.015564 9.270630 18.541260
791 787 0.000129 0.015445 9.250854 18.501709
792 788 0.000118 0.012237 9.222290 18.444580
793 789 0.000106 0.009742 9.204590 18.409180
794 790 0.000106 0.011791 9.181274 18.362549
795 791 0.000075 0.011583 9.163330 18.326660
796 792 0.000131 0.013657 9.144043 18.288086
797 793 0.000076 0.010916 9.109375 18.218750
798 794 0.000054 0.009644 9.094727 18.189453
799 795 0.000054 0.010821 9.069458 18.138916
800 796 0.000076 0.010074 9.046509 18.093018
801 797 0.000000 0.012282 9.037109 18.074219
802 798 0.000054 0.016154 9.007568 18.015137
803 799 0.000054 0.013460 8.988159 17.976318
804 800 0.000283 0.016134 8.958618 17.917236
805 801 0.000173 0.019151 8.926636 17.853271
806 802 0.000078 0.016732 8.901855 17.803711
807 803 0.000095 0.016606 8.884155 17.768311
808 804 0.000352 0.017023 8.876831 17.753662
809 805 0.000110 0.015518 8.871948 17.743896
810 806 0.000055 0.013553 8.870239 17.740479
811 807 0.000135 0.014896 8.852173 17.704346
812 808 0.000078 0.015382 8.836792 17.673584
813 809 0.000078 0.016608 8.827148 17.654297
814 810 0.000146 0.020322 8.822021 17.644043
815 811 0.000055 0.016062 8.806396 17.612793
816 812 0.000000 0.013644 8.792480 17.584961
817 813 0.000000 0.012546 8.778809 17.557617
818 814 0.000148 0.010189 8.757935 17.515869
819 815 0.000112 0.010536 8.757202 17.514404
820 816 0.000097 0.011551 8.750977 17.501953
821 817 0.000137 0.009242 8.732544 17.465088
822 818 0.000056 0.009629 8.714966 17.429932
823 819 0.000056 0.009890 8.694702 17.389404
824 820 0.000056 0.009580 8.679932 17.359863
825 821 0.000056 0.009667 8.667114 17.334229
826 822 0.000080 0.010058 8.657959 17.315918
827 823 0.000080 0.009592 8.657959 17.315918
828 824 0.000080 0.009932 8.637085 17.274170
829 825 0.000150 0.012746 8.614624 17.229248
830 826 0.000080 0.011972 8.602173 17.204346
831 827 0.000000 0.012022 8.572388 17.144775
832 828 0.000057 0.010813 8.559448 17.118896
833 829 0.000000 0.011777 8.551880 17.103760
834 830 0.000081 0.009962 8.536987 17.073975
835 831 0.000128 0.014405 8.522583 17.045166
836 832 0.000081 0.016964 8.513916 17.027832
837 833 0.000115 0.017283 8.505371 17.010742
838 834 0.000081 0.018374 8.488159 16.976318
839 835 0.000182 0.014860 8.481079 16.962158
840 836 0.000141 0.014055 8.460571 16.921143
841 837 0.000129 0.012958 8.437256 16.874512
842 838 0.000232 0.012339 8.427002 16.854004
843 839 0.000000 0.013414 8.381836 16.763672
844 840 0.000143 0.012012 8.354614 16.709229
845 841 0.000102 0.011531 8.312744 16.625488
846 842 0.000187 0.010596 8.259644 16.519287
847 843 0.000059 0.009561 8.225098 16.450195
848 844 0.000169 0.011377 8.175659 16.351318
849 845 0.000134 0.013007 8.137817 16.275635
850 846 0.000121 0.012703 8.087402 16.174805
851 847 0.000105 0.022781 8.061279 16.122559
852 848 0.000122 0.021185 8.019043 16.038086
853 849 0.000106 0.018788 7.981445 15.962891
854 850 0.000137 0.024367 7.955566 15.911133
855 851 0.000163 0.011677 7.905762 15.811523
856 852 0.000088 0.011469 7.885986 15.771973
857 853 0.000108 0.012294 7.860107 15.720215
858 854 0.000088 0.010194 7.829346 15.658691
859 855 0.000000 0.010300 7.801514 15.603027
860 856 0.000109 0.007303 7.755859 15.511719
861 857 0.000090 0.007135 7.708496 15.416992
862 858 0.000064 0.008492 7.655029 15.310059
863 859 0.000000 0.009168 7.597168 15.194336
864 860 0.000183 0.009742 7.537354 15.074707
865 861 0.000065 0.010037 7.473877 14.947754
866 862 0.000000 0.008841 7.412598 14.825195
867 863 0.000094 0.009232 7.359619 14.719238
868 864 0.000000 0.008335 7.305420 14.610840
869 865 0.000067 0.008999 7.251709 14.503418
870 866 0.000096 0.011102 7.196777 14.393555
871 867 0.000068 0.009504 7.133301 14.266602
872 868 0.000069 0.010603 7.066406 14.132812
873 869 0.000140 0.007033 6.994141 13.988281
874 870 0.000000 0.008157 6.920410 13.840820
875 871 0.000123 0.008976 6.849854 13.699707
876 872 0.000176 0.008745 6.781738 13.563477
877 873 0.000103 0.008064 6.713135 13.426270
878 874 0.000180 0.007000 6.646484 13.292969
879 875 0.000166 0.006894 6.566406 13.132812
880 876 0.000075 0.008208 6.510010 13.020020
881 877 0.000107 0.007567 6.463135 12.926270
882 878 0.000153 0.007214 6.388916 12.777832
883 879 0.000172 0.007070 6.362061 12.724121
884 880 0.000155 0.009085 6.317383 12.634766
885 881 0.000135 0.008742 6.247803 12.495605
886 882 0.000221 0.008739 6.242676 12.485352
887 883 0.000079 0.011750 6.172852 12.345703
888 884 0.000210 0.009578 6.149414 12.298828
889 885 0.000000 0.010027 6.158447 12.316895
890 886 0.000227 0.013189 6.096436 12.192871
891 887 0.000195 0.010306 6.123779 12.247559
892 888 0.000179 0.010587 6.116211 12.232422
893 889 0.000419 0.012767 6.051270 12.102539
894 890 0.000113 0.010474 6.088867 12.177734
895 891 0.000181 0.016344 6.020508 12.041016
896 892 0.000215 0.016235 6.019531 12.039062
897 893 0.000161 0.010099 6.077881 12.155762
898 894 0.000182 0.017442 6.009766 12.019531
899 895 0.000180 0.011137 6.071533 12.143066
900 896 0.000213 0.010010 6.055420 12.110840
901 897 0.000163 0.017251 5.979980 11.959961
902 898 0.000292 0.009067 6.038818 12.077637
903 899 0.000217 0.017325 5.961426 11.922852
904 900 0.000164 0.013622 5.965088 11.930176
905 901 0.000081 0.011074 6.030518 12.061035
906 902 0.000142 0.011210 5.957520 11.915039
907 903 0.000162 0.015204 6.023682 12.047363
908 904 0.000182 0.010686 6.012451 12.024902
909 905 0.000184 0.009345 5.948486 11.896973
910 906 0.000081 0.009905 6.013916 12.027832
911 907 0.000201 0.014000 5.947754 11.895508
912 908 0.000232 0.008250 5.945801 11.891602
913 909 0.000346 0.010303 5.990723 11.981445
914 910 0.000273 0.008927 5.936523 11.873047
915 911 0.000216 0.008994 5.993896 11.987793
916 912 0.000081 0.005726 5.991699 11.983398
917 913 0.000116 0.013198 5.947266 11.894531
918 914 0.000081 0.005768 5.992188 11.984375
919 915 0.000115 0.006350 5.992188 11.984375
920 916 0.000232 0.015365 5.948975 11.897949
921 917 0.000215 0.005798 5.997070 11.994141
922 918 0.000284 0.013941 5.960938 11.921875
923 919 0.000272 0.013490 5.960693 11.921387
924 920 0.000215 0.006311 6.007080 12.014160
925 921 0.000283 0.013457 5.978027 11.956055
926 922 0.000181 0.006386 6.019043 12.038086
927 923 0.000181 0.006398 6.023193 12.046387
928 924 0.000293 0.015908 6.001953 12.003906
929 925 0.000198 0.007568 6.044678 12.089355
930 926 0.000243 0.016285 6.030029 12.060059
931 927 0.000228 0.014639 6.045166 12.090332
932 928 0.000139 0.004772 6.083496 12.166992
933 929 0.000081 0.012002 6.064697 12.129395
934 930 0.000160 0.006550 6.096924 12.193848
935 931 0.000139 0.007187 6.098145 12.196289
936 932 0.000113 0.011347 6.086914 12.173828
937 933 0.000113 0.006729 6.114746 12.229492
938 934 0.000179 0.008952 6.114014 12.228027
939 935 0.000160 0.014713 6.104980 12.209961
940 936 0.000138 0.013352 6.115723 12.231445
941 937 0.000196 0.022206 6.107666 12.215332
942 938 0.000226 0.023817 6.112305 12.224609
943 939 0.000113 0.016425 6.121826 12.243652
944 940 0.000195 0.024087 6.126709 12.253418
945 941 0.000159 0.019111 6.128906 12.257812
946 942 0.000160 0.018789 6.120605 12.241211
947 943 0.000276 0.023132 6.123535 12.247070
948 944 0.000080 0.017847 6.106934 12.213867
949 945 0.000000 0.019915 6.116943 12.233887
950 946 0.000000 0.020118 6.109619 12.219238
951 947 0.000160 0.022392 6.089600 12.179199
952 948 0.000138 0.025856 6.114014 12.228027
953 949 0.000240 0.027968 6.094482 12.188965
954 950 0.000179 0.030834 6.096191 12.192383
955 951 0.000080 0.024734 6.133789 12.267578
956 952 0.000196 0.023665 6.116455 12.232910
957 953 0.000112 0.018411 6.162109 12.324219
958 954 0.000112 0.017088 6.173828 12.347656
959 955 0.000194 0.018958 6.154297 12.308594
960 956 0.000249 0.013100 6.203369 12.406738
961 957 0.000158 0.023400 6.184082 12.368164
962 958 0.000157 0.024500 6.203857 12.407715
963 959 0.000135 0.022956 6.259521 12.519043
964 960 0.000221 0.030276 6.245361 12.490723
965 961 0.000270 0.029220 6.271973 12.543945
966 962 0.000189 0.027385 6.328857 12.657715
967 963 0.000279 0.029957 6.318604 12.637207
968 964 0.000254 0.025569 6.376221 12.752441
969 965 0.000216 0.026273 6.400391 12.800781
970 966 0.000153 0.030645 6.395996 12.791992
971 967 0.000000 0.031275 6.447021 12.894043
972 968 0.000000 0.035168 6.447510 12.895020
973 969 0.000131 0.031572 6.478760 12.957520
974 970 0.000212 0.025791 6.521729 13.043457
975 971 0.000211 0.025273 6.533691 13.067383
976 972 0.000210 0.024742 6.564941 13.129883
977 973 0.000165 0.021158 6.606201 13.212402
978 974 0.000165 0.019990 6.624512 13.249023
979 975 0.000000 0.018846 6.663818 13.327637
980 976 0.000000 0.020759 6.688232 13.376465
981 977 0.000103 0.024199 6.719727 13.439453
982 978 0.000102 0.027144 6.752197 13.504395
983 979 0.000125 0.027068 6.769287 13.538574
984 980 0.000161 0.022547 6.800293 13.600586
985 981 0.000144 0.020036 6.802734 13.605469
986 982 0.000000 0.016710 6.809082 13.618164
987 983 0.000101 0.014968 6.818604 13.637207
988 984 0.000000 0.011705 6.819336 13.638672
989 985 0.000101 0.010707 6.824707 13.649414
990 986 0.000072 0.010407 6.825439 13.650879
991 987 0.000101 0.009501 6.827393 13.654785
992 988 0.000000 0.012345 6.829834 13.659668
993 989 0.000124 0.011329 6.835693 13.671387
994 990 0.000000 0.009872 6.841797 13.683594
995 991 0.000000 0.011390 6.843018 13.686035
996 992 0.000123 0.011044 6.851562 13.703125
997 993 0.000123 0.012579 6.853027 13.706055
998 994 0.000071 0.014883 6.855469 13.710938
999 995 0.000071 0.013670 6.860107 13.720215
1000 996 0.000101 0.012633 6.854492 13.708984
1001 997 0.000071 0.012332 6.852783 13.705566
1002 998 0.000071 0.011692 6.841064 13.682129
1003 999 0.000143 0.012077 6.820312 13.640625
1004 1000 0.000102 0.012948 6.793457 13.586914
1005 1001 0.000072 0.011518 6.759521 13.519043
1006 1002 0.000103 0.010639 6.734619 13.469238
1007 1003 0.000103 0.011695 6.708252 13.416504
1008 1004 0.000146 0.009951 6.687012 13.374023
1009 1005 0.000104 0.009635 6.662842 13.325684
1010 1006 0.000127 0.010069 6.635498 13.270996
1011 1007 0.000105 0.007748 6.595947 13.191895
1012 1008 0.000105 0.006598 6.561768 13.123535
1013 1009 0.000075 0.007244 6.513428 13.026855
1014 1010 0.000169 0.009335 6.455811 12.911621
1015 1011 0.000186 0.010807 6.422363 12.844727
1016 1012 0.000172 0.013842 6.356445 12.712891
1017 1013 0.000232 0.014494 6.322021 12.644043
1018 1014 0.000220 0.010925 6.266357 12.532715
1019 1015 0.000137 0.016141 6.185059 12.370117
1020 1016 0.000000 0.013660 6.160645 12.321289
1021 1017 0.000000 0.016936 6.076904 12.153809
1022 1018 0.000115 0.023762 6.014648 12.029297
1023 1019 0.000230 0.014149 6.010498 12.020996
1024 1020 0.000233 0.019158 5.918945 11.837891
1025 1021 0.000232 0.014614 5.946777 11.893555
1026 1022 0.000233 0.016431 5.934814 11.869629
1027 1023 0.000144 0.018874 5.865967 11.731934
1028 1024 0.000233 0.016905 5.938232 11.876465
1029 1025 0.000204 0.020126 5.858154 11.716309
1030 1026 0.000167 0.026149 5.835205 11.670410
1031 1027 0.000248 0.023002 5.916504 11.833008
1032 1028 0.000222 0.028401 5.824219 11.648438
1033 1029 0.000165 0.029661 5.918457 11.836914
1034 1030 0.000249 0.032043 5.893066 11.786133
1035 1031 0.000169 0.033613 5.770020 11.540039
1036 1032 0.000118 0.029181 5.867188 11.734375
1037 1033 0.000295 0.032394 5.737061 11.474121
1038 1034 0.000191 0.028750 5.715088 11.430176
1039 1035 0.000374 0.022910 5.833984 11.667969
1040 1036 0.000284 0.023702 5.700195 11.400391
1041 1037 0.000265 0.019450 5.817139 11.634277
1042 1038 0.000238 0.017853 5.808350 11.616699
1043 1039 0.000322 0.031378 5.671875 11.343750
1044 1040 0.000413 0.020056 5.785400 11.570801
1045 1041 0.000273 0.034960 5.652100 11.304199
1046 1042 0.000212 0.037704 5.648926 11.297852
1047 1043 0.000085 0.015064 5.765381 11.530762
1048 1044 0.000122 0.034477 5.645020 11.290039
1049 1045 0.000294 0.021522 5.752930 11.505859
1050 1046 0.000424 0.018607 5.755615 11.511230
1051 1047 0.000396 0.039538 5.653320 11.306641
1052 1048 0.000380 0.015685 5.753662 11.507324
1053 1049 0.000258 0.030306 5.666992 11.333984
1054 1050 0.000271 0.022963 5.688232 11.376465
1055 1051 0.000207 0.012217 5.775635 11.551270
1056 1052 0.000297 0.027652 5.698242 11.396484
1057 1053 0.000383 0.030539 5.702637 11.405273
1058 1054 0.000168 0.017547 5.799805 11.599609
1059 1055 0.000400 0.036884 5.731689 11.463379
1060 1056 0.000290 0.015354 5.825195 11.650391
1061 1057 0.000168 0.017164 5.818359 11.636719
1062 1058 0.000496 0.038623 5.737061 11.474121
1063 1059 0.000168 0.017264 5.827393 11.654785
1064 1060 0.000189 0.037432 5.766357 11.532715
1065 1061 0.000337 0.039305 5.799072 11.598145
1066 1062 0.000203 0.016943 5.881104 11.762207
1067 1063 0.000385 0.032195 5.809326 11.618652
1068 1064 0.000519 0.019691 5.872070 11.744141
1069 1065 0.000220 0.017668 5.883545 11.767090
1070 1066 0.000167 0.038659 5.831543 11.663086
1071 1067 0.000248 0.026256 5.898682 11.797363
1072 1068 0.000334 0.041862 5.852783 11.705566
1073 1069 0.000235 0.044757 5.872314 11.744629
1074 1070 0.000260 0.031826 5.928223 11.856445
1075 1071 0.000234 0.042905 5.909180 11.818359
1076 1072 0.000216 0.032199 5.968262 11.936523
1077 1073 0.000282 0.032365 6.005859 12.011719
1078 1074 0.000081 0.040870 6.012695 12.025391
1079 1075 0.000161 0.038562 6.058594 12.117188
1080 1076 0.000197 0.043351 6.069580 12.139160
1081 1077 0.000196 0.039089 6.100342 12.200684
1082 1078 0.000318 0.036535 6.132324 12.264648
1083 1079 0.000274 0.032571 6.178467 12.356934
1084 1080 0.000176 0.033994 6.202393 12.404785
1085 1081 0.000247 0.029622 6.239990 12.479980
1086 1082 0.000220 0.030631 6.272461 12.544922
1087 1083 0.000190 0.032170 6.283936 12.567871
1088 1084 0.000255 0.027601 6.341064 12.682129
1089 1085 0.000171 0.031964 6.384033 12.768066
1090 1086 0.000202 0.031020 6.410400 12.820801
1091 1087 0.000201 0.036161 6.442139 12.884277
1092 1088 0.000107 0.035609 6.473633 12.947266
1093 1089 0.000130 0.037477 6.506104 13.012207
1094 1090 0.000129 0.033444 6.566895 13.133789
1095 1091 0.000105 0.031538 6.604492 13.208984
1096 1092 0.000104 0.033127 6.635498 13.270996
1097 1093 0.000127 0.027437 6.670410 13.340820
1098 1094 0.000103 0.025204 6.728760 13.457520
1099 1095 0.000145 0.031302 6.734375 13.468750
1100 1096 0.000144 0.031880 6.777588 13.555176
