10 6 0.001196 0.051915 3.727491 7.454982
11 7 0.000977 0.042572 3.713114 7.426229
12 8 0.000000 0.063903 3.733885 7.467771
13 9 0.000691 0.051827 3.688574 7.377148
14 10 0.000846 0.065156 3.668206 7.336412
15 11 0.000691 0.087008 3.653625 7.307249
16 12 0.000000 0.097798 3.607289 7.214579
17 13 0.000000 0.084957 3.624095 7.248190
18 14 0.000000 0.074162 3.611039 7.222078
19 15 0.000691 0.045743 3.594406 7.188812
20 16 0.000691 0.029461 3.582202 7.164404
21 17 0.000691 0.026995 3.568873 7.137747
22 18 0.000977 0.025172 3.552689 7.105377
23 19 0.000846 0.026634 3.535067 7.070133
24 20 0.001092 0.018226 3.512081 7.024162
25 21 0.001092 0.019067 3.487658 6.975315
26 22 0.001196 0.017515 3.463860 6.927719
27 23 0.001292 0.040722 3.447439 6.894878
28 24 0.000977 0.017021 3.405161 6.810322
29 25 0.000000 0.028376 3.366230 6.732460
30 26 0.000000 0.027917 3.323605 6.647209
31 27 0.000488 0.037201 3.262617 6.525234
32 28 0.001544 0.034230 3.228624 6.457249
33 29 0.000691 0.022239 3.189831 6.379662
34 30 0.000488 0.026602 3.147655 6.295311
35 31 0.000691 0.026608 3.117785 6.235569
36 32 0.000691 0.029657 3.085356 6.170712
37 33 0.000691 0.031491 3.044512 6.089024
38 34 0.000488 0.021988 3.010389 6.020779
39 35 0.000000 0.024379 2.971720 5.943439
40 36 0.000000 0.028372 2.953564 5.907127
41 37 0.000691 0.021055 2.899632 5.799263
42 38 0.000000 0.020652 2.855019 5.710037
43 39 0.000488 0.014071 2.815262 5.630524
44 40 0.000488 0.049593 2.749908 5.499817
45 41 0.000977 0.041624 2.722340 5.444679
46 42 0.000846 0.024409 2.681900 5.363800
47 43 0.001092 0.022815 2.630989 5.261978
48 44 0.000846 0.027322 2.591496 5.182991
49 45 0.000977 0.016054 2.578468 5.156937
50 46 0.001544 0.040150 2.531288 5.062576
51 47 0.000977 0.030343 2.492863 4.985725
52 48 0.001196 0.027566 2.440502 4.881004
53 49 0.000000 0.026920 2.359169 4.718338
54 50 0.000691 0.031064 2.301533 4.603065
55 51 0.000691 0.031628 2.229378 4.458755
56 52 0.000691 0.028260 2.151802 4.303604
57 53 0.000846 0.039211 2.066471 4.132942
58 54 0.000691 0.029413 1.982212 3.964424
59 55 0.000691 0.045109 1.894642 3.789284
60 56 0.000488 0.054826 1.808968 3.617935
61 57 0.000488 0.043160 1.723099 3.446198
62 58 0.000488 0.048048 1.631535 3.263069
63 59 0.000691 0.022535 1.555309 3.110619
64 60 0.000488 0.035088 1.445019 2.890038
65 61 0.000000 0.028805 1.346611 2.693222
66 62 0.000488 0.025472 1.250137 2.500275
67 63 0.000000 0.042691 1.154652 2.309303
68 64 0.000846 0.022954 1.104660 2.209320
69 65 0.000977 0.038927 1.065323 2.130646
70 66 0.000846 0.033513 1.047386 2.094772
71 67 0.001381 0.018477 1.046619 2.093239
72 68 0.000488 0.040057 1.026882 2.053764
73 69 0.000977 0.038599 1.018913 2.037827
74 70 0.000691 0.028770 1.016720 2.033440
75 71 0.000846 0.035397 0.989189 1.978378
76 72 0.000691 0.020867 0.996529 1.993057
77 73 0.000691 0.018528 0.994564 1.989128
78 74 0.000488 0.022001 0.994011 1.988022
79 75 0.000488 0.015757 1.012245 2.024490
80 76 0.001381 0.014326 1.027107 2.054214
81 77 0.001092 0.018567 1.033726 2.067451
82 78 0.000977 0.028047 1.039761 2.079521
83 79 0.001092 0.025795 1.049427 2.098854
84 80 0.000691 0.026614 1.052746 2.105492
85 81 0.000846 0.019962 1.069035 2.138069
86 82 0.001092 0.014940 1.095669 2.191338
87 83 0.001619 0.016114 1.129086 2.258171
88 84 0.001196 0.023673 1.165623 2.331245
89 85 0.000977 0.016178 1.219521 2.439041
90 86 0.000488 0.014589 1.274315 2.548630
91 87 0.001092 0.021070 1.333244 2.666489
92 88 0.000977 0.054929 1.418537 2.837074
93 89 0.001292 0.075461 1.491253 2.982506
94 90 0.001953 0.094002 1.558361 3.116722
95 91 0.002674 0.110061 1.626530 3.253059
96 92 0.001891 0.095804 1.676704 3.353409
97 93 0.002238 0.079703 1.735001 3.470001
98 94 0.002072 0.080105 1.788696 3.577393
99 95 0.000488 0.095798 1.835022 3.670044
100 96 0.000977 0.073164 1.885151 3.770302
101 97 0.001761 0.077663 1.934231 3.868462
102 98 0.000977 0.075006 1.997238 3.994476
103 99 0.000846 0.053139 2.038956 4.077911
104 100 0.001381 0.063261 2.083580 4.167160
105 101 0.000691 0.050348 2.130211 4.260422
106 102 0.001292 0.039233 2.170422 4.340843
107 103 0.001381 0.040793 2.232803 4.465607
108 104 0.001092 0.047169 2.281937 4.563873
109 105 0.001381 0.051010 2.334621 4.669243
110 106 0.000691 0.062940 2.369698 4.739395
111 107 0.000846 0.059178 2.411766 4.823532
112 108 0.000691 0.062119 2.460155 4.920311
113 109 0.000977 0.080684 2.494110 4.988220
114 110 0.000846 0.085559 2.547211 5.094421
115 111 0.000691 0.078135 2.589745 5.179489
116 112 0.001381 0.081573 2.640381 5.280762
117 113 0.000000 0.071107 2.688118 5.376236
118 114 0.000691 0.081532 2.725273 5.450546
119 115 0.000977 0.079907 2.760101 5.520203
120 116 0.000977 0.065559 2.781807 5.563614
121 117 0.001092 0.063038 2.815842 5.631683
122 118 0.000846 0.045912 2.862679 5.725357
123 119 0.001092 0.038233 2.903923 5.807846
124 120 0.000977 0.045333 2.936401 5.872803
125 121 0.000691 0.062948 2.942345 5.884689
126 122 0.001092 0.073254 2.933968 5.867935
127 123 0.000846 0.075514 2.932869 5.865738
128 124 0.001691 0.089213 2.927406 5.854813
129 125 0.001381 0.059936 2.943390 5.886780
130 126 0.001196 0.055311 2.953293 5.906586
131 127 0.000691 0.059860 2.940529 5.881058
132 128 0.000691 0.046882 2.944580 5.889160
133 129 0.000977 0.060644 2.939835 5.879669
134 130 0.000846 0.059331 2.940933 5.881866
135 131 0.000846 0.069846 2.951981 5.903961
136 132 0.000977 0.061977 2.953720 5.907440
137 133 0.000488 0.060965 2.950607 5.901215
138 134 0.000488 0.060419 2.950081 5.900162
139 135 0.001691 0.053433 2.956406 5.912811
140 136 0.001381 0.047434 2.959724 5.919449
141 137 0.000691 0.049470 2.967934 5.935867
142 138 0.000000 0.044181 2.972137 5.944275
143 139 0.000977 0.055853 2.979187 5.958374
144 140 0.000691 0.046586 2.985321 5.970642
145 141 0.000977 0.059036 2.999161 5.998322
146 142 0.000488 0.059870 3.009666 6.019333
147 143 0.000977 0.057812 3.016899 6.033798
148 144 0.001465 0.064407 3.034782 6.069565
149 145 0.000977 0.054928 3.044594 6.089188
150 146 0.000846 0.059847 3.064583 6.129166
151 147 0.000977 0.048617 3.087402 6.174805
152 148 0.000977 0.034753 3.104164 6.208328
153 149 0.000488 0.036967 3.124733 6.249466
154 150 0.000691 0.033207 3.144135 6.288269
155 151 0.000691 0.037419 3.176544 6.353088
156 152 0.000977 0.042810 3.176880 6.353760
157 153 0.001196 0.055578 3.184731 6.369461
158 154 0.000977 0.052571 3.199341 6.398682
159 155 0.001544 0.060679 3.210213 6.420425
160 156 0.001092 0.060646 3.230087 6.460175
161 157 0.002537 0.056303 3.256409 6.512817
162 158 0.001381 0.032763 3.270393 6.540787
163 159 0.001381 0.029902 3.274834 6.549667
164 160 0.000977 0.027993 3.296608 6.593216
165 161 0.001465 0.044182 3.307755 6.615509
166 162 0.000691 0.043470 3.280952 6.561905
167 163 0.000691 0.040135 3.254745 6.509491
168 164 0.001465 0.047948 3.227806 6.455612
169 165 0.001953 0.067369 3.170357 6.340714
170 166 0.000691 0.038756 3.154938 6.309875
171 167 0.000000 0.038178 3.143478 6.286957
172 168 0.001292 0.044843 3.106697 6.213394
173 169 0.002238 0.029886 3.094856 6.189713
174 170 0.001691 0.037794 3.070213 6.140427
175 171 0.000977 0.038691 3.020714 6.041428
176 172 0.000691 0.050323 2.991592 5.983185
177 173 0.001619 0.043919 2.946510 5.893021
178 174 0.000977 0.041706 2.898926 5.797852
179 175 0.001092 0.050788 2.853729 5.707458
180 176 0.000977 0.041658 2.815269 5.630539
181 177 0.000846 0.038886 2.780701 5.561401
182 178 0.000691 0.050340 2.748383 5.496765
183 179 0.001092 0.043484 2.721970 5.443939
184 180 0.000846 0.045638 2.684578 5.369156
185 181 0.000488 0.053811 2.644981 5.289963
186 182 0.001092 0.029388 2.604874 5.209747
187 183 0.001092 0.030140 2.576775 5.153549
188 184 0.000846 0.034106 2.512276 5.024551
189 185 0.001196 0.023784 2.486351 4.972702
190 186 0.000846 0.028448 2.443291 4.886581
191 187 0.000846 0.033252 2.396568 4.793137
192 188 0.000488 0.020323 2.387985 4.775970
193 189 0.000977 0.026249 2.332115 4.664230
194 190 0.000488 0.033485 2.294785 4.589569
195 191 0.000691 0.037959 2.253639 4.507278
196 192 0.000691 0.036483 2.220825 4.441650
197 193 0.001292 0.036702 2.205093 4.410187
198 194 0.000846 0.030115 2.203171 4.406342
199 195 0.000000 0.023801 2.201828 4.403656
200 196 0.000846 0.024582 2.207954 4.415909
201 197 0.000000 0.023507 2.219604 4.439209
202 198 0.000488 0.013731 2.230194 4.460388
203 199 0.000691 0.034908 2.239975 4.479950
204 200 0.001196 0.031709 2.258606 4.517212
205 201 0.003088 0.023567 2.292267 4.584534
206 202 0.002013 0.033031 2.304001 4.608002
207 203 0.001196 0.026821 2.325912 4.651825
208 204 0.001691 0.028130 2.366776 4.733551
209 205 0.000846 0.051165 2.363251 4.726501
210 206 0.000846 0.039801 2.415146 4.830292
211 207 0.000488 0.025363 2.454590 4.909180
212 208 0.000000 0.043984 2.476044 4.952087
213 209 0.000977 0.037497 2.530670 5.061340
214 210 0.000691 0.038301 2.566132 5.132263
215 211 0.000977 0.031382 2.621109 5.242218
216 212 0.000846 0.025088 2.686310 5.372620
217 213 0.001196 0.044786 2.751816 5.503632
218 214 0.001465 0.052055 2.811356 5.622711
219 215 0.001292 0.048251 2.870392 5.740784
220 216 0.002674 0.070654 2.924789 5.849579
221 217 0.001292 0.076239 2.971466 5.942932
222 218 0.000691 0.084556 3.029984 6.059967
223 219 0.000691 0.090237 3.071854 6.143707
224 220 0.002762 0.073169 3.097916 6.195831
225 221 0.000846 0.049113 3.116470 6.232941
226 222 0.001953 0.030598 3.120316 6.240631
227 223 0.001381 0.018674 3.121628 6.243256
228 224 0.000691 0.021493 3.110474 6.220947
229 225 0.000691 0.026168 3.099960 6.199921
230 226 0.001381 0.036982 3.066696 6.133392
231 227 0.000846 0.036838 3.043427 6.086853
232 228 0.000000 0.050159 2.998474 5.996948
233 229 0.000000 0.060608 2.970932 5.941864
234 230 0.000691 0.063067 2.955856 5.911713
235 231 0.001092 0.065073 2.904755 5.809509
236 232 0.000691 0.048019 2.904251 5.808502
237 233 0.000000 0.048273 2.838501 5.677002
238 234 0.000846 0.058676 2.778732 5.557465
239 235 0.000846 0.053091 2.747147 5.494293
240 236 0.000977 0.062404 2.685562 5.371124
241 237 0.000846 0.038212 2.669739 5.339478
242 238 0.001544 0.033563 2.638260 5.276520
243 239 0.001292 0.031375 2.597610 5.195221
244 240 0.001292 0.042654 2.552994 5.105988
245 241 0.000846 0.047615 2.515106 5.030212
246 242 0.000846 0.054813 2.474701 4.949402
247 243 0.001196 0.038156 2.442093 4.884186
248 244 0.000488 0.019872 2.413971 4.827942
249 245 0.000691 0.020005 2.382889 4.765778
250 246 0.000691 0.021113 2.356613 4.713226
251 247 0.000977 0.022732 2.334641 4.669281
252 248 0.000691 0.021759 2.324463 4.648926
253 249 0.000691 0.008925 2.314743 4.629486
254 250 0.000977 0.013262 2.299850 4.599701
255 251 0.000488 0.039319 2.299225 4.598450
256 252 0.000691 0.046313 2.288925 4.577850
257 253 0.000846 0.040587 2.290756 4.581512
258 254 0.000846 0.043944 2.314407 4.628815
259 255 0.001196 0.031149 2.339371 4.678741
260 256 0.000977 0.042784 2.382950 4.765900
261 257 0.001381 0.049521 2.428772 4.857544
262 258 0.001092 0.062793 2.471573 4.943146
263 259 0.000977 0.061450 2.500229 5.000458
264 260 0.001196 0.059007 2.533218 5.066437
265 261 0.000846 0.055686 2.566193 5.132385
266 262 0.001761 0.058314 2.613251 5.226501
267 263 0.000000 0.065646 2.675766 5.351532
268 264 0.000488 0.073866 2.736954 5.473907
269 265 0.000846 0.086462 2.802841 5.605682
270 266 0.000691 0.069442 2.857803 5.715607
271 267 0.000488 0.063456 2.907150 5.814301
272 268 0.000691 0.058068 2.950256 5.900513
273 269 0.000488 0.042636 2.994446 5.988892
274 270 0.000488 0.048062 3.043091 6.086182
275 271 0.000977 0.044406 3.096100 6.192200
276 272 0.001092 0.046727 3.153763 6.307526
277 273 0.000977 0.069007 3.224579 6.449158
278 274 0.000691 0.071592 3.250992 6.501984
279 275 0.000846 0.065602 3.308441 6.616882
280 276 0.000000 0.064272 3.359924 6.719849
281 277 0.000977 0.053719 3.373093 6.746185
282 278 0.000691 0.061817 3.430725 6.861450
283 279 0.000691 0.058216 3.441650 6.883301
284 280 0.001092 0.063967 3.476471 6.952942
285 281 0.001381 0.063641 3.495102 6.990204
286 282 0.000846 0.058801 3.521011 7.042023
287 283 0.001092 0.045633 3.557404 7.114807
288 284 0.000977 0.036764 3.567078 7.134155
289 285 0.000977 0.028356 3.598572 7.197144
290 286 0.001381 0.021082 3.610703 7.221405
291 287 0.001827 0.028204 3.606354 7.212708
292 288 0.002441 0.021574 3.620758 7.241516
293 289 0.001465 0.025692 3.616058 7.232117
294 290 0.001891 0.031113 3.634155 7.268311
295 291 0.001196 0.021973 3.665375 7.330750
296 292 0.000846 0.014209 3.672791 7.345581
297 293 0.000691 0.024087 3.703659 7.407318
298 294 0.001092 0.022378 3.710648 7.421295
299 295 0.001761 0.026534 3.723068 7.446136
300 296 0.000846 0.028561 3.737976 7.475952
301 297 0.001196 0.040102 3.771225 7.542450
302 298 0.001465 0.024543 3.765915 7.531830
303 299 0.001691 0.021498 3.769180 7.538361
304 300 0.001827 0.032818 3.773331 7.546661
305 301 0.001196 0.036629 3.763687 7.527374
306 302 0.000000 0.050734 3.806168 7.612335
307 303 0.000691 0.043040 3.786697 7.573395
308 304 0.000488 0.043527 3.777939 7.555878
309 305 0.000488 0.075369 3.780716 7.561432
310 306 0.000691 0.068088 3.754150 7.508301
311 307 0.000488 0.064297 3.760666 7.521332
312 308 0.000691 0.062548 3.757965 7.515930
313 309 0.000977 0.051251 3.721680 7.443359
314 310 0.001292 0.057665 3.694916 7.389832
315 311 0.000846 0.057087 3.685028 7.370056
316 312 0.002537 0.063529 3.686508 7.373016
317 313 0.002392 0.059297 3.677765 7.355530
318 314 0.001891 0.066678 3.697372 7.394745
319 315 0.001196 0.076924 3.667770 7.335541
320 316 0.002441 0.040248 3.639359 7.278717
321 317 0.001953 0.054101 3.647888 7.295776
322 318 0.000691 0.051733 3.612915 7.225830
323 319 0.001092 0.065781 3.606277 7.212555
324 320 0.000691 0.102428 3.596512 7.193024
325 321 0.000977 0.119028 3.580048 7.160095
326 322 0.001381 0.123917 3.588150 7.176300
327 323 0.001827 0.125446 3.601624 7.203247
328 324 0.002290 0.106144 3.610229 7.220459
329 325 0.001092 0.105387 3.613007 7.226013
330 326 0.001196 0.093945 3.628174 7.256348
331 327 0.001292 0.098623 3.647278 7.294556
332 328 0.000000 0.106230 3.675201 7.350403
333 329 0.001827 0.110922 3.703461 7.406921
334 330 0.000691 0.118737 3.718903 7.437805
335 331 0.000977 0.110826 3.744949 7.489899
336 332 0.001691 0.115424 3.769424 7.538849
337 333 0.000000 0.101447 3.755127 7.510254
338 334 0.001092 0.087525 3.747574 7.495148
339 335 0.000691 0.095451 3.775528 7.551056
340 336 0.001827 0.093900 3.748566 7.497131
341 337 0.001691 0.099514 3.752075 7.504150
342 338 0.003312 0.106695 3.749435 7.498871
343 339 0.000000 0.090800 3.706329 7.412659
344 340 0.000488 0.083324 3.692368 7.384735
345 341 0.002128 0.082175 3.675644 7.351288
346 342 0.003127 0.062862 3.646240 7.292480
347 343 0.000977 0.065669 3.598465 7.196930
348 344 0.001827 0.066024 3.576004 7.152008
349 345 0.001827 0.047154 3.521484 7.042969
350 346 0.001465 0.046019 3.469223 6.938446
351 347 0.001544 0.045598 3.439148 6.878296
352 348 0.002805 0.047187 3.389832 6.779663
353 349 0.002290 0.033908 3.372009 6.744019
354 350 0.001292 0.047476 3.346313 6.692627
355 351 0.001619 0.035270 3.304504 6.609009
356 352 0.001196 0.043941 3.254471 6.508942
357 353 0.001196 0.038971 3.209442 6.418884
358 354 0.000977 0.023940 3.186447 6.372894
359 355 0.000691 0.018458 3.142792 6.285583
360 356 0.002629 0.019974 3.131195 6.262390
361 357 0.002889 0.016862 3.112579 6.225159
362 358 0.001953 0.025666 3.067474 6.134949
363 359 0.001196 0.005248 3.042526 6.085052
364 360 0.001196 0.013194 2.993744 5.987488
365 361 0.001092 0.029970 2.951202 5.902405
366 362 0.000977 0.040630 2.916443 5.832886
367 363 0.001891 0.052082 2.878510 5.757019
368 364 0.001092 0.051263 2.845642 5.691284
369 365 0.001761 0.050321 2.806702 5.613403
370 366 0.001196 0.058030 2.765503 5.531006
371 367 0.000691 0.057443 2.731567 5.463135
372 368 0.001092 0.072572 2.689423 5.378845
373 369 0.000000 0.069126 2.660736 5.321472
374 370 0.000488 0.046717 2.642181 5.284363
375 371 0.000691 0.049217 2.640930 5.281860
376 372 0.000691 0.054692 2.649445 5.298889
377 373 0.000488 0.038918 2.668823 5.337646
378 374 0.000977 0.052152 2.695190 5.390381
379 375 0.000977 0.046391 2.717682 5.435364
380 376 0.000691 0.024610 2.741669 5.483337
381 377 0.001092 0.035144 2.763123 5.526245
382 378 0.000977 0.040800 2.786224 5.572449
383 379 0.000000 0.016185 2.814240 5.628479
384 380 0.000488 0.019587 2.851898 5.703796
385 381 0.000488 0.015843 2.886963 5.773926
386 382 0.000977 0.015484 2.929871 5.859741
387 383 0.000488 0.018114 2.972900 5.945801
388 384 0.000691 0.027144 3.014679 6.029358
389 385 0.000488 0.023793 3.065918 6.131836
390 386 0.000000 0.011945 3.130096 6.260193
391 387 0.001092 0.021000 3.171539 6.343079
392 388 0.000000 0.019129 3.220917 6.441833
393 389 0.000977 0.021674 3.267639 6.535278
394 390 0.001381 0.014527 3.286713 6.573425
395 391 0.000691 0.013988 3.306488 6.612976
396 392 0.000691 0.006369 3.334900 6.669800
397 393 0.001092 0.014538 3.376526 6.753052
398 394 0.001544 0.010504 3.437225 6.874451
399 395 0.001691 0.012564 3.528412 7.056824
400 396 0.000691 0.015424 3.560669 7.121338
401 397 0.000488 0.017127 3.563751 7.127502
402 398 0.001196 0.039182 3.596130 7.192261
403 399 0.000000 0.051411 3.579346 7.158691
404 400 0.000691 0.044522 3.615753 7.231506
405 401 0.000691 0.042280 3.656708 7.313416
406 402 0.000488 0.036431 3.655060 7.310120
407 403 0.000846 0.029912 3.690979 7.381958
408 404 0.000977 0.026254 3.712738 7.425476
409 405 0.000846 0.037059 3.742493 7.484985
410 406 0.000488 0.016831 3.771790 7.543579
411 407 0.001292 0.014298 3.792786 7.585571
412 408 0.000977 0.023797 3.813019 7.626038
413 409 0.000691 0.019377 3.827667 7.655334
414 410 0.001092 0.044011 3.835632 7.671265
415 411 0.000691 0.056396 3.840118 7.680237
416 412 0.000691 0.034570 3.836426 7.672852
417 413 0.000691 0.044997 3.830811 7.661621
418 414 0.002013 0.038680 3.834229 7.668457
419 415 0.002490 0.032046 3.831818 7.663635
420 416 0.001544 0.014693 3.829529 7.659058
421 417 0.002013 0.020135 3.831604 7.663208
422 418 0.000691 0.023646 3.829132 7.658264
423 419 0.002013 0.011821 3.806305 7.612610
424 420 0.001691 0.020605 3.796051 7.592102
425 421 0.002392 0.030913 3.811523 7.623047
426 422 0.001292 0.061357 3.769928 7.539856
427 423 0.001196 0.035187 3.799652 7.599304
428 424 0.000000 0.063241 3.781616 7.563232
429 425 0.000691 0.104508 3.744263 7.488525
430 426 0.000488 0.053771 3.765350 7.530701
431 427 0.001092 0.070930 3.746063 7.492126
432 428 0.000488 0.039155 3.771393 7.542786
433 429 0.000846 0.033748 3.780670 7.561340
434 430 0.000488 0.045637 3.774048 7.548096
435 431 0.001092 0.043989 3.769531 7.539062
436 432 0.000691 0.032918 3.765015 7.530029
437 433 0.000000 0.031266 3.747803 7.495605
438 434 0.000691 0.027667 3.741608 7.483215
439 435 0.001092 0.039060 3.726410 7.452820
440 436 0.000691 0.029151 3.709717 7.419434
441 437 0.000488 0.032465 3.711853 7.423706
442 438 0.000691 0.034436 3.714417 7.428833
443 439 0.001092 0.032226 3.718567 7.437134
444 440 0.000691 0.037398 3.707825 7.415649
445 441 0.000846 0.036947 3.696472 7.392944
446 442 0.000846 0.037046 3.676544 7.353088
447 443 0.000691 0.043503 3.655151 7.310303
448 444 0.000488 0.044112 3.650024 7.300049
449 445 0.000846 0.046801 3.641052 7.282104
450 446 0.000488 0.046767 3.635681 7.271362
451 447 0.000977 0.035781 3.623535 7.247070
452 448 0.001619 0.036470 3.596954 7.193909
453 449 0.000000 0.043911 3.586365 7.172729
454 450 0.000488 0.050929 3.584381 7.168762
455 451 0.002072 0.044993 3.592072 7.184143
456 452 0.002719 0.043465 3.600830 7.201660
457 453 0.001691 0.036193 3.587585 7.175171
458 454 0.001381 0.037587 3.570404 7.140808
459 455 0.001381 0.024576 3.555969 7.111938
460 456 0.000977 0.032890 3.542023 7.084045
461 457 0.000691 0.043993 3.530060 7.060120
462 458 0.000691 0.042173 3.516510 7.033020
463 459 0.000691 0.046820 3.500244 7.000488
464 460 0.000691 0.041295 3.493378 6.986755
465 461 0.000977 0.032958 3.494568 6.989136
466 462 0.000977 0.031466 3.493591 6.987183
467 463 0.000000 0.035605 3.491943 6.983887
468 464 0.001196 0.038495 3.479126 6.958252
469 465 0.000000 0.030793 3.470123 6.940247
470 466 0.000000 0.036273 3.466614 6.933228
471 467 0.000691 0.032405 3.466217 6.932434
472 468 0.001092 0.032132 3.467957 6.935913
473 469 0.000691 0.035463 3.466248 6.932495
474 470 0.000846 0.032239 3.458069 6.916138
475 471 0.000000 0.022538 3.447052 6.894104
476 472 0.000488 0.024973 3.436646 6.873291
477 473 0.000488 0.018622 3.419800 6.839600
478 474 0.000488 0.010206 3.412354 6.824707
479 475 0.000691 0.022511 3.363007 6.726013
480 476 0.000691 0.016040 3.328583 6.657166
481 477 0.000977 0.022999 3.289520 6.579041
482 478 0.000488 0.030658 3.244568 6.489136
483 479 0.000846 0.036254 3.223175 6.446350
484 480 0.000488 0.019591 3.182556 6.365112
485 481 0.000846 0.017575 3.139252 6.278503
486 482 0.000977 0.019255 3.086914 6.173828
487 483 0.001544 0.019643 3.045929 6.091858
488 484 0.000000 0.019985 3.010071 6.020142
489 485 0.000691 0.028700 2.965790 5.931580
490 486 0.000691 0.019791 2.927673 5.855347
491 487 0.000000 0.023404 2.872040 5.744080
492 488 0.000488 0.030720 2.806488 5.612976
493 489 0.000846 0.029392 2.751862 5.503723
494 490 0.000846 0.039702 2.690643 5.381287
495 491 0.001465 0.045610 2.644043 5.288086
496 492 0.000000 0.003412 2.597076 5.194153
497 493 0.000000 0.009075 2.549622 5.099243
498 494 0.000488 0.006382 2.499268 4.998535
499 495 0.001196 0.025248 2.459747 4.919495
500 496 0.001092 0.011206 2.397491 4.794983
501 497 0.000977 0.009394 2.357300 4.714600
502 498 0.000691 0.008127 2.316315 4.632629
503 499 0.000691 0.024136 2.266815 4.533630
504 500 0.000691 0.022656 2.240814 4.481628
505 501 0.000691 0.031576 2.194275 4.388550
506 502 0.000488 0.035384 2.154022 4.308044
507 503 0.000977 0.036334 2.114227 4.228455
508 504 0.000488 0.034807 2.075195 4.150391
509 505 0.000846 0.042490 2.040497 4.080994
510 506 0.000691 0.037206 2.004913 4.009827
511 507 0.000488 0.030959 1.982330 3.964661
512 508 0.000000 0.022913 1.968872 3.937744
513 509 0.000691 0.026687 1.967865 3.935730
514 510 0.000000 0.017750 1.981018 3.962036
515 511 0.000000 0.012371 1.995697 3.991394
516 512 0.000000 0.019041 2.017792 4.035583
517 513 0.000000 0.017214 2.035858 4.071716
518 514 0.000846 0.006608 2.058350 4.116699
519 515 0.000000 0.019462 2.083282 4.166565
520 516 0.000846 0.017150 2.118805 4.237610
521 517 0.000691 0.011660 2.162537 4.325073
522 518 0.001196 0.019515 2.209229 4.418457
523 519 0.001092 0.012380 2.262665 4.525330
524 520 0.001196 0.016184 2.305511 4.611023
525 521 0.000691 0.017151 2.342560 4.685120
526 522 0.001196 0.019319 2.377197 4.754395
527 523 0.000000 0.023607 2.416656 4.833313
528 524 0.001092 0.022181 2.459717 4.919434
529 525 0.001092 0.011128 2.510834 5.021667
530 526 0.000691 0.017418 2.561859 5.123718
531 527 0.000977 0.018163 2.604614 5.209229
532 528 0.000691 0.035847 2.646301 5.292603
533 529 0.001196 0.022504 2.686707 5.373413
534 530 0.000977 0.024032 2.734863 5.469727
535 531 0.000977 0.025369 2.772095 5.544189
536 532 0.000691 0.032541 2.811737 5.623474
537 533 0.000488 0.011313 2.847015 5.694031
538 534 0.000691 0.018321 2.869904 5.739807
539 535 0.000691 0.017123 2.906647 5.813293
540 536 0.001196 0.013223 2.946136 5.892273
541 537 0.000488 0.022652 2.987579 5.975159
542 538 0.000691 0.023579 3.030945 6.061890
543 539 0.000691 0.017812 3.066498 6.132996
544 540 0.000488 0.015880 3.095276 6.190552
545 541 0.000691 0.003576 3.123444 6.246887
546 542 0.000846 0.002582 3.154816 6.309631
547 543 0.000488 0.009031 3.190613 6.381226
548 544 0.000000 0.008598 3.223358 6.446716
549 545 0.000691 0.008901 3.261688 6.523376
550 546 0.000000 0.010036 3.288940 6.577881
551 547 0.000000 0.011625 3.319946 6.639893
552 548 0.000000 0.012042 3.354645 6.709290
553 549 0.001196 0.017305 3.381165 6.762329
554 550 0.000846 0.013528 3.414001 6.828003
555 551 0.000488 0.009653 3.442657 6.885315
556 552 0.000691 0.025813 3.477325 6.954651
557 553 0.000691 0.011030 3.505035 7.010071
558 554 0.000691 0.021342 3.534912 7.069824
559 555 0.000691 0.045897 3.564056 7.128113
560 556 0.000000 0.023038 3.581543 7.163086
561 557 0.000691 0.040607 3.604767 7.209534
562 558 0.001761 0.030971 3.621796 7.243591
563 559 0.001381 0.024126 3.637421 7.274841
564 560 0.001381 0.031605 3.653442 7.306885
565 561 0.001381 0.022285 3.666138 7.332275
566 562 0.001196 0.034812 3.679779 7.359558
567 563 0.000691 0.027518 3.687164 7.374329
568 564 0.001092 0.026237 3.690552 7.381104
569 565 0.000488 0.030015 3.695282 7.390564
570 566 0.000488 0.031174 3.694427 7.388855
571 567 0.001827 0.037406 3.690063 7.380127
572 568 0.001544 0.034102 3.685364 7.370728
573 569 0.001465 0.037908 3.671173 7.342346
574 570 0.001465 0.044066 3.662018 7.324036
575 571 0.001544 0.026296 3.655029 7.310059
576 572 0.001092 0.042876 3.650970 7.301941
577 573 0.001465 0.044163 3.651093 7.302185
578 574 0.001544 0.051377 3.650665 7.301331
579 575 0.001292 0.037755 3.642883 7.285767
580 576 0.001196 0.038195 3.632080 7.264160
581 577 0.001381 0.038847 3.622894 7.245789
582 578 0.000488 0.020131 3.615967 7.231934
583 579 0.002128 0.023705 3.619354 7.238708
584 580 0.002238 0.019818 3.617462 7.234924
585 581 0.001092 0.013444 3.616119 7.232239
586 582 0.000488 0.022004 3.611267 7.222534
587 583 0.002537 0.032463 3.608368 7.216736
588 584 0.002584 0.050177 3.612122 7.224243
589 585 0.001544 0.069140 3.616730 7.233459
590 586 0.000977 0.071179 3.620972 7.241943
591 587 0.000691 0.074790 3.625549 7.251099
592 588 0.001196 0.082580 3.630341 7.260681
593 589 0.001092 0.071767 3.635773 7.271545
594 590 0.000977 0.091228 3.642792 7.285583
595 591 0.000977 0.108375 3.650421 7.300842
596 592 0.000488 0.121448 3.655121 7.310242
597 593 0.000846 0.119642 3.656921 7.313843
598 594 0.000846 0.102533 3.656433 7.312866
599 595 0.000846 0.099640 3.650452 7.300903
600 596 0.000846 0.094485 3.648224 7.296448
601 597 0.001196 0.095520 3.646790 7.293579
602 598 0.001092 0.099170 3.643646 7.287292
603 599 0.000691 0.059668 3.643524 7.287048
604 600 0.000691 0.033815 3.633423 7.266846
605 601 0.000488 0.024631 3.628387 7.256775
606 602 0.000691 0.010501 3.622681 7.245361
607 603 0.000000 0.011761 3.614655 7.229309
608 604 0.000691 0.016116 3.618835 7.237671
609 605 0.000691 0.022291 3.617310 7.234619
610 606 0.000000 0.028240 3.625214 7.250427
611 607 0.000000 0.027156 3.634094 7.268188
612 608 0.000488 0.026946 3.644928 7.289856
613 609 0.000000 0.032342 3.655273 7.310547
614 610 0.000488 0.028940 3.664001 7.328003
615 611 0.000691 0.029516 3.665497 7.330994
616 612 0.000977 0.026223 3.659058 7.318115
617 613 0.000977 0.020427 3.642090 7.284180
618 614 0.000000 0.027272 3.621460 7.242920
619 615 0.000488 0.036227 3.597534 7.195068
620 616 0.000846 0.036147 3.571838 7.143677
621 617 0.001196 0.048902 3.561127 7.122253
622 618 0.001092 0.038309 3.550415 7.100830
623 619 0.001196 0.063735 3.541473 7.082947
624 620 0.000691 0.051978 3.532928 7.065857
625 621 0.000691 0.062426 3.510254 7.020508
626 622 0.000846 0.059678 3.487427 6.974854
627 623 0.001196 0.043410 3.471649 6.943298
628 624 0.000691 0.064513 3.454651 6.909302
629 625 0.001544 0.039676 3.449921 6.899841
630 626 0.000977 0.055220 3.428619 6.857239
631 627 0.000488 0.047065 3.403534 6.807068
632 628 0.000691 0.044022 3.381287 6.762573
633 629 0.000846 0.049622 3.356873 6.713745
634 630 0.000488 0.028416 3.358276 6.716553
635 631 0.000488 0.021267 3.362091 6.724182
636 632 0.000977 0.005074 3.361633 6.723267
637 633 0.000488 0.011419 3.355774 6.711548
638 634 0.001544 0.013122 3.344574 6.689148
639 635 0.000977 0.026530 3.349884 6.699768
640 636 0.000846 0.043142 3.367859 6.735718
641 637 0.000000 0.025424 3.395386 6.790771
642 638 0.001691 0.023511 3.421753 6.843506
643 639 0.001092 0.037325 3.456696 6.913391
644 640 0.001196 0.022053 3.464355 6.928711
645 641 0.000488 0.042502 3.527527 7.055054
646 642 0.000000 0.017650 3.530212 7.060425
647 643 0.000000 0.030281 3.543823 7.087646
648 644 0.000488 0.027383 3.583862 7.167725
649 645 0.001092 0.087598 3.574799 7.149597
650 646 0.001196 0.056883 3.614471 7.228943
651 647 0.000488 0.044645 3.623932 7.247864
652 648 0.000691 0.055343 3.628479 7.256958
653 649 0.000691 0.040659 3.626587 7.253174
654 650 0.000691 0.045607 3.637421 7.274841
655 651 0.001092 0.039919 3.637207 7.274414
656 652 0.001092 0.023824 3.636383 7.272766
657 653 0.000488 0.045177 3.625092 7.250183
658 654 0.001092 0.047117 3.613312 7.226624
659 655 0.000977 0.059634 3.610382 7.220764
660 656 0.000691 0.072211 3.595581 7.191162
661 657 0.000977 0.069468 3.584686 7.169373
662 658 0.000691 0.066930 3.554840 7.109680
663 659 0.000000 0.050719 3.517792 7.035583
664 660 0.000846 0.043023 3.482971 6.965942
665 661 0.000000 0.038577 3.451416 6.902832
666 662 0.000691 0.038706 3.413635 6.827271
667 663 0.000846 0.048451 3.372711 6.745422
668 664 0.000000 0.054924 3.330505 6.661011
669 665 0.000977 0.067492 3.278656 6.557312
670 666 0.000000 0.046351 3.236359 6.472717
671 667 0.000846 0.046818 3.203430 6.406860
672 668 0.000846 0.040307 3.176758 6.353516
673 669 0.000488 0.022459 3.157745 6.315491
674 670 0.000977 0.029527 3.147675 6.295349
675 671 0.000977 0.035749 3.127960 6.255920
676 672 0.000691 0.040186 3.103333 6.206665
677 673 0.000691 0.042361 3.078491 6.156982
678 674 0.002290 0.059278 3.060059 6.120117
679 675 0.001827 0.052690 3.046875 6.093750
680 676 0.002290 0.050697 3.039795 6.079590
681 677 0.002013 0.038436 3.054749 6.109497
682 678 0.001544 0.054415 3.038269 6.076538
683 679 0.001092 0.061749 3.042358 6.084717
684 680 0.002238 0.057545 3.057617 6.115234
685 681 0.001292 0.052675 3.055176 6.110352
686 682 0.000691 0.049377 3.079895 6.159790
687 683 0.000691 0.040258 3.071533 6.143066
688 684 0.000846 0.032350 3.039978 6.079956
689 685 0.000000 0.022890 3.010864 6.021729
690 686 0.001092 0.026465 2.974731 5.949463
691 687 0.000691 0.016084 2.930664 5.861328
692 688 0.000846 0.020337 2.894775 5.789551
693 689 0.000846 0.024286 2.851257 5.702515
694 690 0.001196 0.020423 2.809448 5.618896
695 691 0.000488 0.041771 2.764099 5.528198
696 692 0.000000 0.036504 2.730347 5.460693
697 693 0.000846 0.032009 2.704102 5.408203
698 694 0.000488 0.035962 2.633484 5.266968
699 695 0.000488 0.029973 2.601074 5.202148
700 696 0.000691 0.032978 2.570435 5.140869
701 697 0.000691 0.045229 2.491943 4.983887
702 698 0.000000 0.024966 2.484192 4.968384
703 699 0.000000 0.037945 2.417664 4.835327
704 700 0.000488 0.062928 2.356689 4.713379
705 701 0.000488 0.037852 2.325867 4.651733
706 702 0.000000 0.058908 2.265747 4.531494
707 703 0.000000 0.034736 2.244019 4.488037
708 704 0.000000 0.033790 2.198853 4.397705
709 705 0.000691 0.030929 2.158264 4.316528
710 706 0.000691 0.026425 2.104309 4.208618
711 707 0.001092 0.034778 2.054626 4.109253
712 708 0.000691 0.036881 2.012939 4.025879
713 709 0.000000 0.037904 1.960510 3.921021
714 710 0.000000 0.040000 1.923340 3.846680
715 711 0.000488 0.037744 1.878601 3.757202
716 712 0.000000 0.032344 1.828674 3.657349
717 713 0.000691 0.023634 1.790649 3.581299
718 714 0.000488 0.038235 1.730164 3.460327
719 715 0.000488 0.029220 1.675903 3.351807
720 716 0.000691 0.042523 1.621094 3.242188
721 717 0.000488 0.059440 1.557007 3.114014
722 718 0.001092 0.030403 1.522644 3.045288
723 719 0.000000 0.035384 1.477051 2.954102
724 720 0.000000 0.036089 1.430908 2.861816
725 721 0.000977 0.045943 1.390259 2.780518
726 722 0.000691 0.046512 1.339844 2.679688
727 723 0.000488 0.028739 1.297424 2.594849
728 724 0.000488 0.034208 1.255676 2.511353
729 725 0.000691 0.018082 1.222168 2.444336
730 726 0.000488 0.017727 1.195618 2.391235
731 727 0.001196 0.034221 1.174622 2.349243
732 728 0.000691 0.029513 1.164490 2.328979
733 729 0.000846 0.020756 1.152893 2.305786
734 730 0.000846 0.021449 1.141174 2.282349
735 731 0.000488 0.012444 1.132629 2.265259
736 732 0.000846 0.013495 1.125000 2.250000
737 733 0.000000 0.012548 1.121948 2.243896
738 734 0.000000 0.021234 1.124939 2.249878
739 735 0.000691 0.029139 1.129272 2.258545
740 736 0.000691 0.037985 1.146484 2.292969
741 737 0.000000 0.034450 1.161865 2.323730
742 738 0.000000 0.030379 1.178467 2.356934
743 739 0.000488 0.030498 1.205688 2.411377
744 740 0.000488 0.016641 1.227905 2.455811
745 741 0.000691 0.014591 1.256470 2.512939
746 742 0.000977 0.012817 1.270447 2.540894
747 743 0.000691 0.020771 1.282288 2.564575
748 744 0.000977 0.025318 1.285583 2.571167
749 745 0.000488 0.023115 1.269897 2.539795
750 746 0.000977 0.040865 1.264893 2.529785
751 747 0.001544 0.031785 1.244995 2.489990
752 748 0.001465 0.027690 1.215393 2.430786
753 749 0.001196 0.029695 1.190857 2.381714
754 750 0.002629 0.031106 1.151978 2.303955
755 751 0.000691 0.044861 1.117554 2.235107
756 752 0.000846 0.071714 1.056152 2.112305
757 753 0.000488 0.069034 1.061951 2.123901
758 754 0.001953 0.079160 1.060303 2.120605
759 755 0.002342 0.069270 1.062744 2.125488
760 756 0.001381 0.085526 1.096130 2.192261
761 757 0.001544 0.062002 1.089478 2.178955
762 758 0.000691 0.056095 1.106506 2.213013
763 759 0.000000 0.052590 1.112427 2.224854
764 760 0.001619 0.017978 1.133850 2.267700
765 761 0.000846 0.030438 1.137634 2.275269
766 762 0.001381 0.005681 1.124756 2.249512
767 763 0.001092 0.026338 1.122681 2.245361
768 764 0.000977 0.022032 1.086304 2.172607
769 765 0.001381 0.028439 1.048462 2.096924
770 766 0.000846 0.016748 1.025085 2.050171
771 767 0.000977 0.009811 0.979004 1.958008
772 768 0.001196 0.030399 0.947876 1.895752
773 769 0.000977 0.029311 0.917664 1.835327
774 770 0.000000 0.014424 0.867737 1.735474
775 771 0.000977 0.029070 0.818176 1.636353
776 772 0.001292 0.026215 0.778992 1.557983
777 773 0.001465 0.036446 0.737305 1.474609
778 774 0.005960 0.046170 0.684143 1.368286
779 775 0.001292 0.036874 0.648682 1.297363
780 776 0.001381 0.060963 0.599731 1.199463
781 777 0.000000 0.042349 0.548523 1.097046
782 778 0.004502 0.035981 0.523743 1.047485
783 779 0.000691 0.061718 0.507263 1.014526
784 780 0.000488 0.066102 0.483826 0.967651
785 781 0.000846 0.078957 0.457336 0.914673
786 782 0.000691 0.064676 0.436646 0.873291
787 783 0.001292 0.051196 0.403870 0.807739
788 784 0.000488 0.047035 0.385376 0.770752
789 785 0.001092 0.045857 0.369629 0.739258
790 786 0.000977 0.061155 0.344666 0.689331
791 787 0.000846 0.052836 0.315796 0.631592
792 788 0.001381 0.033792 0.291138 0.582275
793 789 0.001092 0.020687 0.263000 0.526001
794 790 0.000488 0.013876 0.242432 0.484863
795 791 0.000977 0.012173 0.231384 0.462769
796 792 0.000977 0.009452 0.220947 0.441895
797 793 0.000000 0.010495 0.214111 0.428223
798 794 0.000691 0.010138 0.203491 0.406982
799 795 0.000691 0.016224 0.190186 0.380371
800 796 0.000691 0.011237 0.175293 0.350586
