10 6 0.000691 0.052687 5.333654 10.667308
11 7 0.000488 0.047637 5.341915 10.683830
12 8 0.000846 0.048937 5.361502 10.723003
13 9 0.000000 0.054290 5.378490 10.756981
14 10 0.001092 0.033320 5.393188 10.786377
15 11 0.000488 0.026257 5.406754 10.813509
16 12 0.000488 0.027903 5.411160 10.822321
17 13 0.000977 0.046273 5.424271 10.848541
18 14 0.001465 0.051619 5.438269 10.876537
19 15 0.001465 0.033430 5.462912 10.925823
20 16 0.000691 0.023612 5.479895 10.959789
21 17 0.001891 0.023349 5.489721 10.979443
22 18 0.000977 0.024772 5.498730 10.997459
23 19 0.001827 0.035077 5.501945 11.003891
24 20 0.000488 0.025805 5.515905 11.031811
25 21 0.000000 0.025958 5.524038 11.048077
26 22 0.001196 0.014935 5.541819 11.083637
27 23 0.000691 0.024894 5.559261 11.118523
28 24 0.000691 0.020055 5.571781 11.143562
29 25 0.001292 0.026204 5.584900 11.169800
30 26 0.001619 0.043467 5.594479 11.188957
31 27 0.000691 0.031021 5.603954 11.207909
32 28 0.000000 0.026790 5.613499 11.226997
33 29 0.000691 0.028071 5.627460 11.254921
34 30 0.000691 0.020885 5.637733 11.275467
35 31 0.000000 0.040235 5.646786 11.293571
36 32 0.000488 0.030225 5.661785 11.323570
37 33 0.000488 0.043435 5.674660 11.349319
38 34 0.000488 0.042666 5.687717 11.375435
39 35 0.000691 0.040114 5.700752 11.401505
40 36 0.000000 0.042350 5.705624 11.411247
41 37 0.000977 0.038648 5.715015 11.430031
42 38 0.001196 0.043480 5.717781 11.435562
43 39 0.000488 0.042236 5.717068 11.434135
44 40 0.000691 0.061146 5.719090 11.438179
45 41 0.000691 0.048496 5.711903 11.423805
46 42 0.000488 0.053920 5.707073 11.414146
47 43 0.000488 0.055872 5.698845 11.397690
48 44 0.000846 0.050818 5.686871 11.373741
49 45 0.000000 0.042595 5.675816 11.351631
50 46 0.000000 0.044171 5.664680 11.329361
51 47 0.001381 0.050817 5.658905 11.317810
52 48 0.000691 0.048839 5.651161 11.302322
53 49 0.000488 0.073058 5.637505 11.275009
54 50 0.000488 0.046857 5.627121 11.254242
55 51 0.000488 0.039410 5.615128 11.230255
56 52 0.001196 0.031430 5.601624 11.203247
57 53 0.000000 0.041475 5.595734 11.191467
58 54 0.000691 0.052052 5.583649 11.167297
59 55 0.000691 0.043526 5.567047 11.134094
60 56 0.000000 0.050014 5.557014 11.114029
61 57 0.000691 0.033729 5.549332 11.098663
62 58 0.000691 0.039577 5.540833 11.081665
63 59 0.000846 0.040453 5.539970 11.079941
64 60 0.000488 0.045880 5.532661 11.065323
65 61 0.000691 0.043799 5.523483 11.046967
66 62 0.000488 0.032360 5.510437 11.020874
67 63 0.000691 0.019124 5.491905 10.983810
68 64 0.000000 0.028811 5.475136 10.950272
69 65 0.000488 0.027597 5.455414 10.910828
70 66 0.000000 0.029580 5.439720 10.879440
71 67 0.000691 0.048074 5.425392 10.850784
72 68 0.000488 0.041963 5.413086 10.826172
73 69 0.000488 0.053716 5.400711 10.801422
74 70 0.000977 0.075215 5.392761 10.785522
75 71 0.000846 0.064646 5.381569 10.763138
76 72 0.000488 0.079335 5.370430 10.740860
77 73 0.000691 0.064809 5.361519 10.723038
78 74 0.000691 0.079554 5.360962 10.721924
79 75 0.000691 0.076451 5.361603 10.723206
80 76 0.000846 0.065860 5.361351 10.722702
81 77 0.000000 0.089397 5.357269 10.714539
82 78 0.000000 0.066459 5.341156 10.682312
83 79 0.000000 0.046811 5.323540 10.647079
84 80 0.000691 0.038326 5.316589 10.633179
85 81 0.000691 0.016364 5.317268 10.634537
86 82 0.000488 0.027692 5.323029 10.646057
87 83 0.000488 0.045840 5.333229 10.666458
88 84 0.000000 0.019359 5.344902 10.689804
89 85 0.000000 0.048927 5.376266 10.752533
90 86 0.000691 0.070780 5.397888 10.795776
91 87 0.000000 0.097800 5.423561 10.847122
92 88 0.000000 0.102623 5.434052 10.868103
93 89 0.000000 0.092352 5.425636 10.851273
94 90 0.000488 0.090863 5.426979 10.853958
95 91 0.000691 0.113073 5.425179 10.850357
96 92 0.000691 0.076572 5.420296 10.840591
97 93 0.000846 0.067836 5.418594 10.837189
98 94 0.000691 0.057610 5.413269 10.826538
99 95 0.000691 0.067006 5.409088 10.818176
100 96 0.000000 0.074602 5.406403 10.812805
101 97 0.000000 0.064398 5.404205 10.808411
102 98 0.000000 0.064730 5.402512 10.805023
103 99 0.000691 0.059054 5.399551 10.799103
104 100 0.000691 0.053960 5.402847 10.805695
105 101 0.000691 0.056335 5.398697 10.797394
106 102 0.000977 0.060560 5.396423 10.792847
107 103 0.000977 0.048616 5.389389 10.778778
108 104 0.000488 0.054826 5.393005 10.786011
109 105 0.000846 0.060056 5.394516 10.789032
110 106 0.000488 0.083698 5.391754 10.783508
111 107 0.000977 0.047244 5.391983 10.783966
112 108 0.000691 0.045100 5.384964 10.769928
113 109 0.000691 0.038907 5.382858 10.765717
114 110 0.001381 0.016171 5.386353 10.772705
115 111 0.001196 0.021499 5.392700 10.785400
116 112 0.000977 0.017509 5.395767 10.791534
117 113 0.000000 0.019678 5.395325 10.790649
118 114 0.000691 0.021212 5.397049 10.794098
119 115 0.000846 0.034335 5.396805 10.793610
120 116 0.000977 0.050715 5.398544 10.797089
121 117 0.000000 0.061925 5.403061 10.806122
122 118 0.000000 0.061631 5.410965 10.821930
123 119 0.000000 0.082787 5.422256 10.844513
124 120 0.000000 0.037162 5.431717 10.863434
125 121 0.000977 0.048788 5.440170 10.880341
126 122 0.001292 0.063230 5.446335 10.892670
127 123 0.001544 0.079955 5.454224 10.908447
128 124 0.000000 0.094276 5.470352 10.940704
129 125 0.000691 0.108531 5.490280 10.980560
130 126 0.000691 0.095264 5.502304 11.004608
131 127 0.000488 0.078365 5.508774 11.017548
132 128 0.000977 0.081208 5.513641 11.027283
133 129 0.000977 0.067734 5.513397 11.026794
134 130 0.001761 0.069236 5.525314 11.050629
135 131 0.000488 0.058241 5.544006 11.088013
136 132 0.000977 0.062241 5.558258 11.116516
137 133 0.000488 0.058751 5.578369 11.156738
138 134 0.000000 0.048843 5.591522 11.183044
139 135 0.000488 0.060700 5.601959 11.203918
140 136 0.000000 0.089864 5.614563 11.229126
141 137 0.000488 0.119512 5.623718 11.247437
142 138 0.000488 0.090374 5.640701 11.281403
143 139 0.000000 0.084199 5.655746 11.311493
144 140 0.000000 0.077463 5.669724 11.339447
145 141 0.000000 0.082624 5.681534 11.363068
146 142 0.000977 0.100825 5.686874 11.373749
147 143 0.001827 0.105645 5.700912 11.401825
148 144 0.000691 0.079207 5.716797 11.433594
149 145 0.000000 0.058340 5.734070 11.468140
150 146 0.000691 0.041088 5.748032 11.496063
151 147 0.000977 0.017544 5.762283 11.524567
152 148 0.000977 0.023381 5.773895 11.547791
153 149 0.001092 0.033967 5.791473 11.582947
154 150 0.000977 0.029811 5.815491 11.630981
155 151 0.000691 0.023975 5.828156 11.656311
156 152 0.000691 0.048139 5.847748 11.695496
157 153 0.000488 0.035557 5.864807 11.729614
158 154 0.000000 0.025481 5.878052 11.756104
159 155 0.000977 0.028328 5.897995 11.795990
160 156 0.000000 0.027798 5.906296 11.812592
161 157 0.000000 0.026147 5.920227 11.840454
162 158 0.000000 0.025751 5.929245 11.858490
163 159 0.000691 0.029556 5.938293 11.876587
164 160 0.000488 0.025650 5.951065 11.902130
165 161 0.000846 0.034360 5.956009 11.912018
166 162 0.000691 0.032018 5.962784 11.925568
167 163 0.000846 0.045772 5.967499 11.934998
168 164 0.000000 0.045096 5.973999 11.947998
169 165 0.000691 0.041727 5.978546 11.957092
170 166 0.000488 0.051717 5.988953 11.977905
171 167 0.000488 0.049022 6.000443 12.000885
172 168 0.000691 0.032881 6.009171 12.018341
173 169 0.000691 0.044004 6.023941 12.047882
174 170 0.000691 0.046511 6.033585 12.067169
175 171 0.001196 0.042745 6.044037 12.088074
176 172 0.001619 0.039089 6.053391 12.106781
177 173 0.000691 0.031247 6.063995 12.127991
178 174 0.001196 0.018041 6.077652 12.155304
179 175 0.000000 0.028816 6.081955 12.163910
180 176 0.001196 0.035817 6.095413 12.190826
181 177 0.000488 0.038387 6.101959 12.203918
182 178 0.001196 0.051746 6.110199 12.220398
183 179 0.000977 0.046337 6.121140 12.242279
184 180 0.001196 0.052416 6.127396 12.254791
185 181 0.000846 0.048117 6.137955 12.275909
186 182 0.000691 0.041078 6.144196 12.288391
187 183 0.000000 0.051976 6.147614 12.295227
188 184 0.000846 0.050979 6.151001 12.302002
189 185 0.000000 0.047210 6.151031 12.302063
190 186 0.001544 0.047997 6.157928 12.315857
191 187 0.000691 0.070746 6.164276 12.328552
192 188 0.001465 0.079792 6.166199 12.332397
193 189 0.000000 0.077283 6.167664 12.335327
194 190 0.001544 0.079190 6.163361 12.326721
195 191 0.000488 0.077788 6.168945 12.337891
196 192 0.000000 0.067366 6.171661 12.343323
197 193 0.000691 0.082314 6.178894 12.357788
198 194 0.000977 0.089863 6.179260 12.358521
199 195 0.000000 0.090483 6.182983 12.365967
200 196 0.000691 0.088157 6.191437 12.382874
201 197 0.000691 0.083027 6.198792 12.397583
202 198 0.000691 0.073295 6.207611 12.415222
203 199 0.001381 0.067402 6.202240 12.404480
204 200 0.000691 0.077751 6.206085 12.412170
205 201 0.000846 0.066460 6.205780 12.411560
206 202 0.000846 0.066615 6.211823 12.423645
207 203 0.001465 0.043833 6.225769 12.451538
208 204 0.000691 0.036074 6.233612 12.467224
209 205 0.000977 0.029073 6.248993 12.497986
210 206 0.000846 0.029604 6.263977 12.527954
211 207 0.000977 0.032890 6.282898 12.565796
212 208 0.000977 0.033187 6.306854 12.613708
213 209 0.000846 0.042459 6.321991 12.643982
214 210 0.000977 0.042049 6.342163 12.684326
215 211 0.001196 0.049308 6.360748 12.721497
216 212 0.000846 0.046166 6.373444 12.746887
217 213 0.000000 0.048285 6.392120 12.784241
218 214 0.000000 0.054150 6.407745 12.815491
219 215 0.000488 0.049035 6.425659 12.851318
220 216 0.000000 0.056432 6.438141 12.876282
221 217 0.000846 0.060853 6.459045 12.918091
222 218 0.000977 0.059338 6.478668 12.957336
223 219 0.001381 0.067675 6.493256 12.986511
224 220 0.000488 0.062502 6.510010 13.020020
225 221 0.000691 0.053412 6.515930 13.031860
226 222 0.000488 0.066724 6.520386 13.040771
227 223 0.001196 0.066015 6.517395 13.034790
228 224 0.001465 0.076879 6.517578 13.035156
229 225 0.000488 0.060536 6.517334 13.034668
230 226 0.000691 0.053642 6.512360 13.024719
231 227 0.000691 0.053989 6.513062 13.026123
232 228 0.000691 0.051623 6.503021 13.006042
233 229 0.000977 0.055559 6.493439 12.986877
234 230 0.000977 0.048252 6.479919 12.959839
235 231 0.000691 0.058669 6.460724 12.921448
236 232 0.000000 0.055116 6.453674 12.907349
237 233 0.001092 0.077291 6.441345 12.882690
238 234 0.000691 0.043622 6.445618 12.891235
239 235 0.000846 0.040985 6.444611 12.889221
240 236 0.000846 0.045813 6.432617 12.865234
241 237 0.001092 0.024222 6.427612 12.855225
242 238 0.000000 0.044323 6.409821 12.819641
243 239 0.000000 0.052187 6.401337 12.802673
244 240 0.000977 0.044919 6.396484 12.792969
245 241 0.000977 0.054035 6.392365 12.784729
246 242 0.000977 0.057690 6.384338 12.768677
247 243 0.000846 0.055414 6.379395 12.758789
248 244 0.000691 0.050998 6.375885 12.751770
249 245 0.000488 0.053344 6.368103 12.736206
250 246 0.000000 0.046625 6.367798 12.735596
251 247 0.000000 0.042339 6.360168 12.720337
252 248 0.000846 0.047552 6.366852 12.733704
253 249 0.001381 0.055065 6.373322 12.746643
254 250 0.000488 0.051093 6.379364 12.758728
255 251 0.000488 0.062382 6.399719 12.799438
256 252 0.001196 0.041581 6.390717 12.781433
257 253 0.000488 0.070009 6.433868 12.867737
258 254 0.002184 0.081193 6.446564 12.893127
259 255 0.001465 0.058524 6.396759 12.793518
260 256 0.000846 0.064313 6.414154 12.828308
261 257 0.001465 0.028579 6.379333 12.758667
262 258 0.001196 0.051684 6.383484 12.766968
263 259 0.001292 0.037258 6.440704 12.881409
264 260 0.001381 0.046959 6.455139 12.910278
265 261 0.002847 0.064675 6.459991 12.919983
266 262 0.000000 0.045220 6.462494 12.924988
267 263 0.000488 0.052154 6.467224 12.934448
268 264 0.001092 0.067616 6.466736 12.933472
269 265 0.001465 0.062956 6.486206 12.972412
270 266 0.001292 0.112118 6.491516 12.983032
