10 6 0.001241 0.005975 4.768705 9.537411
11 7 0.001250 0.007827 4.768154 9.536308
12 8 0.001331 0.006966 4.768358 9.536716
13 9 0.001098 0.005836 4.769945 9.539890
14 10 0.000480 0.006746 4.769395 9.538790
15 11 0.000339 0.005245 4.770734 9.541468
16 12 0.000000 0.003946 4.774709 9.549417
17 13 0.000145 0.003132 4.775104 9.550207
18 14 0.000000 0.005143 4.778616 9.557232
19 15 0.000144 0.006178 4.779369 9.558739
20 16 0.000000 0.006793 4.778011 9.556023
21 17 0.000102 0.006945 4.778421 9.556843
22 18 0.000144 0.002838 4.780247 9.560493
23 19 0.000323 0.002992 4.784689 9.569378
24 20 0.000144 0.004162 4.785946 9.571892
25 21 0.000144 0.002261 4.783237 9.566475
26 22 0.000102 0.002265 4.786659 9.573318
27 23 0.000270 0.003214 4.792171 9.584343
28 24 0.000228 0.002718 4.785194 9.570389
29 25 0.000102 0.003747 4.788702 9.577404
30 26 0.000000 0.006109 4.786890 9.573780
31 27 0.000102 0.006895 4.779690 9.559380
32 28 0.000000 0.004472 4.789040 9.578079
33 29 0.000000 0.004159 4.793087 9.586174
34 30 0.000144 0.003817 4.792339 9.584679
35 31 0.000144 0.005940 4.791897 9.583794
36 32 0.000250 0.007222 4.791485 9.582970
37 33 0.000102 0.006679 4.792641 9.585281
38 34 0.000102 0.006787 4.795559 9.591118
39 35 0.000176 0.004831 4.799553 9.599106
40 36 0.000144 0.003320 4.807404 9.614807
41 37 0.000203 0.006199 4.810337 9.620674
42 38 0.000144 0.006274 4.808949 9.617897
43 39 0.000203 0.005554 4.809341 9.618683
44 40 0.000305 0.007341 4.805164 9.610329
45 41 0.000144 0.004575 4.807480 9.614960
46 42 0.000143 0.005111 4.812553 9.625107
47 43 0.000143 0.006358 4.816586 9.633171
48 44 0.000101 0.005069 4.822918 9.645836
49 45 0.000143 0.005654 4.822468 9.644936
50 46 0.000143 0.004396 4.824596 9.649193
51 47 0.000101 0.005621 4.823166 9.646332
52 48 0.000101 0.004132 4.819241 9.638481
53 49 0.000101 0.004063 4.816242 9.632484
54 50 0.000144 0.004147 4.810352 9.620705
55 51 0.000144 0.004581 4.809669 9.619339
56 52 0.000144 0.004866 4.803356 9.606712
57 53 0.000204 0.005526 4.795055 9.590111
58 54 0.000102 0.003811 4.789299 9.578598
59 55 0.000354 0.004996 4.777420 9.554840
60 56 0.000145 0.004723 4.770103 9.540207
61 57 0.000145 0.003407 4.762810 9.525620
62 58 0.000000 0.005706 4.753807 9.507614
63 59 0.000309 0.006394 4.740814 9.481628
64 60 0.000146 0.005084 4.725975 9.451950
65 61 0.000207 0.005503 4.715126 9.430252
66 62 0.000104 0.004437 4.707993 9.415985
67 63 0.000388 0.007714 4.703667 9.407333
68 64 0.000180 0.007630 4.694481 9.388962
69 65 0.000276 0.007449 4.683548 9.367096
70 66 0.000105 0.006602 4.664223 9.328445
71 67 0.000149 0.006896 4.650024 9.300049
72 68 0.000000 0.005124 4.643684 9.287369
73 69 0.000211 0.007953 4.633507 9.267014
74 70 0.000106 0.003433 4.627579 9.255157
75 71 0.000150 0.002919 4.617989 9.235977
76 72 0.000183 0.005068 4.608986 9.217972
77 73 0.000150 0.003577 4.608452 9.216904
78 74 0.000183 0.006103 4.610985 9.221970
79 75 0.000000 0.008539 4.617775 9.235550
80 76 0.000000 0.006952 4.623703 9.247406
81 77 0.000183 0.007440 4.623825 9.247650
82 78 0.000149 0.008968 4.627464 9.254929
83 79 0.000105 0.007882 4.631203 9.262405
84 80 0.000149 0.009864 4.643707 9.287415
85 81 0.000148 0.011104 4.665802 9.331604
86 82 0.000147 0.008587 4.688774 9.377548
87 83 0.000000 0.011339 4.713921 9.427841
88 84 0.000000 0.009218 4.737534 9.475067
89 85 0.000103 0.009034 4.760635 9.521271
90 86 0.000177 0.010420 4.778885 9.557770
91 87 0.000000 0.011286 4.798798 9.597595
92 88 0.000000 0.009372 4.813568 9.627136
93 89 0.000000 0.009804 4.828079 9.656158
94 90 0.000000 0.008444 4.843842 9.687683
95 91 0.000000 0.008988 4.855026 9.710052
96 92 0.000000 0.008238 4.866554 9.733109
97 93 0.000000 0.007965 4.873322 9.746643
98 94 0.000000 0.009692 4.880463 9.760925
99 95 0.000000 0.009795 4.889458 9.778915
100 96 0.000100 0.010670 4.898903 9.797806
101 97 0.000199 0.009081 4.910133 9.820267
102 98 0.000099 0.012272 4.916855 9.833710
103 99 0.000099 0.011516 4.932343 9.864685
104 100 0.000140 0.009483 4.944527 9.889053
105 101 0.000139 0.012815 4.954201 9.908401
106 102 0.000000 0.006942 4.970383 9.940765
107 103 0.000219 0.006658 4.979248 9.958496
108 104 0.000138 0.005841 4.988327 9.976654
109 105 0.000138 0.007373 4.997177 9.994354
110 106 0.000138 0.007282 5.006416 10.012833
111 107 0.000138 0.008291 5.014183 10.028366
112 108 0.000168 0.008796 5.026840 10.053680
113 109 0.000137 0.005691 5.040009 10.080017
114 110 0.000168 0.005720 5.047760 10.095520
115 111 0.000137 0.005035 5.056732 10.113464
116 112 0.000000 0.006420 5.061630 10.123260
117 113 0.000255 0.009347 5.072098 10.144196
118 114 0.000192 0.008986 5.084290 10.168579
119 115 0.000096 0.010498 5.091705 10.183411
120 116 0.000235 0.010911 5.097229 10.194458
121 117 0.000096 0.005821 5.094498 10.188995
122 118 0.000192 0.006815 5.089020 10.178040
123 119 0.000136 0.004377 5.081955 10.163910
124 120 0.000167 0.005901 5.075195 10.150391
125 121 0.000136 0.007277 5.069733 10.139465
126 122 0.000000 0.007038 5.063904 10.127808
127 123 0.000136 0.007793 5.065582 10.131165
128 124 0.000000 0.005363 5.063293 10.126587
129 125 0.000000 0.004129 5.062881 10.125763
130 126 0.000096 0.003693 5.062561 10.125122
131 127 0.000137 0.007293 5.054779 10.109558
132 128 0.000097 0.007497 5.055634 10.111267
133 129 0.000097 0.011164 5.052155 10.104309
134 130 0.000000 0.013242 5.049011 10.098022
135 131 0.000137 0.007673 5.050278 10.100555
136 132 0.000216 0.006358 5.050095 10.100189
137 133 0.000000 0.006010 5.050293 10.100586
138 134 0.000000 0.006979 5.052414 10.104828
139 135 0.000000 0.008613 5.052628 10.105255
140 136 0.000137 0.009925 5.053528 10.107056
141 137 0.000097 0.007631 5.055298 10.110596
142 138 0.000136 0.007022 5.058929 10.117859
143 139 0.000000 0.008446 5.060379 10.120758
144 140 0.000097 0.006063 5.059509 10.119019
145 141 0.000137 0.008707 5.056946 10.113892
146 142 0.000167 0.010028 5.058411 10.116821
147 143 0.000137 0.011088 5.057587 10.115173
148 144 0.000137 0.010888 5.053696 10.107391
149 145 0.000000 0.010090 5.054474 10.108948
150 146 0.000168 0.006299 5.048538 10.097076
151 147 0.000097 0.007635 5.050232 10.100464
152 148 0.000137 0.005576 5.046753 10.093506
153 149 0.000137 0.006115 5.034943 10.069885
154 150 0.000097 0.006049 5.022675 10.045349
155 151 0.000218 0.007207 5.004745 10.009491
156 152 0.000000 0.007324 4.994919 9.989838
157 153 0.000138 0.006182 4.990448 9.980896
158 154 0.000139 0.007261 4.980087 9.960175
159 155 0.000220 0.008003 4.967300 9.934601
160 156 0.000139 0.008657 4.951248 9.902496
161 157 0.000099 0.009105 4.932556 9.865112
162 158 0.000172 0.009213 4.914200 9.828400
163 159 0.000100 0.009710 4.897461 9.794922
164 160 0.000000 0.009974 4.879333 9.758667
165 161 0.000142 0.009798 4.860336 9.720673
166 162 0.000143 0.011666 4.841080 9.682159
167 163 0.000101 0.009901 4.818604 9.637207
168 164 0.000102 0.010388 4.793518 9.587036
169 165 0.000000 0.011740 4.764481 9.528961
170 166 0.000206 0.010534 4.733322 9.466644
171 167 0.000104 0.011730 4.695374 9.390747
172 168 0.000148 0.011853 4.650284 9.300568
173 169 0.000150 0.010967 4.601074 9.202148
174 170 0.000152 0.009412 4.542542 9.085083
175 171 0.000154 0.009488 4.482651 8.965302
176 172 0.000247 0.008906 4.424088 8.848175
177 173 0.000158 0.006764 4.364914 8.729828
178 174 0.000000 0.007689 4.312363 8.624725
179 175 0.000162 0.005821 4.258987 8.517975
180 176 0.000116 0.006219 4.211990 8.423981
181 177 0.000000 0.010034 4.163910 8.327820
182 178 0.000119 0.006442 4.108383 8.216766
183 179 0.000000 0.007361 4.048477 8.096954
184 180 0.000000 0.010099 3.977615 7.955231
185 181 0.000177 0.007694 3.896942 7.793884
186 182 0.000000 0.012250 3.813690 7.627380
187 183 0.000131 0.013549 3.726761 7.453522
188 184 0.000190 0.012518 3.634872 7.269745
189 185 0.000195 0.014055 3.546860 7.093719
190 186 0.000000 0.012829 3.456650 6.913300
191 187 0.000289 0.012151 3.373398 6.746796
192 188 0.000297 0.012945 3.293198 6.586395
193 189 0.000000 0.010511 3.217224 6.434448
194 190 0.000155 0.011605 3.145096 6.290192
195 191 0.000159 0.010010 3.073227 6.146454
196 192 0.000162 0.008335 3.010010 6.020020
197 193 0.000165 0.009117 2.960220 5.920441
198 194 0.000373 0.009205 2.925186 5.850372
199 195 0.000168 0.010670 2.905685 5.811371
200 196 0.000169 0.010837 2.892578 5.785156
201 197 0.000170 0.009584 2.878876 5.757751
202 198 0.000170 0.012626 2.866592 5.733185
203 199 0.000000 0.009259 2.851028 5.702057
204 200 0.000000 0.010421 2.836319 5.672638
205 201 0.000000 0.011651 2.821945 5.643890
206 202 0.000000 0.008240 2.807266 5.614532
207 203 0.000000 0.008818 2.792953 5.585907
208 204 0.000249 0.007993 2.777588 5.555176
209 205 0.000306 0.009543 2.765167 5.530334
210 206 0.000250 0.008012 2.757446 5.514893
211 207 0.000250 0.008763 2.758453 5.516907
212 208 0.000250 0.008191 2.766647 5.533295
213 209 0.000248 0.007397 2.781509 5.563019
214 210 0.000175 0.007032 2.795959 5.591919
215 211 0.000000 0.007068 2.806900 5.613800
216 212 0.000245 0.006631 2.818741 5.637482
217 213 0.000299 0.006180 2.831070 5.662140
218 214 0.000297 0.004117 2.849777 5.699554
219 215 0.000537 0.003422 2.873245 5.746490
220 216 0.000337 0.004426 2.898849 5.797699
221 217 0.000334 0.005662 2.926102 5.852203
222 218 0.000234 0.005985 2.950287 5.900574
223 219 0.000232 0.006766 2.975250 5.950500
224 220 0.000163 0.005521 3.002457 6.004913
225 221 0.000279 0.005157 3.034668 6.069336
226 222 0.000318 0.004948 3.072632 6.145264
227 223 0.000222 0.005104 3.106903 6.213806
228 224 0.000311 0.004191 3.140747 6.281494
229 225 0.000488 0.002957 3.161377 6.322754
230 226 0.000307 0.003497 3.183731 6.367462
231 227 0.000304 0.006903 3.214462 6.428925
232 228 0.000213 0.007912 3.248260 6.496521
233 229 0.000257 0.006462 3.288864 6.577728
234 230 0.000255 0.010380 3.319641 6.639282
235 231 0.000207 0.005596 3.341217 6.682434
236 232 0.000000 0.009800 3.347473 6.694946
237 233 0.000483 0.017278 3.349640 6.699280
238 234 0.000583 0.011596 3.352142 6.704285
239 235 0.000356 0.012993 3.356018 6.712036
240 236 0.000325 0.013505 3.363983 6.727966
241 237 0.000145 0.010026 3.366821 6.733643
242 238 0.000205 0.011129 3.371399 6.742798
243 239 0.000205 0.012073 3.372589 6.745178
244 240 0.000000 0.008656 3.377258 6.754517
245 241 0.000408 0.009371 3.385986 6.771973
246 242 0.000000 0.008951 3.390442 6.780884
247 243 0.000321 0.009413 3.399750 6.799500
248 244 0.000379 0.012079 3.406281 6.812561
249 245 0.000000 0.009158 3.413483 6.826965
250 246 0.000202 0.008487 3.420319 6.840637
251 247 0.000000 0.005614 3.419830 6.839661
252 248 0.000285 0.004829 3.422607 6.845215
253 249 0.000202 0.006023 3.419647 6.839294
254 250 0.000143 0.004788 3.416046 6.832092
255 251 0.000202 0.002963 3.412933 6.825867
256 252 0.000248 0.005084 3.404907 6.809814
257 253 0.000352 0.003636 3.397278 6.794556
258 254 0.000204 0.005637 3.384644 6.769287
259 255 0.000145 0.008585 3.368103 6.736206
260 256 0.000146 0.004360 3.340607 6.681213
261 257 0.000209 0.008411 3.308350 6.616699
262 258 0.000000 0.007579 3.269714 6.539429
263 259 0.000152 0.005923 3.220367 6.440735
264 260 0.000000 0.007224 3.166504 6.333008
265 261 0.000000 0.002438 3.102814 6.205627
266 262 0.000161 0.000512 3.032898 6.065796
267 263 0.000165 0.002522 2.956726 5.913452
268 264 0.000170 0.002283 2.878601 5.757202
269 265 0.000247 0.003426 2.796417 5.592834
270 266 0.000000 0.004867 2.716736 5.433472
271 267 0.000184 0.003643 2.647186 5.294373
272 268 0.000327 0.001177 2.587555 5.175110
273 269 0.000431 0.001191 2.532867 5.065735
274 270 0.000439 0.006273 2.487579 4.975159
275 271 0.000532 0.001707 2.430328 4.860657
276 272 0.000410 0.005303 2.380890 4.761780
277 273 0.000512 0.011062 2.336731 4.673462
278 274 0.000712 0.008319 2.275970 4.551941
279 275 0.000653 0.014712 2.243317 4.486633
280 276 0.000887 0.016935 2.201019 4.402039
281 277 0.000646 0.012806 2.139343 4.278687
282 278 0.000925 0.017604 2.111725 4.223450
283 279 0.000755 0.022352 2.045959 4.091919
284 280 0.000728 0.018611 2.010803 4.021606
285 281 0.000912 0.036885 2.002563 4.005127
286 282 0.000709 0.023411 1.947601 3.895203
287 283 0.000901 0.030077 1.953156 3.906311
288 284 0.000837 0.045207 1.934601 3.869202
289 285 0.000579 0.021549 1.884918 3.769836
290 286 0.000364 0.042788 1.899231 3.798462
291 287 0.000646 0.033313 1.850616 3.701233
292 288 0.000651 0.034725 1.837585 3.675171
293 289 0.000914 0.050037 1.851379 3.702759
294 290 0.000606 0.031005 1.802246 3.604492
295 291 0.000381 0.046216 1.811584 3.623169
296 292 0.000988 0.047282 1.781952 3.563904
297 293 0.001055 0.037800 1.731812 3.463623
298 294 0.002017 0.051101 1.728455 3.456909
299 295 0.002434 0.066954 1.690033 3.380066
300 296 0.001493 0.044753 1.667542 3.335083
301 297 0.001164 0.048490 1.677246 3.354492
302 298 0.001087 0.043326 1.681396 3.362793
303 299 0.001427 0.045251 1.710724 3.421448
304 300 0.002211 0.038020 1.739136 3.478271
305 301 0.002135 0.044029 1.785889 3.571777
306 302 0.001310 0.045056 1.826111 3.652222
307 303 0.001101 0.041482 1.882233 3.764465
308 304 0.001015 0.037864 1.923950 3.847900
309 305 0.001172 0.032781 1.953644 3.907288
310 306 0.001637 0.038962 2.022552 4.045105
311 307 0.000824 0.011464 2.053619 4.107239
312 308 0.001209 0.061973 2.136444 4.272888
313 309 0.001273 0.046748 2.203583 4.407166
314 310 0.001574 0.037526 2.258057 4.516113
315 311 0.001431 0.035533 2.364532 4.729065
316 312 0.000899 0.024683 2.428284 4.856567
317 313 0.000879 0.034140 2.546326 5.092651
318 314 0.000786 0.035022 2.636200 5.272400
319 315 0.000947 0.044797 2.728912 5.457825
320 316 0.001212 0.016717 2.819366 5.638733
321 317 0.000793 0.009169 2.886322 5.772644
322 318 0.000399 0.024478 3.000488 6.000977
323 319 0.000744 0.004741 3.077026 6.154053
324 320 0.000764 0.012515 3.197327 6.394653
325 321 0.000629 0.019250 3.294556 6.589111
326 322 0.000593 0.010931 3.392212 6.784424
327 323 0.000626 0.013790 3.485992 6.971985
328 324 0.000658 0.019027 3.561127 7.122253
329 325 0.000497 0.019902 3.678131 7.356262
330 326 0.000610 0.018512 3.752380 7.504761
331 327 0.000358 0.016560 3.858368 7.716736
332 328 0.000214 0.012296 3.949280 7.898560
333 329 0.000121 0.010128 4.026550 8.053101
334 330 0.000205 0.012892 4.134369 8.268738
335 331 0.000347 0.011978 4.222229 8.444458
336 332 0.000226 0.011619 4.330139 8.660278
337 333 0.000349 0.013092 4.425446 8.850891
338 334 0.000187 0.007270 4.516022 9.032043
339 335 0.000260 0.008515 4.604736 9.209473
340 336 0.000295 0.004205 4.677765 9.355530
341 337 0.000145 0.004427 4.751160 9.502319
342 338 0.000143 0.010653 4.813538 9.627075
343 339 0.000173 0.008302 4.884003 9.768005
344 340 0.000139 0.012001 4.953278 9.906555
345 341 0.000097 0.015452 5.023804 10.047607
346 342 0.000192 0.012757 5.091797 10.183594
347 343 0.000095 0.017744 5.151794 10.303589
348 344 0.000132 0.012629 5.213928 10.427856
349 345 0.000000 0.011041 5.265778 10.531555
350 346 0.000206 0.010311 5.303619 10.607239
351 347 0.000130 0.012242 5.327301 10.654602
352 348 0.000000 0.012997 5.331787 10.663574
353 349 0.000129 0.015306 5.340271 10.680542
354 350 0.000183 0.017582 5.345978 10.691956
355 351 0.000091 0.012848 5.354858 10.709717
356 352 0.000182 0.014025 5.372803 10.745605
357 353 0.000222 0.012111 5.380615 10.761230
358 354 0.000000 0.009367 5.392395 10.784790
359 355 0.000128 0.007594 5.400604 10.801208
360 356 0.000090 0.008621 5.410645 10.821289
361 357 0.000156 0.007226 5.412689 10.825378
362 358 0.000127 0.008243 5.419373 10.838745
363 359 0.000000 0.009274 5.436798 10.873596
364 360 0.000155 0.006069 5.448090 10.896179
365 361 0.000126 0.006794 5.470398 10.940796
366 362 0.000089 0.006783 5.485291 10.970581
367 363 0.000178 0.005061 5.501404 11.002808
368 364 0.000153 0.005891 5.513763 11.027527
369 365 0.000177 0.005267 5.524078 11.048157
370 366 0.000197 0.006049 5.540039 11.080078
371 367 0.000124 0.009741 5.548981 11.097961
372 368 0.000000 0.008668 5.566772 11.133545
373 369 0.000000 0.007323 5.583099 11.166199
374 370 0.000175 0.007676 5.594788 11.189575
375 371 0.000087 0.006188 5.605804 11.211609
376 372 0.000123 0.007440 5.611908 11.223816
377 373 0.000213 0.008526 5.623505 11.247009
378 374 0.000087 0.006450 5.639343 11.278687
379 375 0.000150 0.006279 5.655731 11.311462
380 376 0.000172 0.008981 5.674530 11.349060
381 377 0.000227 0.008830 5.686584 11.373169
382 378 0.000210 0.009210 5.699707 11.399414
383 379 0.000121 0.009735 5.707947 11.415894
384 380 0.000121 0.007000 5.721466 11.442932
385 381 0.000120 0.005751 5.736389 11.472778
386 382 0.000085 0.005296 5.748291 11.496582
387 383 0.000147 0.004033 5.760834 11.521667
388 384 0.000147 0.001686 5.771088 11.542175
389 385 0.000084 0.003655 5.783386 11.566772
390 386 0.000000 0.002794 5.795532 11.591064
391 387 0.000000 0.005206 5.815338 11.630676
392 388 0.000167 0.005716 5.831879 11.663757
393 389 0.000205 0.005631 5.843597 11.687195
394 390 0.000144 0.006068 5.853271 11.706543
395 391 0.000118 0.004338 5.851990 11.703979
396 392 0.000167 0.007280 5.857208 11.714417
397 393 0.000083 0.004601 5.858276 11.716553
398 394 0.000118 0.005150 5.855835 11.711670
399 395 0.000250 0.005226 5.856293 11.712585
400 396 0.000000 0.002856 5.843079 11.686157
401 397 0.000118 0.002842 5.834839 11.669678
402 398 0.000119 0.004333 5.826324 11.652649
403 399 0.000188 0.005241 5.814972 11.629944
404 400 0.000146 0.007199 5.807648 11.615295
405 401 0.000146 0.008586 5.793457 11.586914
406 402 0.000119 0.005768 5.784760 11.569519
407 403 0.000000 0.004481 5.775940 11.551880
408 404 0.000169 0.005471 5.764679 11.529358
409 405 0.000120 0.005571 5.753296 11.506592
410 406 0.000209 0.005986 5.734985 11.469971
411 407 0.000121 0.009696 5.719757 11.439514
412 408 0.000086 0.010458 5.696014 11.392029
413 409 0.000086 0.011004 5.673096 11.346191
414 410 0.000212 0.012111 5.639496 11.278992
415 411 0.000000 0.011359 5.596222 11.192444
416 412 0.000176 0.010625 5.547180 11.094360
417 413 0.000089 0.010694 5.484344 10.968689
418 414 0.000000 0.011194 5.412964 10.825928
419 415 0.000259 0.006704 5.336517 10.673035
420 416 0.000228 0.007566 5.255096 10.510193
421 417 0.000189 0.006241 5.170166 10.340332
422 418 0.000000 0.007661 5.081665 10.163330
423 419 0.000000 0.009911 4.986847 9.973694
424 420 0.000141 0.010609 4.887848 9.775696
425 421 0.000102 0.010986 4.788208 9.576416
426 422 0.000000 0.015499 4.689087 9.378174
427 423 0.000150 0.013957 4.588531 9.177063
428 424 0.000154 0.013363 4.485931 8.971863
429 425 0.000000 0.011505 4.377167 8.754333
430 426 0.000162 0.009111 4.273285 8.546570
431 427 0.000117 0.008616 4.164520 8.329041
432 428 0.000170 0.009641 4.059296 8.118591
433 429 0.000123 0.009118 3.956665 7.913330
434 430 0.000000 0.009604 3.849731 7.699463
435 431 0.000000 0.008631 3.749298 7.498596
436 432 0.000000 0.006572 3.651215 7.302429
437 433 0.000000 0.008150 3.564453 7.128906
438 434 0.000140 0.008356 3.487152 6.974304
439 435 0.000202 0.007473 3.418304 6.836609
440 436 0.000000 0.009097 3.358826 6.717651
441 437 0.000209 0.009171 3.297791 6.595581
442 438 0.000151 0.014574 3.235199 6.470398
443 439 0.000218 0.007217 3.171204 6.342407
444 440 0.000157 0.008856 3.111786 6.223572
445 441 0.000000 0.008689 3.061127 6.122253
446 442 0.000162 0.007409 3.021301 6.042603
447 443 0.000231 0.011579 2.987579 5.975159
448 444 0.000000 0.011711 2.949646 5.899292
449 445 0.000168 0.014707 2.913208 5.826416
450 446 0.000170 0.016757 2.878815 5.757629
451 447 0.000000 0.016744 2.849182 5.698364
452 448 0.000173 0.016580 2.828613 5.657227
453 449 0.000000 0.016935 2.813538 5.627075
454 450 0.000000 0.013324 2.802277 5.604553
455 451 0.000350 0.016156 2.793823 5.587646
456 452 0.000175 0.012032 2.788269 5.576538
457 453 0.000249 0.011867 2.777374 5.554749
458 454 0.000250 0.013568 2.760376 5.520752
459 455 0.000435 0.011036 2.746887 5.493774
460 456 0.000252 0.016253 2.736481 5.472961
461 457 0.000252 0.013615 2.745483 5.490967
462 458 0.000176 0.012536 2.773682 5.547363
463 459 0.000694 0.011936 2.813965 5.627930
464 460 0.000296 0.010618 2.861176 5.722351
465 461 0.000336 0.015150 2.905090 5.810181
466 462 0.000166 0.008242 2.948456 5.896912
467 463 0.000327 0.007676 2.988983 5.977966
468 464 0.000227 0.004895 3.039490 6.078979
469 465 0.000273 0.004216 3.100006 6.200012
470 466 0.000267 0.006105 3.167053 6.334106
471 467 0.000000 0.006649 3.239166 6.478333
472 468 0.000295 0.008345 3.304993 6.609985
473 469 0.000000 0.010288 3.370117 6.740234
474 470 0.000201 0.009537 3.433563 6.867126
475 471 0.000242 0.008381 3.497955 6.995911
476 472 0.000193 0.005799 3.570160 7.140320
477 473 0.000134 0.006310 3.640472 7.280945
478 474 0.000000 0.006699 3.715729 7.431458
479 475 0.000182 0.007973 3.787140 7.574280
480 476 0.000220 0.007066 3.852783 7.705566
481 477 0.000125 0.005161 3.918640 7.837280
482 478 0.000123 0.004403 3.983215 7.966431
483 479 0.000120 0.006564 4.053650 8.107300
484 480 0.000118 0.005691 4.125122 8.250244
485 481 0.000233 0.007505 4.194275 8.388550
486 482 0.000229 0.006209 4.262573 8.525146
487 483 0.000319 0.004387 4.326538 8.653076
488 484 0.000272 0.004373 4.401428 8.802856
489 485 0.000218 0.004878 4.482422 8.964844
490 486 0.000239 0.007364 4.558960 9.117920
491 487 0.000000 0.007780 4.628143 9.256287
492 488 0.000104 0.006791 4.690063 9.380127
493 489 0.000103 0.007326 4.749176 9.498352
494 490 0.000144 0.007514 4.808441 9.616882
495 491 0.000000 0.005489 4.875061 9.750122
496 492 0.000140 0.007314 4.938232 9.876465
497 493 0.000218 0.006854 5.003296 10.006592
498 494 0.000305 0.002770 5.063416 10.126831
499 495 0.000213 0.006951 5.126831 10.253662
500 496 0.000339 0.004611 5.186340 10.372681
501 497 0.000093 0.008099 5.231018 10.462036
502 498 0.000306 0.010330 5.290283 10.580566
503 499 0.000204 0.007960 5.358704 10.717407
504 500 0.000156 0.010758 5.428162 10.856323
505 501 0.000251 0.005832 5.502441 11.004883
506 502 0.000215 0.004043 5.561096 11.122192
507 503 0.000123 0.004002 5.615417 11.230835
508 504 0.000211 0.003542 5.671936 11.343872
509 505 0.000148 0.004150 5.732178 11.464355
510 506 0.000119 0.003450 5.798767 11.597534
511 507 0.000084 0.005799 5.844910 11.689819
512 508 0.000117 0.003284 5.877808 11.755615
513 509 0.000083 0.003193 5.895874 11.791748
514 510 0.000234 0.003389 5.898132 11.796265
515 511 0.000117 0.003202 5.892700 11.785400
516 512 0.000117 0.004458 5.886230 11.772461
517 513 0.000117 0.006172 5.879578 11.759155
518 514 0.000083 0.007709 5.876526 11.753052
519 515 0.000204 0.007457 5.873291 11.746582
520 516 0.000250 0.007121 5.867126 11.734253
521 517 0.000083 0.007053 5.870178 11.740356
522 518 0.000166 0.005037 5.870422 11.740845
523 519 0.000000 0.005144 5.873413 11.746826
524 520 0.000118 0.003735 5.872803 11.745605
525 521 0.000083 0.002781 5.855591 11.711182
526 522 0.000145 0.004123 5.843872 11.687744
527 523 0.000118 0.003751 5.832520 11.665039
528 524 0.000145 0.004260 5.823792 11.647583
529 525 0.000000 0.005315 5.825745 11.651489
530 526 0.000000 0.005426 5.817993 11.635986
531 527 0.000084 0.003683 5.809204 11.618408
532 528 0.000169 0.004848 5.793579 11.587158
533 529 0.000120 0.004076 5.776978 11.553955
534 530 0.000085 0.004612 5.765564 11.531128
535 531 0.000147 0.004897 5.754150 11.508301
536 532 0.000190 0.004657 5.752869 11.505737
537 533 0.000120 0.005586 5.742065 11.484131
538 534 0.000121 0.005790 5.729858 11.459717
539 535 0.000121 0.005703 5.719360 11.438721
540 536 0.000000 0.007012 5.702087 11.404175
541 537 0.000000 0.006134 5.690857 11.381714
542 538 0.000000 0.007020 5.687012 11.374023
543 539 0.000122 0.008467 5.678467 11.356934
544 540 0.000086 0.003051 5.668945 11.337891
545 541 0.000122 0.003566 5.659302 11.318604
546 542 0.000122 0.004393 5.640381 11.280762
547 543 0.000000 0.003086 5.621033 11.242065
548 544 0.000087 0.004199 5.602600 11.205200
549 545 0.000088 0.005427 5.579407 11.158813
550 546 0.000088 0.005916 5.559387 11.118774
551 547 0.000125 0.005422 5.541626 11.083252
552 548 0.000250 0.006028 5.525269 11.050537
553 549 0.000153 0.003293 5.511902 11.023804
554 550 0.000178 0.004645 5.494995 10.989990
555 551 0.000218 0.004511 5.488403 10.976807
556 552 0.000252 0.003042 5.481445 10.962891
557 553 0.000252 0.003909 5.476318 10.952637
558 554 0.000178 0.003462 5.473694 10.947388
559 555 0.000126 0.006682 5.459229 10.918457
560 556 0.000000 0.008407 5.454285 10.908569
561 557 0.000127 0.008261 5.450195 10.900391
562 558 0.000283 0.008109 5.448486 10.896973
563 559 0.000297 0.005913 5.456726 10.913452
564 560 0.000155 0.005630 5.465332 10.930664
565 561 0.000000 0.004602 5.477234 10.954468
566 562 0.000126 0.004424 5.491394 10.982788
567 563 0.000089 0.004071 5.502869 11.005737
568 564 0.000089 0.003130 5.514771 11.029541
569 565 0.000177 0.004868 5.530945 11.061890
570 566 0.000176 0.004215 5.545044 11.090088
571 567 0.000088 0.003892 5.564453 11.128906
572 568 0.000000 0.004009 5.575134 11.150269
573 569 0.000124 0.003811 5.583130 11.166260
574 570 0.000087 0.002614 5.595581 11.191162
575 571 0.000000 0.004859 5.605530 11.211060
576 572 0.000087 0.004107 5.615906 11.231812
577 573 0.000087 0.005376 5.627319 11.254639
578 574 0.000000 0.005508 5.634216 11.268433
579 575 0.000000 0.005292 5.645752 11.291504
580 576 0.000173 0.006287 5.660889 11.321777
581 577 0.000086 0.004061 5.672424 11.344849
582 578 0.000121 0.003847 5.684570 11.369141
583 579 0.000149 0.005270 5.684998 11.369995
584 580 0.000343 0.007037 5.692017 11.384033
585 581 0.000000 0.005370 5.703857 11.407715
586 582 0.000121 0.006734 5.706421 11.412842
587 583 0.000121 0.004660 5.709290 11.418579
588 584 0.000086 0.002852 5.705750 11.411499
589 585 0.000121 0.004687 5.697754 11.395508
590 586 0.000243 0.004750 5.693542 11.387085
591 587 0.000000 0.005901 5.687134 11.374268
592 588 0.000000 0.004880 5.680176 11.360352
593 589 0.000122 0.004547 5.670654 11.341309
594 590 0.000211 0.004054 5.658325 11.316650
595 591 0.000122 0.001935 5.643799 11.287598
596 592 0.000173 0.003039 5.632629 11.265259
597 593 0.000123 0.002349 5.625244 11.250488
598 594 0.000246 0.003891 5.622559 11.245117
599 595 0.000000 0.002746 5.623169 11.246338
600 596 0.000087 0.003867 5.619446 11.238892
601 597 0.000123 0.002694 5.616211 11.232422
602 598 0.000000 0.002507 5.605408 11.210815
603 599 0.000087 0.003119 5.604370 11.208740
604 600 0.000123 0.002975 5.605042 11.210083
605 601 0.000000 0.002380 5.599976 11.199951
606 602 0.000123 0.001610 5.603943 11.207886
607 603 0.000123 0.003432 5.600891 11.201782
608 604 0.000000 0.001440 5.600281 11.200562
609 605 0.000123 0.004366 5.600220 11.200439
610 606 0.000123 0.005327 5.600891 11.201782
611 607 0.000000 0.002309 5.598022 11.196045
612 608 0.000124 0.002065 5.588135 11.176270
613 609 0.000151 0.003242 5.584656 11.169312
614 610 0.000124 0.005297 5.573181 11.146362
615 611 0.000248 0.004084 5.562439 11.124878
616 612 0.000088 0.004451 5.557007 11.114014
617 613 0.000216 0.003724 5.542114 11.084229
618 614 0.000088 0.004462 5.533691 11.067383
619 615 0.000177 0.004636 5.518677 11.037354
620 616 0.000218 0.004772 5.498657 10.997314
621 617 0.000089 0.006118 5.478088 10.956177
622 618 0.000126 0.006020 5.461609 10.923218
623 619 0.000000 0.007879 5.454834 10.909668
624 620 0.000155 0.006960 5.442444 10.884888
625 621 0.000090 0.006275 5.431213 10.862427
626 622 0.000128 0.005023 5.410339 10.820679
627 623 0.000091 0.005935 5.390747 10.781494
628 624 0.000157 0.006579 5.373962 10.747925
629 625 0.000000 0.004399 5.357971 10.715942
630 626 0.000000 0.006082 5.350769 10.701538
631 627 0.000000 0.004609 5.330688 10.661377
632 628 0.000130 0.004546 5.317017 10.634033
633 629 0.000000 0.005611 5.304993 10.609985
634 630 0.000000 0.004543 5.287292 10.574585
635 631 0.000000 0.007331 5.276855 10.553711
636 632 0.000186 0.008060 5.260071 10.520142
637 633 0.000000 0.006237 5.245422 10.490845
638 634 0.000000 0.007717 5.229797 10.459595
639 635 0.000132 0.005796 5.215942 10.431885
640 636 0.000133 0.005405 5.202515 10.405029
641 637 0.000094 0.008029 5.182983 10.365967
642 638 0.000134 0.010415 5.170776 10.341553
643 639 0.000095 0.009728 5.154358 10.308716
644 640 0.000190 0.008127 5.143738 10.287476
645 641 0.000000 0.006868 5.133057 10.266113
646 642 0.000135 0.004248 5.114685 10.229370
647 643 0.000096 0.004423 5.102295 10.204590
648 644 0.000136 0.005398 5.082458 10.164917
649 645 0.000000 0.004603 5.064148 10.128296
650 646 0.000237 0.006568 5.047119 10.094238
651 647 0.000000 0.005121 5.026184 10.052368
652 648 0.000000 0.006390 5.003540 10.007080
653 649 0.000098 0.005979 4.976318 9.952637
654 650 0.000140 0.009703 4.943787 9.887573
655 651 0.000141 0.009151 4.908508 9.817017
656 652 0.000000 0.009578 4.873352 9.746704
657 653 0.000000 0.009610 4.840698 9.681396
658 654 0.000102 0.005190 4.803711 9.607422
659 655 0.000178 0.008045 4.764282 9.528564
660 656 0.000146 0.006636 4.722290 9.444580
661 657 0.000209 0.007444 4.677368 9.354736
662 658 0.000000 0.008257 4.629700 9.259399
663 659 0.000214 0.006159 4.572571 9.145142
664 660 0.000000 0.008003 4.505615 9.011230
665 661 0.000156 0.008360 4.432678 8.865356
666 662 0.000000 0.008673 4.355164 8.710327
667 663 0.000229 0.009095 4.270142 8.540283
668 664 0.000165 0.007237 4.182373 8.364746
669 665 0.000316 0.006214 4.082764 8.165527
670 666 0.000246 0.012102 3.977600 7.955200
671 667 0.000000 0.014515 3.869995 7.739990
672 668 0.000000 0.017755 3.757202 7.514404
673 669 0.000300 0.017633 3.645447 7.290894
674 670 0.000367 0.014392 3.524475 7.048950
675 671 0.000405 0.011751 3.407593 6.815186
676 672 0.000445 0.005791 3.292969 6.585938
677 673 0.000509 0.006674 3.179932 6.359863
678 674 0.000449 0.007135 3.074341 6.148682
679 675 0.000328 0.011638 2.973083 5.946167
680 676 0.000417 0.014556 2.868774 5.737549
681 677 0.000752 0.016361 2.755920 5.511841
682 678 0.000758 0.023263 2.654480 5.308960
683 679 0.000764 0.026616 2.556213 5.112427
684 680 0.000891 0.029524 2.450500 4.901001
685 681 0.000821 0.040498 2.379944 4.759888
686 682 0.000854 0.031430 2.287598 4.575195
687 683 0.000693 0.037830 2.228210 4.456421
688 684 0.000543 0.044612 2.200867 4.401733
689 685 0.000603 0.041000 2.142151 4.284302
690 686 0.000559 0.052122 2.141052 4.282104
691 687 0.001005 0.051801 2.117615 4.235229
692 688 0.000972 0.044486 2.071533 4.143066
693 689 0.000882 0.051070 2.071350 4.142700
694 690 0.001129 0.058935 2.028992 4.057983
695 691 0.001090 0.061317 2.003357 4.006714
696 692 0.001403 0.077958 1.999573 3.999146
697 693 0.001427 0.063067 1.965088 3.930176
698 694 0.000933 0.028642 1.957703 3.915405
699 695 0.000713 0.030043 1.935730 3.871460
700 696 0.000805 0.022111 1.918335 3.836670
701 697 0.000569 0.029663 1.918945 3.837891
702 698 0.000802 0.059110 1.924683 3.849365
703 699 0.001333 0.068260 1.938965 3.877930
704 700 0.001744 0.052532 1.959961 3.919922
705 701 0.002122 0.072632 1.992676 3.985352
706 702 0.001802 0.049760 2.009338 4.018677
707 703 0.001267 0.057422 2.038818 4.077637
708 704 0.001344 0.049504 2.055847 4.111694
709 705 0.000972 0.027876 2.071350 4.142700
710 706 0.000918 0.038105 2.127502 4.255005
711 707 0.002050 0.051348 2.156982 4.313965
712 708 0.001333 0.050149 2.228699 4.457397
713 709 0.000912 0.043180 2.272461 4.544922
714 710 0.000851 0.028136 2.294678 4.589355
715 711 0.001093 0.026705 2.364441 4.728882
716 712 0.001353 0.014925 2.393494 4.786987
717 713 0.001878 0.057588 2.479614 4.959229
718 714 0.001874 0.053656 2.540222 5.080444
719 715 0.001480 0.041365 2.576782 5.153564
720 716 0.001534 0.045416 2.662659 5.325317
721 717 0.000746 0.018393 2.700012 5.400024
722 718 0.000632 0.027191 2.785400 5.570801
723 719 0.000918 0.031984 2.865417 5.730835
724 720 0.001052 0.017131 2.936707 5.873413
725 721 0.000773 0.021343 3.029602 6.059204
726 722 0.000801 0.014596 3.109863 6.219727
727 723 0.000590 0.013621 3.207703 6.415405
728 724 0.000332 0.008939 3.288635 6.577271
729 725 0.000663 0.005724 3.376892 6.753784
730 726 0.000468 0.007739 3.460693 6.921387
731 727 0.000516 0.006686 3.541443 7.082886
732 728 0.000381 0.008412 3.623535 7.247070
733 729 0.000323 0.007694 3.705933 7.411865
734 730 0.000258 0.008179 3.788391 7.576782
735 731 0.000309 0.008384 3.869202 7.738403
736 732 0.000175 0.008095 3.946960 7.893921
737 733 0.000298 0.006908 4.019226 8.038452
738 734 0.000239 0.007735 4.093872 8.187744
739 735 0.000000 0.005494 4.166626 8.333252
740 736 0.000115 0.007126 4.240051 8.480103
741 737 0.000113 0.007624 4.313599 8.627197
742 738 0.000295 0.008809 4.383301 8.766602
743 739 0.000000 0.008022 4.452637 8.905273
744 740 0.000000 0.009610 4.521240 9.042480
745 741 0.000000 0.012472 4.584534 9.169067
746 742 0.000278 0.015611 4.651428 9.302856
747 743 0.000146 0.012027 4.715393 9.430786
748 744 0.000144 0.011381 4.779541 9.559082
749 745 0.000000 0.010530 4.842896 9.685791
750 746 0.000000 0.010958 4.897583 9.795166
751 747 0.000099 0.011910 4.954590 9.909180
752 748 0.000138 0.008283 5.015686 10.031372
753 749 0.000136 0.009480 5.078491 10.156982
754 750 0.000095 0.011904 5.144836 10.289673
755 751 0.000000 0.013728 5.203918 10.407837
756 752 0.000000 0.011967 5.257507 10.515015
757 753 0.000260 0.010791 5.318420 10.636841
758 754 0.000222 0.003717 5.377502 10.755005
759 755 0.000180 0.003468 5.438293 10.876587
760 756 0.000178 0.004739 5.496826 10.993652
761 757 0.000176 0.004477 5.551636 11.103271
762 758 0.000087 0.005354 5.607056 11.214111
763 759 0.000172 0.005875 5.663269 11.326538
764 760 0.000148 0.004601 5.724304 11.448608
765 761 0.000207 0.006401 5.786377 11.572754
766 762 0.000167 0.008480 5.841675 11.683350
767 763 0.000117 0.006465 5.908691 11.817383
768 764 0.000000 0.006486 5.965332 11.930664
769 765 0.000081 0.005233 6.007263 12.014526
770 766 0.000214 0.005125 6.039307 12.078613
771 767 0.000228 0.005043 6.045166 12.090332
772 768 0.000140 0.005340 6.040833 12.081665
773 769 0.000115 0.005976 6.030151 12.060303
774 770 0.000115 0.005674 6.025574 12.051147
775 771 0.000230 0.006472 6.016052 12.032104
776 772 0.000115 0.006603 6.022705 12.045410
777 773 0.000162 0.007928 6.024597 12.049194
778 774 0.000115 0.007225 6.022156 12.044312
779 775 0.000081 0.007157 6.025574 12.051147
780 776 0.000115 0.007662 6.015442 12.030884
781 777 0.000000 0.006862 6.015686 12.031372
782 778 0.000115 0.006732 6.014038 12.028076
783 779 0.000215 0.006422 6.006409 12.012817
784 780 0.000115 0.004673 5.996582 11.993164
785 781 0.000115 0.007648 5.978943 11.957886
786 782 0.000116 0.008510 5.970032 11.940063
787 783 0.000142 0.007378 5.965820 11.931641
788 784 0.000142 0.010303 5.955078 11.910156
789 785 0.000000 0.006067 5.951599 11.903198
790 786 0.000184 0.003913 5.937805 11.875610
791 787 0.000000 0.008874 5.926636 11.853271
792 788 0.000117 0.009207 5.914368 11.828735
793 789 0.000117 0.010840 5.902649 11.805298
794 790 0.000143 0.012766 5.899048 11.798096
795 791 0.000117 0.007883 5.886047 11.772095
796 792 0.000000 0.006035 5.878906 11.757812
797 793 0.000083 0.007394 5.868286 11.736572
798 794 0.000083 0.005516 5.850708 11.701416
799 795 0.000084 0.007659 5.839478 11.678955
800 796 0.000118 0.010297 5.830444 11.660889
801 797 0.000119 0.006583 5.820496 11.640991
802 798 0.000119 0.007376 5.811829 11.623657
803 799 0.000238 0.009393 5.798889 11.597778
804 800 0.000253 0.007571 5.791748 11.583496
805 801 0.000084 0.008824 5.782776 11.565552
806 802 0.000000 0.008395 5.772522 11.545044
807 803 0.000147 0.005974 5.764343 11.528687
808 804 0.000170 0.006153 5.752502 11.505005
809 805 0.000000 0.006229 5.742859 11.485718
810 806 0.000000 0.006875 5.734680 11.469360
811 807 0.000121 0.008416 5.727661 11.455322
812 808 0.000121 0.008389 5.714966 11.429932
813 809 0.000000 0.008604 5.701904 11.403809
814 810 0.000000 0.010425 5.687012 11.374023
815 811 0.000149 0.010258 5.680786 11.361572
816 812 0.000122 0.010546 5.666992 11.333984
817 813 0.000122 0.010022 5.651367 11.302734
818 814 0.000087 0.008697 5.638611 11.277222
819 815 0.000123 0.009409 5.618774 11.237549
820 816 0.000174 0.008874 5.608582 11.217163
821 817 0.000087 0.008483 5.601440 11.202881
822 818 0.000087 0.009597 5.591370 11.182739
823 819 0.000175 0.008291 5.573914 11.147827
824 820 0.000000 0.013111 5.559570 11.119141
825 821 0.000153 0.012474 5.541321 11.082642
826 822 0.000000 0.012862 5.524353 11.048706
827 823 0.000000 0.011537 5.512939 11.025879
828 824 0.000000 0.012937 5.498962 10.997925
829 825 0.000000 0.012384 5.491211 10.982422
830 826 0.000126 0.015364 5.480835 10.961670
831 827 0.000155 0.017531 5.472900 10.945801
832 828 0.000219 0.010655 5.468201 10.936401
833 829 0.000219 0.011806 5.459534 10.919067
834 830 0.000089 0.007337 5.459229 10.918457
835 831 0.000090 0.007947 5.454712 10.909424
836 832 0.000253 0.008999 5.449585 10.899170
837 833 0.000155 0.008034 5.446350 10.892700
838 834 0.000000 0.009102 5.436768 10.873535
839 835 0.000090 0.006790 5.437012 10.874023
840 836 0.000201 0.012758 5.432800 10.865601
841 837 0.000180 0.005836 5.429810 10.859619
842 838 0.000127 0.004230 5.428894 10.857788
843 839 0.000090 0.005473 5.420654 10.841309
844 840 0.000127 0.007165 5.419373 10.838745
845 841 0.000255 0.009194 5.416382 10.832764
846 842 0.000128 0.010485 5.411865 10.823730
847 843 0.000128 0.009515 5.412354 10.824707
848 844 0.000000 0.007911 5.407776 10.815552
849 845 0.000128 0.007836 5.405029 10.810059
850 846 0.000128 0.007792 5.401245 10.802490
851 847 0.000128 0.009104 5.395020 10.790039
852 848 0.000091 0.008584 5.392029 10.784058
853 849 0.000181 0.008528 5.382202 10.764404
854 850 0.000157 0.005911 5.376709 10.753418
855 851 0.000158 0.005933 5.368469 10.736938
856 852 0.000182 0.006102 5.352661 10.705322
857 853 0.000129 0.005598 5.339233 10.678467
858 854 0.000000 0.006302 5.329407 10.658813
859 855 0.000092 0.006288 5.315308 10.630615
860 856 0.000000 0.006097 5.304932 10.609863
861 857 0.000092 0.006468 5.294312 10.588623
862 858 0.000131 0.006873 5.274292 10.548584
863 859 0.000131 0.006261 5.261719 10.523438
864 860 0.000093 0.005354 5.248474 10.496948
865 861 0.000093 0.006344 5.238342 10.476685
866 862 0.000229 0.007179 5.225037 10.450073
867 863 0.000162 0.006090 5.211121 10.422241
868 864 0.000163 0.006477 5.201050 10.402100
869 865 0.000094 0.006025 5.191589 10.383179
870 866 0.000188 0.005361 5.184143 10.368286
871 867 0.000298 0.007008 5.174683 10.349365
872 868 0.000095 0.007368 5.155579 10.311157
873 869 0.000095 0.006122 5.141418 10.282837
874 870 0.000135 0.005925 5.127319 10.254639
875 871 0.000135 0.004319 5.112854 10.225708
876 872 0.000191 0.004123 5.103455 10.206909
877 873 0.000166 0.003805 5.092896 10.185791
878 874 0.000215 0.003869 5.085510 10.171021
879 875 0.000167 0.003639 5.075134 10.150269
880 876 0.000096 0.004118 5.067200 10.134399
881 877 0.000137 0.002198 5.049805 10.099609
882 878 0.000097 0.006369 5.038635 10.077271
883 879 0.000000 0.003974 5.026489 10.052979
884 880 0.000097 0.004952 5.017761 10.035522
885 881 0.000276 0.007985 5.006775 10.013550
886 882 0.000138 0.006556 4.986633 9.973267
887 883 0.000139 0.006482 4.977478 9.954956
888 884 0.000000 0.006877 4.961548 9.923096
889 885 0.000140 0.005858 4.949585 9.899170
890 886 0.000140 0.006066 4.938599 9.877197
891 887 0.000000 0.007961 4.910583 9.821167
892 888 0.000265 0.007203 4.877014 9.754028
893 889 0.000000 0.005285 4.824219 9.648438
894 890 0.000251 0.006160 4.761292 9.522583
895 891 0.000208 0.008564 4.697632 9.395264
896 892 0.000423 0.012137 4.617493 9.234985
897 893 0.000186 0.008356 4.546021 9.092041
898 894 0.000244 0.006722 4.480774 8.961548
899 895 0.000156 0.007073 4.425354 8.850708
900 896 0.000111 0.007824 4.398499 8.796997
901 897 0.000273 0.006020 4.388550 8.777100
902 898 0.000157 0.006347 4.385315 8.770630
903 899 0.000193 0.006907 4.375610 8.751221
904 900 0.000224 0.003452 4.362610 8.725220
905 901 0.000000 0.004955 4.343811 8.687622
906 902 0.000000 0.003921 4.325684 8.651367
907 903 0.000113 0.004678 4.314270 8.628540
908 904 0.000000 0.006479 4.300598 8.601196
909 905 0.000161 0.005342 4.285095 8.570190
910 906 0.000000 0.007955 4.269897 8.539795
911 907 0.000115 0.007576 4.249756 8.499512
912 908 0.000163 0.008662 4.234375 8.468750
913 909 0.000000 0.008947 4.226929 8.453857
914 910 0.000000 0.008699 4.226685 8.453369
915 911 0.000000 0.007803 4.239502 8.479004
916 912 0.000162 0.006422 4.260254 8.520508
917 913 0.000228 0.007472 4.281982 8.563965
918 914 0.000161 0.013889 4.301514 8.603027
919 915 0.000000 0.013569 4.324585 8.649170
920 916 0.000159 0.017077 4.345581 8.691162
921 917 0.000354 0.010541 4.366943 8.733887
922 918 0.000000 0.005750 4.390747 8.781494
923 919 0.000000 0.007899 4.412720 8.825439
924 920 0.000110 0.007376 4.438965 8.877930
925 921 0.000155 0.007643 4.466797 8.933594
926 922 0.000217 0.010022 4.496826 8.993652
927 923 0.000153 0.008197 4.522827 9.045654
928 924 0.000000 0.005387 4.546387 9.092773
929 925 0.000000 0.006717 4.571899 9.143799
930 926 0.000000 0.009465 4.598999 9.197998
931 927 0.000183 0.009377 4.627808 9.255615
932 928 0.000148 0.011082 4.659546 9.319092
933 929 0.000208 0.012652 4.689941 9.379883
934 930 0.000146 0.009677 4.718506 9.437012
935 931 0.000145 0.008399 4.755371 9.510742
936 932 0.000250 0.007377 4.787720 9.575439
937 933 0.000202 0.006129 4.824219 9.648438
938 934 0.000100 0.008220 4.861084 9.722168
939 935 0.000200 0.008880 4.893188 9.786377
940 936 0.000172 0.010881 4.930054 9.860107
941 937 0.000170 0.012366 4.968018 9.936035
942 938 0.000138 0.008652 5.011841 10.023682
943 939 0.000237 0.008463 5.057007 10.114014
944 940 0.000166 0.005962 5.104858 10.209717
945 941 0.000164 0.005447 5.149048 10.298096
946 942 0.000133 0.009074 5.186035 10.372070
947 943 0.000132 0.007805 5.231445 10.462891
948 944 0.000185 0.009058 5.272949 10.545898
949 945 0.000205 0.010064 5.313721 10.627441
950 946 0.000000 0.006646 5.364868 10.729736
951 947 0.000090 0.008045 5.404907 10.809814
952 948 0.000127 0.008628 5.442749 10.885498
953 949 0.000154 0.006949 5.483643 10.967285
954 950 0.000198 0.009180 5.511475 11.022949
955 951 0.000124 0.007864 5.549805 11.099609
956 952 0.000000 0.007747 5.589600 11.179199
957 953 0.000000 0.006978 5.629395 11.258789
958 954 0.000122 0.006522 5.669800 11.339600
959 955 0.000000 0.007049 5.701538 11.403076
960 956 0.000120 0.007236 5.731567 11.463135
961 957 0.000000 0.009804 5.749756 11.499512
962 958 0.000085 0.010073 5.764526 11.529053
963 959 0.000120 0.013753 5.768799 11.537598
964 960 0.000120 0.011160 5.765869 11.531738
965 961 0.000120 0.009509 5.762695 11.525391
966 962 0.000208 0.009361 5.756104 11.512207
967 963 0.000000 0.008592 5.752319 11.504639
968 964 0.000000 0.009812 5.746338 11.492676
969 965 0.000120 0.010142 5.749268 11.498535
970 966 0.000000 0.009864 5.746460 11.492920
971 967 0.000085 0.008416 5.742188 11.484375
972 968 0.000120 0.007850 5.735840 11.471680
973 969 0.000209 0.008166 5.717529 11.435059
974 970 0.000121 0.009221 5.708496 11.416992
975 971 0.000000 0.008734 5.694946 11.389893
976 972 0.000000 0.009860 5.681396 11.362793
977 973 0.000149 0.006911 5.672729 11.345459
978 974 0.000000 0.007740 5.660034 11.320068
979 975 0.000086 0.007734 5.652100 11.304199
980 976 0.000173 0.006636 5.638794 11.277588
981 977 0.000123 0.007640 5.619019 11.238037
982 978 0.000123 0.006962 5.600098 11.200195
983 979 0.000000 0.006497 5.582886 11.165771
984 980 0.000124 0.007168 5.574707 11.149414
985 981 0.000124 0.007110 5.566895 11.133789
986 982 0.000124 0.007670 5.554199 11.108398
987 983 0.000088 0.007215 5.536255 11.072510
988 984 0.000088 0.006611 5.518188 11.036377
989 985 0.000089 0.005487 5.504028 11.008057
990 986 0.000000 0.006200 5.490601 10.981201
991 987 0.000000 0.007357 5.480225 10.960449
992 988 0.000089 0.008403 5.461914 10.923828
993 989 0.000127 0.010988 5.448730 10.897461
994 990 0.000201 0.011598 5.434814 10.869629
995 991 0.000090 0.012772 5.415894 10.831787
996 992 0.000128 0.012956 5.402954 10.805908
997 993 0.000091 0.012759 5.382568 10.765137
998 994 0.000129 0.011777 5.369873 10.739746
999 995 0.000129 0.010900 5.357910 10.715820
1000 996 0.000224 0.010832 5.339966 10.679932
1001 997 0.000159 0.009342 5.317871 10.635742
1002 998 0.000131 0.009071 5.277588 10.555176
1003 999 0.000000 0.010302 5.224365 10.448730
1004 1000 0.000000 0.008413 5.158325 10.316650
1005 1001 0.000000 0.009595 5.077393 10.154785
1006 1002 0.000098 0.010464 4.985718 9.971436
1007 1003 0.000000 0.010962 4.882568 9.765137
1008 1004 0.000102 0.013130 4.779785 9.559570
1009 1005 0.000105 0.015787 4.670166 9.340332
1010 1006 0.000214 0.017068 4.556396 9.112793
1011 1007 0.000155 0.015136 4.440918 8.881836
1012 1008 0.000113 0.014880 4.321167 8.642334
1013 1009 0.000165 0.013859 4.195923 8.391846
1014 1010 0.000294 0.012962 4.072632 8.145264
1015 1011 0.000124 0.012135 3.948975 7.897949
1016 1012 0.000222 0.014087 3.814697 7.629395
1017 1013 0.000187 0.012861 3.686890 7.373779
1018 1014 0.000194 0.011691 3.555786 7.111572
1019 1015 0.000202 0.012711 3.424683 6.849365
1020 1016 0.000295 0.013943 3.308472 6.616943
1021 1017 0.000152 0.012284 3.209595 6.419189
1022 1018 0.000269 0.013880 3.143433 6.286865
1023 1019 0.000222 0.012341 3.107788 6.215576
1024 1020 0.000158 0.010585 3.091797 6.183594
1025 1021 0.000158 0.010675 3.086548 6.173096
1026 1022 0.000225 0.011424 3.074829 6.149658
1027 1023 0.000000 0.010930 3.066406 6.132812
1028 1024 0.000000 0.008892 3.053101 6.106201
1029 1025 0.000227 0.009688 3.038818 6.077637
1030 1026 0.000228 0.007359 3.027832 6.055664
1031 1027 0.000229 0.008016 3.011719 6.023438
1032 1028 0.000364 0.007264 2.999878 5.999756
1033 1029 0.000231 0.003199 2.987915 5.975830
1034 1030 0.000434 0.004491 2.973511 5.947021
1035 1031 0.000369 0.003480 2.962646 5.925293
1036 1032 0.000286 0.004411 2.958374 5.916748
1037 1033 0.000233 0.004175 2.961670 5.923340
1038 1034 0.000402 0.004042 2.978027 5.956055
1039 1035 0.000461 0.005244 2.997803 5.995605
1040 1036 0.000362 0.003681 3.017212 6.034424
1041 1037 0.000321 0.004668 3.037598 6.075195
1042 1038 0.000000 0.005299 3.051758 6.103516
1043 1039 0.000225 0.003954 3.068115 6.136230
1044 1040 0.000000 0.003135 3.089600 6.179199
1045 1041 0.000222 0.005614 3.113281 6.226562
1046 1042 0.000155 0.003722 3.142944 6.285889
1047 1043 0.000218 0.001132 3.164795 6.329590
1048 1044 0.000217 0.001898 3.177979 6.355957
1049 1045 0.000217 0.001709 3.188965 6.377930
1050 1046 0.000000 0.004548 3.198730 6.397461
1051 1047 0.000214 0.007943 3.223267 6.446533
1052 1048 0.000000 0.008205 3.250610 6.501221
1053 1049 0.000149 0.009434 3.277832 6.555664
1054 1050 0.000000 0.007226 3.302490 6.604980
1055 1051 0.000416 0.009022 3.319824 6.639648
1056 1052 0.000547 0.014145 3.341797 6.683594
1057 1053 0.000459 0.010975 3.367065 6.734131
1058 1054 0.000351 0.013547 3.402954 6.805908
1059 1055 0.000142 0.011187 3.441650 6.883301
1060 1056 0.000140 0.007178 3.482056 6.964111
1061 1057 0.000277 0.010160 3.521606 7.043213
1062 1058 0.000194 0.011280 3.556030 7.112061
1063 1059 0.000272 0.012697 3.590454 7.180908
1064 1060 0.000135 0.011312 3.624390 7.248779
1065 1061 0.000000 0.011308 3.656738 7.313477
1066 1062 0.000000 0.009212 3.687378 7.374756
1067 1063 0.000132 0.007715 3.712646 7.425293
1068 1064 0.000000 0.008138 3.732056 7.464111
1069 1065 0.000184 0.006375 3.742798 7.485596
1070 1066 0.000226 0.008063 3.746460 7.492920
1071 1067 0.000000 0.007816 3.746948 7.493896
1072 1068 0.000226 0.007905 3.742554 7.485107
1073 1069 0.000320 0.008140 3.740479 7.480957
1074 1070 0.000185 0.007511 3.736816 7.473633
1075 1071 0.000226 0.008470 3.734619 7.469238
1076 1072 0.000131 0.008716 3.728149 7.456299
1077 1073 0.000000 0.009472 3.718750 7.437500
1078 1074 0.000000 0.007877 3.708008 7.416016
1079 1075 0.000000 0.008744 3.693481 7.386963
1080 1076 0.000000 0.006717 3.681519 7.363037
1081 1077 0.000133 0.006887 3.668213 7.336426
1082 1078 0.000000 0.006335 3.645508 7.291016
1083 1079 0.000191 0.005664 3.609741 7.219482
1084 1080 0.000000 0.004555 3.555054 7.110107
1085 1081 0.000198 0.004451 3.487549 6.975098
1086 1082 0.000000 0.003978 3.418945 6.837891
1087 1083 0.000000 0.003862 3.362427 6.724854
1088 1084 0.000000 0.004724 3.326538 6.653076
1089 1085 0.000000 0.002888 3.307007 6.614014
1090 1086 0.000000 0.003251 3.296631 6.593262
1091 1087 0.000000 0.008686 3.285034 6.570068
1092 1088 0.000211 0.010694 3.272217 6.544434
1093 1089 0.000000 0.011252 3.255859 6.511719
1094 1090 0.000213 0.015541 3.244507 6.489014
1095 1091 0.000370 0.006358 3.233032 6.466064
1096 1092 0.000455 0.013476 3.220337 6.440674
1097 1093 0.000215 0.013286 3.209961 6.419922
1098 1094 0.000153 0.008804 3.197266 6.394531
1099 1095 0.000153 0.015345 3.192017 6.384033
1100 1096 0.000216 0.005530 3.193237 6.386475
