10 6 0.000000 0.035560 0.635495 1.270990
11 7 0.001021 0.041211 0.676321 1.352642
12 8 0.000972 0.053354 0.710611 1.421221
13 9 0.000658 0.048761 0.741528 1.483057
14 10 0.000000 0.041345 0.772184 1.544368
15 11 0.000861 0.027572 0.802478 1.604956
16 12 0.001659 0.022186 0.832419 1.664839
17 13 0.000804 0.046634 0.858636 1.717272
18 14 0.001112 0.051699 0.877946 1.755891
19 15 0.001333 0.067005 0.897556 1.795113
20 16 0.001415 0.085495 0.913230 1.826460
21 17 0.002635 0.053969 0.926494 1.852988
22 18 0.001935 0.074446 0.944178 1.888355
23 19 0.001241 0.088128 0.963901 1.927802
24 20 0.002028 0.076000 0.992747 1.985494
25 21 0.001349 0.076297 1.024121 2.048242
26 22 0.002772 0.053407 1.056912 2.113824
27 23 0.003299 0.034813 1.087680 2.175361
28 24 0.002691 0.033395 1.118368 2.236736
29 25 0.002869 0.030954 1.154489 2.308977
30 26 0.002271 0.029861 1.197237 2.394474
31 27 0.000963 0.038976 1.241840 2.483680
32 28 0.001422 0.033206 1.285169 2.570338
33 29 0.001157 0.029736 1.334896 2.669792
34 30 0.001497 0.025237 1.383688 2.767376
35 31 0.001356 0.035067 1.439970 2.879940
36 32 0.001904 0.036088 1.495344 2.990688
37 33 0.001182 0.051081 1.545881 3.091762
38 34 0.000610 0.051982 1.600962 3.201924
39 35 0.000834 0.026111 1.655069 3.310139
40 36 0.001028 0.038407 1.712697 3.425394
41 37 0.001168 0.022783 1.773225 3.546450
42 38 0.001308 0.019697 1.829491 3.658981
43 39 0.001369 0.020772 1.887962 3.775925
44 40 0.000793 0.009038 1.947991 3.895983
45 41 0.000728 0.009622 2.012938 4.025877
46 42 0.000332 0.011077 2.080688 4.161375
47 43 0.000755 0.009137 2.144385 4.288771
48 44 0.000541 0.008797 2.211266 4.422531
49 45 0.000680 0.005093 2.271743 4.543486
50 46 0.000592 0.010391 2.334394 4.668789
51 47 0.000407 0.006685 2.398603 4.797207
52 48 0.000281 0.009788 2.460771 4.921541
53 49 0.000273 0.005478 2.525840 5.051680
54 50 0.000267 0.006549 2.583477 5.166954
55 51 0.000261 0.004485 2.643839 5.287678
56 52 0.000255 0.006452 2.705145 5.410290
57 53 0.000467 0.007598 2.767265 5.534531
58 54 0.000298 0.012087 2.833454 5.666908
59 55 0.000000 0.003384 2.891548 5.783096
60 56 0.000371 0.005234 2.946726 5.893452
61 57 0.000326 0.006470 2.996799 5.993599
62 58 0.000226 0.007642 3.052465 6.104931
63 59 0.000157 0.006829 3.104540 6.209080
64 60 0.000155 0.008719 3.151203 6.302406
65 61 0.000343 0.009625 3.186621 6.373241
66 62 0.000152 0.006893 3.207048 6.414097
67 63 0.000302 0.007328 3.235363 6.470726
68 64 0.000496 0.008322 3.264736 6.529472
69 65 0.000391 0.009765 3.307440 6.614880
70 66 0.000357 0.007714 3.348928 6.697857
71 67 0.000205 0.008465 3.375471 6.750942
72 68 0.000477 0.004293 3.391983 6.783966
73 69 0.000288 0.004556 3.389606 6.779213
74 70 0.000144 0.003548 3.380669 6.761337
75 71 0.000250 0.003615 3.376932 6.753864
76 72 0.000000 0.005649 3.370438 6.740875
77 73 0.000000 0.007362 3.371628 6.743256
78 74 0.000251 0.006116 3.365643 6.731285
79 75 0.000411 0.006883 3.357456 6.714912
80 76 0.000206 0.006978 3.354900 6.709801
81 77 0.000000 0.008366 3.350456 6.700912
82 78 0.000291 0.009389 3.359207 6.718414
83 79 0.000145 0.009291 3.366226 6.732452
84 80 0.000290 0.006301 3.364281 6.728561
85 81 0.000252 0.011799 3.359837 6.719673
86 82 0.000252 0.013956 3.349747 6.699493
87 83 0.000000 0.015813 3.335533 6.671066
88 84 0.000147 0.026088 3.328342 6.656685
89 85 0.000208 0.008423 3.322586 6.645172
90 86 0.000000 0.010743 3.316048 6.632095
91 87 0.000208 0.006034 3.312435 6.624870
92 88 0.000362 0.005981 3.307228 6.614456
93 89 0.000256 0.005165 3.302658 6.605316
94 90 0.000148 0.006353 3.303181 6.606361
95 91 0.000000 0.011944 3.295921 6.591843
96 92 0.000470 0.011759 3.283871 6.567741
97 93 0.000423 0.013444 3.265228 6.530457
98 94 0.000369 0.012037 3.239395 6.478790
99 95 0.000214 0.007464 3.221279 6.442558
100 96 0.000373 0.005465 3.206627 6.413254
101 97 0.000265 0.005697 3.197151 6.394302
102 98 0.000343 0.005286 3.186058 6.372116
103 99 0.000218 0.005529 3.171329 6.342659
104 100 0.000155 0.007107 3.155685 6.311371
105 101 0.000220 0.008587 3.137390 6.274780
106 102 0.000221 0.007712 3.123970 6.247940
107 103 0.000000 0.007421 3.105728 6.211456
108 104 0.000000 0.006467 3.082588 6.165176
109 105 0.000226 0.005220 3.054832 6.109665
110 106 0.000162 0.008611 3.014748 6.029495
111 107 0.000232 0.009409 2.976948 5.953896
112 108 0.000236 0.010403 2.929882 5.859764
113 109 0.000339 0.011273 2.877220 5.754440
114 110 0.000387 0.012894 2.823338 5.646675
115 111 0.000306 0.010463 2.760780 5.521561
116 112 0.000256 0.010955 2.699974 5.399948
117 113 0.000370 0.010874 2.638184 5.276367
118 114 0.000190 0.009390 2.575867 5.151733
119 115 0.000275 0.009489 2.510414 5.020828
120 116 0.000283 0.010697 2.443161 4.886322
121 117 0.000357 0.008012 2.368256 4.736511
122 118 0.000523 0.008731 2.288376 4.576752
123 119 0.000443 0.010527 2.202797 4.405594
124 120 0.000693 0.020658 2.115143 4.230286
125 121 0.000537 0.022072 2.033829 4.067657
126 122 0.001059 0.017751 1.955307 3.910614
127 123 0.001474 0.043474 1.902496 3.804993
128 124 0.001746 0.043673 1.854874 3.709747
129 125 0.002106 0.051766 1.825676 3.651352
130 126 0.001460 0.041589 1.801521 3.603043
131 127 0.001369 0.021749 1.783493 3.566986
132 128 0.001171 0.016035 1.769577 3.539154
133 129 0.001520 0.032686 1.759789 3.519577
134 130 0.002351 0.036959 1.761948 3.523895
135 131 0.002593 0.041655 1.746429 3.492859
136 132 0.003076 0.040037 1.738907 3.477814
137 133 0.002625 0.035561 1.714821 3.429642
138 134 0.001982 0.043945 1.706543 3.413086
139 135 0.002383 0.022207 1.714584 3.429169
140 136 0.001850 0.019007 1.750954 3.501907
141 137 0.002665 0.009601 1.813728 3.627457
142 138 0.002506 0.010431 1.868629 3.737259
143 139 0.000711 0.030422 1.943176 3.886353
144 140 0.001143 0.030469 2.002968 4.005936
145 141 0.000946 0.022531 2.064392 4.128784
146 142 0.000854 0.019787 2.139397 4.278793
147 143 0.001151 0.011228 2.203476 4.406952
148 144 0.001095 0.006430 2.274651 4.549301
149 145 0.001178 0.006230 2.344131 4.688263
150 146 0.000906 0.007172 2.411201 4.822403
151 147 0.000837 0.011897 2.476158 4.952316
152 148 0.000694 0.017677 2.538414 5.076828
153 149 0.000460 0.018916 2.598389 5.196777
154 150 0.000520 0.017568 2.655716 5.311432
155 151 0.000311 0.016542 2.715340 5.430679
156 152 0.000393 0.010362 2.775063 5.550125
157 153 0.000457 0.013751 2.828888 5.657776
158 154 0.000415 0.010936 2.881142 5.762283
159 155 0.000624 0.011766 2.926628 5.853256
160 156 0.000592 0.013132 2.972519 5.945038
161 157 0.000396 0.010714 3.023659 6.047318
162 158 0.000713 0.014603 3.064674 6.129349
163 159 0.000223 0.013239 3.095413 6.190826
164 160 0.000273 0.014022 3.101845 6.203690
165 161 0.000273 0.014269 3.096413 6.192825
166 162 0.000158 0.007908 3.090523 6.181046
167 163 0.000448 0.010273 3.085709 6.171417
168 164 0.000387 0.009245 3.089638 6.179276
169 165 0.000592 0.013559 3.084305 6.168610
170 166 0.000502 0.014835 3.073502 6.147003
171 167 0.000451 0.015417 3.062973 6.125946
172 168 0.000358 0.013168 3.048584 6.097168
173 169 0.000392 0.010589 3.052986 6.105972
174 170 0.000506 0.008196 3.052055 6.104111
175 171 0.000423 0.006585 3.051155 6.102310
176 172 0.000358 0.006037 3.046982 6.093964
177 173 0.000361 0.008609 3.027779 6.055557
178 174 0.000741 0.008568 3.019730 6.039459
179 175 0.000229 0.009848 3.012947 6.025894
180 176 0.000280 0.009621 3.015289 6.030579
181 177 0.000000 0.008158 3.029419 6.058838
182 178 0.000735 0.011050 3.044395 6.088791
183 179 0.000552 0.012013 3.061935 6.123871
184 180 0.000000 0.010429 3.082924 6.165848
185 181 0.000315 0.012164 3.105042 6.210083
186 182 0.000221 0.012162 3.124718 6.249435
187 183 0.000219 0.006953 3.151466 6.302933
188 184 0.000534 0.010389 3.170341 6.340683
189 185 0.000485 0.011838 3.184380 6.368759
190 186 0.000549 0.007736 3.209351 6.418701
191 187 0.000151 0.009213 3.231964 6.463928
192 188 0.000211 0.006692 3.268166 6.536331
193 189 0.000209 0.006376 3.306190 6.612381
194 190 0.000146 0.008336 3.339500 6.679001
195 191 0.000205 0.012321 3.371742 6.743484
196 192 0.000498 0.013433 3.395950 6.791901
197 193 0.000000 0.008212 3.420547 6.841095
198 194 0.000201 0.008329 3.437630 6.875259
199 195 0.000347 0.008947 3.450439 6.900879
200 196 0.000199 0.008299 3.464096 6.928192
201 197 0.000314 0.007277 3.473824 6.947647
202 198 0.000198 0.006861 3.489655 6.979309
203 199 0.000241 0.006004 3.502792 7.005585
204 200 0.000418 0.009408 3.507439 7.014877
205 201 0.000279 0.006622 3.504539 7.009079
206 202 0.000524 0.009614 3.486137 6.972275
207 203 0.000315 0.013351 3.468124 6.936249
208 204 0.000245 0.006237 3.447922 6.895844
209 205 0.000318 0.007199 3.434204 6.868408
210 206 0.000604 0.007137 3.427155 6.854309
211 207 0.000349 0.006741 3.424530 6.849060
212 208 0.000957 0.007160 3.422974 6.845947
213 209 0.000591 0.009793 3.404343 6.808685
214 210 0.000578 0.007382 3.382019 6.764038
215 211 0.000291 0.005822 3.355408 6.710815
216 212 0.000776 0.008085 3.328369 6.656738
217 213 0.000489 0.005381 3.312576 6.625153
218 214 0.000256 0.009172 3.298508 6.597015
219 215 0.000730 0.009124 3.278595 6.557190
220 216 0.000366 0.015499 3.265289 6.530579
221 217 0.000600 0.016563 3.255722 6.511444
222 218 0.000336 0.018272 3.249542 6.499084
223 219 0.000476 0.014196 3.246536 6.493073
224 220 0.000000 0.009081 3.234756 6.469513
225 221 0.000455 0.007079 3.217300 6.434601
226 222 0.000264 0.005800 3.202698 6.405396
227 223 0.000307 0.008427 3.181168 6.362335
228 224 0.000378 0.007500 3.160568 6.321136
229 225 0.000602 0.007895 3.142975 6.285950
230 226 0.000519 0.008837 3.118057 6.236115
231 227 0.000315 0.007482 3.103714 6.207428
232 228 0.000316 0.008826 3.093857 6.187714
233 229 0.000354 0.011486 3.087082 6.174164
234 230 0.000224 0.012184 3.079117 6.158234
235 231 0.000159 0.013779 3.061508 6.123016
236 232 0.000321 0.011628 3.041794 6.083588
237 233 0.000228 0.011476 3.024597 6.049194
238 234 0.000458 0.012618 3.017593 6.035187
239 235 0.000561 0.011971 3.017670 6.035339
240 236 0.000484 0.012771 3.025467 6.050934
241 237 0.000666 0.013341 3.024597 6.049194
242 238 0.000162 0.009891 3.007736 6.015472
243 239 0.000366 0.012873 2.984238 5.968475
244 240 0.000404 0.012157 2.962509 5.925018
245 241 0.000808 0.011604 2.961670 5.923340
246 242 0.000328 0.010863 2.978210 5.956421
247 243 0.000745 0.010942 3.001938 6.003876
248 244 0.000162 0.009718 3.011856 6.023712
249 245 0.000325 0.011620 3.006363 6.012726
250 246 0.000515 0.012359 2.996613 5.993225
251 247 0.000283 0.010026 2.987411 5.974823
252 248 0.000461 0.010623 2.992661 5.985321
253 249 0.000230 0.010541 3.002518 6.005035
254 250 0.000398 0.005295 3.007690 6.015381
255 251 0.000428 0.005584 3.021286 6.042572
256 252 0.000644 0.008791 3.033020 6.066040
257 253 0.000321 0.009979 3.042709 6.085419
258 254 0.000531 0.007473 3.049362 6.098724
259 255 0.000393 0.008987 3.041550 6.083099
260 256 0.000602 0.008724 3.032364 6.064728
261 257 0.000426 0.011388 3.030090 6.060181
262 258 0.000680 0.002820 3.045715 6.091431
263 259 0.000159 0.004169 3.067322 6.134644
264 260 0.000501 0.004310 3.084610 6.169220
265 261 0.000633 0.007712 3.085892 6.171783
266 262 0.000317 0.003685 3.077026 6.154053
267 263 0.000356 0.003875 3.070953 6.141907
268 264 0.000476 0.005857 3.074860 6.149719
269 265 0.000317 0.009194 3.082642 6.165283
270 266 0.000274 0.008394 3.085663 6.171326
271 267 0.000653 0.006032 3.082092 6.164185
272 268 0.000390 0.008130 3.067535 6.135071
273 269 0.000320 0.002634 3.055664 6.111328
274 270 0.000000 0.002336 3.046555 6.093109
275 271 0.000227 0.004524 3.035904 6.071808
276 272 0.000000 0.006170 3.018173 6.036346
277 273 0.000000 0.009050 2.998108 5.996216
278 274 0.000284 0.004315 2.973404 5.946808
279 275 0.000594 0.003029 2.961670 5.923340
280 276 0.000496 0.007603 2.954315 5.908630
281 277 0.000439 0.012391 2.943375 5.886749
282 278 0.000410 0.007207 2.920471 5.840942
283 279 0.000481 0.007817 2.873657 5.747314
284 280 0.000672 0.004896 2.812378 5.624756
285 281 0.000616 0.003736 2.744034 5.488068
286 282 0.000365 0.007838 2.679138 5.358276
287 283 0.000374 0.002335 2.610580 5.221161
288 284 0.000271 0.000744 2.544922 5.089844
289 285 0.000342 0.003302 2.472977 4.945953
290 286 0.000289 0.006787 2.388885 4.777771
291 287 0.000424 0.002526 2.301208 4.602417
292 288 0.000443 0.009563 2.205673 4.411346
293 289 0.000517 0.008984 2.110275 4.220551
294 290 0.000541 0.010001 2.018661 4.037323
295 291 0.000912 0.014817 1.930984 3.861969
296 292 0.000527 0.006506 1.853210 3.706421
297 293 0.000476 0.012882 1.775284 3.550568
298 294 0.000811 0.018537 1.702606 3.405212
299 295 0.001270 0.031750 1.631088 3.262177
300 296 0.001330 0.032198 1.557053 3.114105
301 297 0.001437 0.022944 1.481094 2.962189
302 298 0.001846 0.023434 1.399796 2.799591
303 299 0.001168 0.013297 1.321716 2.643433
304 300 0.000785 0.011248 1.243942 2.487885
305 301 0.001859 0.023649 1.174438 2.348877
306 302 0.001758 0.018807 1.111191 2.222382
307 303 0.002584 0.027883 1.052170 2.104340
308 304 0.001835 0.024475 0.995544 1.991089
309 305 0.001643 0.021184 0.940018 1.880035
310 306 0.001715 0.040737 0.900116 1.800232
311 307 0.002736 0.043897 0.874161 1.748322
312 308 0.003163 0.044886 0.859421 1.718842
313 309 0.002114 0.075100 0.864243 1.728485
314 310 0.001590 0.059307 0.868744 1.737488
315 311 0.001786 0.056576 0.864639 1.729279
316 312 0.000793 0.066746 0.870590 1.741180
317 313 0.003833 0.045927 0.864105 1.728210
318 314 0.003625 0.045702 0.862503 1.725006
319 315 0.003429 0.044744 0.866150 1.732300
320 316 0.002278 0.034801 0.857544 1.715088
321 317 0.001500 0.046311 0.861374 1.722748
322 318 0.000000 0.055726 0.863953 1.727905
323 319 0.003022 0.111275 0.870148 1.740295
324 320 0.002274 0.115840 0.910919 1.821838
325 321 0.001449 0.088725 0.953415 1.906830
326 322 0.003374 0.076256 1.023239 2.046478
327 323 0.004029 0.054119 1.103989 2.207977
328 324 0.003650 0.052813 1.158539 2.317078
329 325 0.002057 0.067153 1.233276 2.466553
330 326 0.001193 0.084064 1.294693 2.589386
331 327 0.002480 0.080097 1.335510 2.671021
332 328 0.001937 0.088548 1.403839 2.807678
333 329 0.001919 0.046987 1.439041 2.878082
334 330 0.002370 0.041845 1.485947 2.971893
335 331 0.001862 0.041162 1.551788 3.103577
336 332 0.002042 0.031494 1.586304 3.172607
337 333 0.001505 0.031700 1.654129 3.308258
338 334 0.000404 0.019251 1.708359 3.416718
339 335 0.001107 0.028050 1.764053 3.528107
340 336 0.000529 0.020374 1.845230 3.690460
341 337 0.000511 0.022931 1.909714 3.819427
342 338 0.000817 0.025771 1.983200 3.966400
343 339 0.000974 0.024585 2.066010 4.132019
344 340 0.000823 0.008132 2.138779 4.277557
345 341 0.000932 0.005730 2.223450 4.446899
346 342 0.001344 0.027937 2.296936 4.593872
347 343 0.001270 0.021056 2.369919 4.739838
348 344 0.000957 0.028795 2.446320 4.892639
349 345 0.000909 0.030308 2.519165 5.038330
350 346 0.000376 0.007580 2.596619 5.193237
351 347 0.000366 0.003370 2.666367 5.332733
352 348 0.000309 0.015373 2.734161 5.468323
353 349 0.000000 0.015851 2.797501 5.595001
354 350 0.000000 0.013446 2.862335 5.724670
355 351 0.000236 0.011774 2.923096 5.846191
356 352 0.000163 0.009053 2.989273 5.978546
357 353 0.000226 0.003551 3.051834 6.103668
358 354 0.000314 0.014308 3.113617 6.227234
359 355 0.000217 0.012605 3.180984 6.361969
360 356 0.000301 0.013063 3.243561 6.487122
361 357 0.000330 0.005393 3.304047 6.608093
362 358 0.000384 0.010758 3.363144 6.726288
363 359 0.000624 0.004610 3.411057 6.822113
364 360 0.000632 0.006411 3.456619 6.913239
365 361 0.000668 0.005836 3.505280 7.010559
366 362 0.000567 0.003942 3.553482 7.106964
367 363 0.000574 0.011171 3.609543 7.219086
368 364 0.000298 0.006491 3.659653 7.319305
369 365 0.000372 0.004489 3.707870 7.415741
370 366 0.000412 0.008090 3.750412 7.500824
371 367 0.000182 0.003013 3.794357 7.588715
372 368 0.000360 0.010902 3.841370 7.682739
373 369 0.000308 0.007763 3.885941 7.771881
374 370 0.000216 0.008040 3.917740 7.835480
375 371 0.000124 0.007182 3.939789 7.879578
376 372 0.000124 0.008649 3.949387 7.898773
377 373 0.000247 0.012595 3.951553 7.903107
378 374 0.000175 0.009218 3.955582 7.911163
379 375 0.000123 0.010606 3.957306 7.914612
380 376 0.000275 0.013049 3.967621 7.935242
381 377 0.000174 0.016298 3.970001 7.940002
382 378 0.000301 0.013022 3.975372 7.950745
383 379 0.000388 0.012041 3.983383 7.966766
384 380 0.000369 0.013213 3.974915 7.949829
385 381 0.000347 0.016814 3.980591 7.961182
386 382 0.000174 0.022175 3.977219 7.954437
387 383 0.000213 0.014347 3.969421 7.938843
388 384 0.000174 0.014642 3.966309 7.932617
389 385 0.000174 0.017535 3.963150 7.926300
390 386 0.000174 0.020793 3.967896 7.935791
391 387 0.000301 0.023764 3.967209 7.934418
392 388 0.000301 0.021379 3.967758 7.935516
393 389 0.000123 0.020531 3.960052 7.920105
394 390 0.000175 0.019507 3.954773 7.909546
395 391 0.000276 0.016855 3.957611 7.915222
396 392 0.000214 0.018028 3.960968 7.921936
397 393 0.000174 0.014995 3.970383 7.940765
398 394 0.000326 0.016880 3.966766 7.933533
399 395 0.000175 0.016937 3.955521 7.911041
400 396 0.000175 0.017284 3.946320 7.892639
401 397 0.000124 0.015295 3.934509 7.869019
402 398 0.000304 0.012036 3.935577 7.871155
403 399 0.000176 0.012461 3.934570 7.869141
404 400 0.000124 0.010080 3.929413 7.858826
405 401 0.000176 0.013727 3.920227 7.840454
406 402 0.000125 0.014146 3.906891 7.813782
407 403 0.000331 0.012253 3.899750 7.799500
408 404 0.000177 0.018385 3.894073 7.788147
409 405 0.000000 0.017828 3.888519 7.777039
410 406 0.000126 0.017661 3.874298 7.748596
411 407 0.000254 0.019305 3.852203 7.704407
412 408 0.000255 0.011819 3.833649 7.667297
413 409 0.000286 0.010359 3.814117 7.628235
414 410 0.000182 0.011401 3.803192 7.606384
415 411 0.000315 0.010486 3.797119 7.594238
416 412 0.000223 0.012990 3.788879 7.577759
417 413 0.000183 0.007826 3.780396 7.560791
418 414 0.000130 0.007671 3.768707 7.537415
419 415 0.000260 0.008517 3.758911 7.517822
420 416 0.000130 0.009341 3.749512 7.499023
421 417 0.000261 0.013910 3.740265 7.480530
422 418 0.000185 0.016129 3.731323 7.462646
423 419 0.000186 0.020241 3.719177 7.438354
424 420 0.000295 0.021656 3.702850 7.405701
425 421 0.000375 0.022285 3.680756 7.361511
426 422 0.000189 0.021495 3.652557 7.305115
427 423 0.000191 0.019888 3.617889 7.235779
428 424 0.000236 0.024285 3.581390 7.162781
429 425 0.000276 0.023971 3.536102 7.072205
430 426 0.000242 0.022797 3.490234 6.980469
431 427 0.000246 0.023295 3.441010 6.882019
432 428 0.000000 0.019526 3.386322 6.772644
433 429 0.000207 0.019344 3.340149 6.680298
434 430 0.000148 0.018346 3.292755 6.585510
435 431 0.000150 0.018948 3.251038 6.502075
436 432 0.000263 0.015759 3.212677 6.425354
437 433 0.000154 0.016103 3.167999 6.335999
438 434 0.000000 0.012947 3.118988 6.237976
439 435 0.000319 0.012252 3.063751 6.127502
440 436 0.000163 0.012053 3.002258 6.004517
441 437 0.000331 0.016931 2.947357 5.894714
442 438 0.000240 0.017990 2.883148 5.766296
443 439 0.000346 0.014813 2.825714 5.651428
444 440 0.000394 0.019064 2.770599 5.541199
445 441 0.000441 0.014454 2.712708 5.425415
446 442 0.000518 0.013775 2.666779 5.333557
447 443 0.000417 0.014055 2.618683 5.237366
448 444 0.000537 0.010899 2.573425 5.146851
449 445 0.000431 0.013414 2.530945 5.061890
450 446 0.000339 0.011672 2.494415 4.988831
451 447 0.000281 0.012543 2.457092 4.914185
452 448 0.000533 0.008272 2.422424 4.844849
453 449 0.000290 0.028637 2.377899 4.755798
454 450 0.000209 0.025941 2.331573 4.663147
455 451 0.000708 0.023241 2.286896 4.573792
456 452 0.000378 0.034248 2.237518 4.475037
457 453 0.000992 0.017060 2.200378 4.400757
458 454 0.000639 0.026562 2.159668 4.319336
459 455 0.000327 0.046380 2.113556 4.227112
460 456 0.000471 0.048310 2.074799 4.149597
461 457 0.000679 0.059851 2.034668 4.069336
462 458 0.000809 0.056599 2.002380 4.004761
463 459 0.001183 0.032847 1.980225 3.960449
464 460 0.001384 0.034673 1.964417 3.928833
465 461 0.001751 0.031799 1.951477 3.902954
466 462 0.002277 0.025267 1.941437 3.882874
467 463 0.001777 0.033231 1.942505 3.885010
468 464 0.000507 0.022439 1.927979 3.855957
469 465 0.000677 0.018574 1.908661 3.817322
470 466 0.001338 0.017358 1.896729 3.793457
471 467 0.000785 0.015710 1.865112 3.730225
472 468 0.001391 0.031699 1.857208 3.714417
473 469 0.000839 0.030952 1.840729 3.681458
474 470 0.000851 0.026995 1.813812 3.627625
475 471 0.001042 0.039229 1.814575 3.629150
476 472 0.001820 0.021179 1.800049 3.600098
477 473 0.000964 0.024231 1.825409 3.650818
478 474 0.000528 0.025298 1.851074 3.702148
479 475 0.000370 0.020680 1.865387 3.730774
480 476 0.000774 0.018295 1.891754 3.783508
481 477 0.000893 0.020261 1.893433 3.786865
482 478 0.000767 0.015144 1.909363 3.818726
483 479 0.000359 0.012263 1.924225 3.848450
484 480 0.000356 0.012711 1.941406 3.882812
485 481 0.000702 0.011316 1.967743 3.935486
486 482 0.000490 0.012700 1.992950 3.985901
487 483 0.000591 0.012375 2.023834 4.047668
488 484 0.000531 0.012380 2.055664 4.111328
489 485 0.000467 0.012211 2.093018 4.186035
490 486 0.000458 0.009346 2.131958 4.263916
491 487 0.000389 0.006614 2.175201 4.350403
492 488 0.000311 0.006744 2.220276 4.440552
493 489 0.000304 0.007989 2.274292 4.548584
494 490 0.000420 0.013686 2.326996 4.653992
495 491 0.000502 0.009150 2.384918 4.769836
496 492 0.000346 0.011356 2.446136 4.892273
497 493 0.000391 0.013109 2.500000 5.000000
498 494 0.000468 0.012478 2.555664 5.111328
499 495 0.000374 0.012792 2.612305 5.224609
500 496 0.000365 0.014548 2.678223 5.356445
501 497 0.000251 0.008594 2.745941 5.491882
502 498 0.000245 0.009283 2.819672 5.639343
503 499 0.000414 0.008505 2.891693 5.783386
504 500 0.000330 0.014237 2.954803 5.909607
505 501 0.000161 0.015882 3.026123 6.052246
506 502 0.000223 0.015484 3.097076 6.194153
507 503 0.000577 0.017082 3.165222 6.330444
508 504 0.000428 0.014060 3.229797 6.459595
509 505 0.000149 0.009048 3.279663 6.559326
510 506 0.000207 0.009707 3.333557 6.667114
511 507 0.000204 0.008345 3.386963 6.773926
512 508 0.000284 0.009379 3.438049 6.876099
513 509 0.000396 0.010023 3.488159 6.976318
514 510 0.000339 0.013992 3.530121 7.060242
515 511 0.000237 0.015964 3.567200 7.134399
516 512 0.000271 0.015525 3.605591 7.211182
517 513 0.000299 0.016370 3.646729 7.293457
518 514 0.000132 0.012753 3.686493 7.372986
519 515 0.000263 0.012949 3.720093 7.440186
520 516 0.000345 0.013403 3.744415 7.488831
521 517 0.000368 0.012121 3.752319 7.504639
522 518 0.000369 0.015375 3.746124 7.492249
523 519 0.000369 0.015888 3.738800 7.477600
524 520 0.000433 0.012543 3.736298 7.472595
525 521 0.000471 0.012691 3.735596 7.471191
526 522 0.000524 0.011437 3.729584 7.459167
527 523 0.000416 0.011309 3.714966 7.429932
528 524 0.000419 0.009810 3.686890 7.373779
529 525 0.000420 0.010251 3.674805 7.349609
530 526 0.000421 0.009322 3.665161 7.330322
531 527 0.000421 0.009047 3.663483 7.326965
532 528 0.000188 0.007455 3.672729 7.345459
533 529 0.000328 0.006820 3.646576 7.293152
534 530 0.000000 0.008111 3.635040 7.270081
535 531 0.000191 0.007045 3.617950 7.235901
536 532 0.000192 0.010601 3.589722 7.179443
537 533 0.000000 0.009089 3.580872 7.161743
538 534 0.000137 0.009657 3.559021 7.118042
539 535 0.000276 0.008821 3.542511 7.085022
540 536 0.000240 0.010106 3.525055 7.050110
541 537 0.000311 0.009815 3.510162 7.020325
542 538 0.000463 0.010291 3.494965 6.989929
543 539 0.000486 0.012124 3.478424 6.956848
544 540 0.000315 0.014082 3.470154 6.940308
545 541 0.000347 0.015530 3.447784 6.895569
546 542 0.000377 0.013066 3.428162 6.856323
547 543 0.000453 0.014671 3.407379 6.814758
548 544 0.000287 0.012971 3.398224 6.796448
549 545 0.000537 0.010233 3.403656 6.807312
550 546 0.000350 0.010137 3.412781 6.825562
551 547 0.000472 0.003620 3.429016 6.858032
552 548 0.000492 0.005193 3.440918 6.881836
553 549 0.000645 0.010900 3.468567 6.937134
554 550 0.000369 0.007452 3.496643 6.993286
555 551 0.000277 0.008858 3.524933 7.049866
556 552 0.000550 0.005081 3.548523 7.097046
557 553 0.000237 0.003021 3.570282 7.140564
558 554 0.000427 0.003410 3.612762 7.225525
559 555 0.000378 0.002994 3.657104 7.314209
560 556 0.000131 0.003779 3.713867 7.427734
561 557 0.000431 0.005827 3.757843 7.515686
562 558 0.000605 0.005230 3.785645 7.571289
563 559 0.000573 0.005895 3.814178 7.628357
564 560 0.000539 0.004673 3.846405 7.692810
565 561 0.000280 0.005435 3.894440 7.788879
566 562 0.000124 0.006548 3.944366 7.888733
567 563 0.000000 0.004253 3.993195 7.986389
568 564 0.000121 0.003176 4.039948 8.079895
569 565 0.000317 0.003580 4.070526 8.141052
570 566 0.000395 0.003732 4.103638 8.207275
571 567 0.000334 0.004372 4.133148 8.266296
572 568 0.000235 0.004117 4.154968 8.309937
573 569 0.000261 0.005296 4.183167 8.366333
574 570 0.000201 0.006560 4.202454 8.404907
575 571 0.000259 0.008459 4.220154 8.440308
576 572 0.000115 0.008829 4.229126 8.458252
577 573 0.000163 0.006184 4.233826 8.467651
578 574 0.000163 0.004805 4.236572 8.473145
579 575 0.000163 0.004042 4.234131 8.468262
580 576 0.000163 0.001415 4.226166 8.452332
581 577 0.000284 0.001134 4.213135 8.426270
582 578 0.000164 0.003149 4.199707 8.399414
583 579 0.000117 0.003699 4.187469 8.374939
584 580 0.000117 0.002798 4.183350 8.366699
585 581 0.000350 0.004634 4.183960 8.367920
586 582 0.000203 0.003643 4.165405 8.330811
587 583 0.000118 0.004227 4.153381 8.306763
588 584 0.000000 0.002447 4.136993 8.273987
589 585 0.000168 0.002440 4.117432 8.234863
590 586 0.000119 0.002658 4.113678 8.227356
591 587 0.000168 0.003646 4.102936 8.205872
592 588 0.000169 0.004353 4.090118 8.180237
593 589 0.000240 0.005084 4.074219 8.148438
594 590 0.000240 0.006422 4.062378 8.124756
595 591 0.000209 0.006814 4.044128 8.088257
596 592 0.000171 0.005289 4.034515 8.069031
597 593 0.000000 0.007023 4.022156 8.044312
598 594 0.000211 0.004821 4.004608 8.009216
599 595 0.000000 0.005982 3.993134 7.986267
600 596 0.000123 0.007691 3.977020 7.954041
601 597 0.000213 0.006273 3.965302 7.930603
602 598 0.000247 0.007473 3.955383 7.910767
603 599 0.000175 0.006760 3.946564 7.893127
604 600 0.000248 0.008508 3.931763 7.863525
605 601 0.000176 0.007973 3.914520 7.829041
606 602 0.000125 0.006655 3.901123 7.802246
607 603 0.000126 0.008253 3.886230 7.772461
608 604 0.000178 0.009176 3.872192 7.744385
609 605 0.000283 0.008559 3.861694 7.723389
610 606 0.000127 0.007868 3.844452 7.688904
611 607 0.000128 0.006350 3.828217 7.656433
612 608 0.000128 0.005417 3.811829 7.623657
613 609 0.000258 0.005460 3.791565 7.583130
614 610 0.000000 0.007222 3.770264 7.540527
615 611 0.000292 0.007304 3.741119 7.482239
616 612 0.000186 0.007661 3.711395 7.422791
617 613 0.000133 0.008275 3.667175 7.334351
618 614 0.000191 0.008204 3.617462 7.234924
619 615 0.000237 0.008018 3.563263 7.126526
620 616 0.000000 0.007920 3.500336 7.000671
621 617 0.000000 0.007229 3.437683 6.875366
622 618 0.000205 0.009336 3.366119 6.732239
623 619 0.000210 0.008748 3.286346 6.572693
624 620 0.000216 0.009227 3.197937 6.395874
625 621 0.000222 0.013105 3.103699 6.207397
626 622 0.000162 0.018245 3.006287 6.012573
627 623 0.000168 0.020678 2.903931 5.807861
628 624 0.000000 0.017579 2.798553 5.597107
629 625 0.000181 0.018208 2.693146 5.386292
630 626 0.000267 0.013825 2.585571 5.171143
631 627 0.000000 0.014094 2.478577 4.957153
632 628 0.000000 0.016825 2.376007 4.752014
633 629 0.000000 0.014574 2.267609 4.535217
634 630 0.000599 0.013871 2.156799 4.313599
635 631 0.000239 0.017013 2.041260 4.082520
636 632 0.000000 0.016830 1.921082 3.842163
637 633 0.000384 0.022184 1.797638 3.595276
638 634 0.001093 0.031233 1.671844 3.343689
639 635 0.000447 0.021541 1.546234 3.092468
640 636 0.001089 0.035322 1.417725 2.835449
641 637 0.002284 0.038993 1.282593 2.565186
642 638 0.002600 0.056679 1.157623 2.315247
643 639 0.003465 0.071553 1.045013 2.090027
644 640 0.002326 0.053468 0.938873 1.877747
645 641 0.002634 0.051141 0.869476 1.738953
646 642 0.002079 0.051402 0.813507 1.627014
647 643 0.002823 0.061246 0.773529 1.547058
648 644 0.002259 0.030654 0.748627 1.497253
649 645 0.001667 0.047517 0.717407 1.434814
650 646 0.001245 0.051249 0.679199 1.358398
651 647 0.001088 0.073890 0.634613 1.269226
652 648 0.001849 0.066445 0.590607 1.181213
653 649 0.000886 0.052316 0.551025 1.102051
654 650 0.002100 0.052564 0.519806 1.039612
655 651 0.005061 0.104145 0.491943 0.983887
656 652 0.001051 0.045539 0.464752 0.929504
657 653 0.001955 0.083724 0.432495 0.864990
658 654 0.000000 0.066515 0.390778 0.781555
659 655 0.004959 0.044485 0.341095 0.682190
660 656 0.003435 0.094879 0.284302 0.568604
661 657 0.004800 0.098787 0.227478 0.454956
662 658 0.006796 0.117292 0.175995 0.351990
663 659 0.005313 0.103024 0.129974 0.259949
664 660 0.015258 0.208971 0.090515 0.181030
665 661 0.016427 0.359377 0.059448 0.118896
666 662 0.012075 0.526975 0.040436 0.080872
667 663 0.057971 1.125829 0.025269 0.050537
668 664 0.000000 1.103638 0.020142 0.040283
669 665 0.034284 1.604748 0.020142 0.040283
670 666 0.076967 3.447772 0.016785 0.033569
671 667 0.000000 3.266287 0.019531 0.039062
672 668 0.057635 2.726261 0.020752 0.041504
673 669 0.024653 1.333492 0.019806 0.039612
674 670 0.069501 1.954920 0.022217 0.044434
675 671 0.054282 2.173787 0.022034 0.044067
676 672 0.063382 2.041806 0.021790 0.043579
677 673 0.036320 0.944322 0.019012 0.038025
678 674 0.000000 1.096285 0.021362 0.042725
679 675 0.000000 0.999964 0.022247 0.044495
680 676 0.020382 2.056886 0.023956 0.047913
681 677 0.000000 0.899912 0.025970 0.051941
682 678 0.029930 1.109132 0.023071 0.046143
683 679 0.022599 1.146782 0.021606 0.043213
684 680 0.033473 0.761165 0.020630 0.041260
685 681 0.000000 0.925731 0.021637 0.043274
686 682 0.000000 0.962802 0.023163 0.046326
687 683 0.017738 0.767328 0.027527 0.055054
688 684 0.029639 1.194275 0.028534 0.057068
689 685 0.000000 0.895607 0.027863 0.055725
690 686 0.000000 1.078810 0.024811 0.049622
691 687 0.022346 1.287848 0.021851 0.043701
692 688 0.000000 0.601211 0.018921 0.037842
693 689 0.040478 1.205636 0.017059 0.034119
694 690 0.034261 1.832512 0.014252 0.028503
695 691 0.140546 4.040324 0.010986 0.021973
696 692 0.170213 5.278022 0.008606 0.017212
697 693 0.069409 1.716536 0.009949 0.019897
698 694 0.000000 2.088670 0.011047 0.022095
699 695 0.092447 4.660894 0.011810 0.023621
700 696 0.088338 3.841868 0.012360 0.024719
701 697 0.000000 1.277135 0.013397 0.026794
702 698 0.067227 1.290603 0.014526 0.029053
703 699 0.078631 1.947819 0.013885 0.027771
704 700 0.000000 1.168764 0.012329 0.024658
705 701 0.110851 3.068806 0.007629 0.015259
706 702 0.236934 9.175380 0.004608 0.009216
707 703 0.000000 7.914260 0.003815 0.007629
708 704 0.072992 2.533825 0.009460 0.018921
709 705 0.000000 0.874358 0.013611 0.027222
710 706 0.000000 1.388099 0.015991 0.031982
711 707 0.030476 1.628057 0.016022 0.032043
712 708 0.064150 1.450416 0.013184 0.026367
713 709 0.108745 2.324841 0.010040 0.020081
714 710 0.126984 1.578864 0.007690 0.015381
715 711 0.113879 1.890548 0.008575 0.017151
716 712 0.012113 0.907164 0.057007 0.114014
717 713 0.005380 0.943181 0.090759 0.181519
718 714 0.008042 1.060406 0.121429 0.242859
719 715 0.006362 1.068612 0.153503 0.307007
720 716 0.006481 1.118171 0.130493 0.260986
721 717 0.008299 1.143211 0.131561 0.263123
722 718 0.010382 0.959125 0.133026 0.266052
723 719 0.012897 1.002264 0.136505 0.273010
724 720 0.005916 0.746791 0.142944 0.285889
725 721 0.000000 0.596072 0.147888 0.295776
726 722 0.006198 0.471170 0.157562 0.315125
727 723 0.009657 0.268256 0.167694 0.335388
728 724 0.004627 0.291472 0.182770 0.365540
729 725 0.004319 0.254089 0.195801 0.391602
730 726 0.003221 0.225567 0.214355 0.428711
731 727 0.002060 0.128878 0.237061 0.474121
732 728 0.002528 0.117467 0.273193 0.546387
733 729 0.002600 0.096765 0.325256 0.650513
734 730 0.002556 0.077515 0.382050 0.764099
735 731 0.002438 0.095194 0.447876 0.895752
736 732 0.002126 0.034265 0.513489 1.026978
737 733 0.002699 0.009891 0.571991 1.143982
738 734 0.002036 0.024562 0.634430 1.268860
739 735 0.001589 0.013442 0.687225 1.374451
740 736 0.000665 0.048918 0.734375 1.468750
741 737 0.001533 0.061858 0.780365 1.560730
742 738 0.001458 0.133597 0.820312 1.640625
743 739 0.000801 0.136091 0.862000 1.723999
744 740 0.001320 0.109977 0.906403 1.812805
745 741 0.002157 0.111476 0.960602 1.921204
746 742 0.002277 0.042308 1.028198 2.056396
747 743 0.003155 0.075361 1.115906 2.231812
748 744 0.003118 0.068796 1.213196 2.426392
749 745 0.002994 0.053324 1.314667 2.629333
750 746 0.003055 0.045244 1.429352 2.858704
751 747 0.002948 0.016661 1.535980 3.071960
752 748 0.000783 0.028117 1.650787 3.301575
753 749 0.000778 0.026211 1.775391 3.550781
754 750 0.000519 0.039706 1.880951 3.761902
755 751 0.000546 0.024510 1.998779 3.997559
756 752 0.001475 0.016435 2.093079 4.186157
757 753 0.000389 0.027663 2.174011 4.348022
758 754 0.000372 0.018496 2.274811 4.549622
759 755 0.000550 0.031481 2.347137 4.694275
760 756 0.000000 0.013464 2.450409 4.900818
761 757 0.000922 0.012619 2.539032 5.078064
762 758 0.000528 0.013905 2.616913 5.233826
763 759 0.000475 0.010183 2.719818 5.439636
764 760 0.000246 0.016872 2.802338 5.604675
765 761 0.000628 0.013079 2.907410 5.814819
766 762 0.000538 0.011721 3.010742 6.021484
767 763 0.000385 0.011513 3.105255 6.210510
768 764 0.000305 0.010302 3.202393 6.404785
769 765 0.000210 0.010079 3.289032 6.578064
770 766 0.000000 0.008864 3.373749 6.747498
771 767 0.000315 0.008707 3.461731 6.923462
772 768 0.000275 0.010605 3.550140 7.100281
773 769 0.000268 0.012353 3.640961 7.281921
774 770 0.000555 0.014962 3.731628 7.463257
775 771 0.000478 0.012175 3.820068 7.640137
776 772 0.000395 0.009879 3.913544 7.827087
777 773 0.000172 0.006209 4.008636 8.017273
778 774 0.000292 0.005383 4.098663 8.197327
779 775 0.000165 0.007522 4.186279 8.372559
780 776 0.000198 0.004425 4.266846 8.533691
781 777 0.000421 0.007515 4.341736 8.683472
782 778 0.000247 0.008544 4.412109 8.824219
783 779 0.000267 0.010511 4.479218 8.958435
784 780 0.000284 0.009246 4.543945 9.087891
785 781 0.000424 0.006074 4.603699 9.207397
786 782 0.000277 0.009023 4.664215 9.328430
787 783 0.000426 0.008034 4.720551 9.441101
788 784 0.000369 0.006425 4.766571 9.533142
789 785 0.000144 0.008737 4.804474 9.608948
790 786 0.000248 0.008664 4.822388 9.644775
791 787 0.000143 0.005597 4.820984 9.641968
792 788 0.000203 0.008901 4.812836 9.625671
793 789 0.000204 0.007501 4.794159 9.588318
794 790 0.000323 0.007085 4.781464 9.562927
795 791 0.000102 0.006517 4.775024 9.550049
796 792 0.000177 0.005844 4.769867 9.539734
797 793 0.000177 0.006421 4.768921 9.537842
798 794 0.000145 0.006222 4.764313 9.528625
799 795 0.000103 0.008246 4.752655 9.505310
800 796 0.000230 0.005833 4.737915 9.475830
801 797 0.000207 0.007981 4.724365 9.448730
802 798 0.000179 0.005810 4.714233 9.428467
803 799 0.000232 0.005540 4.707367 9.414734
804 800 0.000104 0.004791 4.696350 9.392700
805 801 0.000000 0.004150 4.680054 9.360107
806 802 0.000105 0.002595 4.662140 9.324280
807 803 0.000000 0.003185 4.645386 9.290771
808 804 0.000258 0.003445 4.634583 9.269165
809 805 0.000211 0.003508 4.625549 9.251099
810 806 0.000212 0.007213 4.613159 9.226318
811 807 0.000336 0.008053 4.596558 9.193115
812 808 0.000000 0.004148 4.577332 9.154663
813 809 0.000214 0.006075 4.565613 9.131226
814 810 0.000322 0.005027 4.552795 9.105591
815 811 0.000402 0.007043 4.544067 9.088135
816 812 0.000152 0.001883 4.532227 9.064453
817 813 0.000216 0.003066 4.512390 9.024780
818 814 0.000434 0.006816 4.503723 9.007446
819 815 0.000266 0.009600 4.490601 8.981201
820 816 0.000189 0.015202 4.481384 8.962769
821 817 0.000000 0.014988 4.473145 8.946289
822 818 0.000245 0.014517 4.459473 8.918945
823 819 0.000311 0.012981 4.447144 8.894287
824 820 0.000191 0.010482 4.434570 8.869141
825 821 0.000110 0.009846 4.421509 8.843018
826 822 0.000157 0.008891 4.408325 8.816650
827 823 0.000222 0.008500 4.401001 8.802002
828 824 0.000157 0.006112 4.401001 8.802002
829 825 0.000157 0.007272 4.401794 8.803589
830 826 0.000157 0.008055 4.408813 8.817627
831 827 0.000157 0.005053 4.397156 8.794312
832 828 0.000157 0.004981 4.392212 8.784424
833 829 0.000157 0.003522 4.388062 8.776123
834 830 0.000317 0.008082 4.362610 8.725220
835 831 0.000194 0.009561 4.350830 8.701660
836 832 0.000299 0.014740 4.320007 8.640015
837 833 0.000113 0.013093 4.305054 8.610107
838 834 0.000227 0.010765 4.301147 8.602295
839 835 0.000113 0.007783 4.305298 8.610596
840 836 0.000226 0.010742 4.315857 8.631714
841 837 0.000000 0.009378 4.311096 8.622192
842 838 0.000227 0.009508 4.302368 8.604736
843 839 0.000162 0.008503 4.274719 8.549438
844 840 0.000115 0.011733 4.249146 8.498291
845 841 0.000163 0.013914 4.224976 8.449951
846 842 0.000232 0.019186 4.204834 8.409668
847 843 0.000307 0.016372 4.203491 8.406982
848 844 0.000259 0.007069 4.213928 8.427856
849 845 0.000200 0.002045 4.223694 8.447388
850 846 0.000325 0.003326 4.244446 8.488892
851 847 0.000115 0.004130 4.257568 8.515137
852 848 0.000198 0.002743 4.260742 8.521484
853 849 0.000000 0.003253 4.255615 8.511230
854 850 0.000398 0.010014 4.245911 8.491821
855 851 0.000416 0.016113 4.234741 8.469482
856 852 0.000231 0.015201 4.219666 8.439331
857 853 0.000232 0.013933 4.206543 8.413086
858 854 0.000165 0.008927 4.186401 8.372803
859 855 0.000000 0.001123 4.170166 8.340332
860 856 0.000288 0.001820 4.147217 8.294434
861 857 0.000118 0.002305 4.138123 8.276245
862 858 0.000264 0.003148 4.131714 8.263428
863 859 0.000168 0.003743 4.121216 8.242432
864 860 0.000265 0.005451 4.112488 8.224976
865 861 0.000169 0.009633 4.090027 8.180054
866 862 0.000170 0.009180 4.073303 8.146606
867 863 0.000269 0.009070 4.060974 8.121948
868 864 0.000000 0.008728 4.048462 8.096924
869 865 0.000121 0.008794 4.041504 8.083008
870 866 0.000172 0.008526 4.023865 8.047729
871 867 0.000122 0.008107 4.004272 8.008545
872 868 0.000246 0.009711 3.976685 7.953369
873 869 0.000249 0.010075 3.929321 7.858643
874 870 0.000000 0.009674 3.872131 7.744263
875 871 0.000182 0.013368 3.802612 7.605225
876 872 0.000000 0.008981 3.728516 7.457031
877 873 0.000267 0.010470 3.654907 7.309814
878 874 0.000000 0.008197 3.573730 7.147461
879 875 0.000198 0.008804 3.491150 6.982300
880 876 0.000000 0.010998 3.403748 6.807495
881 877 0.000000 0.013775 3.319397 6.638794
882 878 0.000150 0.013705 3.245483 6.490967
883 879 0.000345 0.015696 3.164490 6.328979
884 880 0.000224 0.016366 3.086853 6.173706
885 881 0.000230 0.014600 3.004028 6.008057
886 882 0.000000 0.017077 2.916992 5.833984
887 883 0.000000 0.018078 2.826782 5.653564
888 884 0.000356 0.017310 2.739624 5.479248
889 885 0.000261 0.020298 2.645691 5.291382
890 886 0.000331 0.021795 2.553955 5.107910
891 887 0.000437 0.025199 2.497559 4.995117
892 888 0.000408 0.024552 2.396179 4.792358
893 889 0.000359 0.025280 2.353333 4.706665
894 890 0.000000 0.020968 2.287170 4.574341
895 891 0.000697 0.020947 2.213806 4.427612
896 892 0.000000 0.011622 2.192200 4.384399
897 893 0.000915 0.019387 2.134277 4.268555
898 894 0.000656 0.019377 2.106445 4.212891
899 895 0.000471 0.023171 2.073853 4.147705
900 896 0.001063 0.039389 2.053650 4.107300
901 897 0.000961 0.052124 2.032532 4.065063
902 898 0.000969 0.045303 2.015869 4.031738
903 899 0.000771 0.047301 2.002808 4.005615
904 900 0.000988 0.036450 1.976990 3.953979
905 901 0.001748 0.042381 1.955688 3.911377
906 902 0.002176 0.046804 1.943176 3.886353
907 903 0.002126 0.043725 1.921936 3.843872
908 904 0.001020 0.034065 1.914612 3.829224
909 905 0.001088 0.021668 1.903931 3.807861
910 906 0.001749 0.029244 1.893555 3.787109
911 907 0.002237 0.036133 1.902832 3.805664
912 908 0.001622 0.021248 1.903503 3.807007
913 909 0.000803 0.013050 1.922974 3.845947
914 910 0.000948 0.009395 1.926819 3.853638
915 911 0.001017 0.014667 1.919800 3.839600
916 912 0.001187 0.024012 1.929688 3.859375
917 913 0.001188 0.023318 1.927612 3.855225
918 914 0.000831 0.030803 1.949097 3.898193
919 915 0.000859 0.032233 1.969971 3.939941
920 916 0.000649 0.025525 1.990845 3.981689
921 917 0.000871 0.029702 2.021362 4.042725
922 918 0.000860 0.023232 2.046265 4.092529
923 919 0.001197 0.020247 2.079773 4.159546
924 920 0.000611 0.014852 2.113037 4.226074
925 921 0.000556 0.005927 2.151611 4.303223
926 922 0.000543 0.005260 2.202087 4.404175
927 923 0.000306 0.006912 2.258240 4.516479
928 924 0.000556 0.004723 2.321655 4.643311
929 925 0.000409 0.008937 2.387512 4.775024
930 926 0.000527 0.009867 2.452087 4.904175
931 927 0.000336 0.008846 2.519470 5.038940
932 928 0.000327 0.012097 2.583984 5.167969
933 929 0.000611 0.009490 2.649475 5.298950
934 930 0.000622 0.010281 2.718506 5.437012
935 931 0.000633 0.007430 2.781128 5.562256
936 932 0.000767 0.010740 2.845581 5.691162
937 933 0.000291 0.001920 2.906921 5.813843
938 934 0.000233 0.006397 2.958191 5.916382
939 935 0.000230 0.009437 3.003601 6.007202
940 936 0.000228 0.009707 3.034973 6.069946
941 937 0.000160 0.008359 3.052185 6.104370
942 938 0.000226 0.008095 3.056824 6.113647
943 939 0.000000 0.006858 3.061523 6.123047
944 940 0.000319 0.006023 3.063232 6.126465
945 941 0.000319 0.002812 3.066101 6.132202
946 942 0.000356 0.003633 3.070557 6.141113
947 943 0.000355 0.006067 3.072266 6.144531
948 944 0.000527 0.002099 3.072266 6.144531
949 945 0.000275 0.002750 3.072815 6.145630
950 946 0.000159 0.003144 3.071777 6.143555
951 947 0.000000 0.009690 3.068237 6.136475
952 948 0.000356 0.008911 3.066284 6.132568
953 949 0.000277 0.015339 3.058105 6.116211
954 950 0.000320 0.014173 3.051697 6.103394
955 951 0.000321 0.011416 3.042053 6.084106
956 952 0.000279 0.013590 3.030151 6.060303
957 953 0.000162 0.009214 3.020020 6.040039
958 954 0.000000 0.012846 3.005493 6.010986
959 955 0.000231 0.016191 2.991333 5.982666
960 956 0.000233 0.017783 2.970032 5.940063
961 957 0.000235 0.022239 2.941833 5.883667
962 958 0.000168 0.017936 2.909546 5.819092
963 959 0.000295 0.015727 2.870911 5.741821
964 960 0.000345 0.017331 2.828369 5.656738
965 961 0.000392 0.015931 2.782104 5.564209
966 962 0.000399 0.017869 2.734314 5.468628
967 963 0.000257 0.019043 2.690186 5.380371
968 964 0.000411 0.020828 2.654236 5.308472
969 965 0.000416 0.022289 2.627136 5.254272
970 966 0.000375 0.021808 2.607544 5.215088
971 967 0.000377 0.018597 2.587036 5.174072
972 968 0.000269 0.014970 2.567627 5.135254
973 969 0.000192 0.011546 2.547180 5.094360
974 970 0.000473 0.013158 2.526733 5.053467
975 971 0.000000 0.015389 2.508545 5.017090
976 972 0.000196 0.015935 2.491150 4.982300
977 973 0.000197 0.020452 2.473816 4.947632
978 974 0.000344 0.023058 2.458862 4.917725
979 975 0.000282 0.025379 2.445740 4.891479
980 976 0.000284 0.027818 2.434692 4.869385
981 977 0.000201 0.025043 2.426392 4.852783
982 978 0.000202 0.023546 2.415405 4.830811
983 979 0.000203 0.021706 2.406555 4.813110
984 980 0.000288 0.017060 2.396912 4.793823
985 981 0.000204 0.020123 2.387695 4.775391
986 982 0.000205 0.021608 2.376160 4.752319
987 983 0.000207 0.020123 2.363220 4.726440
988 984 0.000588 0.025688 2.347534 4.695068
989 985 0.000555 0.025218 2.327209 4.654419
990 986 0.000000 0.018494 2.302124 4.604248
991 987 0.000000 0.014847 2.271790 4.543579
992 988 0.000309 0.014362 2.235413 4.470825
993 989 0.000498 0.012916 2.193665 4.387329
994 990 0.000227 0.017388 2.152344 4.304688
995 991 0.000328 0.023965 2.106995 4.213989
996 992 0.000335 0.021782 2.059875 4.119751
997 993 0.000000 0.024157 2.012939 4.025879
998 994 0.000351 0.022972 1.967224 3.934448
999 995 0.000000 0.019276 1.919922 3.839844
1000 996 0.000260 0.016286 1.876526 3.753052
1001 997 0.000377 0.014087 1.830017 3.660034
1002 998 0.000389 0.010912 1.776550 3.553101
1003 999 0.000689 0.010281 1.736511 3.473022
1004 1000 0.000000 0.006734 1.654297 3.308594
1005 1001 0.000308 0.007319 1.585388 3.170776
1006 1002 0.000459 0.008141 1.505615 3.011230
1007 1003 0.000348 0.024128 1.404907 2.809814
1008 1004 0.000000 0.017101 1.338501 2.677002
1009 1005 0.000389 0.019786 1.255981 2.511963
1010 1006 0.000000 0.027339 1.189392 2.378784
1011 1007 0.000607 0.020576 1.137146 2.274292
1012 1008 0.000000 0.024231 1.093201 2.186401
1013 1009 0.000458 0.021501 1.065491 2.130981
1014 1010 0.000000 0.022409 1.047729 2.095459
1015 1011 0.000667 0.031096 1.034912 2.069824
1016 1012 0.000672 0.034441 1.027466 2.054932
1017 1013 0.000000 0.034452 1.020874 2.041748
1018 1014 0.000000 0.032546 1.013916 2.027832
1019 1015 0.000687 0.024517 1.004761 2.009521
1020 1016 0.000488 0.018506 1.000244 2.000488
1021 1017 0.000982 0.020791 0.994690 1.989380
1022 1018 0.000854 0.016641 0.989807 1.979614
1023 1019 0.000494 0.024493 0.987610 1.975220
1024 1020 0.000497 0.026790 0.982300 1.964600
1025 1021 0.001000 0.031465 0.976440 1.952881
1026 1022 0.000000 0.040380 0.972107 1.944214
1027 1023 0.000000 0.041208 0.964233 1.928467
1028 1024 0.000722 0.051070 0.956238 1.912476
1029 1025 0.000512 0.044092 0.952942 1.905884
1030 1026 0.000000 0.036360 0.946350 1.892700
1031 1027 0.000517 0.025161 0.944641 1.889282
1032 1028 0.000733 0.020377 0.942078 1.884155
1033 1029 0.001044 0.011021 0.935181 1.870361
1034 1030 0.001050 0.017640 0.929993 1.859985
1035 1031 0.000529 0.008946 0.923218 1.846436
1036 1032 0.000532 0.004542 0.917969 1.835938
1037 1033 0.000921 0.010478 0.917847 1.835693
1038 1034 0.000000 0.016617 0.914795 1.829590
1039 1035 0.000536 0.026518 0.911682 1.823364
1040 1036 0.000537 0.030545 0.908447 1.816895
1041 1037 0.000541 0.036437 0.902344 1.804688
1042 1038 0.000543 0.031254 0.899109 1.798218
1043 1039 0.000769 0.026725 0.897461 1.794922
1044 1040 0.000542 0.023391 0.900696 1.801392
1045 1041 0.000000 0.022748 0.911499 1.822998
1046 1042 0.000905 0.025170 0.934814 1.869629
1047 1043 0.000712 0.028446 0.970032 1.940063
1048 1044 0.000964 0.033669 1.013062 2.026123
1049 1045 0.000799 0.026592 1.059021 2.118042
1050 1046 0.000000 0.025373 1.104797 2.209595
1051 1047 0.000426 0.016438 1.147339 2.294678
1052 1048 0.000582 0.007254 1.185852 2.371704
1053 1049 0.000800 0.009087 1.221191 2.442383
1054 1050 0.000551 0.012886 1.252808 2.505615
1055 1051 0.000380 0.013315 1.285461 2.570923
1056 1052 0.000000 0.011333 1.317078 2.634155
1057 1053 0.000512 0.024644 1.349487 2.698975
1058 1054 0.000000 0.016557 1.381042 2.762085
1059 1055 0.000346 0.014810 1.412170 2.824341
1060 1056 0.000477 0.023275 1.447754 2.895508
1061 1057 0.000569 0.007700 1.485840 2.971680
1062 1058 0.000552 0.033635 1.531006 3.062012
1063 1059 0.000619 0.053838 1.576782 3.153564
1064 1060 0.000962 0.067041 1.605530 3.211060
1065 1061 0.000603 0.091389 1.618835 3.237671
1066 1062 0.000960 0.101697 1.609070 3.218140
1067 1063 0.001445 0.072371 1.585449 3.170898
1068 1064 0.001768 0.065446 1.562195 3.124390
1069 1065 0.001228 0.059298 1.540222 3.080444
1070 1066 0.000785 0.057311 1.524109 3.048218
1071 1067 0.000856 0.052878 1.510010 3.020020
1072 1068 0.000920 0.053019 1.501770 3.003540
1073 1069 0.000327 0.054142 1.493103 2.986206
1074 1070 0.000467 0.054571 1.479919 2.959839
1075 1071 0.000472 0.052031 1.462402 2.924805
1076 1072 0.000958 0.047186 1.442017 2.884033
1077 1073 0.000594 0.037710 1.424072 2.848145
1078 1074 0.000978 0.038285 1.411560 2.823120
1079 1075 0.000984 0.038817 1.403503 2.807007
1080 1076 0.001786 0.030770 1.393982 2.787964
1081 1077 0.001542 0.019585 1.380371 2.760742
1082 1078 0.001240 0.017552 1.364624 2.729248
1083 1079 0.001377 0.033336 1.326721 2.653442
1084 1080 0.000867 0.022640 1.258606 2.517212
1085 1081 0.000946 0.027364 1.154724 2.309448
1086 1082 0.001071 0.015674 1.019226 2.038452
1087 1083 0.001374 0.017108 0.870544 1.741089
1088 1084 0.000000 0.029669 0.721252 1.442505
1089 1085 0.000842 0.009866 0.579651 1.159302
1090 1086 0.000000 0.036856 0.438293 0.876587
1091 1087 0.000000 0.020922 0.302856 0.605713
1092 1088 0.003889 0.061833 0.177551 0.355103
1093 1089 0.006730 0.096891 0.102600 0.205200
1094 1090 0.008859 0.174274 0.055115 0.110229
1095 1091 0.014679 0.348778 0.033264 0.066528
1096 1092 0.013180 0.386662 0.037048 0.074097
1097 1093 0.000000 0.628108 0.023438 0.046875
1098 1094 0.045437 0.806176 0.015198 0.030396
1099 1095 0.000000 0.711982 0.012146 0.024292
1100 1096 0.066162 0.806470 0.010437 0.020874
