10 6 0.001325 0.027916 1.427208 2.854416
11 7 0.001147 0.029182 1.474965 2.949930
12 8 0.000912 0.019807 1.513958 3.027915
13 9 0.000444 0.013508 1.556427 3.112854
14 10 0.000431 0.011970 1.600604 3.201209
15 11 0.000515 0.009143 1.643711 3.287422
16 12 0.000816 0.010751 1.691828 3.383656
17 13 0.001010 0.010506 1.742290 3.484581
18 14 0.000385 0.005534 1.793675 3.587351
19 15 0.000529 0.006706 1.847003 3.694006
20 16 0.000627 0.011107 1.906871 3.813742
21 17 0.000000 0.007163 1.958572 3.917145
22 18 0.000727 0.009008 2.015133 4.030266
23 19 0.000668 0.010070 2.068995 4.137990
24 20 0.000400 0.009503 2.116337 4.232674
25 21 0.000225 0.012360 2.172064 4.344128
26 22 0.000220 0.018106 2.215546 4.431091
27 23 0.000891 0.023439 2.260404 4.520807
28 24 0.000368 0.028673 2.300024 4.600048
29 25 0.000208 0.032400 2.346324 4.692648
30 26 0.000289 0.030644 2.393480 4.786961
31 27 0.000000 0.023234 2.442870 4.885740
32 28 0.000339 0.021311 2.495955 4.991911
33 29 0.000384 0.015818 2.545444 5.090889
34 30 0.000188 0.018408 2.598531 5.197062
35 31 0.000260 0.023814 2.651640 5.303280
36 32 0.000254 0.015261 2.721600 5.443199
37 33 0.000251 0.015130 2.755398 5.510796
38 34 0.000301 0.010077 2.806347 5.612694
39 35 0.000000 0.005991 2.859779 5.719559
40 36 0.000337 0.011810 2.894838 5.789677
41 37 0.000233 0.007487 2.966869 5.933739
42 38 0.000229 0.004299 3.017771 6.035542
43 39 0.000356 0.008237 3.069166 6.138332
44 40 0.000222 0.012447 3.115784 6.231567
45 41 0.000266 0.019269 3.175745 6.351490
46 42 0.000000 0.012828 3.212849 6.425697
47 43 0.000368 0.015377 3.253139 6.506279
48 44 0.000257 0.015905 3.291014 6.582027
49 45 0.000295 0.011440 3.312328 6.624657
50 46 0.000206 0.014776 3.355188 6.710377
51 47 0.000478 0.011881 3.390947 6.781895
52 48 0.000318 0.010459 3.430063 6.860126
53 49 0.000243 0.011850 3.474916 6.949833
54 50 0.000196 0.010072 3.522894 7.045788
55 51 0.000194 0.011084 3.567131 7.134262
56 52 0.000191 0.011778 3.614250 7.228500
57 53 0.000189 0.008007 3.654650 7.309299
58 54 0.000349 0.009526 3.697771 7.395542
59 55 0.000261 0.010055 3.744160 7.488319
60 56 0.000182 0.014434 3.794998 7.589996
61 57 0.000422 0.007422 3.840836 7.681671
62 58 0.000433 0.007302 3.906166 7.812332
63 59 0.000000 0.013495 3.975868 7.951736
64 60 0.000453 0.018685 4.037041 8.074081
65 61 0.000000 0.023546 4.105789 8.211578
66 62 0.000204 0.022835 4.153049 8.306099
67 63 0.000233 0.016357 4.192532 8.385063
68 64 0.000163 0.011894 4.231789 8.463577
69 65 0.000256 0.009158 4.259949 8.519897
70 66 0.000000 0.009624 4.274372 8.548744
71 67 0.000228 0.012998 4.278103 8.556206
72 68 0.000255 0.011631 4.273338 8.546677
73 69 0.000114 0.009366 4.278137 8.556274
74 70 0.000114 0.009120 4.285240 8.570480
75 71 0.000278 0.004353 4.296692 8.593384
76 72 0.000321 0.005310 4.306671 8.613342
77 73 0.000321 0.011125 4.296463 8.592926
78 74 0.000198 0.013134 4.282017 8.564034
79 75 0.000198 0.018248 4.261585 8.523170
80 76 0.000162 0.019238 4.254234 8.508469
81 77 0.000397 0.014481 4.259266 8.518532
82 78 0.000280 0.010900 4.274174 8.548347
83 79 0.000322 0.005731 4.291183 8.582367
84 80 0.000278 0.002515 4.299358 8.598717
85 81 0.000321 0.004211 4.307091 8.614182
86 82 0.000160 0.006141 4.303997 8.607994
87 83 0.000277 0.004378 4.313480 8.626961
88 84 0.000196 0.002738 4.311218 8.622437
89 85 0.000299 0.006986 4.314571 8.629143
90 86 0.000391 0.010052 4.325912 8.651825
91 87 0.000225 0.007780 4.331398 8.662796
92 88 0.000224 0.009156 4.350372 8.700745
93 89 0.000623 0.012711 4.363564 8.727127
94 90 0.000352 0.008037 4.391167 8.782333
95 91 0.000414 0.006331 4.409157 8.818314
96 92 0.000383 0.011635 4.412399 8.824799
97 93 0.000220 0.013421 4.430817 8.861633
98 94 0.000156 0.014785 4.434540 8.869080
99 95 0.000347 0.022054 4.451836 8.903671
100 96 0.000288 0.019945 4.486229 8.972458
101 97 0.000286 0.020255 4.513283 9.026566
102 98 0.000469 0.021373 4.536781 9.073563
103 99 0.000214 0.017037 4.554153 9.108307
104 100 0.000000 0.016758 4.570435 9.140869
105 101 0.000213 0.016555 4.581215 9.162430
106 102 0.000150 0.014375 4.600159 9.200317
107 103 0.000183 0.016643 4.621117 9.242233
108 104 0.000332 0.018021 4.644112 9.288223
109 105 0.000105 0.019941 4.662766 9.325531
110 106 0.000346 0.017881 4.674530 9.349060
111 107 0.000104 0.014366 4.694611 9.389221
112 108 0.000000 0.010451 4.715546 9.431091
113 109 0.000231 0.008225 4.736633 9.473267
114 110 0.000205 0.008204 4.760239 9.520477
115 111 0.000204 0.010023 4.780075 9.560150
116 112 0.000270 0.013389 4.791603 9.583206
117 113 0.000227 0.013805 4.809082 9.618164
118 114 0.000267 0.013213 4.832275 9.664551
119 115 0.000201 0.009598 4.850517 9.701035
120 116 0.000425 0.010488 4.873535 9.747070
121 117 0.000299 0.009838 4.891205 9.782410
122 118 0.000244 0.008583 4.904251 9.808502
123 119 0.000222 0.012486 4.916733 9.833466
124 120 0.000221 0.014894 4.929451 9.858902
125 121 0.000197 0.011606 4.946701 9.893402
126 122 0.000241 0.013757 4.961998 9.923996
127 123 0.000139 0.012656 4.974998 9.949997
128 124 0.000169 0.011517 4.993034 9.986069
129 125 0.000338 0.012058 4.999695 9.999390
130 126 0.000323 0.010974 5.020126 10.040253
131 127 0.000237 0.011704 5.040413 10.080826
132 128 0.000255 0.011969 5.056740 10.113480
133 129 0.000167 0.008961 5.079254 10.158508
134 130 0.000000 0.008036 5.084396 10.168793
135 131 0.000000 0.007060 5.091034 10.182068
136 132 0.000136 0.006721 5.093262 10.186523
137 133 0.000135 0.006131 5.097794 10.195587
138 134 0.000235 0.007230 5.093285 10.186569
139 135 0.000254 0.008377 5.090897 10.181793
140 136 0.000343 0.006526 5.128822 10.257645
141 137 0.000136 0.008607 5.069611 10.139221
142 138 0.000137 0.008769 5.057793 10.115585
143 139 0.000257 0.008746 5.035233 10.070465
144 140 0.000000 0.016486 4.970657 9.941315
145 141 0.000219 0.010269 4.988678 9.977356
146 142 0.000221 0.008920 4.947708 9.895416
147 143 0.000282 0.014102 4.900635 9.801270
148 144 0.000101 0.014117 4.852386 9.704773
149 145 0.000352 0.016313 4.804581 9.609161
150 146 0.000251 0.016538 4.767715 9.535431
151 147 0.000146 0.013290 4.728073 9.456146
152 148 0.000104 0.012773 4.681305 9.362610
153 149 0.000333 0.012867 4.632751 9.265503
154 150 0.000150 0.015662 4.589554 9.179108
155 151 0.000284 0.015864 4.553619 9.107239
156 152 0.000264 0.013186 4.527023 9.054047
157 153 0.000188 0.010393 4.508270 9.016541
158 154 0.000109 0.008206 4.490616 8.981232
159 155 0.000154 0.003419 4.476257 8.952515
160 156 0.000000 0.001272 4.459366 8.918732
161 157 0.000110 0.001672 4.439362 8.878723
162 158 0.000000 0.002528 4.420181 8.840363
163 159 0.000248 0.004427 4.400558 8.801117
164 160 0.000157 0.004662 4.388535 8.777069
165 161 0.000000 0.007987 4.383926 8.767853
166 162 0.000000 0.011919 4.379639 8.759277
167 163 0.000223 0.015647 4.372971 8.745941
168 164 0.000388 0.022546 4.358734 8.717468
169 165 0.000299 0.021456 4.327118 8.654236
170 166 0.000301 0.019428 4.291260 8.582520
171 167 0.000459 0.021725 4.254883 8.509766
172 168 0.000164 0.014572 4.214645 8.429291
173 169 0.000437 0.015173 4.185181 8.370361
174 170 0.000513 0.014015 4.149460 8.298920
175 171 0.000237 0.009775 4.113052 8.226105
176 172 0.000339 0.011294 4.074112 8.148224
177 173 0.000121 0.004581 4.033279 8.066559
178 174 0.000273 0.007189 4.000671 8.001343
179 175 0.000326 0.008104 3.966660 7.933319
180 176 0.000000 0.010927 3.933838 7.867676
181 177 0.000250 0.016165 3.900772 7.801544
182 178 0.000219 0.016786 3.865433 7.730865
183 179 0.000180 0.014323 3.829361 7.658722
184 180 0.000258 0.014922 3.778152 7.556305
185 181 0.000321 0.016236 3.730179 7.460358
186 182 0.000377 0.018938 3.667343 7.334686
187 183 0.000469 0.024856 3.609680 7.219360
188 184 0.000387 0.022724 3.565903 7.131805
189 185 0.000438 0.019045 3.528336 7.056671
190 186 0.000368 0.016092 3.507217 7.014435
191 187 0.000345 0.015681 3.463638 6.927277
192 188 0.000246 0.015498 3.434586 6.869171
193 189 0.000476 0.019798 3.400635 6.801270
194 190 0.000000 0.020946 3.376465 6.752930
195 191 0.000145 0.019447 3.372574 6.745148
196 192 0.000355 0.015915 3.366608 6.733215
197 193 0.000145 0.016126 3.365463 6.730927
198 194 0.000206 0.013192 3.358551 6.717102
199 195 0.000000 0.013865 3.355545 6.711090
200 196 0.000357 0.014602 3.353165 6.706329
201 197 0.000324 0.011502 3.365250 6.730499
202 198 0.000385 0.015440 3.353302 6.706604
203 199 0.000356 0.016064 3.362564 6.725128
204 200 0.000205 0.018824 3.371994 6.743988
205 201 0.000145 0.020630 3.375412 6.750824
206 202 0.000203 0.010630 3.405823 6.811646
207 203 0.000201 0.007796 3.432663 6.865326
208 204 0.000282 0.009385 3.468002 6.936005
209 205 0.000278 0.010732 3.509171 7.018341
210 206 0.000137 0.010784 3.551392 7.102783
211 207 0.000192 0.012100 3.590744 7.181488
212 208 0.000190 0.011724 3.634033 7.268066
213 209 0.000188 0.012348 3.675125 7.350250
214 210 0.000000 0.011178 3.726486 7.452972
215 211 0.000259 0.015838 3.777023 7.554047
216 212 0.000128 0.015467 3.822891 7.645782
217 213 0.000000 0.013889 3.867905 7.735809
218 214 0.000000 0.016259 3.912933 7.825867
219 215 0.000213 0.009671 3.976349 7.952698
220 216 0.000386 0.014447 4.004166 8.008331
221 217 0.000319 0.019173 4.054092 8.108185
222 218 0.000206 0.019685 4.104279 8.208557
223 219 0.000167 0.020197 4.139313 8.278625
224 220 0.000349 0.019306 4.200867 8.401733
225 221 0.000230 0.016647 4.245636 8.491272
226 222 0.000341 0.016982 4.293274 8.586548
227 223 0.000319 0.017219 4.331970 8.663940
228 224 0.000485 0.014624 4.387848 8.775696
229 225 0.000381 0.018605 4.439697 8.879395
230 226 0.000407 0.017187 4.484894 8.969788
231 227 0.000403 0.016120 4.538757 9.077515
232 228 0.000301 0.017156 4.584763 9.169525
233 229 0.000349 0.013171 4.635025 9.270050
234 230 0.000312 0.010329 4.695755 9.391510
235 231 0.000272 0.012523 4.746979 9.493958
236 232 0.000366 0.012548 4.812454 9.624908
237 233 0.000363 0.011929 4.855438 9.710876
238 234 0.000264 0.013945 4.896973 9.793945
239 235 0.000297 0.015333 4.939514 9.879028
240 236 0.000197 0.019949 4.964706 9.929413
241 237 0.000238 0.020413 5.014984 10.029968
242 238 0.000236 0.020036 5.058563 10.117126
243 239 0.000235 0.021909 5.099899 10.199799
244 240 0.000268 0.020400 5.144379 10.288757
245 241 0.000266 0.019600 5.183533 10.367065
246 242 0.000310 0.018571 5.223114 10.446228
247 243 0.000359 0.017016 5.274109 10.548218
248 244 0.000275 0.015303 5.319611 10.639221
249 245 0.000257 0.017321 5.374084 10.748169
250 246 0.000220 0.018711 5.428436 10.856873
251 247 0.000089 0.018826 5.467834 10.935669
252 248 0.000234 0.018511 5.511047 11.022095
253 249 0.000279 0.022696 5.543732 11.087463
254 250 0.000248 0.024554 5.573975 11.147949
255 251 0.000151 0.024849 5.617615 11.235229
256 252 0.000122 0.024971 5.655365 11.310730
257 253 0.000121 0.021356 5.694290 11.388580
258 254 0.000190 0.019662 5.735199 11.470398
259 255 0.000240 0.021592 5.759521 11.519043
260 256 0.000357 0.020745 5.805420 11.610840
261 257 0.000335 0.016523 5.834427 11.668854
262 258 0.000416 0.016307 5.872925 11.745850
263 259 0.000298 0.014174 5.913635 11.827271
264 260 0.000285 0.015772 5.932312 11.864624
265 261 0.000306 0.017439 5.968109 11.936218
266 262 0.000337 0.015937 5.981842 11.963684
267 263 0.000355 0.014706 6.002014 12.004028
268 264 0.000354 0.012761 6.020630 12.041260
269 265 0.000362 0.012587 6.031586 12.063171
270 266 0.000268 0.015014 6.049774 12.099548
271 267 0.000197 0.016660 6.071014 12.142029
272 268 0.000160 0.018221 6.089905 12.179810
273 269 0.000000 0.022977 6.102356 12.204712
274 270 0.000113 0.023399 6.113159 12.226318
275 271 0.000113 0.024288 6.123779 12.247559
276 272 0.000159 0.025871 6.134003 12.268005
277 273 0.000137 0.023610 6.151855 12.303711
278 274 0.000158 0.026087 6.162354 12.324707
279 275 0.000194 0.021636 6.163605 12.327209
280 276 0.000079 0.019960 6.153229 12.306458
281 277 0.000195 0.018599 6.122742 12.245483
282 278 0.000227 0.016531 6.080811 12.161621
283 279 0.000140 0.022555 6.022308 12.044617
284 280 0.000163 0.021411 5.979126 11.958252
285 281 0.000260 0.028067 5.931976 11.863953
286 282 0.000185 0.029566 5.888916 11.777832
287 283 0.000334 0.028325 5.847595 11.695190
288 284 0.000316 0.031219 5.788757 11.577515
289 285 0.000170 0.022990 5.737518 11.475037
290 286 0.000285 0.025224 5.677826 11.355652
291 287 0.000150 0.025946 5.626221 11.252441
292 288 0.000232 0.024607 5.573303 11.146606
293 289 0.000234 0.029687 5.515808 11.031616
294 290 0.000309 0.025492 5.468506 10.937012
295 291 0.000313 0.028038 5.411743 10.823486
296 292 0.000398 0.029586 5.345734 10.691467
297 293 0.000226 0.029082 5.283569 10.567139
298 294 0.000324 0.030998 5.224304 10.448608
299 295 0.000134 0.028362 5.171692 10.343384
300 296 0.000269 0.029126 5.130341 10.260681
301 297 0.000359 0.031359 5.089172 10.178345
302 298 0.000274 0.031202 5.046692 10.093384
303 299 0.000218 0.035785 5.005829 10.011658
304 300 0.000197 0.032946 4.967194 9.934387
305 301 0.000397 0.033885 4.925568 9.851135
306 302 0.000346 0.034290 4.881714 9.763428
307 303 0.000319 0.032487 4.837677 9.675354
308 304 0.000203 0.034432 4.800385 9.600769
309 305 0.000306 0.029404 4.779785 9.559570
310 306 0.000232 0.032319 4.716125 9.432251
311 307 0.000148 0.034934 4.662354 9.324707
312 308 0.000260 0.032690 4.598694 9.197388
313 309 0.000108 0.039523 4.522125 9.044250
314 310 0.000377 0.044406 4.483154 8.966309
315 311 0.000221 0.035893 4.425201 8.850403
316 312 0.000486 0.041023 4.379517 8.759033
317 313 0.000159 0.037741 4.343658 8.687317
318 314 0.000160 0.025107 4.318420 8.636841
319 315 0.000322 0.026760 4.292694 8.585388
320 316 0.000487 0.024973 4.257355 8.514709
321 317 0.000328 0.025037 4.211975 8.423950
322 318 0.000371 0.030588 4.163574 8.327148
323 319 0.000264 0.032475 4.131439 8.262878
324 320 0.000168 0.031924 4.103058 8.206116
325 321 0.000169 0.024550 4.079010 8.158020
326 322 0.000318 0.023825 4.056122 8.112244
327 323 0.000209 0.018510 4.039490 8.078979
328 324 0.000210 0.011923 4.029419 8.058838
329 325 0.000172 0.013540 4.007263 8.014526
330 326 0.000245 0.013749 3.993286 7.986572
331 327 0.000325 0.014340 3.976013 7.952026
332 328 0.000478 0.010730 3.960114 7.920227
333 329 0.000276 0.014417 3.958496 7.916992
334 330 0.000327 0.007757 3.952759 7.905518
335 331 0.000175 0.007195 3.937653 7.875305
336 332 0.000249 0.012436 3.920898 7.841797
337 333 0.000250 0.007128 3.905823 7.811646
338 334 0.000434 0.005379 3.893280 7.786560
339 335 0.000126 0.008036 3.885406 7.770813
340 336 0.000308 0.006911 3.880554 7.761108
341 337 0.000000 0.009171 3.874603 7.749207
342 338 0.000252 0.012226 3.870117 7.740234
343 339 0.000000 0.013690 3.864807 7.729614
344 340 0.000253 0.013224 3.855530 7.711060
345 341 0.000284 0.009701 3.846191 7.692383
346 342 0.000441 0.010970 3.832520 7.665039
347 343 0.000313 0.007690 3.819977 7.639954
348 344 0.000529 0.007263 3.805939 7.611877
349 345 0.000364 0.013115 3.791382 7.582764
350 346 0.000258 0.007432 3.782410 7.564819
351 347 0.000289 0.010704 3.780914 7.561829
352 348 0.000408 0.006514 3.787781 7.575562
353 349 0.000128 0.005387 3.803223 7.606445
354 350 0.000255 0.006555 3.823059 7.646118
355 351 0.000180 0.004421 3.844269 7.688538
356 352 0.000179 0.006098 3.866547 7.733093
357 353 0.000218 0.003179 3.887146 7.774292
358 354 0.000000 0.006343 3.904785 7.809570
359 355 0.000278 0.010510 3.922333 7.844666
360 356 0.000000 0.009980 3.935547 7.871094
361 357 0.000000 0.011637 3.946075 7.892151
362 358 0.000327 0.009414 3.953888 7.907776
363 359 0.000214 0.009307 3.958984 7.917969
364 360 0.000174 0.010085 3.969299 7.938599
365 361 0.000325 0.012726 3.980774 7.961548
366 362 0.000174 0.015753 3.972961 7.945923
367 363 0.000246 0.010828 3.970062 7.940125
368 364 0.000213 0.008100 3.963257 7.926514
369 365 0.000175 0.008174 3.954987 7.909973
370 366 0.000000 0.007621 3.960968 7.921936
371 367 0.000302 0.005029 3.962708 7.925415
372 368 0.000409 0.006841 3.961731 7.923462
373 369 0.000302 0.005911 3.955353 7.910706
374 370 0.000462 0.006326 3.956909 7.913818
375 371 0.000214 0.008649 3.952606 7.905212
376 372 0.000303 0.008782 3.952057 7.904114
377 373 0.000124 0.008403 3.953522 7.907043
378 374 0.000276 0.011829 3.949615 7.899231
379 375 0.000175 0.008084 3.943909 7.887817
380 376 0.000277 0.010232 3.935272 7.870544
381 377 0.000176 0.010141 3.924103 7.848206
382 378 0.000216 0.016634 3.910187 7.820374
383 379 0.000416 0.009791 3.897125 7.794250
384 380 0.000356 0.006223 3.877106 7.754211
385 381 0.000126 0.007477 3.864349 7.728699
386 382 0.000358 0.009565 3.858124 7.716248
387 383 0.000337 0.010377 3.833191 7.666382
388 384 0.000128 0.009782 3.821594 7.643188
389 385 0.000128 0.008018 3.802185 7.604370
390 386 0.000258 0.007101 3.785400 7.570801
391 387 0.000428 0.005623 3.780243 7.560486
392 388 0.000410 0.004674 3.769958 7.539917
393 389 0.000130 0.004457 3.758881 7.517761
394 390 0.000345 0.005925 3.746399 7.492798
395 391 0.000184 0.008879 3.746185 7.492371
396 392 0.000432 0.007743 3.748718 7.497437
397 393 0.000431 0.007497 3.756165 7.512329
398 394 0.000519 0.004904 3.764404 7.528809
399 395 0.000466 0.014288 3.778381 7.556763
400 396 0.000257 0.024479 3.796173 7.592346
401 397 0.000256 0.030408 3.810364 7.620728
402 398 0.000478 0.043160 3.820587 7.641174
403 399 0.000221 0.036733 3.821930 7.643860
404 400 0.000181 0.032267 3.819092 7.638184
405 401 0.000338 0.028980 3.827576 7.655151
406 402 0.000255 0.026112 3.834412 7.668823
407 403 0.000311 0.021001 3.845428 7.690857
408 404 0.000253 0.017101 3.854034 7.708069
409 405 0.000283 0.016693 3.861450 7.722900
410 406 0.000178 0.014865 3.871765 7.743530
411 407 0.000218 0.012876 3.871460 7.742920
412 408 0.000398 0.012193 3.880798 7.761597
413 409 0.000178 0.011658 3.889496 7.778992
414 410 0.000662 0.011392 3.903564 7.807129
415 411 0.000215 0.010580 3.926758 7.853516
416 412 0.000124 0.009496 3.938660 7.877319
417 413 0.000214 0.009828 3.945618 7.891235
418 414 0.000446 0.011426 3.943756 7.887512
419 415 0.000303 0.013540 3.942444 7.884888
420 416 0.000304 0.013490 3.940308 7.880615
421 417 0.000176 0.010157 3.933685 7.867371
422 418 0.000124 0.007770 3.928955 7.857910
423 419 0.000249 0.011157 3.921661 7.843323
424 420 0.000352 0.010647 3.922699 7.845398
425 421 0.000249 0.010196 3.920532 7.841064
426 422 0.000249 0.007487 3.918335 7.836670
427 423 0.000330 0.009083 3.911591 7.823181
428 424 0.000000 0.013014 3.913055 7.826111
429 425 0.000354 0.010258 3.897186 7.794373
430 426 0.000177 0.013116 3.899353 7.798706
431 427 0.000125 0.011469 3.902832 7.805664
432 428 0.000251 0.008499 3.889221 7.778442
433 429 0.000176 0.013792 3.914673 7.829346
434 430 0.000125 0.010182 3.905518 7.811035
435 431 0.000000 0.014506 3.930573 7.861145
436 432 0.000465 0.010918 3.930237 7.860474
437 433 0.000124 0.008041 3.937347 7.874695
438 434 0.000246 0.011449 3.964233 7.928467
439 435 0.000174 0.010612 3.970459 7.940918
440 436 0.000172 0.015245 4.008453 8.016907
441 437 0.000121 0.009694 4.033325 8.066650
442 438 0.000120 0.006835 4.052521 8.105042
443 439 0.000208 0.008231 4.072571 8.145142
444 440 0.000316 0.006285 4.094666 8.189331
445 441 0.000291 0.007511 4.107971 8.215942
446 442 0.000313 0.011374 4.132050 8.264099
447 443 0.000118 0.010468 4.148468 8.296936
448 444 0.000287 0.012200 4.165649 8.331299
449 445 0.000330 0.010974 4.186890 8.373779
450 446 0.000284 0.009017 4.205566 8.411133
451 447 0.000200 0.007901 4.221710 8.443420
452 448 0.000115 0.004900 4.239105 8.478210
453 449 0.000281 0.005664 4.255096 8.510193
454 450 0.000280 0.007741 4.270203 8.540405
455 451 0.000197 0.005262 4.290192 8.580383
456 452 0.000227 0.007094 4.306488 8.612976
457 453 0.000422 0.007886 4.328888 8.657776
458 454 0.000112 0.004350 4.346619 8.693237
459 455 0.000371 0.007072 4.365387 8.730774
460 456 0.000273 0.005109 4.383392 8.766785
461 457 0.000248 0.008481 4.397125 8.794250
462 458 0.000293 0.005875 4.411346 8.822693
463 459 0.000110 0.007939 4.420746 8.841492
464 460 0.000270 0.004844 4.432526 8.865051
465 461 0.000155 0.002174 4.448242 8.896484
466 462 0.000218 0.003377 4.470764 8.941528
467 463 0.000188 0.008532 4.490326 8.980652
468 464 0.000306 0.005100 4.508911 9.017822
469 465 0.000265 0.005504 4.521271 9.042542
470 466 0.000108 0.006575 4.529388 9.058777
471 467 0.000215 0.003934 4.542236 9.084473
472 468 0.000214 0.004911 4.554596 9.109192
473 469 0.000302 0.003866 4.565918 9.131836
474 470 0.000185 0.006270 4.570465 9.140930
475 471 0.000151 0.007123 4.572632 9.145264
476 472 0.000283 0.006854 4.569427 9.138855
477 473 0.000400 0.010326 4.568634 9.137268
478 474 0.000185 0.009825 4.565765 9.131531
479 475 0.000214 0.010711 4.560089 9.120178
480 476 0.000152 0.011168 4.553406 9.106812
481 477 0.000263 0.007822 4.541534 9.083069
482 478 0.000152 0.005651 4.528778 9.057556
483 479 0.000359 0.004358 4.517120 9.034241
484 480 0.000153 0.006954 4.507812 9.015625
485 481 0.000287 0.010809 4.494019 8.988037
486 482 0.000487 0.012457 4.485138 8.970276
487 483 0.000535 0.015926 4.474823 8.949646
488 484 0.000219 0.007820 4.462524 8.925049
489 485 0.000490 0.008321 4.454834 8.909668
490 486 0.000621 0.006479 4.447388 8.894775
491 487 0.000745 0.006147 4.442444 8.884888
492 488 0.000191 0.008713 4.437866 8.875732
493 489 0.000312 0.010111 4.433411 8.866821
494 490 0.000110 0.007715 4.427673 8.855347
495 491 0.000413 0.013659 4.418701 8.837402
496 492 0.000247 0.013489 4.414490 8.828979
497 493 0.000293 0.013508 4.408203 8.816406
498 494 0.000111 0.014768 4.406250 8.812500
499 495 0.000000 0.010056 4.408325 8.816650
500 496 0.000444 0.010343 4.402832 8.805664
501 497 0.000249 0.010143 4.392395 8.784790
502 498 0.000473 0.010533 4.377991 8.755981
503 499 0.000158 0.009657 4.357971 8.715942
504 500 0.000225 0.010638 4.341309 8.682617
505 501 0.000113 0.006564 4.322144 8.644287
506 502 0.000425 0.009284 4.295837 8.591675
507 503 0.000429 0.007999 4.259277 8.518555
508 504 0.000656 0.011205 4.209717 8.419434
509 505 0.000372 0.012937 4.152893 8.305786
510 506 0.000292 0.009499 4.096130 8.192261
511 507 0.000000 0.011200 4.035706 8.071411
512 508 0.000174 0.010005 3.971680 7.943359
513 509 0.000353 0.008258 3.913147 7.826294
514 510 0.000474 0.014363 3.857849 7.715698
515 511 0.000383 0.012488 3.821838 7.643677
516 512 0.000445 0.011178 3.800476 7.600952
517 513 0.000774 0.009975 3.785583 7.571167
518 514 0.000224 0.006663 3.777405 7.554810
519 515 0.000225 0.005216 3.764832 7.529663
520 516 0.000451 0.006512 3.750000 7.500000
521 517 0.000554 0.012366 3.740356 7.480713
522 518 0.000322 0.005240 3.718689 7.437378
523 519 0.000263 0.010358 3.707947 7.415894
524 520 0.000229 0.012293 3.697754 7.395508
525 521 0.000266 0.005179 3.675476 7.350952
526 522 0.000266 0.006669 3.676880 7.353760
527 523 0.000266 0.006857 3.674927 7.349854
528 524 0.000231 0.006298 3.664124 7.328247
529 525 0.000230 0.006738 3.680969 7.361938
530 526 0.000352 0.005079 3.669983 7.339966
531 527 0.000000 0.011893 3.671387 7.342773
532 528 0.000000 0.017502 3.688110 7.376221
533 529 0.000133 0.013542 3.680908 7.361816
534 530 0.000395 0.014748 3.704285 7.408569
535 531 0.000321 0.007811 3.721924 7.443848
536 532 0.000626 0.005639 3.741577 7.483154
537 533 0.000660 0.004054 3.773071 7.546143
538 534 0.000515 0.005347 3.790405 7.580811
539 535 0.000496 0.007889 3.809875 7.619751
540 536 0.000312 0.011180 3.836609 7.673218
541 537 0.000218 0.008154 3.872375 7.744751
542 538 0.000000 0.006605 3.913574 7.827148
543 539 0.000247 0.005407 3.948730 7.897461
544 540 0.000368 0.009452 3.983215 7.966431
545 541 0.000000 0.006785 4.017517 8.035034
546 542 0.000295 0.009689 4.058289 8.116577
547 543 0.000266 0.009942 4.110168 8.220337
548 544 0.000332 0.007109 4.162354 8.324707
549 545 0.000232 0.002902 4.214355 8.428711
550 546 0.000281 0.001023 4.263184 8.526367
551 547 0.000160 0.002913 4.303772 8.607544
552 548 0.000113 0.002073 4.339417 8.678833
553 549 0.000250 0.006459 4.370117 8.740234
554 550 0.000222 0.008564 4.400452 8.800903
555 551 0.000000 0.008716 4.425598 8.851196
556 552 0.000155 0.007797 4.451965 8.903931
557 553 0.000109 0.008649 4.473877 8.947754
558 554 0.000000 0.007094 4.483948 8.967896
559 555 0.000109 0.007482 4.491821 8.983643
560 556 0.000109 0.006668 4.490662 8.981323
561 557 0.000218 0.004613 4.487000 8.973999
562 558 0.000218 0.003965 4.488770 8.977539
563 559 0.000000 0.006708 4.489563 8.979126
564 560 0.000288 0.005685 4.488342 8.976685
565 561 0.000218 0.006763 4.484192 8.968384
566 562 0.000345 0.009017 4.472168 8.944336
567 563 0.000269 0.005689 4.453674 8.907349
568 564 0.000220 0.008026 4.439819 8.879639
569 565 0.000349 0.008457 4.424805 8.849609
570 566 0.000542 0.006496 4.410522 8.821045
571 567 0.000368 0.009073 4.401672 8.803345
572 568 0.000545 0.009267 4.387817 8.775635
573 569 0.000249 0.011535 4.380249 8.760498
574 570 0.000249 0.009637 4.380981 8.761963
575 571 0.000315 0.006160 4.385559 8.771118
576 572 0.000711 0.006843 4.394592 8.789185
577 573 0.000192 0.004873 4.403809 8.807617
578 574 0.000313 0.004454 4.412109 8.824219
579 575 0.000366 0.005853 4.419006 8.838013
580 576 0.000505 0.006056 4.428650 8.857300
581 577 0.000311 0.006808 4.433899 8.867798
582 578 0.000291 0.002425 4.436096 8.872192
583 579 0.000220 0.002866 4.442993 8.885986
584 580 0.000310 0.004977 4.448120 8.896240
585 581 0.000268 0.002387 4.458069 8.916138
586 582 0.000268 0.003819 4.468445 8.936890
587 583 0.000244 0.001181 4.475769 8.951538
588 584 0.000109 0.003859 4.484375 8.968750
589 585 0.000109 0.005470 4.488464 8.976929
590 586 0.000243 0.004688 4.490662 8.981323
591 587 0.000109 0.007938 4.486938 8.973877
592 588 0.000000 0.009648 4.475952 8.951904
593 589 0.000109 0.008858 4.466980 8.933960
594 590 0.000000 0.008036 4.460693 8.921387
595 591 0.000245 0.009885 4.451721 8.903442
596 592 0.000155 0.008183 4.445557 8.891113
597 593 0.000155 0.010603 4.441284 8.882568
598 594 0.000156 0.009773 4.432129 8.864258
599 595 0.000221 0.012890 4.421509 8.843018
600 596 0.000111 0.012739 4.405945 8.811890
601 597 0.000000 0.011751 4.384583 8.769165
602 598 0.000000 0.013176 4.371216 8.742432
603 599 0.000000 0.010966 4.355042 8.710083
604 600 0.000000 0.011598 4.341919 8.683838
605 601 0.000226 0.010254 4.325317 8.650635
606 602 0.000197 0.013552 4.296326 8.592651
607 603 0.000427 0.012405 4.279175 8.558350
608 604 0.000000 0.015077 4.255432 8.510864
609 605 0.000163 0.013882 4.232605 8.465210
610 606 0.000164 0.010909 4.214783 8.429565
611 607 0.000233 0.011506 4.190613 8.381226
612 608 0.000287 0.009824 4.171570 8.343140
613 609 0.000166 0.011490 4.150391 8.300781
614 610 0.000167 0.010775 4.125305 8.250610
615 611 0.000358 0.013314 4.095093 8.190186
616 612 0.000000 0.013862 4.071228 8.142456
617 613 0.000121 0.013777 4.051086 8.102173
618 614 0.000171 0.016964 4.029968 8.059937
619 615 0.000243 0.010459 4.010681 8.021362
620 616 0.000173 0.006549 3.986450 7.972900
621 617 0.000174 0.006878 3.966187 7.932373
622 618 0.000000 0.008416 3.949280 7.898560
623 619 0.000304 0.005251 3.932373 7.864746
624 620 0.000000 0.004388 3.915649 7.831299
625 621 0.000177 0.004966 3.893066 7.786133
626 622 0.000000 0.004525 3.876282 7.752563
627 623 0.000253 0.006397 3.860596 7.721191
628 624 0.000311 0.005278 3.849670 7.699341
629 625 0.000422 0.005298 3.839355 7.678711
630 626 0.000286 0.003607 3.816711 7.633423
631 627 0.000182 0.004120 3.802368 7.604736
632 628 0.000500 0.005111 3.780518 7.561035
633 629 0.000318 0.006821 3.760376 7.520752
634 630 0.000000 0.005120 3.743591 7.487183
635 631 0.000186 0.006302 3.713623 7.427246
636 632 0.000513 0.008019 3.683472 7.366943
637 633 0.000189 0.006172 3.647400 7.294800
638 634 0.000271 0.005449 3.607910 7.215820
639 635 0.000433 0.007611 3.570068 7.140137
640 636 0.000392 0.005743 3.521057 7.042114
641 637 0.000000 0.004063 3.469666 6.939331
642 638 0.000143 0.008504 3.414551 6.829102
643 639 0.000411 0.004625 3.356506 6.713013
644 640 0.000295 0.003760 3.308655 6.617310
645 641 0.000149 0.004600 3.268616 6.537231
646 642 0.000151 0.005034 3.239014 6.478027
647 643 0.000263 0.013958 3.217896 6.435791
648 644 0.000264 0.016204 3.202087 6.404175
649 645 0.000265 0.013995 3.189758 6.379517
650 646 0.000307 0.016194 3.184204 6.368408
651 647 0.000217 0.005883 3.179993 6.359985
652 648 0.000307 0.008674 3.176392 6.352783
653 649 0.000266 0.012571 3.183655 6.367310
654 650 0.000267 0.015648 3.172424 6.344849
655 651 0.000154 0.026252 3.169617 6.339233
656 652 0.000407 0.017955 3.170410 6.340820
657 653 0.000439 0.021928 3.148193 6.296387
658 654 0.000309 0.019689 3.156677 6.313354
659 655 0.000516 0.020948 3.139771 6.279541
660 656 0.000439 0.017402 3.142456 6.284912
661 657 0.000579 0.016762 3.156250 6.312500
662 658 0.000381 0.015170 3.139587 6.279175
663 659 0.000512 0.013169 3.161865 6.323730
664 660 0.000154 0.014707 3.162964 6.325928
665 661 0.000155 0.017718 3.156250 6.312500
666 662 0.000000 0.011122 3.183655 6.367310
667 663 0.000154 0.013163 3.177979 6.355957
668 664 0.000216 0.014892 3.191101 6.382202
669 665 0.000214 0.008345 3.220825 6.441650
670 666 0.000303 0.017356 3.221558 6.443115
671 667 0.000212 0.012787 3.252991 6.505981
672 668 0.000600 0.007804 3.253906 6.507812
673 669 0.000366 0.008357 3.268005 6.536011
674 670 0.000362 0.005944 3.299927 6.599854
675 671 0.000391 0.002233 3.305664 6.611328
676 672 0.000293 0.005783 3.336731 6.673462
677 673 0.000252 0.010137 3.353394 6.706787
678 674 0.000206 0.012479 3.359009 6.718018
679 675 0.000288 0.012689 3.386353 6.772705
680 676 0.000203 0.012580 3.397766 6.795532
681 677 0.000554 0.014773 3.415710 6.831421
682 678 0.000201 0.013509 3.438354 6.876709
683 679 0.000284 0.017878 3.440979 6.881958
684 680 0.000200 0.014970 3.455688 6.911377
685 681 0.000399 0.008648 3.464355 6.928711
686 682 0.000282 0.007680 3.462891 6.925781
687 683 0.000465 0.012831 3.484192 6.968384
688 684 0.000279 0.012863 3.496338 6.992676
689 685 0.000342 0.019175 3.501099 7.002197
690 686 0.000537 0.019451 3.524109 7.048218
691 687 0.000367 0.018059 3.516418 7.032837
692 688 0.000500 0.017905 3.518860 7.037720
693 689 0.000339 0.013918 3.524597 7.049194
694 690 0.000441 0.016084 3.502869 7.005737
695 691 0.000763 0.010822 3.505798 7.011597
696 692 0.000280 0.012074 3.493835 6.987671
697 693 0.000000 0.016755 3.462952 6.925903
698 694 0.000282 0.010214 3.466309 6.932617
699 695 0.000530 0.011503 3.450256 6.900513
700 696 0.000374 0.012172 3.451904 6.903809
701 697 0.000372 0.009155 3.474365 6.948730
702 698 0.000199 0.012676 3.475464 6.950928
703 699 0.000242 0.009470 3.493469 6.986938
704 700 0.000139 0.008479 3.503906 7.007812
705 701 0.000197 0.009257 3.513062 7.026123
706 702 0.000195 0.007502 3.541260 7.082520
707 703 0.000337 0.016684 3.552124 7.104248
708 704 0.000306 0.014454 3.569702 7.139404
709 705 0.000385 0.009962 3.588440 7.176880
710 706 0.000000 0.013880 3.586182 7.172363
711 707 0.000191 0.005707 3.608887 7.217773
712 708 0.000191 0.003993 3.622925 7.245850
713 709 0.000190 0.012338 3.629700 7.259399
714 710 0.000267 0.008671 3.660339 7.320679
715 711 0.000230 0.013334 3.672791 7.345581
716 712 0.000324 0.017161 3.694641 7.389282
717 713 0.000414 0.012678 3.725708 7.451416
718 714 0.000413 0.015951 3.741211 7.482422
719 715 0.000259 0.015805 3.771729 7.543457
720 716 0.000364 0.012123 3.796082 7.592163
721 717 0.000256 0.014754 3.811829 7.623657
722 718 0.000180 0.011433 3.842407 7.684814
723 719 0.000219 0.013194 3.860535 7.721069
724 720 0.000308 0.012330 3.882751 7.765503
725 721 0.000176 0.018016 3.915588 7.831177
726 722 0.000351 0.021505 3.929260 7.858521
727 723 0.000174 0.017714 3.957642 7.915283
728 724 0.000491 0.017639 3.980042 7.960083
729 725 0.000244 0.016804 4.001892 8.003784
730 726 0.000121 0.013534 4.039307 8.078613
731 727 0.000510 0.013415 4.063660 8.127319
732 728 0.000378 0.013418 4.086792 8.173584
733 729 0.000119 0.021047 4.111633 8.223267
734 730 0.000118 0.021882 4.126160 8.252319
735 731 0.000440 0.024756 4.150757 8.301514
736 732 0.000497 0.029357 4.170837 8.341675
737 733 0.000285 0.015145 4.197449 8.394897
738 734 0.000566 0.016082 4.223877 8.447754
739 735 0.000364 0.014418 4.240723 8.481445
740 736 0.000198 0.007818 4.264465 8.528931
741 737 0.000114 0.018161 4.282593 8.565186
742 738 0.000196 0.020185 4.309814 8.619629
743 739 0.000338 0.021837 4.331848 8.663696
744 740 0.000275 0.022362 4.354126 8.708252
745 741 0.000158 0.011998 4.374817 8.749634
746 742 0.000111 0.012081 4.390442 8.780884
747 743 0.000293 0.010643 4.415100 8.830200
748 744 0.000220 0.014119 4.438843 8.877686
749 745 0.000245 0.010589 4.458008 8.916016
750 746 0.000309 0.010829 4.474609 8.949219
751 747 0.000217 0.011099 4.493042 8.986084
752 748 0.000306 0.006031 4.511353 9.022705
753 749 0.000152 0.009625 4.532837 9.065674
754 750 0.000401 0.010033 4.556335 9.112671
755 751 0.000369 0.008533 4.579895 9.159790
756 752 0.000581 0.008661 4.604614 9.209229
757 753 0.000258 0.005496 4.632446 9.264893
758 754 0.000296 0.004532 4.658752 9.317505
759 755 0.000147 0.005595 4.691650 9.383301
760 756 0.000207 0.005678 4.706482 9.412964
761 757 0.000179 0.005964 4.723816 9.447632
762 758 0.000000 0.016622 4.810059 9.620117
763 759 0.000205 0.006689 4.759888 9.519775
764 760 0.000000 0.007519 4.790894 9.581787
765 761 0.000000 0.008403 4.820251 9.640503
766 762 0.000102 0.009283 4.786316 9.572632
767 763 0.000173 0.008409 4.879150 9.758301
768 764 0.000141 0.006931 4.905579 9.811157
769 765 0.000313 0.006525 4.928650 9.857300
770 766 0.000242 0.007528 4.949463 9.898926
771 767 0.000220 0.006610 4.969604 9.939209
772 768 0.000339 0.007620 4.990356 9.980713
773 769 0.000000 0.006453 5.016235 10.032471
774 770 0.000256 0.006837 5.046143 10.092285
775 771 0.000136 0.006757 5.073059 10.146118
776 772 0.000234 0.007690 5.102295 10.204590
777 773 0.000343 0.011813 5.127197 10.254395
778 774 0.000268 0.011850 5.148071 10.296143
779 775 0.000377 0.010192 5.183411 10.366821
780 776 0.000209 0.009930 5.226257 10.452515
781 777 0.000000 0.007605 5.260864 10.521729
782 778 0.000160 0.007241 5.294556 10.589111
783 779 0.000130 0.007579 5.321899 10.643799
784 780 0.000354 0.008068 5.342285 10.684570
785 781 0.000223 0.007533 5.373840 10.747681
786 782 0.000221 0.007171 5.404419 10.808838
787 783 0.000254 0.010397 5.433105 10.866211
788 784 0.000089 0.009052 5.461365 10.922729
789 785 0.000126 0.009659 5.485229 10.970459
790 786 0.000000 0.011559 5.513062 11.026123
791 787 0.000197 0.007464 5.539307 11.078613
792 788 0.000248 0.006920 5.561646 11.123291
793 789 0.000247 0.008258 5.583069 11.166138
794 790 0.000174 0.007978 5.596619 11.193237
795 791 0.000000 0.005333 5.612793 11.225586
796 792 0.000174 0.005117 5.622986 11.245972
797 793 0.000000 0.004955 5.632935 11.265869
798 794 0.000173 0.006002 5.639893 11.279785
799 795 0.000245 0.004625 5.641724 11.283447
800 796 0.000150 0.004545 5.646729 11.293457
801 797 0.000086 0.004467 5.646423 11.292847
802 798 0.000229 0.006573 5.647339 11.294678
803 799 0.000150 0.006262 5.643372 11.286743
804 800 0.000000 0.011680 5.642029 11.284058
805 801 0.000173 0.009017 5.641907 11.283813
806 802 0.000212 0.010270 5.638611 11.277222
807 803 0.000260 0.010295 5.642822 11.285645
808 804 0.000259 0.006223 5.648010 11.296021
809 805 0.000122 0.007016 5.642883 11.285767
810 806 0.000122 0.007496 5.637878 11.275757
811 807 0.000150 0.003762 5.623230 11.246460
812 808 0.000262 0.005977 5.600769 11.201538
813 809 0.000087 0.009679 5.584839 11.169678
814 810 0.000124 0.007557 5.577942 11.155884
815 811 0.000248 0.008081 5.573059 11.146118
816 812 0.000152 0.006498 5.568054 11.136108
817 813 0.000215 0.005838 5.564636 11.129272
818 814 0.000152 0.004446 5.551453 11.102905
819 815 0.000233 0.004652 5.545044 11.090088
820 816 0.000330 0.003057 5.532532 11.065063
821 817 0.000000 0.002892 5.521179 11.042358
822 818 0.000000 0.005195 5.508240 11.016479
823 819 0.000126 0.003446 5.488159 10.976318
824 820 0.000126 0.003934 5.477417 10.954834
825 821 0.000253 0.004460 5.456909 10.913818
826 822 0.000220 0.005111 5.439453 10.878906
827 823 0.000221 0.002346 5.421082 10.842163
828 824 0.000313 0.003456 5.400696 10.801392
829 825 0.000157 0.003733 5.384766 10.769531
830 826 0.000129 0.004162 5.366272 10.732544
831 827 0.000224 0.005916 5.339722 10.679443
832 828 0.000160 0.010173 5.295776 10.591553
833 829 0.000093 0.005763 5.245239 10.490479
834 830 0.000133 0.005295 5.182129 10.364258
835 831 0.000191 0.005739 5.107788 10.215576
836 832 0.000363 0.008983 5.032715 10.065430
837 833 0.000296 0.007848 4.949890 9.899780
838 834 0.000000 0.007943 4.871582 9.743164
839 835 0.000144 0.011443 4.791870 9.583740
840 836 0.000207 0.015257 4.712769 9.425537
841 837 0.000149 0.016909 4.629700 9.259399
842 838 0.000240 0.017359 4.540710 9.081421
843 839 0.000219 0.008611 4.458557 8.917114
844 840 0.000249 0.008771 4.380432 8.760864
845 841 0.000226 0.005241 4.319641 8.639282
846 842 0.000443 0.006817 4.266968 8.533936
847 843 0.000555 0.009411 4.220886 8.441772
848 844 0.000560 0.009986 4.185059 8.370117
849 845 0.000312 0.008284 4.142517 8.285034
850 846 0.000206 0.007316 4.105957 8.211914
851 847 0.000536 0.005022 4.073303 8.146606
852 848 0.000170 0.008943 4.050537 8.101074
853 849 0.000242 0.011863 4.040771 8.081543
854 850 0.000000 0.009975 4.041138 8.082275
855 851 0.000209 0.010117 4.043884 8.087769
856 852 0.000171 0.009370 4.045837 8.091675
857 853 0.000000 0.007966 4.048706 8.097412
858 854 0.000171 0.013664 4.036560 8.073120
859 855 0.000297 0.012099 4.027893 8.055786
860 856 0.000000 0.010652 4.018921 8.037842
861 857 0.000272 0.012018 4.010742 8.021484
862 858 0.000172 0.004695 4.020447 8.040894
863 859 0.000321 0.012362 4.022644 8.045288
864 860 0.000402 0.008978 4.030945 8.061890
865 861 0.000270 0.006741 4.048950 8.097900
866 862 0.000170 0.014863 4.055664 8.111328
867 863 0.000267 0.016239 4.086670 8.173340
868 864 0.000205 0.013365 4.117310 8.234619
869 865 0.000264 0.006805 4.133667 8.267334
870 866 0.000287 0.008993 4.171570 8.343140
871 867 0.000368 0.010760 4.198242 8.396484
872 868 0.000285 0.006701 4.202881 8.405762
873 869 0.000400 0.003966 4.230042 8.460083
874 870 0.000400 0.003941 4.230713 8.461426
875 871 0.000163 0.004399 4.247131 8.494263
876 872 0.000427 0.006433 4.281982 8.563965
877 873 0.000533 0.008990 4.298035 8.596069
878 874 0.000225 0.011744 4.341064 8.682129
879 875 0.000274 0.010760 4.367615 8.735229
880 876 0.000335 0.010918 4.376282 8.752563
881 877 0.000111 0.010881 4.401306 8.802612
882 878 0.000000 0.008721 4.406433 8.812866
883 879 0.000156 0.009467 4.427368 8.854736
884 880 0.000346 0.010889 4.467651 8.935303
885 881 0.000378 0.009621 4.479309 8.958618
886 882 0.000242 0.012448 4.515686 9.031372
887 883 0.000528 0.010525 4.529724 9.059448
888 884 0.000549 0.013072 4.531311 9.062622
889 885 0.000214 0.007029 4.558167 9.116333
890 886 0.000467 0.009196 4.555176 9.110352
891 887 0.000523 0.004098 4.574097 9.148193
892 888 0.000281 0.004051 4.599426 9.198853
893 889 0.000212 0.004788 4.608398 9.216797
894 890 0.000349 0.005125 4.635986 9.271973
895 891 0.000149 0.007211 4.642212 9.284424
896 892 0.000210 0.007066 4.656250 9.312500
897 893 0.000256 0.004100 4.676575 9.353149
898 894 0.000329 0.006400 4.691101 9.382202
899 895 0.000207 0.012346 4.711609 9.423218
900 896 0.000146 0.011193 4.714844 9.429688
901 897 0.000254 0.013644 4.714294 9.428589
902 898 0.000232 0.013113 4.703674 9.407349
903 899 0.000255 0.010598 4.690979 9.381958
904 900 0.000361 0.007183 4.683899 9.367798
905 901 0.000330 0.009923 4.672791 9.345581
906 902 0.000256 0.009748 4.664246 9.328491
907 903 0.000210 0.017127 4.647400 9.294800
908 904 0.000298 0.009468 4.629822 9.259644
909 905 0.000150 0.011817 4.600891 9.201782
910 906 0.000107 0.011424 4.564575 9.129150
911 907 0.000153 0.007562 4.521790 9.043579
912 908 0.000109 0.010959 4.474976 8.949951
913 909 0.000156 0.009935 4.420654 8.841309
914 910 0.000372 0.014535 4.355042 8.710083
915 911 0.000228 0.007745 4.289856 8.579712
916 912 0.000000 0.009152 4.209290 8.418579
917 913 0.000167 0.011008 4.142029 8.284058
918 914 0.000293 0.006707 4.076660 8.153320
919 915 0.000122 0.012187 3.997803 7.995605
920 916 0.000000 0.008592 3.933533 7.867065
921 917 0.000127 0.007109 3.856750 7.713501
922 918 0.000183 0.008265 3.773682 7.547363
923 919 0.000324 0.007284 3.695435 7.390869
924 920 0.000360 0.012818 3.587158 7.174316
925 921 0.000370 0.015612 3.495300 6.990601
926 922 0.000352 0.019267 3.400574 6.801147
927 923 0.000830 0.014390 3.327698 6.655396
928 924 0.000470 0.009393 3.287964 6.575928
929 925 0.000214 0.013896 3.219666 6.439331
930 926 0.000265 0.010143 3.190002 6.380005
931 927 0.000871 0.022747 3.119751 6.239502
932 928 0.000504 0.028259 3.063599 6.127197
933 929 0.000481 0.007799 3.046387 6.092773
934 930 0.000492 0.019784 2.976990 5.953979
935 931 0.000433 0.006714 2.984863 5.969727
936 932 0.000620 0.018676 2.945984 5.891968
937 933 0.000980 0.021869 2.946594 5.893188
938 934 0.000800 0.007984 2.989929 5.979858
939 935 0.001106 0.026288 2.962402 5.924805
940 936 0.000516 0.012236 2.992493 5.984985
941 937 0.000234 0.028050 2.946411 5.892822
942 938 0.000410 0.030078 2.918274 5.836548
943 939 0.000410 0.022741 2.918640 5.837280
944 940 0.000239 0.040228 2.886169 5.772339
945 941 0.000445 0.027046 2.906006 5.812012
946 942 0.000338 0.033926 2.893250 5.786499
947 943 0.000169 0.042709 2.896484 5.792969
948 944 0.000785 0.023339 2.916138 5.832275
949 945 0.000750 0.036802 2.911987 5.823975
950 946 0.000528 0.032857 2.926025 5.852051
951 947 0.000623 0.029832 2.932739 5.865479
952 948 0.000599 0.034724 2.939453 5.878906
953 949 0.000437 0.029370 2.954346 5.908691
954 950 0.000368 0.031596 2.970032 5.940063
955 951 0.000327 0.041852 2.982422 5.964844
956 952 0.000729 0.036866 2.994263 5.988525
957 953 0.000763 0.041415 3.001526 6.003052
958 954 0.000890 0.042999 3.005188 6.010376
959 955 0.000430 0.023397 3.002441 6.004883
960 956 0.000163 0.022810 3.000671 6.001343
961 957 0.000460 0.011829 3.002075 6.004150
962 958 0.000162 0.023972 3.005981 6.011963
963 959 0.000000 0.013631 3.013855 6.027710
964 960 0.000323 0.026257 3.020081 6.040161
965 961 0.000858 0.025744 3.012146 6.024292
966 962 0.000653 0.014294 2.991089 5.982178
967 963 0.001158 0.032424 2.981750 5.963501
968 964 0.000574 0.024358 2.948669 5.897339
969 965 0.000440 0.038117 2.935181 5.870361
970 966 0.000790 0.042531 2.900024 5.800049
971 967 0.000642 0.028665 2.845032 5.690063
972 968 0.000600 0.039460 2.819214 5.638428
973 969 0.000528 0.024590 2.772217 5.544434
974 970 0.000250 0.018772 2.757874 5.515747
975 971 0.000499 0.032838 2.765137 5.530273
976 972 0.000250 0.028022 2.758545 5.517090
977 973 0.000556 0.029196 2.776672 5.553345
978 974 0.000582 0.035869 2.783936 5.567871
979 975 0.000393 0.035166 2.777100 5.554199
980 976 0.000428 0.029984 2.796631 5.593262
981 977 0.000700 0.033434 2.790405 5.580811
982 978 0.000463 0.034180 2.789001 5.578003
983 979 0.000549 0.028125 2.812073 5.624146
984 980 0.000494 0.026207 2.792969 5.585938
985 981 0.001093 0.023103 2.826172 5.652344
986 982 0.000729 0.017337 2.841125 5.682251
987 983 0.000345 0.016315 2.832520 5.665039
988 984 0.000613 0.019932 2.873901 5.747803
989 985 0.000513 0.017915 2.855957 5.711914
990 986 0.000240 0.017257 2.871765 5.743530
991 987 0.000290 0.013015 2.920898 5.841797
992 988 0.000334 0.015461 2.925476 5.850952
993 989 0.000328 0.013956 2.976440 5.952881
994 990 0.000230 0.011775 3.005859 6.011719
995 991 0.000561 0.024433 3.013794 6.027588
996 992 0.000319 0.023962 3.057129 6.114258
997 993 0.000275 0.026285 3.078369 6.156738
998 994 0.000350 0.022406 3.120361 6.240723
999 995 0.000598 0.018352 3.164673 6.329346
1000 996 0.000305 0.022053 3.196899 6.393799
1001 997 0.000151 0.021183 3.241211 6.482422
1002 998 0.000297 0.020477 3.284668 6.569336
1003 999 0.000389 0.017898 3.324463 6.648926
1004 1000 0.000324 0.014625 3.369873 6.739746
1005 1001 0.000351 0.012795 3.407227 6.814453
1006 1002 0.000142 0.013176 3.439209 6.878418
1007 1003 0.000343 0.013547 3.483398 6.966797
1008 1004 0.000310 0.010762 3.524292 7.048584
1009 1005 0.000335 0.010588 3.566406 7.132812
1010 1006 0.000191 0.007986 3.611084 7.222168
1011 1007 0.000268 0.007862 3.643066 7.286133
1012 1008 0.000188 0.008051 3.679443 7.358887
1013 1009 0.000000 0.008554 3.717041 7.434082
1014 1010 0.000130 0.010712 3.759644 7.519287
1015 1011 0.000182 0.011702 3.795288 7.590576
1016 1012 0.000255 0.014672 3.831665 7.663330
1017 1013 0.000357 0.012699 3.866821 7.733643
1018 1014 0.000177 0.008497 3.895508 7.791016
1019 1015 0.000124 0.006695 3.931885 7.863770
1020 1016 0.000000 0.005742 3.962646 7.925293
1021 1017 0.000300 0.005682 3.985596 7.971191
1022 1018 0.000172 0.008802 4.006104 8.012207
1023 1019 0.000272 0.011812 4.020142 8.040283
1024 1020 0.000343 0.008106 4.031128 8.062256
1025 1021 0.000783 0.007021 4.041382 8.082764
1026 1022 0.000451 0.006625 4.049561 8.099121
1027 1023 0.000170 0.003767 4.062988 8.125977
1028 1024 0.000240 0.007751 4.072632 8.145264
1029 1025 0.000794 0.009157 4.076904 8.153809
1030 1026 0.000415 0.005112 4.080078 8.160156
1031 1027 0.000656 0.007094 4.077637 8.155273
1032 1028 0.000317 0.004337 4.074951 8.149902
1033 1029 0.000207 0.006652 4.078125 8.156250
1034 1030 0.000338 0.005906 4.080078 8.160156
1035 1031 0.000415 0.006476 4.076416 8.152832
1036 1032 0.000120 0.009157 4.075073 8.150146
1037 1033 0.000170 0.009681 4.070068 8.140137
1038 1034 0.000170 0.008803 4.071289 8.142578
1039 1035 0.000120 0.010991 4.072144 8.144287
1040 1036 0.000120 0.014555 4.068726 8.137451
1041 1037 0.000240 0.016920 4.074341 8.148682
1042 1038 0.000318 0.017911 4.063965 8.127930
1043 1039 0.000170 0.015467 4.054077 8.108154
1044 1040 0.000241 0.014731 4.047241 8.094482
1045 1041 0.000297 0.012855 4.033325 8.066650
1046 1042 0.000242 0.011272 4.029175 8.058350
1047 1043 0.000342 0.012972 4.032837 8.065674
1048 1044 0.000469 0.013139 4.031738 8.063477
1049 1045 0.000271 0.013852 4.026733 8.053467
1050 1046 0.000453 0.013384 4.029419 8.058838
1051 1047 0.000172 0.008020 4.021484 8.042969
1052 1048 0.000403 0.008365 4.022949 8.045898
1053 1049 0.000343 0.008396 4.024658 8.049316
1054 1050 0.000298 0.010189 4.015869 8.031738
1055 1051 0.000000 0.009915 4.018921 8.037842
1056 1052 0.000385 0.006882 4.010498 8.020996
1057 1053 0.000122 0.007994 4.013184 8.026367
1058 1054 0.000298 0.003477 4.018677 8.037354
1059 1055 0.000243 0.003649 4.026123 8.052246
1060 1056 0.000121 0.003813 4.021484 8.042969
1061 1057 0.000243 0.003590 4.015137 8.030273
1062 1058 0.000298 0.006236 4.009644 8.019287
1063 1059 0.000173 0.006588 3.999512 7.999023
1064 1060 0.000273 0.008863 4.005249 8.010498
1065 1061 0.000243 0.010911 4.011475 8.022949
1066 1062 0.000122 0.008502 4.018677 8.037354
1067 1063 0.000210 0.009187 4.019531 8.039062
1068 1064 0.000000 0.005774 4.019897 8.039795
1069 1065 0.000172 0.005380 4.015259 8.030518
1070 1066 0.000272 0.005461 4.009766 8.019531
1071 1067 0.000244 0.005220 4.004028 8.008057
1072 1068 0.000173 0.006806 3.996338 7.992676
1073 1069 0.000300 0.007805 3.987305 7.974609
1074 1070 0.000000 0.007352 3.975098 7.950195
1075 1071 0.000213 0.011518 3.963379 7.926758
1076 1072 0.000214 0.011424 3.953735 7.907471
1077 1073 0.000303 0.010732 3.942993 7.885986
1078 1074 0.000176 0.011033 3.928467 7.856934
1079 1075 0.000249 0.008490 3.920532 7.841064
1080 1076 0.000125 0.005206 3.910278 7.820557
1081 1077 0.000125 0.007888 3.896606 7.793213
1082 1078 0.000177 0.007684 3.899780 7.799561
1083 1079 0.000127 0.008173 3.852661 7.705322
1084 1080 0.000286 0.014330 3.821655 7.643311
1085 1081 0.000183 0.016646 3.783691 7.567383
1086 1082 0.000185 0.020436 3.725708 7.451416
1087 1083 0.000323 0.017784 3.698364 7.396729
1088 1084 0.000445 0.015204 3.638672 7.277344
1089 1085 0.000511 0.009699 3.572510 7.145020
1090 1086 0.000313 0.007916 3.485840 6.971680
1091 1087 0.000576 0.009417 3.389282 6.778564
1092 1088 0.000256 0.009234 3.297241 6.594482
1093 1089 0.000000 0.014923 3.196045 6.392090
1094 1090 0.000315 0.017803 3.101440 6.202881
1095 1091 0.000324 0.014749 3.011719 6.023438
1096 1092 0.000374 0.018354 2.920044 5.840088
1097 1093 0.000242 0.014616 2.851807 5.703613
1098 1094 0.000426 0.017845 2.809692 5.619385
1099 1095 0.000607 0.029576 2.786133 5.572266
1100 1096 0.000305 0.032888 2.769653 5.539307
1101 1097 0.000589 0.040425 2.748047 5.496094
1102 1098 0.000595 0.043432 2.721313 5.442627
1103 1099 0.000832 0.044769 2.689575 5.379150
1104 1100 0.000860 0.049345 2.661743 5.323486
1105 1101 0.000736 0.040028 2.654175 5.308350
1106 1102 0.000790 0.032961 2.623657 5.247314
1107 1103 0.000988 0.032537 2.616089 5.232178
1108 1104 0.000963 0.028141 2.586304 5.172607
1109 1105 0.000847 0.034640 2.578491 5.156982
1110 1106 0.001009 0.035289 2.561890 5.123779
1111 1107 0.000474 0.023290 2.523682 5.047363
1112 1108 0.001081 0.043828 2.555176 5.110352
1113 1109 0.001063 0.030894 2.515259 5.030518
1114 1110 0.000810 0.044081 2.558105 5.116211
1115 1111 0.001073 0.050424 2.574219 5.148438
1116 1112 0.000604 0.039119 2.557129 5.114258
1117 1113 0.000832 0.046462 2.623413 5.246826
1118 1114 0.000650 0.040289 2.603394 5.206787
1119 1115 0.000367 0.044762 2.663696 5.327393
1120 1116 0.000515 0.050269 2.682495 5.364990
1121 1117 0.000000 0.037839 2.655518 5.311035
1122 1118 0.000674 0.040315 2.711304 5.422607
1123 1119 0.000257 0.027285 2.689575 5.379150
1124 1120 0.000437 0.021711 2.737061 5.474121
1125 1121 0.000634 0.024216 2.775024 5.550049
1126 1122 0.000430 0.022653 2.781128 5.562256
1127 1123 0.000618 0.024289 2.848389 5.696777
1128 1124 0.000379 0.021269 2.878052 5.756104
1129 1125 0.000372 0.020759 2.937744 5.875488
1130 1126 0.000431 0.017581 2.999146 5.998291
1131 1127 0.000394 0.016253 3.037842 6.075684
1132 1128 0.000314 0.013688 3.107544 6.215088
1133 1129 0.000379 0.011498 3.159668 6.319336
1134 1130 0.000503 0.013652 3.219727 6.439453
1135 1131 0.000420 0.014520 3.285278 6.570557
1136 1132 0.000358 0.013861 3.340454 6.680908
1137 1133 0.000453 0.013617 3.410034 6.820068
1138 1134 0.000314 0.013628 3.473511 6.947021
1139 1135 0.000390 0.013879 3.540527 7.081055
1140 1136 0.000303 0.016685 3.601074 7.202148
1141 1137 0.000000 0.017159 3.660767 7.321533
1142 1138 0.000263 0.020712 3.709106 7.418213
1143 1139 0.000184 0.020125 3.757690 7.515381
1144 1140 0.000222 0.019043 3.806030 7.612061
1145 1141 0.000180 0.016877 3.846069 7.692139
1146 1142 0.000177 0.016432 3.897461 7.794922
1147 1143 0.000248 0.015188 3.937134 7.874268
1148 1144 0.000000 0.012089 3.973389 7.946777
1149 1145 0.000000 0.012069 4.015625 8.031250
1150 1146 0.000000 0.010773 4.051636 8.103271
1151 1147 0.000120 0.009625 4.085938 8.171875
1152 1148 0.000313 0.008778 4.121216 8.242432
1153 1149 0.000354 0.006961 4.142700 8.285400
1154 1150 0.000287 0.005764 4.165771 8.331543
1155 1151 0.000330 0.005802 4.181641 8.363281
1156 1152 0.000165 0.007557 4.193359 8.386719
1157 1153 0.000116 0.007244 4.208618 8.417236
1158 1154 0.000000 0.008475 4.218506 8.437012
1159 1155 0.000000 0.009180 4.229980 8.459961
1160 1156 0.000163 0.007414 4.236572 8.473145
1161 1157 0.000230 0.007296 4.248291 8.496582
1162 1158 0.000162 0.009640 4.256470 8.512939
1163 1159 0.000472 0.010704 4.265259 8.530518
1164 1160 0.000198 0.005405 4.268921 8.537842
1165 1161 0.000114 0.003318 4.274658 8.549316
1166 1162 0.000000 0.008110 4.263916 8.527832
1167 1163 0.000198 0.010870 4.263428 8.526855
1168 1164 0.000162 0.005038 4.272705 8.545410
1169 1165 0.000229 0.009303 4.267944 8.535889
1170 1166 0.000161 0.006989 4.280640 8.561279
1171 1167 0.000255 0.009660 4.280396 8.560791
1172 1168 0.000256 0.012235 4.271362 8.542725
1173 1169 0.000361 0.012887 4.278320 8.556641
1174 1170 0.000255 0.013986 4.281128 8.562256
1175 1171 0.000228 0.016563 4.291992 8.583984
1176 1172 0.000320 0.013132 4.314941 8.629883
1177 1173 0.000160 0.019874 4.325806 8.651611
1178 1174 0.000337 0.008569 4.346802 8.693604
1179 1175 0.000274 0.005746 4.365845 8.731689
1180 1176 0.000193 0.004587 4.387573 8.775146
1181 1177 0.000221 0.003335 4.413086 8.826172
1182 1178 0.000382 0.004692 4.432861 8.865723
1183 1179 0.000310 0.008829 4.453735 8.907471
1184 1180 0.000155 0.002741 4.466309 8.932617
1185 1181 0.000408 0.005451 4.479370 8.958740
1186 1182 0.000000 0.006156 4.495728 8.991455
1187 1183 0.000187 0.004264 4.513428 9.026855
1188 1184 0.000000 0.006503 4.534058 9.068115
1189 1185 0.000401 0.006627 4.556030 9.112061
1190 1186 0.000399 0.006916 4.584106 9.168213
1191 1187 0.000150 0.007230 4.604492 9.208984
1192 1188 0.000106 0.008006 4.626343 9.252686
1193 1189 0.000000 0.007609 4.648315 9.296631
1194 1190 0.000209 0.009435 4.667358 9.334717
1195 1191 0.000104 0.008945 4.697021 9.394043
1196 1192 0.000146 0.011219 4.727661 9.455322
1197 1193 0.000103 0.011256 4.760864 9.521729
1198 1194 0.000144 0.012828 4.782349 9.564697
1199 1195 0.000203 0.013433 4.807251 9.614502
1200 1196 0.000248 0.013352 4.829956 9.659912
1201 1197 0.000246 0.013439 4.854980 9.709961
1202 1198 0.000316 0.015124 4.882568 9.765137
1203 1199 0.000199 0.013363 4.906372 9.812744
1204 1200 0.000000 0.012551 4.935181 9.870361
1205 1201 0.000197 0.011457 4.964355 9.928711
1206 1202 0.000196 0.010069 4.992676 9.985352
1207 1203 0.000292 0.011054 5.015625 10.031250
1208 1204 0.000168 0.010087 5.031494 10.062988
1209 1205 0.000375 0.009101 5.045166 10.090332
1210 1206 0.000236 0.007491 5.062378 10.124756
1211 1207 0.000166 0.006611 5.084961 10.169922
1212 1208 0.000358 0.008980 5.109741 10.219482
1213 1209 0.000213 0.008056 5.123291 10.246582
1214 1210 0.000233 0.011173 5.138794 10.277588
1215 1211 0.000212 0.010195 5.156860 10.313721
1216 1212 0.000133 0.006961 5.176025 10.352051
1217 1213 0.000266 0.005224 5.196777 10.393555
1218 1214 0.000554 0.005535 5.213135 10.426270
1219 1215 0.000230 0.006683 5.209229 10.418457
1220 1216 0.000375 0.006257 5.203613 10.407227
1221 1217 0.000338 0.007251 5.203369 10.406738
1222 1218 0.000570 0.009107 5.208496 10.416992
1223 1219 0.000247 0.005680 5.233887 10.467773
1224 1220 0.000186 0.003439 5.256348 10.512695
1225 1221 0.000160 0.004803 5.281494 10.562988
1226 1222 0.000000 0.007383 5.302246 10.604492
1227 1223 0.000184 0.006213 5.310547 10.621094
1228 1224 0.000000 0.005767 5.320679 10.641357
1229 1225 0.000129 0.005784 5.337769 10.675537
1230 1226 0.000129 0.004268 5.356079 10.712158
1231 1227 0.000257 0.010448 5.384277 10.768555
1232 1228 0.000180 0.016379 5.413208 10.826416
1233 1229 0.000449 0.017095 5.432983 10.865967
1234 1230 0.000179 0.017304 5.446899 10.893799
1235 1231 0.000237 0.019110 5.457031 10.914062
1236 1232 0.000322 0.013963 5.464355 10.928711
1237 1233 0.000456 0.012170 5.465210 10.930420
1238 1234 0.000154 0.006018 5.477051 10.954102
1239 1235 0.000218 0.003249 5.484863 10.969727
1240 1236 0.000089 0.003773 5.496460 10.992920
1241 1237 0.000177 0.005977 5.509888 11.019775
1242 1238 0.000198 0.007864 5.516479 11.032959
1243 1239 0.000088 0.008087 5.539185 11.078369
1244 1240 0.000176 0.010480 5.554932 11.109863
1245 1241 0.000248 0.014189 5.577637 11.155273
1246 1242 0.000123 0.016052 5.603638 11.207275
1247 1243 0.000123 0.013352 5.624878 11.249756
1248 1244 0.000122 0.016331 5.653076 11.306152
1249 1245 0.000227 0.013432 5.686157 11.372314
1250 1246 0.000148 0.017401 5.712524 11.425049
1251 1247 0.000120 0.017703 5.732910 11.465820
1252 1248 0.000190 0.018555 5.753784 11.507568
1253 1249 0.000147 0.020227 5.764160 11.528320
1254 1250 0.000085 0.017564 5.774536 11.549072
1255 1251 0.000207 0.020921 5.789795 11.579590
1256 1252 0.000315 0.024078 5.802490 11.604980
1257 1253 0.000394 0.025353 5.819092 11.638184
1258 1254 0.000118 0.032879 5.848389 11.696777
1259 1255 0.000250 0.031789 5.864258 11.728516
1260 1256 0.000219 0.030961 5.886353 11.772705
1261 1257 0.000083 0.030229 5.888794 11.777588
1262 1258 0.000203 0.024300 5.891113 11.782227
1263 1259 0.000351 0.025866 5.894775 11.789551
1264 1260 0.000083 0.018634 5.892822 11.785645
1265 1261 0.000143 0.017631 5.906494 11.812988
1266 1262 0.000143 0.017028 5.901367 11.802734
1267 1263 0.000165 0.017411 5.906006 11.812012
1268 1264 0.000117 0.017715 5.900879 11.801758
1269 1265 0.000117 0.015781 5.901489 11.802979
1270 1266 0.000234 0.015653 5.908325 11.816650
1271 1267 0.000165 0.011790 5.903076 11.806152
1272 1268 0.000000 0.014873 5.913330 11.826660
1273 1269 0.000117 0.016669 5.907593 11.815186
1274 1270 0.000143 0.015235 5.896729 11.793457
1275 1271 0.000083 0.015374 5.893433 11.786865
1276 1272 0.000083 0.015115 5.877197 11.754395
1277 1273 0.000288 0.009346 5.875122 11.750244
1278 1274 0.000203 0.010489 5.877930 11.755859
1279 1275 0.000186 0.008358 5.869873 11.739746
1280 1276 0.000235 0.007235 5.866943 11.733887
1281 1277 0.000220 0.009769 5.861206 11.722412
1282 1278 0.000186 0.010166 5.859253 11.718506
1283 1279 0.000166 0.011989 5.866943 11.733887
1284 1280 0.000204 0.012580 5.869385 11.738770
1285 1281 0.000186 0.012331 5.871460 11.742920
1286 1282 0.000118 0.010700 5.868408 11.736816
1287 1283 0.000186 0.008522 5.859863 11.719727
1288 1284 0.000145 0.006135 5.849487 11.698975
1289 1285 0.000221 0.006218 5.842896 11.685791
1290 1286 0.000118 0.003382 5.834595 11.669189
1291 1287 0.000237 0.006640 5.828979 11.657959
1292 1288 0.000205 0.003425 5.828613 11.657227
1293 1289 0.000346 0.008185 5.825684 11.651367
1294 1290 0.000119 0.008020 5.827271 11.654541
1295 1291 0.000187 0.010207 5.828003 11.656006
1296 1292 0.000145 0.010663 5.834229 11.668457
1297 1293 0.000119 0.010594 5.823608 11.647217
1298 1294 0.000460 0.010211 5.814819 11.629639
1299 1295 0.000119 0.009965 5.815308 11.630615
1300 1296 0.000188 0.011810 5.810791 11.621582
1301 1297 0.000366 0.011639 5.819946 11.639893
1302 1298 0.000336 0.012766 5.811279 11.622559
1303 1299 0.000168 0.011528 5.796631 11.593262
1304 1300 0.000169 0.010360 5.781128 11.562256
1305 1301 0.000254 0.011919 5.770996 11.541992
1306 1302 0.000146 0.009463 5.773682 11.547363
1307 1303 0.000224 0.010139 5.778442 11.556885
1308 1304 0.000169 0.009832 5.778076 11.556152
1309 1305 0.000000 0.011990 5.775513 11.551025
1310 1306 0.000189 0.010914 5.768799 11.537598
1311 1307 0.000120 0.013819 5.765869 11.531738
1312 1308 0.000239 0.009522 5.771362 11.542725
1313 1309 0.000146 0.008647 5.776855 11.553711
1314 1310 0.000084 0.004091 5.788818 11.577637
1315 1311 0.000238 0.005100 5.793701 11.587402
1316 1312 0.000119 0.005454 5.802124 11.604248
1317 1313 0.000146 0.005332 5.804932 11.609863
1318 1314 0.000168 0.006185 5.810791 11.621582
1319 1315 0.000237 0.005790 5.816040 11.632080
1320 1316 0.000119 0.007746 5.816284 11.632568
1321 1317 0.000084 0.004491 5.817017 11.634033
1322 1318 0.000206 0.004080 5.813965 11.627930
1323 1319 0.000145 0.004833 5.814453 11.628906
1324 1320 0.000084 0.004055 5.807495 11.614990
1325 1321 0.000000 0.003884 5.813477 11.626953
1326 1322 0.000084 0.005796 5.811646 11.623291
1327 1323 0.000084 0.005484 5.805176 11.610352
1328 1324 0.000084 0.004284 5.799927 11.599854
1329 1325 0.000146 0.004791 5.790039 11.580078
1330 1326 0.000000 0.006530 5.787476 11.574951
1331 1327 0.000239 0.004954 5.788818 11.577637
1332 1328 0.000119 0.003651 5.804443 11.608887
1333 1329 0.000168 0.002660 5.810791 11.621582
1334 1330 0.000205 0.004227 5.824585 11.649170
1335 1331 0.000084 0.009592 5.823242 11.646484
1336 1332 0.000146 0.013431 5.806152 11.612305
1337 1333 0.000119 0.013261 5.790771 11.581543
1338 1334 0.000146 0.012636 5.773438 11.546875
1339 1335 0.000169 0.016226 5.765747 11.531494
1340 1336 0.000085 0.018872 5.760010 11.520020
1341 1337 0.000190 0.018236 5.750488 11.500977
1342 1338 0.000085 0.018278 5.740234 11.480469
1343 1339 0.000270 0.017113 5.726929 11.453857
1344 1340 0.000330 0.014815 5.725342 11.450684
1345 1341 0.000270 0.010226 5.723877 11.447754
1346 1342 0.000000 0.008236 5.716431 11.432861
1347 1343 0.000148 0.005031 5.718140 11.436279
1348 1344 0.000121 0.005751 5.713135 11.426270
1349 1345 0.000121 0.006900 5.713257 11.426514
1350 1346 0.000121 0.009394 5.711792 11.423584
1351 1347 0.000121 0.009285 5.712402 11.424805
1352 1348 0.000121 0.009334 5.717896 11.435791
1353 1349 0.000209 0.008816 5.718628 11.437256
1354 1350 0.000226 0.011403 5.727417 11.454834
1355 1351 0.000443 0.012936 5.726562 11.453125
1356 1352 0.000520 0.012020 5.716064 11.432129
1357 1353 0.000242 0.009574 5.705688 11.411377
1358 1354 0.000429 0.006597 5.690674 11.381348
1359 1355 0.000310 0.002702 5.679199 11.358398
1360 1356 0.000602 0.003707 5.677734 11.355469
1361 1357 0.000243 0.005811 5.677368 11.354736
1362 1358 0.000557 0.001151 5.677734 11.355469
1363 1359 0.000272 0.004729 5.685913 11.371826
1364 1360 0.000374 0.002300 5.690552 11.381104
1365 1361 0.000383 0.005065 5.703857 11.407715
1366 1362 0.000121 0.006933 5.718750 11.437500
1367 1363 0.000085 0.009114 5.725098 11.450195
1368 1364 0.000148 0.007534 5.725952 11.451904
1369 1365 0.000512 0.010050 5.726929 11.453857
1370 1366 0.000120 0.011404 5.732422 11.464844
1371 1367 0.000147 0.009960 5.734863 11.469727
1372 1368 0.000208 0.011086 5.739136 11.478271
1373 1369 0.000340 0.009592 5.742432 11.484863
1374 1370 0.000209 0.012340 5.731934 11.463867
1375 1371 0.000209 0.009801 5.735107 11.470215
1376 1372 0.000269 0.010762 5.739990 11.479980
1377 1373 0.000282 0.009924 5.742065 11.484131
1378 1374 0.000240 0.008374 5.760376 11.520752
1379 1375 0.000169 0.009219 5.768799 11.537598
1380 1376 0.000120 0.004334 5.775757 11.551514
1381 1377 0.000119 0.004855 5.787842 11.575684
1382 1378 0.000146 0.004467 5.797974 11.595947
1383 1379 0.000222 0.008350 5.813110 11.626221
1384 1380 0.000000 0.006157 5.825195 11.650391
1385 1381 0.000084 0.010021 5.835815 11.671631
1386 1382 0.000205 0.014363 5.836792 11.673584
1387 1383 0.000187 0.013022 5.841919 11.683838
1388 1384 0.000277 0.015638 5.851807 11.703613
1389 1385 0.000118 0.011696 5.852783 11.705566
1390 1386 0.000204 0.008306 5.854248 11.708496
1391 1387 0.000000 0.006847 5.850220 11.700439
1392 1388 0.000236 0.005551 5.852173 11.704346
1393 1389 0.000144 0.006562 5.857788 11.715576
1394 1390 0.000144 0.006100 5.871460 11.742920
1395 1391 0.000166 0.008623 5.881836 11.763672
1396 1392 0.000000 0.006388 5.881226 11.762451
1397 1393 0.000000 0.005800 5.887573 11.775146
1398 1394 0.000117 0.004005 5.888794 11.777588
1399 1395 0.000185 0.003324 5.894287 11.788574
1400 1396 0.000117 0.004731 5.904907 11.809814
1401 1397 0.000165 0.002723 5.906738 11.813477
1402 1398 0.000117 0.003362 5.914795 11.829590
1403 1399 0.000116 0.003752 5.927734 11.855469
1404 1400 0.000164 0.003079 5.941895 11.883789
1405 1401 0.000164 0.011570 5.963135 11.926270
1406 1402 0.000082 0.009747 5.987671 11.975342
1407 1403 0.000199 0.009999 5.995728 11.991455
1408 1404 0.000115 0.008691 5.996704 11.993408
1409 1405 0.000182 0.004108 5.994507 11.989014
1410 1406 0.000200 0.008240 5.992432 11.984863
1411 1407 0.000000 0.009654 6.009277 12.018555
1412 1408 0.000162 0.009322 6.022217 12.044434
1413 1409 0.000243 0.008205 6.016479 12.032959
1414 1410 0.000200 0.005944 5.994873 11.989746
1415 1411 0.000283 0.003810 5.972534 11.945068
1416 1412 0.000082 0.003643 5.966919 11.933838
1417 1413 0.000200 0.004082 5.972046 11.944092
1418 1414 0.000115 0.001771 5.983398 11.966797
1419 1415 0.000141 0.000982 5.980835 11.961670
1420 1416 0.000115 0.001294 5.980713 11.961426
1421 1417 0.000115 0.003834 5.993896 11.987793
1422 1418 0.000000 0.009196 6.008423 12.016846
1423 1419 0.000000 0.011635 6.018433 12.036865
1424 1420 0.000141 0.011950 6.015747 12.031494
1425 1421 0.000000 0.009436 5.996948 11.993896
1426 1422 0.000216 0.005731 5.978516 11.957031
1427 1423 0.000183 0.007013 5.969482 11.938965
1428 1424 0.000116 0.008099 5.965454 11.930908
1429 1425 0.000116 0.008124 5.969116 11.938232
1430 1426 0.000116 0.011924 5.965210 11.930420
1431 1427 0.000082 0.012591 5.967529 11.935059
1432 1428 0.000217 0.011932 5.959595 11.919189
1433 1429 0.000116 0.012599 5.953369 11.906738
1434 1430 0.000000 0.011429 5.954346 11.908691
1435 1431 0.000142 0.008954 5.947021 11.894043
1436 1432 0.000164 0.007605 5.946899 11.893799
1437 1433 0.000000 0.009277 5.947510 11.895020
1438 1434 0.000116 0.005490 5.944824 11.889648
1439 1435 0.000273 0.004998 5.938110 11.876221
1440 1436 0.000165 0.005181 5.935059 11.870117
1441 1437 0.000142 0.003390 5.936401 11.872803
1442 1438 0.000142 0.004671 5.936523 11.873047
1443 1439 0.000000 0.003653 5.937744 11.875488
1444 1440 0.000142 0.007594 5.951416 11.902832
1445 1441 0.000183 0.005427 5.955811 11.911621
1446 1442 0.000116 0.009580 5.970703 11.941406
1447 1443 0.000200 0.013138 5.979980 11.959961
1448 1444 0.000382 0.015759 5.991333 11.982666
1449 1445 0.000282 0.020959 5.993164 11.986328
1450 1446 0.000000 0.024563 6.000488 12.000977
1451 1447 0.000163 0.026602 6.005249 12.010498
1452 1448 0.000115 0.026224 5.992676 11.985352
1453 1449 0.000231 0.027853 5.987915 11.975830
1454 1450 0.000164 0.019452 5.967285 11.934570
1455 1451 0.000116 0.016836 5.958984 11.917969
1456 1452 0.000116 0.012911 5.958984 11.917969
1457 1453 0.000183 0.012907 5.967773 11.935547
1458 1454 0.000164 0.010679 5.972046 11.944092
1459 1455 0.000142 0.015843 5.976196 11.952393
1460 1456 0.000116 0.015222 5.964111 11.928223
1461 1457 0.000272 0.012534 5.944458 11.888916
1462 1458 0.000202 0.013977 5.930420 11.860840
1463 1459 0.000233 0.011681 5.917847 11.835693
1464 1460 0.000000 0.014750 5.900269 11.800537
1465 1461 0.000262 0.013026 5.886353 11.772705
1466 1462 0.000000 0.016927 5.874146 11.748291
1467 1463 0.000220 0.017907 5.865967 11.731934
1468 1464 0.000000 0.018032 5.884521 11.769043
1469 1465 0.000144 0.024266 5.888306 11.776611
1470 1466 0.000166 0.027662 5.883423 11.766846
1471 1467 0.000383 0.028713 5.847778 11.695557
1472 1468 0.000084 0.024288 5.786377 11.572754
1473 1469 0.000319 0.019469 5.732300 11.464600
1474 1470 0.000122 0.014935 5.676147 11.352295
1475 1471 0.000194 0.009804 5.624756 11.249512
1476 1472 0.000152 0.007705 5.563477 11.126953
1477 1473 0.000199 0.005428 5.497070 10.994141
1478 1474 0.000220 0.006792 5.426147 10.852295
1479 1475 0.000129 0.005489 5.359375 10.718750
1480 1476 0.000160 0.003883 5.288208 10.576416
1481 1477 0.000265 0.002845 5.216064 10.432129
1482 1478 0.000095 0.002485 5.153564 10.307129
1483 1479 0.000136 0.004523 5.067749 10.135498
1484 1480 0.000138 0.007480 4.989868 9.979736
1485 1481 0.000099 0.008213 4.917969 9.835938
1486 1482 0.000143 0.007842 4.829346 9.658691
1487 1483 0.000325 0.002764 4.745483 9.490967
1488 1484 0.000182 0.003273 4.636841 9.273682
1489 1485 0.000108 0.005379 4.510498 9.020996
1490 1486 0.000000 0.010810 4.381226 8.762451
1491 1487 0.000229 0.015325 4.258423 8.516846
1492 1488 0.000289 0.018058 4.136475 8.272949
1493 1489 0.000345 0.023281 4.005127 8.010254
1494 1490 0.000179 0.023884 3.861694 7.723389
1495 1491 0.000262 0.019288 3.721680 7.443359
1496 1492 0.000272 0.014950 3.586060 7.172119
1497 1493 0.000200 0.008066 3.455688 6.911377
1498 1494 0.000293 0.008086 3.336426 6.672852
1499 1495 0.000340 0.006915 3.213257 6.426514
1500 1496 0.000315 0.007892 3.101074 6.202148
1501 1497 0.000490 0.011656 2.992310 5.984619
1502 1498 0.000678 0.013510 2.879272 5.758545
1503 1499 0.000706 0.016100 2.767090 5.534180
1504 1500 0.000863 0.017343 2.653564 5.307129
1505 1501 0.000383 0.015729 2.548096 5.096191
1506 1502 0.001008 0.013676 2.470459 4.940918
1507 1503 0.000758 0.025216 2.410034 4.820068
1508 1504 0.001070 0.023660 2.371338 4.742676
1509 1505 0.001696 0.034033 2.339355 4.678711
1510 1506 0.002085 0.037789 2.306030 4.612061
1511 1507 0.001430 0.029698 2.265747 4.531494
1512 1508 0.001504 0.032203 2.225830 4.451660
1513 1509 0.001022 0.022201 2.190063 4.380127
1514 1510 0.001201 0.031137 2.150513 4.301025
1515 1511 0.002438 0.058695 2.109741 4.219482
1516 1512 0.003269 0.068546 2.075317 4.150635
1517 1513 0.004154 0.080810 2.049561 4.099121
1518 1514 0.003371 0.066297 2.027832 4.055664
1519 1515 0.002524 0.056236 2.029297 4.058594
1520 1516 0.001561 0.048942 2.026733 4.053467
1521 1517 0.001486 0.053726 2.025146 4.050293
1522 1518 0.001822 0.051373 2.041138 4.082275
1523 1519 0.001888 0.048890 2.052856 4.105713
1524 1520 0.002658 0.051653 2.078369 4.156738
1525 1521 0.001951 0.044359 2.108765 4.217529
1526 1522 0.002345 0.048628 2.133301 4.266602
1527 1523 0.002197 0.044478 2.166504 4.333008
1528 1524 0.003247 0.055297 2.194702 4.389404
1529 1525 0.000932 0.058309 2.221924 4.443848
1530 1526 0.000612 0.057993 2.255127 4.510254
1531 1527 0.001110 0.056147 2.285400 4.570801
1532 1528 0.002437 0.062281 2.319702 4.639404
1533 1529 0.000800 0.053853 2.363525 4.727051
1534 1530 0.000407 0.045457 2.399170 4.798340
1535 1531 0.000565 0.045883 2.443726 4.887451
1536 1532 0.000681 0.035069 2.484375 4.968750
1537 1533 0.001251 0.029226 2.530151 5.060303
1538 1534 0.000947 0.028247 2.577026 5.154053
1539 1535 0.000745 0.023494 2.621826 5.243652
1540 1536 0.000838 0.025234 2.668579 5.337158
1541 1537 0.000743 0.026182 2.708984 5.417969
1542 1538 0.000560 0.025565 2.755005 5.510010
1543 1539 0.000740 0.026813 2.799683 5.599365
1544 1540 0.000907 0.032937 2.848022 5.696045
1545 1541 0.000717 0.032172 2.888306 5.776611
1546 1542 0.000577 0.029925 2.930786 5.861572
1547 1543 0.000329 0.030786 2.970337 5.940674
1548 1544 0.000000 0.029223 3.009644 6.019287
1549 1545 0.000227 0.025261 3.046021 6.092041
1550 1546 0.000000 0.026059 3.080688 6.161377
1551 1547 0.000222 0.028391 3.117310 6.234619
1552 1548 0.000219 0.035942 3.153564 6.307129
1553 1549 0.000432 0.038904 3.196655 6.393311
1554 1550 0.000302 0.042879 3.235840 6.471680
1555 1551 0.000558 0.037869 3.273315 6.546631
1556 1552 0.000208 0.032622 3.313721 6.627441
1557 1553 0.000385 0.030907 3.353149 6.706299
1558 1554 0.000456 0.026915 3.389282 6.778564
1559 1555 0.000588 0.027698 3.422729 6.845459
1560 1556 0.000318 0.030382 3.435913 6.871826
1561 1557 0.000493 0.034212 3.433716 6.867432
1562 1558 0.000350 0.038194 3.416870 6.833740
1563 1559 0.000353 0.048056 3.390747 6.781494
1564 1560 0.000325 0.038589 3.361572 6.723145
1565 1561 0.000293 0.033885 3.331421 6.662842
1566 1562 0.000209 0.030489 3.300293 6.600586
1567 1563 0.000396 0.022050 3.261719 6.523438
1568 1564 0.000262 0.023397 3.223022 6.446045
1569 1565 0.000266 0.019965 3.180054 6.360107
1570 1566 0.000381 0.019108 3.138794 6.277588
1571 1567 0.000157 0.020944 3.104492 6.208984
1572 1568 0.000550 0.023960 3.076904 6.153809
1573 1569 0.000320 0.024555 3.050903 6.101807
1574 1570 0.000605 0.018619 3.019531 6.039062
1575 1571 0.000634 0.018802 2.981323 5.962646
1576 1572 0.000235 0.022049 2.943848 5.887695
1577 1573 0.000168 0.020808 2.913574 5.827148
1578 1574 0.000000 0.018344 2.889526 5.779053
1579 1575 0.000450 0.021815 2.871826 5.743652
1580 1576 0.000569 0.008936 2.846680 5.693359
1581 1577 0.000547 0.018859 2.824219 5.648438
1582 1578 0.000548 0.024385 2.816162 5.632324
1583 1579 0.000964 0.025657 2.819214 5.638428
1584 1580 0.000344 0.032912 2.837036 5.674072
1585 1581 0.000483 0.025927 2.859253 5.718506
1586 1582 0.000564 0.022944 2.873047 5.746094
1587 1583 0.000536 0.024872 2.881592 5.763184
1588 1584 0.000562 0.027507 2.883545 5.767090
1589 1585 0.000415 0.026432 2.884521 5.769043
1590 1586 0.000292 0.017265 2.896362 5.792725
