10 6 0.000713 0.020520 0.968133 1.936265
11 7 0.001356 0.019548 1.018502 2.037004
12 8 0.001452 0.012295 1.063218 2.126436
13 9 0.001919 0.026039 1.109099 2.218198
14 10 0.002166 0.023346 1.149628 2.299256
15 11 0.001290 0.029195 1.197136 2.394271
16 12 0.001294 0.038549 1.251033 2.502066
17 13 0.001590 0.030239 1.303135 2.606271
18 14 0.001641 0.023396 1.363747 2.727494
19 15 0.001933 0.022604 1.429173 2.858345
20 16 0.001560 0.015040 1.501565 3.003129
21 17 0.001196 0.019829 1.581752 3.163504
22 18 0.001098 0.018124 1.664300 3.328601
23 19 0.000835 0.017402 1.754123 3.508246
24 20 0.000649 0.019909 1.843566 3.687132
25 21 0.000668 0.018065 1.933927 3.867854
26 22 0.000762 0.013815 2.027495 4.054991
27 23 0.000860 0.017287 2.123624 4.247249
28 24 0.001120 0.013832 2.223102 4.446203
29 25 0.000984 0.019195 2.328386 4.656772
30 26 0.000828 0.016721 2.432324 4.864649
31 27 0.000545 0.021782 2.534431 5.068861
32 28 0.000370 0.020821 2.637002 5.274004
33 29 0.000438 0.015422 2.730734 5.461468
34 30 0.000245 0.014875 2.822942 5.645884
35 31 0.000291 0.013835 2.908593 5.817186
36 32 0.000231 0.016000 2.985760 5.971519
37 33 0.000226 0.014319 3.061406 6.122812
38 34 0.000156 0.021405 3.122222 6.244444
39 35 0.000218 0.015915 3.170598 6.341196
40 36 0.000341 0.014872 3.206465 6.412930
41 37 0.000371 0.018520 3.224783 6.449566
42 38 0.000452 0.012636 3.241501 6.483002
43 39 0.000300 0.013302 3.256187 6.512375
44 40 0.000366 0.013619 3.269131 6.538261
45 41 0.000575 0.009495 3.286877 6.573753
46 42 0.000468 0.008361 3.299774 6.599548
47 43 0.000625 0.008194 3.315228 6.630455
48 44 0.000415 0.011035 3.329798 6.659595
49 45 0.000207 0.012754 3.340635 6.681271
50 46 0.000146 0.014806 3.352581 6.705162
51 47 0.000385 0.013337 3.358551 6.717102
52 48 0.000411 0.011319 3.363974 6.727947
53 49 0.000251 0.009975 3.369461 6.738922
54 50 0.000324 0.008663 3.369816 6.739632
55 51 0.000205 0.006156 3.372831 6.745663
56 52 0.000000 0.003990 3.381777 6.763554
57 53 0.000354 0.001614 3.382124 6.764248
58 54 0.000765 0.004533 3.376257 6.752514
59 55 0.000459 0.003585 3.361803 6.723606
60 56 0.000439 0.004111 3.336338 6.672676
61 57 0.000587 0.004584 3.324715 6.649429
62 58 0.000673 0.005389 3.322849 6.645699
63 59 0.000294 0.003719 3.327141 6.654282
64 60 0.000254 0.003832 3.335495 6.670990
65 61 0.000508 0.002912 3.331657 6.663315
66 62 0.000441 0.003835 3.320496 6.640991
67 63 0.000554 0.005752 3.298218 6.596436
68 64 0.000845 0.005891 3.267948 6.535896
69 65 0.001422 0.007585 3.239410 6.478821
70 66 0.000263 0.006544 3.220375 6.440750
71 67 0.000662 0.008311 3.212826 6.425652
72 68 0.000263 0.007833 3.218906 6.437813
73 69 0.000543 0.012756 3.241135 6.482269
74 70 0.000394 0.007306 3.276440 6.552879
75 71 0.000388 0.008904 3.330044 6.660088
76 72 0.000498 0.005619 3.396065 6.792130
77 73 0.000199 0.006933 3.465130 6.930260
78 74 0.000437 0.009066 3.534927 7.069855
79 75 0.000000 0.011992 3.601646 7.203293
80 76 0.000266 0.010306 3.668026 7.336052
81 77 0.000000 0.009878 3.737347 7.474693
82 78 0.000000 0.010592 3.805420 7.610840
83 79 0.000378 0.010315 3.871021 7.742043
84 80 0.000329 0.010798 3.929565 7.859131
85 81 0.000300 0.008067 3.985657 7.971313
86 82 0.000296 0.008349 4.037922 8.075844
87 83 0.000120 0.008046 4.082245 8.164490
88 84 0.000000 0.008095 4.122292 8.244583
89 85 0.000236 0.010350 4.143719 8.287437
90 86 0.000235 0.009433 4.151726 8.303452
91 87 0.000235 0.009825 4.151783 8.303566
92 88 0.000000 0.009483 4.144943 8.289886
93 89 0.000167 0.009993 4.138054 8.276108
94 90 0.000167 0.008416 4.128216 8.256432
95 91 0.000168 0.008660 4.118923 8.237846
96 92 0.000168 0.009347 4.107971 8.215942
97 93 0.000000 0.008009 4.091507 8.183014
98 94 0.000000 0.008378 4.075958 8.151917
99 95 0.000170 0.007588 4.056450 8.112900
100 96 0.000000 0.012068 4.040520 8.081039
101 97 0.000121 0.008648 4.028160 8.056320
102 98 0.000344 0.009020 4.012329 8.024658
103 99 0.000346 0.015956 3.994606 7.989212
104 100 0.000325 0.014222 3.969460 7.938919
105 101 0.000303 0.012500 3.948036 7.896072
106 102 0.000304 0.014853 3.928711 7.857422
107 103 0.000216 0.008761 3.914574 7.829147
108 104 0.000250 0.007034 3.911110 7.822220
109 105 0.000395 0.008200 3.905571 7.811142
110 106 0.000720 0.008744 3.898132 7.796265
111 107 0.000218 0.007001 3.876831 7.753662
112 108 0.000381 0.006609 3.846535 7.693069
113 109 0.000221 0.007506 3.821808 7.643616
114 110 0.000602 0.011128 3.804909 7.609818
115 111 0.000445 0.011436 3.802780 7.605560
116 112 0.000445 0.013944 3.803436 7.606873
117 113 0.000340 0.006174 3.801453 7.602905
118 114 0.000561 0.011771 3.790642 7.581284
119 115 0.000289 0.010939 3.780563 7.561127
120 116 0.000389 0.007395 3.769180 7.538361
121 117 0.000688 0.008405 3.753998 7.507996
122 118 0.000320 0.008112 3.743431 7.486862
123 119 0.000585 0.007793 3.734421 7.468842
124 120 0.000453 0.007464 3.730942 7.461884
125 121 0.000321 0.009062 3.725098 7.450195
126 122 0.000262 0.005848 3.725166 7.450333
127 123 0.000262 0.002258 3.723068 7.446136
128 124 0.000416 0.002155 3.711510 7.423019
129 125 0.000000 0.002391 3.710114 7.420227
130 126 0.000264 0.004373 3.699821 7.399643
131 127 0.000725 0.007871 3.686783 7.373566
132 128 0.000564 0.008143 3.672211 7.344421
133 129 0.000668 0.014183 3.655968 7.311935
134 130 0.000613 0.013764 3.652489 7.304977
135 131 0.000779 0.006409 3.652626 7.305252
136 132 0.000327 0.004217 3.652626 7.305252
137 133 0.000614 0.002562 3.643768 7.287537
138 134 0.000538 0.007993 3.629166 7.258331
139 135 0.000405 0.006032 3.617828 7.235657
140 136 0.000135 0.005247 3.615860 7.231720
141 137 0.000270 0.010241 3.616936 7.233871
142 138 0.000330 0.005986 3.621124 7.242249
143 139 0.000000 0.006266 3.625099 7.250198
144 140 0.000820 0.008336 3.621864 7.243729
145 141 0.000331 0.005689 3.618713 7.237427
146 142 0.000000 0.007217 3.608917 7.217834
147 143 0.000304 0.007625 3.592323 7.184647
148 144 0.000193 0.008330 3.584190 7.168381
149 145 0.000136 0.008212 3.582710 7.165421
150 146 0.000272 0.006589 3.587807 7.175613
151 147 0.000332 0.007290 3.597916 7.195831
152 148 0.000359 0.008189 3.596672 7.193344
153 149 0.000192 0.009128 3.593575 7.187149
154 150 0.000193 0.008406 3.587143 7.174286
155 151 0.000193 0.008989 3.583603 7.167206
156 152 0.000509 0.009571 3.587440 7.174881
157 153 0.000136 0.009934 3.588707 7.177414
158 154 0.000385 0.009668 3.589119 7.178238
159 155 0.000000 0.009557 3.585503 7.171005
160 156 0.000624 0.009377 3.584511 7.169022
161 157 0.000334 0.007180 3.584412 7.168823
162 158 0.000360 0.006451 3.584045 7.168091
163 159 0.000000 0.007319 3.580956 7.161911
164 160 0.000491 0.007441 3.583145 7.166290
165 161 0.000361 0.009050 3.583069 7.166138
166 162 0.000305 0.009594 3.580383 7.160767
167 163 0.000236 0.007882 3.579895 7.159790
168 164 0.000433 0.007346 3.568817 7.137634
169 165 0.000388 0.006672 3.563019 7.126038
170 166 0.000194 0.007977 3.559921 7.119843
171 167 0.000336 0.006859 3.556503 7.113007
172 168 0.000274 0.006543 3.562485 7.124969
173 169 0.000238 0.006592 3.556396 7.112793
174 170 0.000365 0.004549 3.540558 7.081116
175 171 0.000139 0.007335 3.523666 7.047333
176 172 0.000139 0.006167 3.503296 7.006592
177 173 0.000656 0.008096 3.492081 6.984161
178 174 0.000443 0.009146 3.487915 6.975830
179 175 0.000444 0.010860 3.478561 6.957123
180 176 0.000199 0.007439 3.463654 6.927307
181 177 0.000750 0.006872 3.443146 6.886292
182 178 0.000571 0.007379 3.423431 6.846863
183 179 0.001063 0.009232 3.406403 6.812805
184 180 0.000500 0.008099 3.384979 6.769958
185 181 0.000793 0.007663 3.374283 6.748566
186 182 0.000504 0.005289 3.357330 6.714661
187 183 0.000252 0.006033 3.349609 6.699219
188 184 0.000815 0.005280 3.336533 6.673065
189 185 0.000000 0.006296 3.309982 6.619965
190 186 0.000364 0.006281 3.287811 6.575623
191 187 0.000300 0.006710 3.258621 6.517242
192 188 0.000336 0.007847 3.245560 6.491119
193 189 0.000213 0.009195 3.235474 6.470947
194 190 0.000455 0.010480 3.220932 6.441864
195 191 0.000403 0.009207 3.206512 6.413025
196 192 0.000552 0.007896 3.188919 6.377838
197 193 0.000577 0.006220 3.165558 6.331116
198 194 0.000347 0.004238 3.144043 6.288086
199 195 0.000443 0.005044 3.114548 6.229095
200 196 0.000317 0.007140 3.082794 6.165588
201 197 0.000450 0.006481 3.069244 6.138489
202 198 0.000450 0.009360 3.065933 6.131866
203 199 0.000276 0.007871 3.064484 6.128967
204 200 0.000392 0.009054 3.052917 6.105835
205 201 0.000426 0.010909 3.029205 6.058411
206 202 0.000398 0.014239 3.007202 6.014404
207 203 0.000745 0.013883 3.003632 6.007263
208 204 0.000397 0.012898 3.011169 6.022339
209 205 0.000361 0.012821 3.022720 6.045441
210 206 0.000560 0.012304 3.023056 6.046112
211 207 0.000562 0.010325 3.010590 6.021179
212 208 0.000398 0.015697 3.006943 6.013885
213 209 0.000230 0.016487 2.999374 5.998749
214 210 0.000282 0.015243 2.997742 5.995483
215 211 0.000950 0.017419 2.997345 5.994690
216 212 0.000328 0.015310 2.979324 5.958649
217 213 0.000233 0.013555 2.963303 5.926605
218 214 0.000332 0.013656 2.943527 5.887054
219 215 0.000000 0.013167 2.919037 5.838074
220 216 0.000476 0.012445 2.899490 5.798981
221 217 0.000447 0.013688 2.887848 5.775696
222 218 0.000563 0.014944 2.877930 5.755859
223 219 0.000482 0.014754 2.866165 5.732330
224 220 0.000297 0.012046 2.851303 5.702606
225 221 0.000244 0.011237 2.827713 5.655426
226 222 0.000348 0.013448 2.802521 5.605042
227 223 0.000248 0.010918 2.779953 5.559906
228 224 0.000177 0.011600 2.764664 5.529327
229 225 0.000000 0.010764 2.748291 5.496582
230 226 0.000179 0.010469 2.730011 5.460022
231 227 0.000180 0.011742 2.710037 5.420074
232 228 0.000315 0.010148 2.680939 5.361877
233 229 0.000450 0.011089 2.655624 5.311249
234 230 0.000559 0.009205 2.619507 5.239014
235 231 0.000883 0.007953 2.593185 5.186371
236 232 0.000190 0.005620 2.572067 5.144135
237 233 0.000690 0.005189 2.552612 5.105225
238 234 0.000271 0.002869 2.544556 5.089111
239 235 0.000512 0.005521 2.524796 5.049591
240 236 0.000552 0.002107 2.503326 5.006653
241 237 0.000483 0.008250 2.474411 4.948822
242 238 0.000199 0.008891 2.453903 4.907806
243 239 0.000798 0.005539 2.447632 4.895264
244 240 0.001011 0.005980 2.461929 4.923859
245 241 0.000878 0.006391 2.486023 4.972046
246 242 0.000477 0.004713 2.507690 5.015381
247 243 0.000549 0.003920 2.514359 5.028717
248 244 0.000616 0.007403 2.505066 5.010132
249 245 0.000587 0.008530 2.494019 4.988037
250 246 0.000589 0.009128 2.486694 4.973389
251 247 0.000277 0.010759 2.492645 4.985291
252 248 0.000476 0.005090 2.512863 5.025726
253 249 0.000272 0.005361 2.535110 5.070221
254 250 0.000331 0.006679 2.556625 5.113251
255 251 0.000424 0.006913 2.576736 5.153473
256 252 0.000267 0.013427 2.583725 5.167450
257 253 0.000267 0.010490 2.587967 5.175934
258 254 0.000267 0.013049 2.590591 5.181183
259 255 0.000326 0.011973 2.598099 5.196198
260 256 0.000373 0.010693 2.618561 5.237122
261 257 0.000452 0.016130 2.648026 5.296051
262 258 0.000000 0.017941 2.673462 5.346924
263 259 0.000257 0.018200 2.692062 5.384125
264 260 0.000624 0.015277 2.712250 5.424500
265 261 0.000439 0.010754 2.725433 5.450867
266 262 0.000307 0.008619 2.756088 5.512177
267 263 0.000698 0.010475 2.796387 5.592773
268 264 0.000548 0.009831 2.818710 5.637421
269 265 0.000514 0.005962 2.848953 5.697906
270 266 0.000380 0.005897 2.874847 5.749695
271 267 0.000531 0.008547 2.905975 5.811951
272 268 0.000235 0.010600 2.944138 5.888275
273 269 0.000367 0.013105 2.975388 5.950775
274 270 0.000326 0.012152 2.995514 5.991028
275 271 0.000514 0.009078 3.002823 6.005646
276 272 0.000230 0.007463 3.006851 6.013702
277 273 0.000325 0.006071 3.003235 6.006470
278 274 0.000564 0.007837 3.000031 6.000061
279 275 0.000326 0.005810 2.991150 5.982300
280 276 0.000433 0.004832 2.984818 5.969635
281 277 0.000231 0.004321 2.987625 5.975250
282 278 0.000566 0.008268 2.987808 5.975616
283 279 0.000516 0.009335 2.991516 5.983032
284 280 0.000365 0.012447 2.994141 5.988281
285 281 0.000231 0.006989 2.987686 5.975372
286 282 0.000590 0.004788 2.984985 5.969971
287 283 0.000402 0.006113 2.975464 5.950928
288 284 0.000232 0.005400 2.970581 5.941162
289 285 0.000435 0.007206 2.970245 5.940491
290 286 0.000914 0.010956 2.972977 5.945953
291 287 0.000433 0.012732 2.982071 5.964142
292 288 0.000232 0.007656 2.981216 5.962433
293 289 0.000463 0.006676 2.981995 5.963989
294 290 0.000769 0.002147 2.977890 5.955780
295 291 0.000491 0.004102 2.982773 5.965546
296 292 0.000566 0.007235 2.989517 5.979034
297 293 0.000364 0.007974 3.000183 6.000366
298 294 0.000512 0.011730 3.015839 6.031677
299 295 0.000395 0.010632 3.024567 6.049133
300 296 0.000394 0.010773 3.038788 6.077576
301 297 0.000226 0.012687 3.050430 6.100861
302 298 0.000319 0.016080 3.065842 6.131683
303 299 0.000571 0.013148 3.080917 6.161835
304 300 0.000352 0.012811 3.101700 6.203400
305 301 0.000222 0.008573 3.117416 6.234833
306 302 0.000493 0.004101 3.128967 6.257935
307 303 0.000582 0.014390 3.140610 6.281219
308 304 0.000310 0.014567 3.145660 6.291321
309 305 0.000438 0.021117 3.155334 6.310669
310 306 0.000378 0.020407 3.166016 6.332031
311 307 0.000267 0.013501 3.172531 6.345062
312 308 0.000509 0.015861 3.183670 6.367340
313 309 0.000375 0.014729 3.193375 6.386749
314 310 0.000507 0.016090 3.195969 6.391937
315 311 0.000306 0.012472 3.196030 6.392059
316 312 0.000217 0.006332 3.184830 6.369659
317 313 0.000344 0.006123 3.173843 6.347687
318 314 0.000511 0.008479 3.169571 6.339142
319 315 0.000000 0.014021 3.166214 6.332428
320 316 0.000309 0.016322 3.157150 6.314301
321 317 0.000515 0.018857 3.146469 6.292938
322 318 0.000311 0.018296 3.135559 6.271118
323 319 0.000311 0.015015 3.139099 6.278198
324 320 0.000268 0.011476 3.159546 6.319092
325 321 0.000434 0.009722 3.183380 6.366760
326 322 0.000000 0.006539 3.203400 6.406799
327 323 0.000627 0.003839 3.209534 6.419067
328 324 0.000610 0.002274 3.199341 6.398682
329 325 0.000531 0.003955 3.186615 6.373230
330 326 0.000266 0.005457 3.174789 6.349579
331 327 0.000345 0.004869 3.167297 6.334595
332 328 0.000308 0.005336 3.169006 6.338013
333 329 0.000217 0.005165 3.176163 6.352325
334 330 0.000306 0.003232 3.188629 6.377258
335 331 0.000216 0.002502 3.202240 6.404480
336 332 0.000303 0.007028 3.221191 6.442383
337 333 0.000151 0.007543 3.235046 6.470093
338 334 0.000336 0.008737 3.247375 6.494751
339 335 0.000212 0.008193 3.252655 6.505310
340 336 0.000690 0.003731 3.240540 6.481079
341 337 0.000693 0.002232 3.226624 6.453247
342 338 0.000373 0.003658 3.205078 6.410156
343 339 0.000570 0.005424 3.204437 6.408875
344 340 0.000455 0.005105 3.222321 6.444641
345 341 0.000370 0.005498 3.235992 6.471985
346 342 0.000300 0.007919 3.251343 6.502686
347 343 0.000150 0.004257 3.257568 6.515137
348 344 0.000635 0.006662 3.262268 6.524536
349 345 0.000149 0.006161 3.267700 6.535400
350 346 0.000149 0.009493 3.272827 6.545654
351 347 0.000495 0.008651 3.269257 6.538513
352 348 0.000519 0.007480 3.261505 6.523010
353 349 0.000519 0.006730 3.261017 6.522034
354 350 0.000150 0.011703 3.262360 6.524719
355 351 0.000423 0.013627 3.267792 6.535583
356 352 0.000538 0.014956 3.271484 6.542969
357 353 0.000495 0.015892 3.269562 6.539124
358 354 0.000559 0.016052 3.265930 6.531860
359 355 0.000335 0.017450 3.257477 6.514954
360 356 0.000300 0.015314 3.257080 6.514160
361 357 0.000000 0.016619 3.260345 6.520691
362 358 0.000259 0.012994 3.265717 6.531433
363 359 0.000259 0.012964 3.269440 6.538879
364 360 0.000258 0.013533 3.274353 6.548706
365 361 0.000446 0.014056 3.281525 6.563049
366 362 0.000536 0.010848 3.285522 6.571045
367 363 0.000629 0.011068 3.291962 6.583923
368 364 0.000297 0.012207 3.286316 6.572632
369 365 0.000365 0.011520 3.276672 6.553345
370 366 0.000472 0.010803 3.273224 6.546448
371 367 0.000448 0.008863 3.270386 6.540771
372 368 0.000559 0.008820 3.269073 6.538147
373 369 0.000473 0.009045 3.265411 6.530823
374 370 0.000719 0.009455 3.257812 6.515625
375 371 0.000474 0.011866 3.259521 6.519043
376 372 0.000212 0.014342 3.260956 6.521912
377 373 0.000299 0.017789 3.265259 6.530518
378 374 0.000473 0.015821 3.265198 6.530396
379 375 0.000300 0.014515 3.256500 6.513000
380 376 0.000000 0.011286 3.259064 6.518127
381 377 0.000212 0.008915 3.261139 6.522278
382 378 0.000211 0.010497 3.273438 6.546875
383 379 0.000148 0.013687 3.288513 6.577026
384 380 0.000468 0.015014 3.298798 6.597595
385 381 0.000661 0.015045 3.303986 6.607971
386 382 0.000331 0.012326 3.299255 6.598511
387 383 0.000445 0.014349 3.288422 6.576843
388 384 0.000149 0.014755 3.283051 6.566101
389 385 0.000593 0.018681 3.292908 6.585815
390 386 0.000295 0.019370 3.315857 6.631714
391 387 0.000327 0.017657 3.341614 6.683228
392 388 0.000324 0.013664 3.366974 6.733948
393 389 0.000408 0.013937 3.388214 6.776428
394 390 0.000406 0.008700 3.403381 6.806763
395 391 0.000428 0.008146 3.422882 6.845764
396 392 0.000402 0.009861 3.438812 6.877625
397 393 0.000548 0.001947 3.453522 6.907043
398 394 0.000244 0.004520 3.459900 6.919800
399 395 0.000315 0.003996 3.469849 6.939697
400 396 0.000199 0.008477 3.475372 6.950745
401 397 0.000000 0.007585 3.484772 6.969543
402 398 0.000394 0.009341 3.506958 7.013916
403 399 0.000240 0.010150 3.528259 7.056519
404 400 0.000274 0.008842 3.559357 7.118713
405 401 0.000471 0.008763 3.589966 7.179932
406 402 0.000358 0.010188 3.609802 7.219604
407 403 0.000633 0.008818 3.620209 7.240417
408 404 0.000357 0.003723 3.614624 7.229248
409 405 0.000235 0.005324 3.595154 7.190308
410 406 0.000136 0.010587 3.581329 7.162659
411 407 0.000410 0.015260 3.574615 7.149231
412 408 0.000272 0.013818 3.584167 7.168335
413 409 0.000468 0.015414 3.612885 7.225769
414 410 0.000328 0.018313 3.644867 7.289734
415 411 0.000266 0.021076 3.674957 7.349915
416 412 0.000494 0.023687 3.694763 7.389526
417 413 0.000503 0.033022 3.760803 7.521606
418 414 0.000475 0.058500 3.844482 7.688965
419 415 0.000215 0.087388 3.928802 7.857605
420 416 0.000173 0.103797 3.989990 7.979980
421 417 0.000300 0.099685 3.986023 7.972046
422 418 0.000349 0.088169 3.959412 7.918823
423 419 0.000352 0.069672 3.928711 7.857422
424 420 0.000448 0.067839 3.927795 7.855591
425 421 0.000124 0.060896 3.931793 7.863586
426 422 0.000527 0.053219 3.932068 7.864136
427 423 0.000176 0.046442 3.916473 7.832947
428 424 0.000530 0.036282 3.906769 7.813538
429 425 0.000376 0.032631 3.890961 7.781921
430 426 0.000398 0.028249 3.882660 7.765320
431 427 0.000377 0.027248 3.883575 7.767151
432 428 0.000378 0.027398 3.876678 7.753357
433 429 0.000564 0.023250 3.870667 7.741333
434 430 0.000537 0.019174 3.859009 7.718018
435 431 0.000253 0.016894 3.854919 7.709839
436 432 0.000180 0.015758 3.836975 7.673950
437 433 0.000477 0.016321 3.831665 7.663330
438 434 0.000511 0.014047 3.821045 7.642090
439 435 0.000286 0.018496 3.812042 7.624084
440 436 0.000406 0.015399 3.806091 7.612183
441 437 0.000223 0.013006 3.796631 7.593262
442 438 0.000315 0.017260 3.795990 7.591980
443 439 0.000364 0.013447 3.794006 7.588013
444 440 0.000223 0.013689 3.796844 7.593689
445 441 0.000257 0.013306 3.797333 7.594666
446 442 0.000605 0.010959 3.787720 7.575439
447 443 0.000183 0.013115 3.778839 7.557678
448 444 0.000183 0.012298 3.764984 7.529968
449 445 0.000318 0.009275 3.756409 7.512817
450 446 0.000450 0.011379 3.760864 7.521729
451 447 0.000000 0.007982 3.770203 7.540405
452 448 0.000000 0.009537 3.790405 7.580811
453 449 0.000406 0.008949 3.802094 7.604187
454 450 0.000406 0.010692 3.807465 7.614929
455 451 0.000314 0.007049 3.809570 7.619141
456 452 0.000181 0.008964 3.813507 7.627014
457 453 0.000221 0.007282 3.825073 7.650146
458 454 0.000459 0.005557 3.839661 7.679321
459 455 0.000179 0.014440 3.856750 7.713501
460 456 0.000178 0.017169 3.876953 7.753906
461 457 0.000307 0.014598 3.893890 7.787781
462 458 0.000651 0.012432 3.898865 7.797729
463 459 0.000177 0.006913 3.898712 7.797424
464 460 0.000177 0.004813 3.893799 7.787598
465 461 0.000280 0.008305 3.895508 7.791016
466 462 0.000353 0.009345 3.913452 7.826904
467 463 0.000278 0.006801 3.933563 7.867126
468 464 0.000371 0.008602 3.953217 7.906433
469 465 0.000302 0.007206 3.966705 7.933411
470 466 0.000174 0.005549 3.978485 7.956970
471 467 0.000122 0.007580 3.988098 7.976196
472 468 0.000173 0.007106 3.998383 7.996765
473 469 0.000000 0.007833 4.008759 8.017517
474 470 0.000516 0.009946 4.018036 8.036072
475 471 0.000121 0.005752 4.027588 8.055176
476 472 0.000342 0.004746 4.040863 8.081726
477 473 0.000121 0.006764 4.048523 8.097046
478 474 0.000000 0.006757 4.052826 8.105652
479 475 0.000170 0.006372 4.059601 8.119202
480 476 0.000417 0.006655 4.052521 8.105042
481 477 0.000000 0.006626 4.048889 8.097778
482 478 0.000171 0.005894 4.046387 8.092773
483 479 0.000241 0.006668 4.048035 8.096069
484 480 0.000241 0.007576 4.057709 8.115417
485 481 0.000294 0.005047 4.068390 8.136780
486 482 0.000360 0.004388 4.069244 8.138489
487 483 0.000496 0.006815 4.058563 8.117126
488 484 0.000121 0.007796 4.046112 8.092224
489 485 0.000342 0.010121 4.034515 8.069031
490 486 0.000320 0.012175 4.040314 8.080627
491 487 0.000295 0.013346 4.050079 8.100159
492 488 0.000000 0.013437 4.059448 8.118896
493 489 0.000240 0.012343 4.067963 8.135925
494 490 0.000240 0.012178 4.061676 8.123352
495 491 0.000120 0.011811 4.059296 8.118591
496 492 0.000381 0.012179 4.052155 8.104309
497 493 0.000121 0.012429 4.050598 8.101196
498 494 0.000209 0.011665 4.055725 8.111450
499 495 0.000209 0.012074 4.054443 8.108887
500 496 0.000208 0.013287 4.059174 8.118347
501 497 0.000295 0.013716 4.055054 8.110107
502 498 0.000511 0.015757 4.052216 8.104431
503 499 0.000381 0.014459 4.054047 8.108093
504 500 0.000170 0.013805 4.052155 8.104309
505 501 0.000000 0.011576 4.050201 8.100403
506 502 0.000242 0.008231 4.043213 8.086426
507 503 0.000383 0.007610 4.030945 8.061890
508 504 0.000243 0.005593 4.018494 8.036987
509 505 0.000211 0.005771 4.004364 8.008728
510 506 0.000547 0.007657 3.989380 7.978760
511 507 0.000492 0.007489 3.969879 7.939758
512 508 0.000429 0.008561 3.942780 7.885559
513 509 0.000395 0.008079 3.908997 7.817993
514 510 0.000219 0.005732 3.867249 7.734497
515 511 0.000639 0.007016 3.822083 7.644165
516 512 0.000709 0.006941 3.774384 7.548767
517 513 0.000371 0.007620 3.725250 7.450500
518 514 0.000298 0.007036 3.669495 7.338989
519 515 0.000428 0.007021 3.610168 7.220337
520 516 0.000436 0.005756 3.544250 7.088501
521 517 0.000344 0.008618 3.473022 6.946045
522 518 0.000406 0.008680 3.402252 6.804504
523 519 0.000207 0.011298 3.330750 6.661499
524 520 0.000299 0.009663 3.266327 6.532654
525 521 0.000609 0.010921 3.208649 6.417297
526 522 0.000379 0.012918 3.156281 6.312561
527 523 0.000222 0.014828 3.108887 6.217773
528 524 0.000160 0.015856 3.060486 6.120972
529 525 0.000429 0.016238 3.013855 6.027710
530 526 0.000000 0.017011 2.966248 5.932495
531 527 0.000237 0.016695 2.915588 5.831177
532 528 0.000340 0.015602 2.870636 5.741272
533 529 0.000172 0.016468 2.833191 5.666382
534 530 0.000521 0.018259 2.811859 5.623718
535 531 0.000625 0.020530 2.817841 5.635681
536 532 0.000750 0.022734 2.836548 5.673096
537 533 0.000171 0.027484 2.861694 5.723389
538 534 0.000414 0.025210 2.889801 5.779602
539 535 0.000824 0.020672 2.903839 5.807678
540 536 0.000886 0.020413 2.916779 5.833557
541 537 0.000884 0.013479 2.924316 5.848633
542 538 0.000666 0.011511 2.931335 5.862671
543 539 0.000597 0.011374 2.950104 5.900208
544 540 0.000592 0.008523 2.973480 5.946960
545 541 0.000793 0.010104 3.017395 6.034790
546 542 0.000914 0.009571 3.067383 6.134766
547 543 0.000471 0.009145 3.109131 6.218262
548 544 0.000852 0.007171 3.140472 6.280945
549 545 0.000819 0.009119 3.154327 6.308655
550 546 0.000437 0.006669 3.160278 6.320557
551 547 0.000532 0.007797 3.176666 6.353333
552 548 0.000592 0.007861 3.195160 6.390320
553 549 0.000215 0.006400 3.213837 6.427673
554 550 0.000788 0.006675 3.219910 6.439819
555 551 0.000776 0.007503 3.206543 6.413086
556 552 0.000000 0.004834 3.189850 6.379700
557 553 0.000308 0.004440 3.165985 6.331970
558 554 0.000439 0.004025 3.143372 6.286743
559 555 0.000221 0.006877 3.122284 6.244568
560 556 0.000223 0.003443 3.092896 6.185791
561 557 0.000813 0.007349 3.063019 6.126038
562 558 0.000603 0.009817 3.029755 6.059509
563 559 0.000490 0.007503 2.988342 5.976685
564 560 0.000966 0.009621 2.948822 5.897644
565 561 0.000375 0.009025 2.908325 5.816650
566 562 0.000340 0.008579 2.873322 5.746643
567 563 0.000341 0.016068 2.862152 5.724304
568 564 0.000343 0.014240 2.845154 5.690308
569 565 0.000595 0.012558 2.841827 5.683655
570 566 0.000297 0.012256 2.848175 5.696350
571 567 0.000298 0.005879 2.838226 5.676453
572 568 0.000000 0.009566 2.865845 5.731689
573 569 0.000677 0.011124 2.882935 5.765869
574 570 0.000529 0.017856 2.916809 5.833618
575 571 0.000773 0.009893 2.964172 5.928345
576 572 0.000490 0.007724 2.986847 5.973694
577 573 0.000362 0.006765 3.019531 6.039062
578 574 0.000509 0.008242 3.034363 6.068726
579 575 0.000393 0.008416 3.046722 6.093445
580 576 0.000318 0.011931 3.067291 6.134583
581 577 0.000674 0.012233 3.074249 6.148499
582 578 0.000595 0.013965 3.068298 6.136597
583 579 0.000750 0.010842 3.053894 6.107788
584 580 0.000965 0.011517 3.035522 6.071045
585 581 0.000699 0.009976 3.046722 6.093445
586 582 0.000726 0.011383 3.082611 6.165222
587 583 0.000646 0.011280 3.116974 6.233948
588 584 0.001179 0.008232 3.127441 6.254883
589 585 0.000908 0.012114 3.090210 6.180420
590 586 0.000453 0.012741 3.049011 6.098022
591 587 0.001301 0.013826 3.026489 6.052979
592 588 0.000993 0.015419 3.030090 6.060181
593 589 0.000454 0.016208 3.042145 6.084290
594 590 0.001084 0.010132 3.021423 6.042847
595 591 0.001413 0.007663 2.972351 5.944702
596 592 0.000649 0.011053 2.916107 5.832214
597 593 0.000481 0.008827 2.872345 5.744690
598 594 0.000344 0.012819 2.840424 5.680847
599 595 0.000388 0.015330 2.810516 5.621033
600 596 0.000584 0.015630 2.773621 5.547241
601 597 0.000566 0.017332 2.730011 5.460022
602 598 0.000444 0.017187 2.692596 5.385193
603 599 0.000318 0.016827 2.659912 5.319824
604 600 0.000000 0.018664 2.632782 5.265564
605 601 0.000325 0.019387 2.600159 5.200317
606 602 0.000538 0.017878 2.565521 5.131042
607 603 0.000337 0.014613 2.510712 5.021423
608 604 0.000283 0.019238 2.436127 4.872253
609 605 0.000507 0.021298 2.360443 4.720886
610 606 0.000987 0.020947 2.266266 4.532532
611 607 0.000223 0.026526 2.185028 4.370056
612 608 0.000465 0.019573 2.101501 4.203003
613 609 0.000000 0.021317 1.999146 3.998291
614 610 0.000814 0.022775 1.896057 3.792114
615 611 0.000724 0.026352 1.784058 3.568115
616 612 0.000584 0.035252 1.670868 3.341736
617 613 0.000873 0.025081 1.582184 3.164368
618 614 0.000974 0.023313 1.503357 3.006714
619 615 0.001076 0.015001 1.434418 2.868835
620 616 0.000501 0.013442 1.378143 2.756287
621 617 0.000000 0.020216 1.315582 2.631165
622 618 0.000552 0.015809 1.250519 2.501038
623 619 0.001943 0.022539 1.179016 2.358032
624 620 0.002074 0.027789 1.104187 2.208374
625 621 0.000674 0.032582 1.025055 2.050110
626 622 0.000734 0.034610 0.940277 1.880554
627 623 0.001146 0.030534 0.852142 1.704285
628 624 0.000903 0.029716 0.764435 1.528870
629 625 0.000707 0.041067 0.690186 1.380371
630 626 0.001324 0.059474 0.638824 1.277649
631 627 0.002514 0.078670 0.614227 1.228455
632 628 0.003478 0.097217 0.612000 1.223999
633 629 0.002639 0.083063 0.613739 1.227478
634 630 0.001957 0.086363 0.611053 1.222107
635 631 0.001141 0.085887 0.605286 1.210571
636 632 0.001421 0.070672 0.595123 1.190247
637 633 0.000000 0.066780 0.591888 1.183777
638 634 0.001138 0.091199 0.606628 1.213257
639 635 0.001327 0.084185 0.637085 1.274170
640 636 0.001424 0.071450 0.685760 1.371521
641 637 0.002433 0.089902 0.750793 1.501587
642 638 0.001586 0.050289 0.814514 1.629028
643 639 0.000970 0.054557 0.871704 1.743408
644 640 0.002242 0.060332 0.923798 1.847595
645 641 0.001017 0.054410 0.960663 1.921326
646 642 0.001694 0.055769 0.998779 1.997559
647 643 0.001491 0.056054 1.035278 2.070557
648 644 0.001219 0.050716 1.059479 2.118958
649 645 0.001334 0.050858 1.097870 2.195740
650 646 0.001551 0.057999 1.135071 2.270142
651 647 0.001873 0.061595 1.165924 2.331848
652 648 0.001265 0.059620 1.220917 2.441833
653 649 0.000385 0.050322 1.269531 2.539062
654 650 0.000374 0.038834 1.304657 2.609314
655 651 0.000874 0.050889 1.369049 2.738098
656 652 0.000602 0.036371 1.404785 2.809570
657 653 0.000669 0.041770 1.459991 2.919983
658 654 0.000319 0.041554 1.532349 3.064697
659 655 0.000438 0.031398 1.575775 3.151550
660 656 0.000835 0.047032 1.653961 3.307922
661 657 0.000402 0.066814 1.719299 3.438599
662 658 0.000549 0.085584 1.779236 3.558472
663 659 0.000370 0.096519 1.866089 3.732178
664 660 0.000565 0.095683 1.931671 3.863342
665 661 0.000596 0.083590 2.005341 4.010681
666 662 0.000739 0.071766 2.088287 4.176575
667 663 0.000393 0.069084 2.149475 4.298950
668 664 0.000381 0.046862 2.218201 4.436401
669 665 0.000214 0.036545 2.279602 4.559204
670 666 0.000296 0.023193 2.331177 4.662354
671 667 0.000838 0.014425 2.401062 4.802124
672 668 0.000485 0.022453 2.464600 4.929199
673 669 0.000471 0.025411 2.540771 5.081543
674 670 0.000263 0.034011 2.624329 5.248657
675 671 0.000000 0.036274 2.700806 5.401611
676 672 0.000176 0.035296 2.779846 5.559692
677 673 0.000298 0.033741 2.840698 5.681396
678 674 0.000168 0.027791 2.899536 5.799072
679 675 0.000330 0.028553 2.956726 5.913452
680 676 0.000000 0.017412 3.013672 6.027344
681 677 0.000275 0.014600 3.072754 6.145508
682 678 0.000221 0.013709 3.131165 6.262329
683 679 0.000265 0.011359 3.190125 6.380249
684 680 0.000150 0.012504 3.247986 6.495972
685 681 0.000000 0.011996 3.302734 6.605469
686 682 0.000206 0.012071 3.353210 6.706421
687 683 0.000144 0.015469 3.395325 6.790649
688 684 0.000201 0.012047 3.441406 6.882812
689 685 0.000243 0.011100 3.481201 6.962402
690 686 0.000196 0.012220 3.524780 7.049561
691 687 0.000362 0.012372 3.572144 7.144287
692 688 0.000331 0.013633 3.618347 7.236694
693 689 0.000188 0.013068 3.672119 7.344238
694 690 0.000131 0.009253 3.721985 7.443970
695 691 0.000259 0.011212 3.770935 7.541870
696 692 0.000000 0.011757 3.813599 7.627197
697 693 0.000127 0.014450 3.856628 7.713257
698 694 0.000177 0.015812 3.900818 7.801636
699 695 0.000303 0.013790 3.947815 7.895630
700 696 0.000244 0.013048 3.995483 7.990967
701 697 0.000242 0.011885 4.038757 8.077515
702 698 0.000120 0.010164 4.085876 8.171753
703 699 0.000167 0.010946 4.129211 8.258423
704 700 0.000166 0.008621 4.166138 8.332275
705 701 0.000261 0.009469 4.188721 8.377441
706 702 0.000232 0.013299 4.207153 8.414307
707 703 0.000283 0.019060 4.220947 8.441895
708 704 0.000199 0.016586 4.244141 8.488281
709 705 0.000280 0.014801 4.272278 8.544556
710 706 0.000341 0.014067 4.295654 8.591309
711 707 0.000277 0.015153 4.314270 8.628540
712 708 0.000277 0.018682 4.319031 8.638062
713 709 0.000000 0.020153 4.336853 8.673706
714 710 0.000449 0.021319 4.347473 8.694946
715 711 0.000317 0.018828 4.353149 8.706299
716 712 0.000194 0.017080 4.366089 8.732178
717 713 0.000000 0.019261 4.364441 8.728882
718 714 0.000158 0.022358 4.383179 8.766357
719 715 0.000157 0.020510 4.407104 8.814209
720 716 0.000271 0.026057 4.405701 8.811401
721 717 0.000247 0.025692 4.421082 8.842163
722 718 0.000608 0.024417 4.400696 8.801392
723 719 0.000368 0.027851 4.398132 8.796265
724 720 0.000367 0.015613 4.415894 8.831787
725 721 0.000157 0.017811 4.394897 8.789795
726 722 0.000699 0.009721 4.417480 8.834961
727 723 0.000351 0.008209 4.401367 8.802734
728 724 0.000314 0.016705 4.404968 8.809937
729 725 0.000311 0.013661 4.434204 8.868408
730 726 0.000517 0.012388 4.431824 8.863647
731 727 0.000437 0.011428 4.469177 8.938354
732 728 0.000436 0.009358 4.482910 8.965820
733 729 0.000218 0.010249 4.487061 8.974121
734 730 0.000359 0.011447 4.512451 9.024902
735 731 0.000459 0.011953 4.515686 9.031372
736 732 0.000285 0.015230 4.530273 9.060547
737 733 0.000401 0.012794 4.552307 9.104614
738 734 0.000386 0.012037 4.562683 9.125366
739 735 0.000370 0.015883 4.576538 9.153076
740 736 0.000184 0.013671 4.586670 9.173340
741 737 0.000000 0.013679 4.602600 9.205200
742 738 0.000106 0.013113 4.625854 9.251709
743 739 0.000234 0.012213 4.659668 9.319336
744 740 0.000104 0.011897 4.701538 9.403076
745 741 0.000437 0.008091 4.743835 9.487671
746 742 0.000354 0.014038 4.779541 9.559082
747 743 0.000287 0.012240 4.805542 9.611084
748 744 0.000143 0.011910 4.833191 9.666382
749 745 0.000246 0.012277 4.861755 9.723511
750 746 0.000299 0.011768 4.897156 9.794312
751 747 0.000171 0.010661 4.937805 9.875610
752 748 0.000241 0.012476 4.967712 9.935425
753 749 0.000239 0.012401 5.001282 10.002563
754 750 0.000168 0.013616 5.033569 10.067139
755 751 0.000136 0.015187 5.059814 10.119629
756 752 0.000166 0.015714 5.094299 10.188599
757 753 0.000095 0.014281 5.124329 10.248657
758 754 0.000134 0.012451 5.152588 10.305176
759 755 0.000133 0.010005 5.187500 10.375000
760 756 0.000161 0.010269 5.237549 10.475098
761 757 0.000320 0.009210 5.288757 10.577515
762 758 0.000158 0.010557 5.338501 10.677002
763 759 0.000181 0.012988 5.383362 10.766724
764 760 0.000325 0.014522 5.411621 10.823242
765 761 0.000220 0.014523 5.437927 10.875854
766 762 0.000357 0.013717 5.463440 10.926880
767 763 0.000235 0.011731 5.492065 10.984131
768 764 0.000177 0.008176 5.518433 11.036865
769 765 0.000125 0.007267 5.544922 11.089844
770 766 0.000152 0.006972 5.572876 11.145752
771 767 0.000174 0.006436 5.603149 11.206299
772 768 0.000123 0.005872 5.629150 11.258301
773 769 0.000149 0.003726 5.662231 11.324463
774 770 0.000000 0.003326 5.689209 11.378418
775 771 0.000241 0.002178 5.721313 11.442627
776 772 0.000281 0.007679 5.753906 11.507812
777 773 0.000189 0.007737 5.782166 11.564331
778 774 0.000168 0.004349 5.812988 11.625977
779 775 0.000084 0.011600 5.843689 11.687378
780 776 0.000083 0.005729 5.871155 11.742310
781 777 0.000143 0.004853 5.899536 11.799072
782 778 0.000184 0.007920 5.929016 11.858032
783 779 0.000116 0.005711 5.960510 11.921021
784 780 0.000115 0.007648 5.985840 11.971680
785 781 0.000000 0.005706 5.997864 11.995728
786 782 0.000163 0.005346 6.009583 12.019165
787 783 0.000115 0.005109 6.008118 12.016235
788 784 0.000229 0.004249 6.018005 12.036011
789 785 0.000081 0.008390 6.036865 12.073730
790 786 0.000140 0.012807 6.049377 12.098755
791 787 0.000213 0.015082 6.062378 12.124756
792 788 0.000114 0.016981 6.070557 12.141113
793 789 0.000241 0.015178 6.071960 12.143921
794 790 0.000114 0.014500 6.081543 12.163086
795 791 0.000114 0.013378 6.083191 12.166382
796 792 0.000197 0.014729 6.081970 12.163940
797 793 0.000227 0.014499 6.079956 12.159912
798 794 0.000114 0.012222 6.072510 12.145020
799 795 0.000114 0.011089 6.068726 12.137451
800 796 0.000000 0.009330 6.062134 12.124268
801 797 0.000161 0.006889 6.052551 12.105103
802 798 0.000214 0.006240 6.042969 12.085938
803 799 0.000140 0.005009 6.035339 12.070679
804 800 0.000115 0.003894 6.030090 12.060181
805 801 0.000115 0.003518 6.026001 12.052002
806 802 0.000363 0.004425 6.016113 12.032227
807 803 0.000269 0.003047 6.014282 12.028564
808 804 0.000215 0.005012 6.012573 12.025146
809 805 0.000000 0.006004 6.013062 12.026123
810 806 0.000141 0.005146 6.017578 12.035156
811 807 0.000115 0.006663 6.014465 12.028931
812 808 0.000199 0.007135 6.010498 12.020996
813 809 0.000304 0.007186 6.010986 12.021973
814 810 0.000182 0.004779 6.005371 12.010742
815 811 0.000081 0.006600 5.999512 11.999023
816 812 0.000115 0.005914 5.993530 11.987061
817 813 0.000182 0.002743 5.986267 11.972534
818 814 0.000082 0.007127 5.974731 11.949463
819 815 0.000116 0.005595 5.952637 11.905273
820 816 0.000218 0.007081 5.931763 11.863525
821 817 0.000083 0.006782 5.899231 11.798462
822 818 0.000204 0.006599 5.867676 11.735352
823 819 0.000000 0.006045 5.835144 11.670288
824 820 0.000119 0.008307 5.798279 11.596558
825 821 0.000147 0.008502 5.763184 11.526367
826 822 0.000000 0.007280 5.726746 11.453491
827 823 0.000227 0.008531 5.694763 11.389526
828 824 0.000122 0.007509 5.653992 11.307983
829 825 0.000000 0.008925 5.605774 11.211548
830 826 0.000153 0.010313 5.542969 11.085938
831 827 0.000219 0.012976 5.467957 10.935913
832 828 0.000091 0.009737 5.380249 10.760498
833 829 0.000131 0.008959 5.280884 10.561768
834 830 0.000094 0.011908 5.172791 10.345581
835 831 0.000348 0.007321 5.062256 10.124512
836 832 0.000171 0.010490 4.956482 9.912964
837 833 0.000202 0.008823 4.840637 9.681274
838 834 0.000179 0.008910 4.725403 9.450806
839 835 0.000336 0.012839 4.597595 9.195190
840 836 0.000155 0.013610 4.458435 8.916870
841 837 0.000375 0.015550 4.317017 8.634033
842 838 0.000117 0.010837 4.174500 8.348999
843 839 0.000172 0.010630 4.019043 8.038086
844 840 0.000253 0.008245 3.856628 7.713257
845 841 0.000438 0.009335 3.695435 7.390869
846 842 0.000460 0.012700 3.522705 7.045410
847 843 0.000145 0.013385 3.358032 6.716064
848 844 0.000153 0.015881 3.195007 6.390015
849 845 0.000604 0.017823 3.026855 6.053711
850 846 0.000777 0.017265 2.878662 5.757324
851 847 0.000641 0.016766 2.745789 5.491577
852 848 0.000727 0.020993 2.600159 5.200317
853 849 0.000640 0.013414 2.532104 5.064209
854 850 0.000946 0.034140 2.422119 4.844238
855 851 0.000841 0.032650 2.392761 4.785522
856 852 0.000857 0.012321 2.416687 4.833374
857 853 0.000558 0.012945 2.316162 4.632324
858 854 0.000293 0.048449 2.353699 4.707397
859 855 0.000789 0.013679 2.230652 4.461304
860 856 0.000973 0.012172 2.186462 4.372925
861 857 0.001045 0.019249 2.140442 4.280884
862 858 0.000620 0.037429 2.083130 4.166260
863 859 0.000562 0.038448 2.129028 4.258057
864 860 0.001696 0.030367 2.035889 4.071777
865 861 0.001240 0.035736 2.084229 4.168457
866 862 0.001173 0.031718 2.038879 4.077759
867 863 0.000963 0.040249 2.027649 4.055298
868 864 0.001200 0.026225 2.075439 4.150879
869 865 0.001229 0.049123 2.064392 4.128784
870 866 0.001889 0.028493 2.099609 4.199219
871 867 0.002409 0.060750 2.116150 4.232300
872 868 0.002617 0.055972 2.135620 4.271240
873 869 0.002214 0.017982 2.172363 4.344727
874 870 0.001931 0.035707 2.233154 4.466309
875 871 0.000614 0.041675 2.248657 4.497314
876 872 0.000759 0.027092 2.319275 4.638550
877 873 0.001087 0.022381 2.335144 4.670288
878 874 0.001067 0.035031 2.334290 4.668579
879 875 0.001216 0.035777 2.441833 4.883667
880 876 0.001356 0.021503 2.441956 4.883911
881 877 0.001151 0.015139 2.510376 5.020752
882 878 0.001289 0.042553 2.623535 5.247070
883 879 0.001085 0.011471 2.625000 5.250000
884 880 0.000678 0.022126 2.695801 5.391602
885 881 0.001200 0.020403 2.788452 5.576904
886 882 0.001346 0.024035 2.810913 5.621826
887 883 0.001395 0.022066 2.885376 5.770752
888 884 0.001610 0.019147 2.955505 5.911011
889 885 0.000786 0.026233 2.981018 5.962036
890 886 0.000453 0.013584 3.046936 6.093872
891 887 0.000418 0.026272 3.093384 6.186768
892 888 0.000585 0.026265 3.124756 6.249512
893 889 0.000486 0.022165 3.179993 6.359985
894 890 0.000778 0.025867 3.198303 6.396606
895 891 0.000262 0.009204 3.224365 6.448730
896 892 0.000652 0.012463 3.266052 6.532104
897 893 0.000818 0.012482 3.269653 6.539307
898 894 0.001299 0.010158 3.299072 6.598145
899 895 0.001054 0.009615 3.307068 6.614136
900 896 0.000625 0.012139 3.316467 6.632935
901 897 0.000564 0.018535 3.355652 6.711304
902 898 0.000324 0.016189 3.364685 6.729370
903 899 0.000321 0.017055 3.396912 6.793823
904 900 0.000472 0.015444 3.432556 6.865112
905 901 0.000508 0.013243 3.462708 6.925415
906 902 0.000557 0.014255 3.507751 7.015503
907 903 0.000814 0.016617 3.549683 7.099365
908 904 0.001042 0.013938 3.569641 7.139282
909 905 0.000508 0.012181 3.596375 7.192749
910 906 0.000270 0.007234 3.619446 7.238892
911 907 0.000582 0.005554 3.655945 7.311890
912 908 0.000590 0.005625 3.701538 7.403076
913 909 0.000489 0.009153 3.738770 7.477539
914 910 0.000224 0.012306 3.776489 7.552979
915 911 0.000257 0.015897 3.802368 7.604736
916 912 0.000360 0.016636 3.837830 7.675659
917 913 0.000926 0.017378 3.876343 7.752686
918 914 0.000431 0.015639 3.923157 7.846313
919 915 0.000301 0.013710 3.974976 7.949951
920 916 0.000557 0.011777 4.014893 8.029785
921 917 0.000209 0.006324 4.045837 8.091675
922 918 0.000340 0.006467 4.060303 8.120605
923 919 0.000380 0.004810 4.063599 8.127197
924 920 0.000295 0.004154 4.059143 8.118286
925 921 0.000120 0.006272 4.057373 8.114746
926 922 0.000170 0.009398 4.055298 8.110596
927 923 0.000296 0.012653 4.044373 8.088745
928 924 0.000171 0.014083 4.036377 8.072754
929 925 0.000298 0.013618 4.019165 8.038330
930 926 0.000245 0.011361 3.993652 7.987305
931 927 0.000301 0.012021 3.970093 7.940186
932 928 0.000393 0.010742 3.933350 7.866699
933 929 0.000354 0.010010 3.905273 7.810547
934 930 0.000218 0.012518 3.883911 7.767822
935 931 0.000179 0.012097 3.860718 7.721436
936 932 0.000476 0.015603 3.841797 7.683594
937 933 0.000128 0.015243 3.806946 7.613892
938 934 0.000000 0.014707 3.769226 7.538452
939 935 0.000393 0.012707 3.728149 7.456299
940 936 0.000350 0.012094 3.691956 7.383911
941 937 0.000423 0.014061 3.653320 7.306641
942 938 0.000331 0.013617 3.611816 7.223633
943 939 0.000274 0.018698 3.562744 7.125488
944 940 0.000140 0.019185 3.499695 6.999390
945 941 0.000402 0.022769 3.437805 6.875610
946 942 0.000324 0.025698 3.365662 6.731323
947 943 0.000393 0.028077 3.288452 6.576904
948 944 0.000549 0.030076 3.205933 6.411865
949 945 0.000384 0.025179 3.114075 6.228149
950 946 0.000229 0.027848 3.019165 6.038330
951 947 0.000236 0.025168 2.923401 5.846802
952 948 0.000300 0.023613 2.819275 5.638550
953 949 0.000477 0.025611 2.710327 5.420654
954 950 0.000498 0.023970 2.595642 5.191284
955 951 0.000483 0.022722 2.474182 4.948364
956 952 0.000417 0.019301 2.343933 4.687866
957 953 0.000663 0.019323 2.210632 4.421265
958 954 0.000470 0.027142 2.076477 4.152954
959 955 0.000000 0.024990 1.940369 3.880737
960 956 0.000380 0.032478 1.817566 3.635132
961 957 0.000708 0.038325 1.690125 3.380249
962 958 0.000986 0.026154 1.566528 3.133057
963 959 0.000827 0.025571 1.446594 2.893188
964 960 0.000737 0.018229 1.324646 2.649292
965 961 0.001609 0.032105 1.214111 2.428223
966 962 0.001241 0.035362 1.113098 2.226196
967 963 0.001070 0.047602 1.020386 2.040771
968 964 0.001544 0.046931 0.949036 1.898071
969 965 0.000943 0.038544 0.896667 1.793335
970 966 0.000985 0.039793 0.858765 1.717529
971 967 0.001419 0.051440 0.842957 1.685913
972 968 0.000585 0.056971 0.834778 1.669556
973 969 0.000835 0.045423 0.827332 1.654663
974 970 0.001328 0.045719 0.822266 1.644531
975 971 0.001462 0.043273 0.818298 1.636597
976 972 0.001474 0.046104 0.811523 1.623047
977 973 0.000000 0.056638 0.814026 1.628052
978 974 0.000853 0.048665 0.809204 1.618408
979 975 0.001496 0.044228 0.799744 1.599487
980 976 0.001395 0.037153 0.782471 1.564941
981 977 0.002035 0.047808 0.758606 1.517212
982 978 0.001970 0.047725 0.743469 1.486938
983 979 0.000950 0.050377 0.726685 1.453369
984 980 0.000000 0.041279 0.714172 1.428345
985 981 0.001215 0.027674 0.696228 1.392456
986 982 0.001033 0.010713 0.668518 1.337036
987 983 0.001082 0.002273 0.638245 1.276489
988 984 0.001961 0.024319 0.609985 1.219971
989 985 0.001441 0.024402 0.586792 1.173584
990 986 0.000000 0.020202 0.574341 1.148682
991 987 0.000862 0.030119 0.566650 1.133301
992 988 0.002267 0.025449 0.569824 1.139648
993 989 0.001204 0.048883 0.573303 1.146606
994 990 0.000862 0.023416 0.566223 1.132446
995 991 0.001755 0.032121 0.556519 1.113037
996 992 0.002024 0.020836 0.539368 1.078735
997 993 0.002275 0.063706 0.525818 1.051636
998 994 0.001315 0.062574 0.525208 1.050415
999 995 0.000000 0.024976 0.535645 1.071289
1000 996 0.000878 0.029251 0.556030 1.112061
1001 997 0.001182 0.050779 0.584229 1.168457
1002 998 0.001348 0.052301 0.627441 1.254883
1003 999 0.000000 0.019588 0.691284 1.382568
1004 1000 0.000631 0.021084 0.773254 1.546509
1005 1001 0.000967 0.024347 0.874756 1.749512
1006 1002 0.000000 0.022309 0.987610 1.975220
1007 1003 0.001328 0.027901 1.103271 2.206543
1008 1004 0.001330 0.026726 1.217529 2.435059
1009 1005 0.001035 0.032859 1.333862 2.667725
1010 1006 0.000759 0.037221 1.439209 2.878418
1011 1007 0.000997 0.039284 1.548218 3.096436
1012 1008 0.000000 0.041243 1.651001 3.302002
1013 1009 0.000000 0.039916 1.747131 3.494263
1014 1010 0.000375 0.039552 1.840332 3.680664
1015 1011 0.000358 0.035699 1.926636 3.853271
1016 1012 0.000419 0.033641 2.020447 4.040894
1017 1013 0.000327 0.036662 2.111694 4.223389
1018 1014 0.000544 0.035000 2.200012 4.400024
1019 1015 0.000214 0.037643 2.284241 4.568481
1020 1016 0.000413 0.033781 2.363281 4.726562
1021 1017 0.000402 0.026301 2.430603 4.861206
1022 1018 0.000435 0.024359 2.509583 5.019165
1023 1019 0.000327 0.022031 2.583618 5.167236
1024 1020 0.000260 0.018918 2.653870 5.307739
1025 1021 0.000565 0.019166 2.733459 5.466919
1026 1022 0.000174 0.017028 2.806458 5.612915
1027 1023 0.000416 0.012579 2.873962 5.747925
1028 1024 0.000000 0.011060 2.941650 5.883301
1029 1025 0.000514 0.010556 3.005920 6.011841
1030 1026 0.000550 0.009277 3.077026 6.154053
1031 1027 0.000409 0.006841 3.156128 6.312256
1032 1028 0.000303 0.008456 3.227600 6.455200
1033 1029 0.000362 0.009738 3.300293 6.600586
1034 1030 0.000291 0.008680 3.357971 6.715942
1035 1031 0.000000 0.016021 3.424133 6.848267
1036 1032 0.000198 0.014932 3.487305 6.974609
1037 1033 0.000477 0.015166 3.544678 7.089355
1038 1034 0.000332 0.017048 3.602417 7.204834
1039 1035 0.000190 0.013998 3.639099 7.278198
1040 1036 0.000377 0.013718 3.665771 7.331543
1041 1037 0.000420 0.012775 3.680420 7.360840
1042 1038 0.000351 0.012366 3.682983 7.365967
1043 1039 0.000325 0.008029 3.674927 7.349854
1044 1040 0.000376 0.008992 3.672791 7.345581
1045 1041 0.000376 0.009348 3.670349 7.340698
1046 1042 0.000498 0.008345 3.670410 7.340820
1047 1043 0.000325 0.008501 3.675049 7.350098
1048 1044 0.000375 0.009714 3.683411 7.366821
1049 1045 0.001031 0.008692 3.699341 7.398682
1050 1046 0.000436 0.008563 3.715088 7.430176
1051 1047 0.000321 0.016304 3.730530 7.461060
1052 1048 0.000320 0.011391 3.742798 7.485596
1053 1049 0.000391 0.010125 3.750732 7.501465
1054 1050 0.000503 0.007018 3.763367 7.526733
1055 1051 0.000289 0.003653 3.778503 7.557007
1056 1052 0.000316 0.003816 3.786011 7.572021
1057 1053 0.000129 0.004739 3.796082 7.592163
1058 1054 0.000314 0.005911 3.806519 7.613037
1059 1055 0.000000 0.002877 3.814148 7.628296
1060 1056 0.000000 0.001575 3.833008 7.666016
1061 1057 0.000000 0.002283 3.848206 7.696411
1062 1058 0.000179 0.004061 3.859680 7.719360
1063 1059 0.000178 0.002638 3.874207 7.748413
1064 1060 0.000178 0.003339 3.886475 7.772949
1065 1061 0.000307 0.002949 3.900696 7.801392
1066 1062 0.000177 0.004493 3.907959 7.815918
1067 1063 0.000499 0.003957 3.911438 7.822876
1068 1064 0.000250 0.006714 3.905151 7.810303
1069 1065 0.000434 0.009844 3.900757 7.801514
1070 1066 0.000396 0.012905 3.897095 7.794189
1071 1067 0.000307 0.014901 3.894958 7.789917
1072 1068 0.000764 0.008233 3.887695 7.775391
1073 1069 0.000252 0.002944 3.875122 7.750244
1074 1070 0.000438 0.005161 3.862305 7.724609
1075 1071 0.000311 0.004147 3.843872 7.687744
1076 1072 0.000477 0.006675 3.826355 7.652710
1077 1073 0.000128 0.005012 3.804810 7.609619
1078 1074 0.000129 0.002794 3.787598 7.575195
1079 1075 0.000501 0.003088 3.773743 7.547485
1080 1076 0.000367 0.003729 3.765381 7.530762
1081 1077 0.000344 0.002081 3.752319 7.504639
1082 1078 0.000507 0.004798 3.726868 7.453735
1083 1079 0.000395 0.004304 3.704285 7.408569
1084 1080 0.000460 0.008808 3.679565 7.359131
1085 1081 0.000133 0.007323 3.660522 7.321045
1086 1082 0.000300 0.003912 3.644775 7.289551
1087 1083 0.000270 0.003128 3.614380 7.228760
1088 1084 0.000409 0.005651 3.582336 7.164673
1089 1085 0.000617 0.004250 3.538452 7.076904
1090 1086 0.000242 0.005176 3.492554 6.985107
1091 1087 0.000513 0.006038 3.431091 6.862183
1092 1088 0.000412 0.003628 3.355591 6.711182
1093 1089 0.000211 0.001611 3.280212 6.560425
1094 1090 0.000432 0.000997 3.199280 6.398560
1095 1091 0.000271 0.004778 3.125793 6.251587
1096 1092 0.000227 0.008511 3.035828 6.071655
1097 1093 0.000577 0.009566 2.932617 5.865234
1098 1094 0.000649 0.006364 2.813354 5.626709
1099 1095 0.000315 0.004260 2.686707 5.373413
1100 1096 0.000190 0.003600 2.575806 5.151611
1101 1097 0.000523 0.005492 2.469177 4.938354
1102 1098 0.000823 0.006689 2.372253 4.744507
1103 1099 0.000214 0.010149 2.281738 4.563477
1104 1100 0.000315 0.015897 2.193298 4.386597
1105 1101 0.000399 0.020177 2.119446 4.238892
1106 1102 0.000474 0.023071 2.058411 4.116821
1107 1103 0.000687 0.015678 2.009583 4.019165
1108 1104 0.000429 0.016791 1.970154 3.940308
1109 1105 0.000253 0.009728 1.926514 3.853027
1110 1106 0.000000 0.007711 1.882080 3.764160
1111 1107 0.000460 0.003108 1.838501 3.677002
1112 1108 0.000000 0.004522 1.794800 3.589600
1113 1109 0.000393 0.007310 1.755432 3.510864
1114 1110 0.000568 0.013825 1.718750 3.437500
1115 1111 0.000412 0.013913 1.677307 3.354614
1116 1112 0.000947 0.015622 1.630188 3.260376
1117 1113 0.000437 0.014288 1.579712 3.159424
1118 1114 0.000453 0.020070 1.523132 3.046265
1119 1115 0.000813 0.032158 1.470459 2.940918
1120 1116 0.000487 0.035427 1.417725 2.835449
1121 1117 0.000799 0.037772 1.367126 2.734253
1122 1118 0.000523 0.039588 1.320496 2.640991
1123 1119 0.000765 0.037720 1.276672 2.553345
1124 1120 0.001045 0.029818 1.236023 2.472046
1125 1121 0.000580 0.031921 1.191528 2.383057
1126 1122 0.000604 0.018762 1.143311 2.286621
1127 1123 0.000898 0.014947 1.088074 2.176147
1128 1124 0.000953 0.017860 1.025208 2.050415
1129 1125 0.001239 0.025173 0.965088 1.930176
1130 1126 0.001866 0.027075 0.906494 1.812988
1131 1127 0.001515 0.027352 0.852539 1.705078
1132 1128 0.001361 0.012998 0.802307 1.604614
1133 1129 0.000000 0.015763 0.754028 1.508057
1134 1130 0.001381 0.021959 0.707214 1.414429
1135 1131 0.001654 0.031247 0.660278 1.320557
1136 1132 0.000786 0.031148 0.621521 1.243042
1137 1133 0.001677 0.031810 0.582336 1.164673
1138 1134 0.001261 0.035225 0.547791 1.095581
1139 1135 0.001897 0.050132 0.514832 1.029663
1140 1136 0.001442 0.042010 0.478821 0.957642
1141 1137 0.000000 0.040695 0.447571 0.895142
1142 1138 0.001652 0.051989 0.418091 0.836182
1143 1139 0.000000 0.042942 0.392822 0.785645
1144 1140 0.001857 0.032660 0.371948 0.743896
1145 1141 0.001981 0.030316 0.348633 0.697266
1146 1142 0.001499 0.018122 0.325806 0.651611
1147 1143 0.002274 0.033123 0.303650 0.607300
1148 1144 0.001738 0.038364 0.280884 0.561768
1149 1145 0.002629 0.035343 0.262634 0.525269
1150 1146 0.001985 0.039136 0.246033 0.492065
1151 1147 0.002130 0.050428 0.229248 0.458496
1152 1148 0.002277 0.068222 0.214478 0.428955
1153 1149 0.000000 0.065742 0.199524 0.399048
1154 1150 0.000000 0.058502 0.182251 0.364502
1155 1151 0.000000 0.095475 0.165833 0.331665
1156 1152 0.000000 0.115439 0.149048 0.298096
1157 1153 0.003704 0.151201 0.131836 0.263672
1158 1154 0.000000 0.149999 0.114380 0.228760
1159 1155 0.000000 0.139162 0.095581 0.191162
1160 1156 0.000000 0.174819 0.079163 0.158325
1161 1157 0.012986 0.024905 0.065125 0.130249
1162 1158 0.012218 0.144932 0.056519 0.113037
1163 1159 0.000000 0.199768 0.051514 0.103027
1164 1160 0.011700 0.324045 0.059021 0.118042
1165 1161 0.007181 0.321544 0.067993 0.135986
1166 1162 0.005556 0.379580 0.087891 0.175781
1167 1163 0.000000 0.421099 0.108459 0.216919
1168 1164 0.004024 0.395197 0.121338 0.242676
1169 1165 0.005192 0.344724 0.132996 0.265991
1170 1166 0.000000 0.270398 0.135010 0.270020
1171 1167 0.003453 0.152332 0.141418 0.282837
1172 1168 0.000000 0.114555 0.149841 0.299683
1173 1169 0.000000 0.088642 0.164612 0.329224
1174 1170 0.000000 0.081239 0.181580 0.363159
1175 1171 0.000000 0.080377 0.200562 0.401123
1176 1172 0.003873 0.042815 0.218384 0.436768
1177 1173 0.004076 0.061427 0.239563 0.479126
1178 1174 0.001877 0.064257 0.260132 0.520264
1179 1175 0.002469 0.066746 0.279663 0.559326
1180 1176 0.000000 0.070675 0.300659 0.601318
1181 1177 0.002161 0.088842 0.319519 0.639038
1182 1178 0.000000 0.085142 0.339111 0.678223
1183 1179 0.000000 0.071430 0.356934 0.713867
1184 1180 0.001832 0.084278 0.376831 0.753662
1185 1181 0.000000 0.064967 0.392517 0.785034
1186 1182 0.001200 0.074833 0.406860 0.813721
1187 1183 0.001649 0.071613 0.418884 0.837769
1188 1184 0.000000 0.059186 0.430481 0.860962
1189 1185 0.000000 0.060187 0.441956 0.883911
1190 1186 0.001524 0.050797 0.453064 0.906128
1191 1187 0.001055 0.059403 0.462891 0.925781
1192 1188 0.001048 0.057987 0.465759 0.931519
1193 1189 0.001493 0.067239 0.462524 0.925049
1194 1190 0.001081 0.078757 0.451843 0.903687
1195 1191 0.001119 0.069941 0.436401 0.872803
1196 1192 0.000000 0.079267 0.417175 0.834351
1197 1193 0.001227 0.070689 0.397949 0.795898
1198 1194 0.001830 0.056169 0.377380 0.754761
1199 1195 0.001373 0.097367 0.355652 0.711304
1200 1196 0.000000 0.087460 0.329590 0.659180
