10 0 0.000405 0.038586 9.939392 9.035811
11 1 0.000375 0.038968 9.918721 9.017019
12 2 0.000447 0.041328 9.898642 8.998765
13 3 0.000363 0.044781 9.873297 8.975724
14 4 0.000361 0.042552 9.854193 8.958357
15 5 0.000355 0.048803 9.822492 8.929538
16 6 0.000389 0.047338 9.798548 8.907771
17 7 0.000447 0.051377 9.772408 8.884007
18 8 0.000325 0.051827 9.745378 8.859434
19 9 0.000362 0.058542 9.714062 8.830965
20 10 0.000349 0.055828 9.681936 8.801761
21 11 0.000328 0.062055 9.652246 8.774770
22 12 0.000442 0.060991 9.625340 8.750310
23 13 0.000503 0.063473 9.601715 8.728832
24 14 0.000356 0.064796 9.587697 8.716088
25 15 0.000371 0.061859 9.584496 8.713178
26 16 0.000420 0.062677 9.581156 8.710141
27 17 0.000477 0.059468 9.593136 8.721032
28 18 0.000523 0.060749 9.619675 8.745159
29 19 0.000511 0.053721 9.656652 8.778775
30 20 0.000535 0.054712 9.696701 8.815183
31 21 0.000612 0.052022 9.745310 8.859372
32 22 0.000559 0.051131 9.808023 8.916385
33 23 0.000499 0.048041 9.882563 8.984148
34 24 0.000523 0.048509 9.961338 9.055762
35 25 0.000548 0.045397 10.050461 9.136783
36 26 0.000493 0.046827 10.149588 9.226898
37 27 0.000444 0.045489 10.250311 9.318464
38 28 0.000499 0.047334 10.355474 9.414067
39 29 0.000517 0.049171 10.466497 9.514997
40 30 0.000522 0.051741 10.589922 9.627202
41 31 0.000456 0.053093 10.718784 9.744349
42 32 0.000459 0.056953 10.838633 9.853302
43 33 0.000476 0.057822 10.954182 9.958347
44 34 0.000473 0.058840 11.064335 10.058486
45 35 0.000424 0.061025 11.173145 10.157405
46 36 0.000394 0.060368 11.288918 10.262652
47 37 0.000358 0.061363 11.414757 10.377051
48 38 0.000364 0.059373 11.550343 10.500312
49 39 0.000301 0.059726 11.698227 10.634751
50 40 0.000226 0.057985 11.851349 10.773953
51 41 0.000226 0.054656 12.016842 10.924401
52 42 0.000188 0.054230 12.197441 11.088583
53 43 0.000167 0.051969 12.396271 11.269337
54 44 0.000102 0.052417 12.611706 11.465187
55 45 0.000152 0.049757 12.834141 11.667400
56 46 0.000145 0.047415 13.059093 11.871903
57 47 0.000116 0.046197 13.280045 12.072768
58 48 0.000109 0.042825 13.500324 12.273022
59 49 0.000123 0.040554 13.712418 12.465835
60 50 0.000121 0.037557 13.930008 12.663644
61 51 0.000169 0.036525 14.145679 12.859709
62 52 0.000245 0.032539 14.359837 13.054397
63 53 0.000266 0.031403 14.570301 13.245728
64 54 0.000280 0.026525 14.774426 13.431296
65 55 0.000254 0.024337 14.988667 13.626060
66 56 0.000271 0.022731 15.198769 13.817062
67 57 0.000296 0.020969 15.409149 14.008317
68 58 0.000314 0.020240 15.611450 14.192227
69 59 0.000245 0.023912 15.807259 14.370235
70 60 0.000226 0.023072 15.997520 14.543200
71 61 0.000261 0.022659 16.177536 14.706851
72 62 0.000257 0.022469 16.352440 14.865854
73 63 0.000252 0.021246 16.526459 15.024054
74 64 0.000227 0.020608 16.695709 15.177917
75 65 0.000215 0.021507 16.852791 15.320719
76 66 0.000224 0.020627 17.009254 15.462958
77 67 0.000156 0.020149 17.155975 15.596341
78 68 0.000138 0.019460 17.301758 15.728870
79 69 0.000158 0.014328 17.452705 15.866096
80 70 0.000147 0.013295 17.607567 16.006880
81 71 0.000103 0.011889 17.760216 16.145651
82 72 0.000090 0.011619 17.915497 16.286816
83 73 0.000085 0.009397 18.061302 16.419365
84 74 0.000111 0.009009 18.213715 16.557922
85 75 0.000084 0.007015 18.362061 16.692781
86 76 0.000091 0.006278 18.505646 16.823315
87 77 0.000074 0.006290 18.649429 16.954027
88 78 0.000064 0.006357 18.784119 17.076471
89 79 0.000000 0.005906 18.918480 17.198618
90 80 0.000044 0.005561 19.040070 17.309155
91 81 0.000081 0.005892 19.164780 17.422527
92 82 0.000062 0.006263 19.283775 17.530704
93 83 0.000115 0.005707 19.401947 17.638134
94 84 0.000071 0.005785 19.512444 17.738585
95 85 0.000132 0.006698 19.617897 17.834452
96 86 0.000108 0.006360 19.718971 17.926338
97 87 0.000105 0.007411 19.819664 18.017876
98 88 0.000069 0.008011 19.930275 18.118431
99 89 0.000081 0.009440 20.034897 18.213543
100 90 0.000073 0.009902 20.135750 18.305227
101 91 0.000064 0.009716 20.236725 18.397022
102 92 0.000042 0.011835 20.332260 18.483873
103 93 0.000059 0.012785 20.431587 18.574171
104 94 0.000034 0.012799 20.524376 18.658524
105 95 0.000058 0.014668 20.621078 18.746435
106 96 0.000058 0.013976 20.718719 18.835199
107 97 0.000057 0.014939 20.821884 18.928986
108 98 0.000099 0.014602 20.907959 19.007235
109 99 0.000033 0.015470 21.000687 19.091534
110 100 0.000033 0.016660 21.098602 19.180548
111 101 0.000033 0.017208 21.184586 19.258715
112 102 0.000040 0.016958 21.275543 19.341402
113 103 0.000072 0.018877 21.369583 19.426893
114 104 0.000079 0.019531 21.456268 19.505699
115 105 0.000096 0.019158 21.544418 19.585835
116 106 0.000078 0.020247 21.631210 19.664736
117 107 0.000137 0.019518 21.707657 19.734234
118 108 0.000063 0.020829 21.802505 19.820459
119 109 0.000134 0.019843 21.887939 19.898127
120 110 0.000122 0.019319 21.971939 19.974489
121 111 0.000101 0.020371 22.062454 20.056776
122 112 0.000115 0.019972 22.152008 20.138189
123 113 0.000058 0.019452 22.231613 20.210558
124 114 0.000044 0.021348 22.321014 20.291832
125 115 0.000053 0.023176 22.407928 20.370844
126 116 0.000081 0.022945 22.494385 20.449440
127 117 0.000130 0.024706 22.582977 20.529980
128 118 0.000106 0.025220 22.665771 20.605247
129 119 0.000139 0.025792 22.752792 20.684357
130 120 0.000109 0.025232 22.835602 20.759638
131 121 0.000115 0.024925 22.914856 20.831688
132 122 0.000097 0.025219 23.002136 20.911034
133 123 0.000116 0.024668 23.088562 20.989601
134 124 0.000094 0.023239 23.171036 21.064577
135 125 0.000098 0.022753 23.257568 21.143244
136 126 0.000084 0.022367 23.321823 21.201658
137 127 0.000042 0.020795 23.407944 21.279949
138 128 0.000042 0.022164 23.466446 21.333132
139 129 0.000000 0.022600 23.530045 21.390949
140 130 0.000029 0.023133 23.594223 21.449293
141 131 0.000051 0.022758 23.655869 21.505335
142 132 0.000029 0.022478 23.696594 21.542358
143 133 0.000050 0.022362 23.740799 21.582544
144 134 0.000082 0.022807 23.797226 21.633842
145 135 0.000077 0.021336 23.815659 21.650599
146 136 0.000065 0.022270 23.862946 21.693586
147 137 0.000091 0.022696 23.885330 21.713936
148 138 0.000068 0.021805 23.923004 21.748186
149 139 0.000096 0.020704 23.951126 21.773750
150 140 0.000091 0.022155 23.972366 21.793060
151 141 0.000076 0.023307 23.989944 21.809040
152 142 0.000058 0.022904 24.017532 21.834120
153 143 0.000081 0.022973 24.031784 21.847076
154 144 0.000070 0.022333 24.031693 21.846992
155 145 0.000095 0.023080 24.051941 21.865400
156 146 0.000107 0.021973 24.056854 21.869867
157 147 0.000097 0.022677 24.058258 21.871143
158 148 0.000081 0.021054 24.058731 21.871574
159 149 0.000073 0.021081 24.057999 21.870909
160 150 0.000086 0.018714 24.051254 21.864777
161 151 0.000097 0.018083 24.054382 21.867620
162 152 0.000107 0.018475 24.055115 21.868286
163 153 0.000111 0.018369 24.060303 21.873003
164 154 0.000086 0.018184 24.069122 21.881020
165 155 0.000095 0.017325 24.077881 21.888983
166 156 0.000088 0.017285 24.112366 21.920332
167 157 0.000091 0.015631 24.123962 21.930876
168 158 0.000113 0.016711 24.160431 21.964027
169 159 0.000128 0.016214 24.207458 22.006781
170 160 0.000122 0.016837 24.263977 22.058161
171 161 0.000117 0.015566 24.333130 22.121027
172 162 0.000094 0.016120 24.401520 22.183199
173 163 0.000087 0.015903 24.494568 22.267790
174 164 0.000101 0.016909 24.566956 22.333595
175 165 0.000056 0.019593 24.661987 22.419989
176 166 0.000076 0.018511 24.755035 22.504578
177 167 0.000073 0.018443 24.876770 22.615246
178 168 0.000034 0.019209 24.991302 22.719366
179 169 0.000039 0.018658 25.095978 22.814526
180 170 0.000061 0.018248 25.218781 22.926165
181 171 0.000051 0.018555 25.317932 23.016302
182 172 0.000019 0.019355 25.431122 23.119202
183 173 0.000074 0.020325 25.526367 23.205788
184 174 0.000047 0.019800 25.650940 23.319036
185 175 0.000076 0.019381 25.769684 23.426985
186 176 0.000065 0.021427 25.878937 23.526306
187 177 0.000027 0.022968 25.992310 23.629372
188 178 0.000059 0.020160 26.097473 23.724976
189 179 0.000079 0.019039 26.204590 23.822355
190 180 0.000056 0.019028 26.306305 23.914824
191 181 0.000058 0.019636 26.423340 24.021217
192 182 0.000058 0.019434 26.520111 24.109192
193 183 0.000041 0.018875 26.612366 24.193060
194 184 0.000037 0.019486 26.689667 24.263334
195 185 0.000026 0.018625 26.760040 24.327309
196 186 0.000055 0.017928 26.821686 24.383350
197 187 0.000048 0.018103 26.873291 24.430265
198 188 0.000051 0.018632 26.920258 24.472961
199 189 0.000057 0.019391 26.960144 24.509222
200 190 0.000051 0.020147 26.996948 24.542681
201 191 0.000068 0.019166 27.019653 24.563322
202 192 0.000054 0.020310 27.045624 24.586931
203 193 0.000051 0.021671 27.072144 24.611040
204 194 0.000083 0.020803 27.095703 24.632458
205 195 0.000062 0.021386 27.125610 24.659645
206 196 0.000062 0.021422 27.143372 24.675793
207 197 0.000054 0.020300 27.160553 24.691412
208 198 0.000044 0.020964 27.186798 24.715271
209 199 0.000051 0.021221 27.203094 24.730085
210 200 0.000047 0.020245 27.208984 24.735441
211 201 0.000044 0.020936 27.213226 24.739296
212 202 0.000057 0.019058 27.218201 24.743818
213 203 0.000031 0.016982 27.211365 24.737604
214 204 0.000062 0.015892 27.213531 24.739574
215 205 0.000100 0.014850 27.204956 24.731779
216 206 0.000076 0.013799 27.176697 24.706087
217 207 0.000040 0.013023 27.162415 24.693104
218 208 0.000051 0.012482 27.138733 24.671576
219 209 0.000036 0.012057 27.132904 24.666277
220 210 0.000036 0.011840 27.126495 24.660450
221 211 0.000025 0.011401 27.116089 24.650990
222 212 0.000018 0.011112 27.094940 24.631763
223 213 0.000026 0.011088 27.074677 24.613342
224 214 0.000031 0.010674 27.051849 24.592590
225 215 0.000026 0.009568 27.028351 24.571228
226 216 0.000026 0.009570 27.033905 24.576277
227 217 0.000031 0.008732 27.022430 24.565845
228 218 0.000031 0.007918 27.000000 24.545454
229 219 0.000072 0.009572 26.983917 24.530834
230 220 0.000036 0.009220 26.959839 24.508944
231 221 0.000026 0.009982 26.945099 24.495544
232 222 0.000044 0.009902 26.939911 24.490828
233 223 0.000075 0.009729 26.931335 24.483032
234 224 0.000051 0.009744 26.934326 24.485750
235 225 0.000154 0.009642 26.923859 24.476234
236 226 0.000169 0.010311 26.910400 24.464001
237 227 0.000189 0.010567 26.899963 24.454512
238 228 0.000151 0.010047 26.899017 24.453651
239 229 0.000183 0.010055 26.887756 24.443415
240 230 0.000172 0.009975 26.877533 24.434120
241 231 0.000152 0.010071 26.866791 24.424355
242 232 0.000164 0.009792 26.846649 24.406044
243 233 0.000131 0.011581 26.842438 24.402216
244 234 0.000117 0.011951 26.816589 24.378717
245 235 0.000079 0.012204 26.804779 24.367981
246 236 0.000079 0.012344 26.792908 24.357189
247 237 0.000066 0.012458 26.770996 24.337269
248 238 0.000112 0.012450 26.766144 24.332857
249 239 0.000082 0.013137 26.756134 24.323759
250 240 0.000086 0.012813 26.751587 24.319624
251 241 0.000058 0.012965 26.736877 24.306252
252 242 0.000066 0.013529 26.727417 24.297651
253 243 0.000116 0.013482 26.721680 24.292437
254 244 0.000084 0.013926 26.721649 24.292408
255 245 0.000086 0.014628 26.715820 24.287109
256 246 0.000041 0.014479 26.710510 24.282282
257 247 0.000037 0.013805 26.716522 24.287748
258 248 0.000080 0.015117 26.706940 24.279036
259 249 0.000026 0.015311 26.695343 24.268494
260 250 0.000026 0.016176 26.681519 24.255926
261 251 0.000052 0.016003 26.677917 24.252653
262 252 0.000041 0.014883 26.670959 24.246326
263 253 0.000037 0.015536 26.665771 24.241610
264 254 0.000063 0.015788 26.660583 24.236895
265 255 0.000086 0.015367 26.655151 24.231956
266 256 0.000095 0.016027 26.649719 24.227018
267 257 0.000108 0.016973 26.647766 24.225243
268 258 0.000107 0.016184 26.639160 24.217419
269 259 0.000082 0.017164 26.637817 24.216198
270 260 0.000078 0.018043 26.636597 24.215088
271 261 0.000095 0.018363 26.630920 24.209929
272 262 0.000058 0.017885 26.639038 24.217308
273 263 0.000045 0.016224 26.631775 24.210705
274 264 0.000032 0.016033 26.626526 24.205933
275 265 0.000032 0.016489 26.624634 24.204212
276 266 0.000026 0.015662 26.618469 24.198608
277 267 0.000026 0.016627 26.625366 24.204878
278 268 0.000032 0.016737 26.627136 24.206488
279 269 0.000058 0.015542 26.624634 24.204212
280 270 0.000055 0.015458 26.625305 24.204823
281 271 0.000073 0.015166 26.621582 24.201439
282 272 0.000052 0.017491 26.623962 24.203602
283 273 0.000049 0.018928 26.623779 24.203436
284 274 0.000041 0.019474 26.624146 24.203768
285 275 0.000052 0.020132 26.623535 24.203215
286 276 0.000026 0.021912 26.629639 24.208763
287 277 0.000018 0.020793 26.623657 24.203325
288 278 0.000037 0.021663 26.622620 24.202381
289 279 0.000064 0.022165 26.620239 24.200218
290 280 0.000100 0.025218 26.619934 24.199940
291 281 0.000158 0.025357 26.619568 24.199608
292 282 0.000174 0.024057 26.619995 24.199995
293 283 0.000178 0.023193 26.619385 24.199440
294 284 0.000189 0.024493 26.620056 24.200050
295 285 0.000137 0.024962 26.623718 24.203381
296 286 0.000120 0.024058 26.629028 24.208208
297 287 0.000102 0.022612 26.629822 24.208929
298 288 0.000113 0.022635 26.629028 24.208208
299 289 0.000082 0.021120 26.635376 24.213978
300 290 0.000045 0.019364 26.631836 24.210760
301 291 0.000026 0.018723 26.647888 24.225353
302 292 0.000026 0.019037 26.649414 24.226740
303 293 0.000032 0.019203 26.652161 24.229237
304 294 0.000058 0.016670 26.655762 24.232512
305 295 0.000018 0.015066 26.655640 24.232399
306 296 0.000026 0.015179 26.663513 24.239557
307 297 0.000032 0.015763 26.664612 24.240557
308 298 0.000000 0.014149 26.675293 24.250267
309 299 0.000055 0.014443 26.675842 24.250765
310 300 0.000032 0.013635 26.681580 24.255981
311 301 0.000018 0.013898 26.686279 24.260254
312 302 0.000052 0.013276 26.686584 24.260530
313 303 0.000066 0.013231 26.690063 24.263695
314 304 0.000058 0.014104 26.693237 24.266579
315 305 0.000061 0.014542 26.687378 24.261253
316 306 0.000037 0.013590 26.679993 24.254539
317 307 0.000026 0.013536 26.672058 24.247326
318 308 0.000045 0.014525 26.670532 24.245939
319 309 0.000061 0.016251 26.691650 24.265137
320 310 0.000041 0.016352 26.646301 24.223909
321 311 0.000045 0.017483 26.628906 24.208097
322 312 0.000073 0.018822 26.613159 24.193781
323 313 0.000052 0.019087 26.604675 24.186068
324 314 0.000045 0.018094 26.593079 24.175526
325 315 0.000052 0.017454 26.588440 24.171309
326 316 0.000037 0.018911 26.580444 24.164040
327 317 0.000076 0.018682 26.580688 24.164263
328 318 0.000032 0.019182 26.571716 24.156105
329 319 0.000026 0.017671 26.538025 24.125477
330 320 0.000064 0.018258 26.584229 24.167480
331 321 0.000032 0.017972 26.586182 24.169256
332 322 0.000069 0.016604 26.584595 24.167814
333 323 0.000058 0.014848 26.589844 24.172585
334 324 0.000073 0.014450 26.588135 24.171032
335 325 0.000069 0.014347 26.596008 24.178190
336 326 0.000064 0.013689 26.601807 24.183460
337 327 0.000041 0.013574 26.600647 24.182405
338 328 0.000000 0.013929 26.601501 24.183184
339 329 0.000061 0.014066 26.605774 24.187067
340 330 0.000058 0.014059 26.607544 24.188677
341 331 0.000071 0.013538 26.605774 24.187067
342 332 0.000069 0.014042 26.616455 24.196777
343 333 0.000113 0.014413 26.602051 24.183683
344 334 0.000123 0.015387 26.604675 24.186068
345 335 0.000143 0.015607 26.602905 24.184460
346 336 0.000135 0.015967 26.592651 24.175138
347 337 0.000127 0.016337 26.589233 24.172029
348 338 0.000097 0.015179 26.581909 24.165373
349 339 0.000066 0.015922 26.575989 24.159990
350 340 0.000084 0.015373 26.568359 24.153053
351 341 0.000064 0.015472 26.561768 24.147062
352 342 0.000066 0.014116 26.550659 24.136963
353 343 0.000052 0.014946 26.548523 24.135021
354 344 0.000074 0.013931 26.538818 24.126198
355 345 0.000061 0.012879 26.537964 24.125422
356 346 0.000045 0.012484 26.538391 24.125811
357 347 0.000026 0.013336 26.534119 24.121925
358 348 0.000037 0.013819 26.532776 24.120705
359 349 0.000037 0.012909 26.536621 24.124201
360 350 0.000064 0.013438 26.531982 24.119984
361 351 0.000037 0.013909 26.538086 24.125532
362 352 0.000052 0.014987 26.538269 24.125700
363 353 0.000052 0.014985 26.548340 24.134855
364 354 0.000032 0.017063 26.557434 24.143122
365 355 0.000032 0.017660 26.557373 24.143066
366 356 0.000049 0.018334 26.559631 24.145119
367 357 0.000069 0.017249 26.562439 24.147673
368 358 0.000052 0.017851 26.560974 24.146339
369 359 0.000037 0.016881 26.563171 24.148338
370 360 0.000041 0.017877 26.565430 24.150391
371 361 0.000026 0.019504 26.566101 24.151001
372 362 0.000045 0.018761 26.570129 24.154663
373 363 0.000058 0.019290 26.565613 24.150557
374 364 0.000049 0.019211 26.568115 24.152832
375 365 0.000049 0.020628 26.565613 24.150557
376 366 0.000037 0.020985 26.561646 24.146950
377 367 0.000037 0.021599 26.562378 24.147615
378 368 0.000026 0.020999 26.570312 24.154829
379 369 0.000058 0.021712 26.564758 24.149780
380 370 0.000058 0.021294 26.559937 24.145397
381 371 0.000074 0.019575 26.546936 24.133577
382 372 0.000076 0.020378 26.536133 24.123756
383 373 0.000064 0.018625 26.529175 24.117432
384 374 0.000084 0.017035 26.518921 24.108110
385 375 0.000092 0.015734 26.511230 24.101118
386 376 0.000086 0.015035 26.508911 24.099010
387 377 0.000058 0.014712 26.504089 24.094627
388 378 0.000090 0.013601 26.491699 24.083363
389 379 0.000114 0.013549 26.483154 24.075594
390 380 0.000108 0.012632 26.480713 24.073376
391 381 0.000137 0.012597 26.480164 24.072876
392 382 0.000130 0.011752 26.487183 24.079256
393 383 0.000147 0.012802 26.489685 24.081532
394 384 0.000155 0.013630 26.486755 24.078869
395 385 0.000117 0.012823 26.485718 24.077925
396 386 0.000130 0.012995 26.485168 24.077425
397 387 0.000152 0.011335 26.483032 24.075483
398 388 0.000150 0.012496 26.488647 24.080589
399 389 0.000101 0.012564 26.492432 24.084028
400 390 0.000104 0.013257 26.494141 24.085583
401 391 0.000055 0.015122 26.496460 24.087690
402 392 0.000069 0.015204 26.492493 24.084084
403 393 0.000064 0.014990 26.501221 24.092018
404 394 0.000037 0.015600 26.506409 24.096735
405 395 0.000055 0.015049 26.512207 24.102007
406 396 0.000045 0.014921 26.516846 24.106224
407 397 0.000000 0.014845 26.519165 24.108332
408 398 0.000018 0.015167 26.521484 24.110441
409 399 0.000037 0.015957 26.528381 24.116711
410 400 0.000037 0.016242 26.529480 24.117708
411 401 0.000037 0.015110 26.528870 24.117155
412 402 0.000058 0.014340 26.535156 24.122869
413 403 0.000061 0.014534 26.527771 24.116156
414 404 0.000066 0.014822 26.522949 24.111773
415 405 0.000064 0.015159 26.518982 24.108166
416 406 0.000026 0.015673 26.504517 24.095015
417 407 0.000032 0.016157 26.500549 24.091408
418 408 0.000032 0.015606 26.486938 24.079035
419 409 0.000041 0.015527 26.473511 24.066828
420 410 0.000061 0.016779 26.459595 24.054176
421 411 0.000037 0.016036 26.447632 24.043303
422 412 0.000041 0.016397 26.424438 24.022217
423 413 0.000037 0.016957 26.405518 24.005016
424 414 0.000067 0.015974 26.391052 23.991865
425 415 0.000056 0.016053 26.376282 23.978437
426 416 0.000037 0.016424 26.365906 23.969006
427 417 0.000059 0.016522 26.356567 23.960516
428 418 0.000087 0.015953 26.347351 23.952137
429 419 0.000095 0.015750 26.342468 23.947699
430 420 0.000076 0.015161 26.338867 23.944426
431 421 0.000064 0.015709 26.340271 23.945702
432 422 0.000074 0.015082 26.350037 23.954578
433 423 0.000061 0.015512 26.357849 23.961681
434 424 0.000049 0.015699 26.364319 23.967562
435 425 0.000091 0.015391 26.365967 23.969061
436 426 0.000072 0.015225 26.381042 23.982765
437 427 0.000076 0.015096 26.394409 23.994917
438 428 0.000078 0.015207 26.410889 24.009899
439 429 0.000087 0.015550 26.422241 24.020220
440 430 0.000108 0.015450 26.437622 24.034203
441 431 0.000098 0.014461 26.459839 24.054399
442 432 0.000092 0.015114 26.474731 24.067938
443 433 0.000099 0.014995 26.491638 24.083307
444 434 0.000101 0.014244 26.507263 24.097511
445 435 0.000080 0.014878 26.525635 24.114214
446 436 0.000086 0.015102 26.548889 24.135353
447 437 0.000074 0.015934 26.555908 24.141735
448 438 0.000064 0.016632 26.570496 24.154997
449 439 0.000076 0.016930 26.585449 24.168591
450 440 0.000078 0.016318 26.601562 24.183239
451 441 0.000107 0.015403 26.613281 24.193892
452 442 0.000102 0.014387 26.619446 24.199495
453 443 0.000105 0.014500 26.630371 24.209429
454 444 0.000088 0.014528 26.633545 24.212313
455 445 0.000094 0.014479 26.626831 24.206209
456 446 0.000130 0.014419 26.618530 24.198664
457 447 0.000122 0.013767 26.615112 24.195557
458 448 0.000136 0.013325 26.603882 24.185347
459 449 0.000109 0.013170 26.586670 24.169701
460 450 0.000094 0.013373 26.568115 24.152832
461 451 0.000069 0.013772 26.563477 24.148615
462 452 0.000078 0.013344 26.508667 24.098787
463 453 0.000066 0.013927 26.476074 24.069159
464 454 0.000069 0.013868 26.440063 24.036421
465 455 0.000049 0.013231 26.421387 24.019442
466 456 0.000032 0.013543 26.381348 23.983044
467 457 0.000026 0.013776 26.343750 23.948864
468 458 0.000026 0.013722 26.306885 23.915350
469 459 0.000042 0.013518 26.266602 23.878729
470 460 0.000019 0.013630 26.240112 23.854647
471 461 0.000046 0.014152 26.176514 23.796831
472 462 0.000037 0.013436 26.171143 23.791948
473 463 0.000065 0.012755 26.138306 23.762096
474 464 0.000065 0.013049 26.108276 23.734797
475 465 0.000037 0.013940 26.077515 23.706831
476 466 0.000037 0.014300 26.063354 23.693958
477 467 0.000037 0.014290 26.045776 23.677979
478 468 0.000027 0.013728 26.032959 23.666327
479 469 0.000019 0.013761 26.013062 23.648237
480 470 0.000038 0.014405 25.978271 23.616610
481 471 0.000059 0.015219 25.972046 23.610950
482 472 0.000038 0.016008 25.968262 23.607512
483 473 0.000038 0.016154 25.966064 23.605513
484 474 0.000046 0.015670 25.957153 23.597412
485 475 0.000046 0.014657 25.956787 23.597078
486 476 0.000060 0.015514 25.947876 23.588978
487 477 0.000038 0.016484 25.943848 23.585316
488 478 0.000000 0.016919 25.939209 23.581099
489 479 0.000027 0.017561 25.949707 23.590643
490 480 0.000042 0.016950 25.965454 23.604958
491 481 0.000078 0.016980 25.970581 23.609619
492 482 0.000062 0.017542 25.977661 23.616056
493 483 0.000080 0.016814 25.980225 23.618385
494 484 0.000077 0.015889 25.998291 23.634809
495 485 0.000070 0.017070 26.011719 23.647017
496 486 0.000070 0.016360 26.017456 23.652233
497 487 0.000092 0.017336 26.031006 23.664551
498 488 0.000062 0.017899 26.037476 23.670433
499 489 0.000059 0.017145 26.056641 23.687855
500 490 0.000053 0.016860 26.058105 23.689186
501 491 0.000053 0.017811 26.060669 23.691517
502 492 0.000056 0.019208 26.058350 23.689409
503 493 0.000032 0.019830 26.060669 23.691517
504 494 0.000000 0.021240 26.067017 23.697289
505 495 0.000026 0.020160 26.062256 23.692961
506 496 0.000037 0.019436 26.068970 23.699064
507 497 0.000037 0.019193 26.067993 23.698175
508 498 0.000042 0.019152 26.070923 23.700838
509 499 0.000050 0.018256 26.064819 23.695290
510 500 0.000037 0.017895 26.072876 23.702614
511 501 0.000026 0.016500 26.078613 23.707830
512 502 0.000000 0.015959 26.082764 23.711603
513 503 0.000037 0.015963 26.084229 23.712934
514 504 0.000059 0.015582 26.084961 23.713600
515 505 0.000046 0.016710 26.080200 23.709272
516 506 0.000056 0.018059 26.072632 23.702393
517 507 0.000053 0.018927 26.064209 23.694735
518 508 0.000065 0.020034 26.057739 23.688854
519 509 0.000056 0.023742 26.045654 23.677868
520 510 0.000092 0.025487 26.027588 23.661444
521 511 0.000070 0.025900 26.006592 23.642357
522 512 0.000080 0.027526 25.986816 23.624378
523 513 0.000078 0.028111 25.968872 23.608065
524 514 0.000033 0.027639 25.945312 23.586647
525 515 0.000046 0.027308 25.922363 23.565784
526 516 0.000060 0.026710 25.895996 23.541815
527 517 0.000060 0.024635 25.866821 23.515291
528 518 0.000027 0.023661 25.838257 23.489325
529 519 0.000057 0.020931 25.809570 23.463245
530 520 0.000054 0.019193 25.777344 23.433949
531 521 0.000042 0.019695 25.748047 23.407316
532 522 0.000027 0.018825 25.708618 23.371471
533 523 0.000019 0.019871 25.678955 23.344505
534 524 0.000054 0.020201 25.649780 23.317982
535 525 0.000071 0.019373 25.623657 23.294233
536 526 0.000074 0.019839 25.600708 23.273371
537 527 0.000066 0.021024 25.580811 23.255281
538 528 0.000047 0.022153 25.552734 23.229759
539 529 0.000000 0.023096 25.529785 23.208895
540 530 0.000057 0.023498 25.513550 23.194136
541 531 0.000000 0.024756 25.497192 23.179266
542 532 0.000038 0.025313 25.496948 23.179045
543 533 0.000077 0.026655 25.487427 23.170387
544 534 0.000072 0.026108 25.471558 23.155962
545 535 0.000115 0.026894 25.455444 23.141314
546 536 0.000109 0.025179 25.439575 23.126886
547 537 0.000102 0.024835 25.427002 23.115456
548 538 0.000047 0.025504 25.419678 23.108797
549 539 0.000069 0.024216 25.410645 23.100586
550 540 0.000054 0.023647 25.406250 23.096590
551 541 0.000072 0.022980 25.396729 23.087934
552 542 0.000047 0.023449 25.393066 23.084606
553 543 0.000102 0.021528 25.380737 23.073397
554 544 0.000079 0.021902 25.371216 23.064741
555 545 0.000077 0.020706 25.366943 23.060858
556 546 0.000054 0.020119 25.360596 23.055086
557 547 0.000061 0.019919 25.365112 23.059193
558 548 0.000033 0.019910 25.360229 23.054754
559 549 0.000000 0.021821 25.363037 23.057306
560 550 0.000072 0.021616 25.366699 23.060637
561 551 0.000072 0.020919 25.368042 23.061857
562 552 0.000102 0.022558 25.362793 23.057085
563 553 0.000088 0.025049 25.356812 23.051647
564 554 0.000090 0.024026 25.361694 23.056086
565 555 0.000072 0.025568 25.364014 23.058195
566 556 0.000077 0.025880 25.371826 23.065296
567 557 0.000072 0.025089 25.363892 23.058083
568 558 0.000047 0.024509 25.370850 23.064409
569 559 0.000054 0.024252 25.366821 23.060747
570 560 0.000051 0.024238 25.353516 23.048651
571 561 0.000051 0.024815 25.364380 23.058527
572 562 0.000051 0.022127 25.372559 23.065962
573 563 0.000084 0.019856 25.387085 23.079168
574 564 0.000084 0.020658 25.399048 23.090044
575 565 0.000112 0.019166 25.409424 23.099476
576 566 0.000102 0.019847 25.421753 23.110685
577 567 0.000098 0.021568 25.441162 23.128328
578 568 0.000096 0.021094 25.458862 23.144421
579 569 0.000084 0.021369 25.480225 23.163841
580 570 0.000061 0.022581 25.506958 23.188143
581 571 0.000066 0.023120 25.526611 23.206011
582 572 0.000033 0.022854 25.538696 23.216997
583 573 0.000047 0.023197 25.558105 23.234642
584 574 0.000074 0.023656 25.577881 23.252619
585 575 0.000106 0.023132 25.595947 23.269043
586 576 0.000164 0.020879 25.616699 23.287909
587 577 0.000165 0.018858 25.629761 23.299782
588 578 0.000150 0.018517 25.645630 23.314209
589 579 0.000166 0.016588 25.662720 23.329744
590 580 0.000184 0.015565 25.676392 23.342175
591 581 0.000152 0.015040 25.689697 23.354271
592 582 0.000185 0.015087 25.710815 23.373468
593 583 0.000189 0.015594 25.731812 23.392555
594 584 0.000152 0.015840 25.748657 23.407869
595 585 0.000148 0.016896 25.771606 23.428734
596 586 0.000129 0.019445 25.861084 23.510077
597 587 0.000120 0.018075 25.832397 23.483997
598 588 0.000129 0.017021 25.864990 23.513628
599 589 0.000107 0.018024 25.891968 23.538153
600 590 0.000084 0.018944 25.945068 23.586426
601 591 0.000099 0.019265 25.976318 23.614836
602 592 0.000109 0.019461 26.005981 23.641802
603 593 0.000065 0.017538 26.041504 23.674095
604 594 0.000079 0.016842 26.088867 23.717152
605 595 0.000070 0.016947 26.121704 23.747004
606 596 0.000067 0.015721 26.090576 23.718706
607 597 0.000093 0.018330 26.193115 23.811922
608 598 0.000091 0.019233 26.218506 23.835005
609 599 0.000079 0.017680 26.247803 23.861639
610 600 0.000067 0.017257 26.271729 23.883390
611 601 0.000067 0.017102 26.298462 23.907692
612 602 0.000045 0.017377 26.329956 23.936323
613 603 0.000045 0.019143 26.357910 23.961737
614 604 0.000059 0.020769 26.374878 23.977161
615 605 0.000026 0.020234 26.406372 24.005793
616 606 0.000037 0.020974 26.430664 24.027876
617 607 0.000026 0.019477 26.445435 24.041304
618 608 0.000037 0.020538 26.473633 24.066938
619 609 0.000018 0.022576 26.500732 24.091576
620 610 0.000026 0.022374 26.522583 24.111439
621 611 0.000032 0.023552 26.555420 24.141291
622 612 0.000026 0.023031 26.582764 24.166149
623 613 0.000032 0.022531 26.601074 24.182795
624 614 0.000045 0.020653 26.639404 24.217640
625 615 0.000026 0.020995 26.666626 24.242388
626 616 0.000037 0.020237 26.698242 24.271130
627 617 0.000032 0.021956 26.731079 24.300982
628 618 0.000045 0.022610 26.762207 24.329279
629 619 0.000045 0.021313 26.803223 24.366566
630 620 0.000045 0.021545 26.836426 24.396751
631 621 0.000063 0.021202 26.872192 24.429266
632 622 0.000036 0.021836 26.906738 24.460670
633 623 0.000103 0.022507 26.941162 24.491966
634 624 0.000106 0.023563 26.986938 24.533581
635 625 0.000077 0.022876 27.005737 24.550671
636 626 0.000083 0.021977 27.040405 24.582186
637 627 0.000121 0.020734 27.078003 24.616365
638 628 0.000111 0.020329 27.109619 24.645109
639 629 0.000092 0.021944 27.150269 24.682062
640 630 0.000105 0.022478 27.179077 24.708252
641 631 0.000051 0.022593 27.205688 24.732445
642 632 0.000088 0.021739 27.235840 24.759855
643 633 0.000025 0.020691 27.265747 24.787043
644 634 0.000047 0.019482 27.264648 24.786043
645 635 0.000044 0.020388 27.299561 24.817781
646 636 0.000044 0.019534 27.310547 24.827770
647 637 0.000036 0.018892 27.316772 24.833429
648 638 0.000044 0.018143 27.327026 24.842751
649 639 0.000044 0.018220 27.322510 24.838646
650 640 0.000025 0.017089 27.322876 24.838978
651 641 0.000044 0.015353 27.317505 24.834095
652 642 0.000047 0.014732 27.306152 24.823774
653 643 0.000036 0.016322 27.307495 24.824995
654 644 0.000036 0.016086 27.307373 24.824884
655 645 0.000044 0.016043 27.305176 24.822887
656 646 0.000072 0.017012 27.306030 24.823664
657 647 0.000095 0.016240 27.296265 24.814787
658 648 0.000074 0.015816 27.292969 24.811790
659 649 0.000044 0.015345 27.285889 24.805353
660 650 0.000067 0.014565 27.285767 24.805243
661 651 0.000065 0.014369 27.288574 24.807795
662 652 0.000051 0.015402 27.288940 24.808128
663 653 0.000051 0.014558 27.285034 24.804577
664 654 0.000036 0.014454 27.282715 24.802467
665 655 0.000044 0.014040 27.279297 24.799360
666 656 0.000074 0.013969 27.270996 24.791815
667 657 0.000116 0.014534 27.268921 24.789928
668 658 0.000096 0.015048 27.272217 24.792925
669 659 0.000036 0.016365 27.270264 24.791149
670 660 0.000051 0.017705 27.262939 24.784491
671 661 0.000025 0.019990 27.262207 24.783825
672 662 0.000054 0.019622 27.258789 24.780718
673 663 0.000031 0.020350 27.255371 24.777611
674 664 0.000062 0.019725 27.242676 24.766069
675 665 0.000044 0.019247 27.227661 24.752419
676 666 0.000025 0.018972 27.214233 24.740211
677 667 0.000062 0.018271 27.201050 24.728228
678 668 0.000000 0.015899 27.175293 24.704811
679 669 0.000000 0.014749 27.155151 24.686501
680 670 0.000018 0.015185 27.130981 24.664528
681 671 0.000000 0.013467 27.098267 24.634789
682 672 0.000031 0.013103 27.080322 24.618475
683 673 0.000036 0.012986 27.053589 24.594172
684 674 0.000000 0.013430 27.038574 24.580523
685 675 0.000044 0.013006 27.021973 24.565430
686 676 0.000051 0.012318 27.010742 24.555220
687 677 0.000036 0.012691 27.005737 24.550671
688 678 0.000044 0.013362 26.994995 24.540905
689 679 0.000060 0.014039 26.989136 24.535578
690 680 0.000040 0.014559 26.986938 24.533581
691 681 0.000036 0.015805 26.979980 24.527254
692 682 0.000044 0.016090 26.973267 24.521151
693 683 0.000048 0.016128 26.964722 24.513384
694 684 0.000031 0.017453 26.948120 24.498291
695 685 0.000000 0.018504 26.934448 24.485863
696 686 0.000036 0.018830 26.908569 24.462336
697 687 0.000031 0.020700 26.882080 24.438255
698 688 0.000041 0.021476 26.858032 24.416393
699 689 0.000036 0.022094 26.828125 24.389204
700 690 0.000032 0.021198 26.801636 24.365124
701 691 0.000055 0.021684 26.781982 24.347258
702 692 0.000068 0.021571 26.759155 24.326506
703 693 0.000045 0.021378 26.738037 24.307306
704 694 0.000045 0.022257 26.721191 24.291992
705 695 0.000045 0.022523 26.705322 24.277565
706 696 0.000026 0.023187 26.698853 24.271685
707 697 0.000061 0.023432 26.692871 24.266247
708 698 0.000073 0.024343 26.686157 24.260143
709 699 0.000090 0.025093 26.675049 24.250044
710 700 0.000078 0.025741 26.657593 24.234175
711 701 0.000107 0.025030 26.645752 24.223412
712 702 0.000110 0.025119 26.627197 24.206543
713 703 0.000078 0.026281 26.607422 24.188566
714 704 0.000045 0.023241 26.587036 24.170033
715 705 0.000037 0.022193 26.563110 24.148283
716 706 0.000045 0.021977 26.539551 24.126863
717 707 0.000032 0.020862 26.499512 24.090466
718 708 0.000069 0.019970 26.464111 24.058283
719 709 0.000067 0.018312 26.434814 24.031649
720 710 0.000052 0.018743 26.400024 24.000023
721 711 0.000064 0.019563 26.364990 23.968172
722 712 0.000062 0.018922 26.324219 23.931108
723 713 0.000074 0.018297 26.283203 23.893822
724 714 0.000059 0.019980 26.242065 23.856422
725 715 0.000049 0.020024 26.193726 23.812477
726 716 0.000042 0.019908 26.144165 23.767424
727 717 0.000037 0.018552 26.105835 23.732576
728 718 0.000056 0.018021 26.059692 23.690630
729 719 0.000019 0.018625 26.004639 23.640581
730 720 0.000046 0.018539 25.956055 23.596413
731 721 0.000073 0.016886 25.897217 23.542925
732 722 0.000098 0.016666 25.847900 23.498091
733 723 0.000098 0.017059 25.790283 23.445711
734 724 0.000074 0.016823 25.724731 23.386120
735 725 0.000091 0.017304 25.680664 23.346058
736 726 0.000132 0.016785 25.629883 23.299894
737 727 0.000147 0.018510 25.578247 23.252953
738 728 0.000128 0.018559 25.524048 23.203680
739 729 0.000173 0.017836 25.474854 23.158958
740 730 0.000196 0.017914 25.431885 23.119896
741 731 0.000122 0.017678 25.392334 23.083941
742 732 0.000107 0.018470 25.346802 23.042547
743 733 0.000119 0.019012 25.311890 23.010809
744 734 0.000113 0.017868 25.280762 22.982512
745 735 0.000156 0.017525 25.241211 22.946556
746 736 0.000113 0.018456 25.197144 22.906494
747 737 0.000101 0.018897 25.155518 22.868652
748 738 0.000126 0.019157 25.120972 22.837248
749 739 0.000067 0.019387 25.087891 22.807173
750 740 0.000058 0.019231 25.050049 22.772772
751 741 0.000117 0.019396 25.008057 22.734596
752 742 0.000117 0.018308 24.967407 22.697643
753 743 0.000137 0.017487 24.919556 22.654142
754 744 0.000157 0.018934 24.870972 22.609974
755 745 0.000127 0.018552 24.829590 22.572355
756 746 0.000129 0.018273 24.786133 22.532848
757 747 0.000128 0.017621 24.739258 22.490234
758 748 0.000138 0.016912 24.689453 22.444958
759 749 0.000105 0.016418 24.640747 22.400679
760 750 0.000091 0.015641 24.585938 22.350853
761 751 0.000089 0.015444 24.534180 22.303801
762 752 0.000087 0.015632 24.480591 22.255083
763 753 0.000063 0.015779 24.432617 22.211470
764 754 0.000063 0.014411 24.394165 22.176514
765 755 0.000049 0.015601 24.348999 22.135454
766 756 0.000072 0.015184 24.308960 22.099054
767 757 0.000078 0.014990 24.270996 22.064543
768 758 0.000064 0.014584 24.231323 22.028475
769 759 0.000088 0.015334 24.204346 22.003950
770 760 0.000090 0.015586 24.176514 21.978649
771 761 0.000086 0.015338 24.149902 21.954456
772 762 0.000067 0.014984 24.126587 21.933260
773 763 0.000057 0.013816 24.099487 21.908625
774 764 0.000035 0.014726 24.076416 21.887651
775 765 0.000050 0.014966 24.040283 21.854803
776 766 0.000041 0.016878 24.009155 21.826506
777 767 0.000050 0.018249 23.976074 21.796431
778 768 0.000068 0.019560 23.943726 21.767023
779 769 0.000076 0.019607 23.899170 21.726519
780 770 0.000054 0.020668 23.854858 21.686235
781 771 0.000065 0.020181 23.812622 21.647839
782 772 0.000077 0.020316 23.768677 21.607887
783 773 0.000105 0.020212 23.721802 21.565275
784 774 0.000115 0.018838 23.671143 21.519220
785 775 0.000131 0.016775 23.625000 21.477272
786 776 0.000143 0.014917 23.575562 21.432329
787 777 0.000153 0.013420 23.518066 21.380060
788 778 0.000123 0.012709 23.470581 21.336891
789 779 0.000091 0.013220 23.412964 21.284513
790 780 0.000109 0.012948 23.358276 21.234797
791 781 0.000078 0.012473 23.299805 21.181641
792 782 0.000051 0.011406 23.239380 21.126709
793 783 0.000000 0.011252 23.189941 21.081764
794 784 0.000070 0.012648 23.126709 21.024281
795 785 0.000042 0.012975 23.071289 20.973900
796 786 0.000064 0.013499 23.014160 20.921965
797 787 0.000067 0.012024 22.953003 20.866365
798 788 0.000095 0.011475 22.898804 20.817095
799 789 0.000074 0.011725 22.844604 20.767822
800 790 0.000061 0.010871 22.790039 20.718218
801 791 0.000057 0.010725 22.739258 20.672052
802 792 0.000043 0.012585 22.684082 20.621893
803 793 0.000037 0.012863 22.628174 20.571068
804 794 0.000135 0.011930 22.567383 20.515802
805 795 0.000022 0.013148 22.502563 20.456877
806 796 0.000078 0.013462 22.441895 20.401722
807 797 0.000000 0.015536 22.402954 20.366322
808 798 0.000038 0.015573 22.349487 20.317717
809 799 0.000069 0.015053 22.305054 20.277321
810 800 0.000062 0.015679 22.265625 20.241478
811 801 0.000082 0.016228 22.218018 20.198198
812 802 0.000044 0.015269 22.178711 20.162464
813 803 0.000049 0.016120 22.144043 20.130949
814 804 0.000136 0.017677 22.129028 20.117298
815 805 0.000000 0.015080 22.097778 20.088890
816 806 0.000031 0.013990 22.069336 20.063032
817 807 0.000044 0.014343 22.038696 20.035179
818 808 0.000050 0.013752 22.010132 20.009211
819 809 0.000022 0.013193 21.983032 19.984575
820 810 0.000044 0.013337 21.950073 19.954613
821 811 0.000045 0.012078 21.919067 19.926424
822 812 0.000032 0.011475 21.888306 19.898460
823 813 0.000032 0.010728 21.850586 19.864168
824 814 0.000078 0.009362 21.807983 19.825439
825 815 0.000071 0.009234 21.779785 19.799805
826 816 0.000055 0.010025 21.753784 19.776167
827 817 0.000071 0.009259 21.729736 19.754305
828 818 0.000045 0.009830 21.687134 19.715576
829 819 0.000039 0.010639 21.637207 19.670189
830 820 0.000000 0.010398 21.604980 19.640892
831 821 0.000023 0.010736 21.569580 19.608709
832 822 0.000039 0.010240 21.531616 19.574196
833 823 0.000032 0.011352 21.494385 19.540350
834 824 0.000046 0.010337 21.462036 19.510942
835 825 0.000068 0.012367 21.425049 19.477318
836 826 0.000051 0.012911 21.387573 19.443249
837 827 0.000051 0.014542 21.341797 19.401634
838 828 0.000023 0.014036 21.313110 19.375555
839 829 0.000051 0.013522 21.291504 19.355913
840 830 0.000073 0.013563 21.245972 19.314520
841 831 0.000080 0.014702 21.206665 19.278786
842 832 0.000073 0.014614 21.180664 19.255150
843 833 0.000052 0.013833 21.121460 19.201326
844 834 0.000080 0.014197 21.063599 19.148726
845 835 0.000047 0.012983 20.996826 19.088024
846 836 0.000047 0.011952 20.926392 19.023993
847 837 0.000033 0.011266 20.841187 18.946533
848 838 0.000047 0.011350 20.751099 18.864635
849 839 0.000058 0.012905 20.653564 18.775969
850 840 0.000058 0.011670 20.553223 18.684748
851 841 0.000075 0.014344 20.465210 18.604736
852 842 0.000096 0.014816 20.343140 18.493763
853 843 0.000076 0.014544 20.253174 18.411976
854 844 0.000091 0.015483 20.154175 18.321978
855 845 0.000114 0.014463 20.058228 18.234753
856 846 0.000109 0.014926 19.969482 18.154076
857 847 0.000098 0.015490 19.888184 18.080168
858 848 0.000095 0.014422 19.807861 18.007147
859 849 0.000061 0.013004 19.721924 17.929022
860 850 0.000090 0.011948 19.637939 17.852673
861 851 0.000071 0.009211 19.535400 17.759455
862 852 0.000036 0.009889 19.443848 17.676226
863 853 0.000000 0.009019 19.337646 17.579679
864 854 0.000036 0.008879 19.219727 17.472479
865 855 0.000051 0.008604 19.103516 17.366833
866 856 0.000000 0.008437 18.970459 17.245872
867 857 0.000026 0.008209 18.837158 17.124689
868 858 0.000045 0.008414 18.695801 16.996183
869 859 0.000037 0.008316 18.553711 16.867010
870 860 0.000046 0.009304 18.411377 16.737616
871 861 0.000000 0.008817 18.261963 16.601784
872 862 0.000000 0.008643 18.107178 16.461071
873 863 0.000047 0.008324 17.950684 16.318804
874 864 0.000061 0.008581 17.794434 16.176758
875 865 0.000088 0.008875 17.637939 16.034491
876 866 0.000074 0.008701 17.476318 15.887562
877 867 0.000102 0.008767 17.304199 15.731091
878 868 0.000127 0.008503 17.135498 15.577725
879 869 0.000122 0.007685 16.952637 15.411488
880 870 0.000101 0.008107 16.789551 15.263228
881 871 0.000110 0.008187 16.634033 15.121848
882 872 0.000142 0.007721 16.458008 14.961825
883 873 0.000140 0.007498 16.320557 14.836869
884 874 0.000124 0.008105 16.186523 14.715021
885 875 0.000129 0.007557 16.031982 14.574530
886 876 0.000097 0.007846 15.918945 14.471768
887 877 0.000076 0.008535 15.780273 14.345703
888 878 0.000076 0.008823 15.689453 14.263139
889 879 0.000044 0.008898 15.624023 14.203658
890 880 0.000089 0.010305 15.505371 14.095792
891 881 0.000084 0.009712 15.440918 14.037198
892 882 0.000127 0.010088 15.416748 14.015225
893 883 0.000191 0.010339 15.313232 13.921121
894 884 0.000128 0.009867 15.276855 13.888050
895 885 0.000147 0.011314 15.213623 13.830566
896 886 0.000151 0.011201 15.193604 13.812366
897 887 0.000231 0.010069 15.218262 13.834784
898 888 0.000121 0.011549 15.137207 13.761097
899 889 0.000204 0.011625 15.126709 13.751554
900 890 0.000144 0.010065 15.152588 13.775080
901 891 0.000212 0.012909 15.074463 13.704057
902 892 0.000215 0.012158 15.059814 13.690741
903 893 0.000103 0.013251 15.036865 13.669877
904 894 0.000166 0.012082 15.028809 13.662553
905 895 0.000133 0.009632 15.084473 13.713157
906 896 0.000178 0.010597 14.997803 13.634366
907 897 0.000103 0.009408 14.982666 13.620605
908 898 0.000184 0.008995 15.031494 13.664994
909 899 0.000138 0.009040 14.961426 13.601296
910 900 0.000135 0.008712 14.956299 13.596635
911 901 0.000131 0.008446 14.950439 13.591309
912 902 0.000167 0.007961 14.938477 13.580433
913 903 0.000184 0.009604 14.990723 13.627930
914 904 0.000179 0.007391 14.927734 13.570667
915 905 0.000236 0.006955 14.913818 13.558017
916 906 0.000156 0.006679 14.972656 13.611506
917 907 0.000160 0.007380 14.914307 13.558460
918 908 0.000143 0.006700 14.907471 13.552246
919 909 0.000209 0.005726 14.957520 13.597745
920 910 0.000207 0.007735 14.907715 13.552468
921 911 0.000153 0.005347 14.963623 13.603293
922 912 0.000160 0.008613 14.922607 13.566007
923 913 0.000173 0.009217 14.927490 13.570446
924 914 0.000184 0.006909 14.978271 13.616611
925 915 0.000179 0.009370 14.947754 13.588867
926 916 0.000207 0.010001 14.949951 13.590865
927 917 0.000206 0.006838 15.003418 13.639471
928 918 0.000263 0.011165 14.988037 13.625488
929 919 0.000226 0.010350 15.000244 13.636585
930 920 0.000200 0.010402 15.031006 13.664551
931 921 0.000203 0.010234 15.051514 13.683194
932 922 0.000168 0.006318 15.110596 13.736905
933 923 0.000129 0.009757 15.104248 13.731134
934 924 0.000158 0.008799 15.120850 13.746227
935 925 0.000107 0.006391 15.171631 13.792392
936 926 0.000129 0.008287 15.178467 13.798606
937 927 0.000111 0.008556 15.195801 13.814364
938 928 0.000116 0.006035 15.232910 13.848100
939 929 0.000111 0.009114 15.231934 13.847213
940 930 0.000136 0.008135 15.264160 13.876510
941 931 0.000143 0.011927 15.258301 13.871182
942 932 0.000136 0.014005 15.261719 13.874290
943 933 0.000128 0.011591 15.289062 13.899148
944 934 0.000135 0.015669 15.293945 13.903586
945 935 0.000143 0.016445 15.289062 13.899148
946 936 0.000153 0.016242 15.295410 13.904919
947 937 0.000160 0.018894 15.297852 13.907138
948 938 0.000156 0.018809 15.286865 13.897150
949 939 0.000111 0.018655 15.301025 13.910023
950 940 0.000128 0.018385 15.289307 13.899369
951 941 0.000153 0.019037 15.279785 13.890714
952 942 0.000101 0.020204 15.288574 13.898704
953 943 0.000166 0.021707 15.273682 13.885165
954 944 0.000111 0.021296 15.258789 13.871627
955 945 0.000128 0.021753 15.284668 13.895153
956 946 0.000090 0.022023 15.284424 13.894931
957 947 0.000101 0.021233 15.312256 13.920233
958 948 0.000115 0.021608 15.325684 13.932440
959 949 0.000119 0.021795 15.322021 13.929111
960 950 0.000127 0.021284 15.378174 13.980158
961 951 0.000105 0.019631 15.406738 14.006125
962 952 0.000134 0.021596 15.415527 14.014115
963 953 0.000109 0.020089 15.487061 14.079146
964 954 0.000109 0.020387 15.527344 14.115767
965 955 0.000113 0.023008 15.544922 14.131747
966 956 0.000136 0.022993 15.627930 14.207209
967 957 0.000150 0.025807 15.643555 14.221414
968 958 0.000155 0.024591 15.729736 14.299760
969 959 0.000180 0.026154 15.791016 14.355469
970 960 0.000198 0.030237 15.820557 14.382324
971 961 0.000187 0.029198 15.906494 14.460449
972 962 0.000118 0.028501 15.973389 14.521262
973 963 0.000183 0.029826 16.010254 14.554776
974 964 0.000192 0.028372 16.096924 14.633567
975 965 0.000154 0.027210 16.168213 14.698376
976 966 0.000124 0.027975 16.209473 14.735885
977 967 0.000099 0.026328 16.297852 14.816229
978 968 0.000084 0.026146 16.345215 14.859286
979 969 0.000066 0.024407 16.431641 14.937855
980 970 0.000078 0.023821 16.501709 15.001554
981 971 0.000088 0.023704 16.570557 15.064142
982 972 0.000093 0.023102 16.649902 15.136275
983 973 0.000083 0.022654 16.722168 15.201971
984 974 0.000058 0.022672 16.780273 15.254794
985 975 0.000058 0.021697 16.839600 15.308727
986 976 0.000000 0.019874 16.894043 15.358221
987 977 0.000071 0.020044 16.934570 15.395064
988 978 0.000070 0.019052 16.975098 15.431907
989 979 0.000086 0.018034 17.000488 15.454989
990 980 0.000041 0.015526 17.031250 15.482955
991 981 0.000057 0.014067 17.042236 15.492942
992 982 0.000040 0.013416 17.052734 15.502486
993 983 0.000040 0.011983 17.066895 15.515359
994 984 0.000000 0.010979 17.072754 15.520685
995 985 0.000029 0.010716 17.082520 15.529563
996 986 0.000029 0.010990 17.095215 15.541104
997 987 0.000049 0.011053 17.101318 15.546653
998 988 0.000000 0.012446 17.108887 15.553534
999 989 0.000029 0.012326 17.117920 15.561746
1000 990 0.000040 0.011837 17.124268 15.567516
1001 991 0.000040 0.012470 17.126709 15.569736
1002 992 0.000040 0.012163 17.120117 15.563743
1003 993 0.000076 0.012305 17.102539 15.547763
1004 994 0.000057 0.012878 17.075928 15.523571
1005 995 0.000081 0.012118 17.043213 15.493830
1006 996 0.000095 0.011469 17.003174 15.457431
1007 997 0.000064 0.011840 16.957764 15.416149
1008 998 0.000091 0.010951 16.907471 15.370428
1009 999 0.000108 0.010436 16.845947 15.314498
1010 1000 0.000101 0.010346 16.784180 15.258346
1011 1001 0.000077 0.010021 16.700928 15.182662
1012 1002 0.000083 0.008976 16.628174 15.116522
1013 1003 0.000093 0.008683 16.539062 15.035511
1014 1004 0.000094 0.008828 16.446533 14.951394
1015 1005 0.000123 0.009475 16.363770 14.876154
1016 1006 0.000131 0.010272 16.250000 14.772727
1017 1007 0.000142 0.009504 16.152832 14.684393
1018 1008 0.000114 0.009436 16.025879 14.568981
1019 1009 0.000119 0.011686 15.885986 14.441806
1020 1010 0.000116 0.011539 15.775146 14.341043
1021 1011 0.000133 0.012534 15.633789 14.212536
1022 1012 0.000118 0.015446 15.478760 14.071600
1023 1013 0.000131 0.014556 15.383057 13.984597
1024 1014 0.000150 0.014837 15.238281 13.852983
1025 1015 0.000144 0.014135 15.158203 13.780185
1026 1016 0.000152 0.014577 15.057129 13.688299
1027 1017 0.000098 0.017042 14.927002 13.570002
1028 1018 0.000179 0.016417 14.910156 13.554688
1029 1019 0.000213 0.015252 14.831299 13.482999
1030 1020 0.000202 0.016812 14.731689 13.392445
1031 1021 0.000184 0.015573 14.766602 13.424183
1032 1022 0.000218 0.017699 14.719727 13.381570
1033 1023 0.000184 0.018925 14.739258 13.399325
1034 1024 0.000210 0.021433 14.705811 13.368918
1035 1025 0.000153 0.024418 14.589844 13.263494
1036 1026 0.000170 0.025859 14.652100 13.320090
1037 1027 0.000236 0.026368 14.610352 13.282138
1038 1028 0.000191 0.026563 14.482666 13.166060
1039 1029 0.000190 0.025925 14.565674 13.241522
1040 1030 0.000223 0.025289 14.517090 13.197354
1041 1031 0.000233 0.024159 14.510986 13.191806
1042 1032 0.000208 0.022257 14.466797 13.151633
1043 1033 0.000283 0.026105 14.319092 13.017356
1044 1034 0.000286 0.022055 14.409424 13.099476
1045 1035 0.000315 0.020948 14.393066 13.084606
1046 1036 0.000235 0.026895 14.248535 12.953214
1047 1037 0.000218 0.019490 14.347412 13.043102
1048 1038 0.000215 0.021729 14.339355 13.035778
1049 1039 0.000273 0.023406 14.312012 13.010920
1050 1040 0.000281 0.025057 14.303955 13.003595
1051 1041 0.000271 0.031776 14.183594 12.894176
1052 1042 0.000273 0.023198 14.284668 12.986062
1053 1043 0.000248 0.022420 14.307129 13.006481
1054 1044 0.000223 0.027680 14.206787 12.915261
1055 1045 0.000216 0.022134 14.307129 13.006481
1056 1046 0.000314 0.019232 14.333984 13.030895
1057 1047 0.000332 0.030108 14.244385 12.949441
1058 1048 0.000268 0.020397 14.361572 13.055975
1059 1049 0.000251 0.028621 14.285889 12.987171
1060 1050 0.000256 0.018572 14.403564 13.094150
1061 1051 0.000244 0.021213 14.409424 13.099476
1062 1052 0.000325 0.030082 14.344971 13.040882
1063 1053 0.000197 0.023027 14.446289 13.132990
1064 1054 0.000151 0.024052 14.481689 13.165173
1065 1055 0.000358 0.032166 14.432861 13.120783
1066 1056 0.000240 0.024110 14.527832 13.207120
1067 1057 0.000201 0.024101 14.552979 13.229980
1068 1058 0.000289 0.024286 14.553955 13.230868
1069 1059 0.000241 0.022915 14.584717 13.258834
1070 1060 0.000233 0.033971 14.534180 13.212891
1071 1061 0.000195 0.026878 14.633301 13.303000
1072 1062 0.000188 0.027320 14.669678 13.336071
1073 1063 0.000214 0.034025 14.629639 13.299671
1074 1064 0.000235 0.030870 14.696045 13.360041
1075 1065 0.000193 0.029628 14.743408 13.403098
1076 1066 0.000178 0.033325 14.756836 13.415305
1077 1067 0.000226 0.034157 14.826172 13.478338
1078 1068 0.000168 0.039880 14.836670 13.487882
1079 1069 0.000160 0.038077 14.918457 13.562234
1080 1070 0.000195 0.036461 14.994873 13.631702
1081 1071 0.000192 0.039209 15.027832 13.661666
1082 1072 0.000209 0.037367 15.116211 13.742010
1083 1073 0.000200 0.034286 15.224609 13.840554
1084 1074 0.000178 0.037171 15.269043 13.880948
1085 1075 0.000191 0.034483 15.358643 13.962402
1086 1076 0.000208 0.036687 15.420410 14.018555
1087 1077 0.000184 0.034156 15.502686 14.093350
1088 1078 0.000246 0.032195 15.597412 14.179465
1089 1079 0.000213 0.032133 15.684082 14.258256
1090 1080 0.000210 0.031932 15.761230 14.328391
1091 1081 0.000200 0.033191 15.844482 14.404075
1092 1082 0.000168 0.031673 15.938721 14.489746
1093 1083 0.000149 0.033995 16.011719 14.556108
1094 1084 0.000171 0.031864 16.125732 14.659757
1095 1085 0.000138 0.033859 16.208984 14.735440
1096 1086 0.000134 0.032788 16.301758 14.819779
1097 1087 0.000111 0.031921 16.398193 14.907449
1098 1088 0.000118 0.030714 16.513428 15.012207
1099 1089 0.000132 0.033611 16.559326 15.053933
1100 1090 0.000128 0.032981 16.668945 15.153586
