10 0 0.000146 0.023677 9.468781 8.607983
11 1 0.000155 0.023388 9.430016 8.572742
12 2 0.000127 0.024333 9.417440 8.561310
13 3 0.000128 0.020761 9.337852 8.488956
14 4 0.000149 0.020087 9.287111 8.442828
15 5 0.000129 0.018681 9.237028 8.397298
16 6 0.000075 0.018233 9.208691 8.371537
17 7 0.000106 0.017398 9.172119 8.338290
18 8 0.000000 0.017322 9.139219 8.308381
19 9 0.000131 0.016763 9.101694 8.274267
20 10 0.000108 0.016411 9.063402 8.239456
21 11 0.000000 0.015931 9.027879 8.207163
22 12 0.000122 0.015558 8.958023 8.143658
23 13 0.000122 0.012837 8.948187 8.134715
24 14 0.000164 0.010780 8.907277 8.097525
25 15 0.000055 0.006961 8.861912 8.056283
26 16 0.000111 0.004989 8.814593 8.013267
27 17 0.000079 0.004754 8.771531 7.974119
28 18 0.000079 0.003700 8.701399 7.910363
29 19 0.000080 0.004342 8.633736 7.848851
30 20 0.000151 0.004725 8.555996 7.778178
31 21 0.000182 0.005355 8.465275 7.695704
32 22 0.000233 0.006271 8.377335 7.615759
33 23 0.000167 0.006684 8.288500 7.535000
34 24 0.000084 0.007148 8.191570 7.446882
35 25 0.000121 0.007910 8.095402 7.359456
36 26 0.000086 0.007583 7.998831 7.271664
37 27 0.000000 0.009423 7.885572 7.168702
38 28 0.000153 0.007525 7.796799 7.087999
39 29 0.000090 0.006549 7.700891 7.000811
40 30 0.000064 0.005079 7.628790 6.935264
41 31 0.000092 0.004797 7.522587 6.838715
42 32 0.000132 0.005596 7.423193 6.748357
43 33 0.000067 0.006102 7.326323 6.660293
44 34 0.000068 0.005546 7.231043 6.573675
45 35 0.000137 0.006447 7.127142 6.479220
46 36 0.000139 0.004374 7.019737 6.381579
47 37 0.000141 0.005109 6.912800 6.284363
48 38 0.000143 0.006571 6.812149 6.192863
49 39 0.000229 0.006215 6.733891 6.121719
50 40 0.000287 0.013905 6.597462 5.997693
51 41 0.000271 0.011875 6.506031 5.914574
52 42 0.000202 0.008727 6.397633 5.816030
53 43 0.000258 0.008933 6.277798 5.707089
54 44 0.000225 0.011745 6.149086 5.590078
55 45 0.000141 0.011331 6.013069 5.466426
56 46 0.000204 0.012630 5.867535 5.334122
57 47 0.000242 0.012730 5.713280 5.193891
58 48 0.000318 0.014585 5.539803 5.036184
59 49 0.000130 0.018747 5.329243 4.844766
60 50 0.000095 0.017177 5.145214 4.677467
61 51 0.000140 0.017312 4.943516 4.494105
62 52 0.000146 0.021478 4.730835 4.300759
63 53 0.000216 0.021090 4.525383 4.113985
64 54 0.000197 0.021526 4.288700 3.898818
65 55 0.000170 0.020364 4.060749 3.691590
66 56 0.000128 0.025696 3.829170 3.481064
67 57 0.000135 0.026557 3.613564 3.285058
68 58 0.000248 0.024018 3.411148 3.101044
69 59 0.000151 0.022864 3.231430 2.937664
70 60 0.000356 0.024476 3.067589 2.788717
71 61 0.000526 0.022759 2.937084 2.670077
72 62 0.000426 0.027299 2.806496 2.551360
73 63 0.000256 0.034179 2.695034 2.450031
74 64 0.000414 0.027552 2.639290 2.399354
75 65 0.000656 0.029472 2.579662 2.345148
76 66 0.000605 0.028496 2.552887 2.320806
77 67 0.000545 0.025266 2.534946 2.304497
78 68 0.000432 0.024748 2.528641 2.298764
79 69 0.000511 0.019921 2.526585 2.296895
80 70 0.000818 0.017964 2.532608 2.302371
81 71 0.000387 0.024032 2.522053 2.292775
82 72 0.000719 0.020929 2.541519 2.310472
83 73 0.000764 0.018226 2.557098 2.324635
84 74 0.000711 0.020126 2.568634 2.335122
85 75 0.000702 0.017925 2.601898 2.365362
86 76 0.000827 0.018306 2.640659 2.400599
87 77 0.001026 0.016287 2.691620 2.446927
88 78 0.000926 0.019031 2.740246 2.491132
89 79 0.000797 0.016805 2.809174 2.553794
90 80 0.000586 0.018253 2.887867 2.625334
91 81 0.000673 0.012779 2.991138 2.719217
92 82 0.000664 0.010974 3.119022 2.835475
93 83 0.000823 0.017692 3.250999 2.955454
94 84 0.000719 0.025237 3.393482 3.084984
95 85 0.001039 0.032234 3.548634 3.226031
96 86 0.000855 0.034207 3.700058 3.363689
97 87 0.000849 0.034186 3.856915 3.506286
98 88 0.000885 0.036866 4.016556 3.651414
99 89 0.000804 0.040259 4.164135 3.785577
100 90 0.000848 0.038150 4.310894 3.918995
101 91 0.000727 0.036166 4.457901 4.052637
102 92 0.000582 0.040978 4.595257 4.177506
103 93 0.000672 0.036245 4.711838 4.283489
104 94 0.000495 0.033910 4.836113 4.396466
105 95 0.000278 0.033974 4.961582 4.510529
106 96 0.000359 0.029444 5.088974 4.626340
107 97 0.000607 0.023644 5.209641 4.736037
108 98 0.000449 0.019628 5.329353 4.844867
109 99 0.000358 0.014524 5.461182 4.964711
110 100 0.000339 0.015183 5.573521 5.066837
111 101 0.000384 0.016612 5.687176 5.170160
112 102 0.000484 0.020685 5.792271 5.265701
113 103 0.000350 0.021634 5.916336 5.378487
114 104 0.000280 0.023561 6.037151 5.488319
115 105 0.000238 0.023696 6.146709 5.587918
116 106 0.000191 0.025188 6.262230 5.692936
117 107 0.000108 0.024175 6.371651 5.792410
118 108 0.000168 0.024922 6.480488 5.891353
119 109 0.000149 0.029420 6.572189 5.974718
120 110 0.000103 0.028018 6.674339 6.067581
121 111 0.000144 0.024922 6.775726 6.159751
122 112 0.000071 0.023074 6.883011 6.257283
123 113 0.000121 0.021642 6.982002 6.347275
124 114 0.000138 0.021469 7.063530 6.421391
125 115 0.000137 0.021095 7.128326 6.480297
126 116 0.000204 0.021274 7.176598 6.524179
127 117 0.000068 0.020917 7.226753 6.569776
128 118 0.000190 0.021714 7.265663 6.605148
129 119 0.000177 0.018388 7.311615 6.646923
130 120 0.000199 0.019407 7.348083 6.680076
131 121 0.000115 0.020051 7.351440 6.683128
132 122 0.000149 0.022074 7.347565 6.679604
133 123 0.000133 0.022921 7.347527 6.679570
134 124 0.000248 0.020612 7.352615 6.684196
135 125 0.000188 0.018345 7.361076 6.691887
136 126 0.000000 0.019571 7.367317 6.697561
137 127 0.000000 0.020877 7.365265 6.695695
138 128 0.000094 0.016812 7.375290 6.704809
139 129 0.000187 0.017954 7.374092 6.703720
140 130 0.000209 0.017642 7.373749 6.703408
141 131 0.000066 0.017889 7.392670 6.720609
142 132 0.000093 0.015352 7.402847 6.729861
143 133 0.000132 0.015331 7.413445 6.739495
144 134 0.000093 0.015796 7.418137 6.743761
145 135 0.000254 0.018523 7.439850 6.763500
146 136 0.000131 0.017074 7.458794 6.780722
147 137 0.000185 0.017071 7.479736 6.799760
148 138 0.000159 0.017213 7.502838 6.820762
149 139 0.000259 0.018682 7.528038 6.843671
150 140 0.000158 0.018574 7.563652 6.876047
151 141 0.000157 0.016720 7.599205 6.908368
152 142 0.000111 0.015578 7.634865 6.940786
153 143 0.000127 0.014604 7.673584 6.975986
154 144 0.000200 0.014428 7.722466 7.020423
155 145 0.000089 0.011790 7.776588 7.069626
156 146 0.000108 0.013078 7.802078 7.092798
157 147 0.000139 0.014928 7.841415 7.128560
158 148 0.000124 0.012079 7.887024 7.170022
159 149 0.000087 0.013504 7.942207 7.220189
160 150 0.000087 0.011740 7.967583 7.243257
161 151 0.000172 0.011400 8.010422 7.282202
162 152 0.000061 0.011291 8.053253 7.321139
163 153 0.000085 0.011594 8.092308 7.356644
164 154 0.000147 0.012683 8.120056 7.381869
165 155 0.000199 0.012126 8.141632 7.401484
166 156 0.000147 0.012857 8.157326 7.415751
167 157 0.000281 0.011960 8.162323 7.420294
168 158 0.000254 0.010988 8.148521 7.407747
169 159 0.000135 0.012760 8.101776 7.365251
170 160 0.000000 0.011636 8.082176 7.347433
171 161 0.000086 0.011894 8.049393 7.317630
172 162 0.000000 0.012098 7.984825 7.258932
173 163 0.000231 0.012121 7.921799 7.201635
174 164 0.000176 0.013886 7.855782 7.141620
175 165 0.000274 0.013022 7.762352 7.056684
176 166 0.000155 0.014099 7.695465 6.995877
177 167 0.000128 0.013401 7.613564 6.921422
178 168 0.000259 0.014495 7.526901 6.842638
179 169 0.000161 0.013706 7.445724 6.768840
180 170 0.000257 0.014858 7.355797 6.687088
181 171 0.000243 0.014060 7.250786 6.591623
182 172 0.000226 0.015488 7.168587 6.516897
183 173 0.000183 0.014248 7.072838 6.429852
184 174 0.000198 0.015217 6.970161 6.336510
185 175 0.000100 0.015616 6.875053 6.250049
186 176 0.000279 0.013279 6.781868 6.165335
187 177 0.000230 0.012545 6.703102 6.093729
188 178 0.000246 0.014355 6.583511 5.985010
189 179 0.000237 0.012802 6.507675 5.916069
190 180 0.000241 0.012436 6.409889 5.827172
191 181 0.000189 0.012796 6.318970 5.744518
192 182 0.000222 0.010122 6.223114 5.657376
193 183 0.000309 0.009344 6.117821 5.561655
194 184 0.000115 0.011691 6.020096 5.472815
195 185 0.000233 0.011316 5.927628 5.388752
196 186 0.000167 0.012849 5.839066 5.308241
197 187 0.000170 0.014430 5.746140 5.223763
198 188 0.000085 0.012113 5.710991 5.191810
199 189 0.000122 0.012631 5.643105 5.130095
200 190 0.000174 0.012720 5.603729 5.094299
201 191 0.000088 0.013124 5.569176 5.062887
202 192 0.000124 0.011094 5.553200 5.048363
203 193 0.000215 0.014043 5.550964 5.046331
204 194 0.000232 0.011940 5.567551 5.061409
205 195 0.000508 0.006732 5.607803 5.098003
206 196 0.000357 0.008130 5.636375 5.123978
207 197 0.000310 0.010361 5.671783 5.156167
208 198 0.000459 0.009153 5.731155 5.210141
209 199 0.000432 0.011336 5.769226 5.244751
210 200 0.000355 0.009927 5.843567 5.312334
211 201 0.000388 0.009598 5.906769 5.369790
212 202 0.000365 0.011340 5.977005 5.433641
213 203 0.000267 0.009128 6.059921 5.509019
214 204 0.000318 0.008348 6.151093 5.591902
215 205 0.000111 0.011216 6.235611 5.668737
216 206 0.000217 0.010177 6.359314 5.781195
217 207 0.000250 0.010550 6.485825 5.896204
218 208 0.000296 0.011317 6.595673 5.996066
219 209 0.000162 0.011219 6.742752 6.129775
220 210 0.000527 0.015402 6.868958 6.244507
221 211 0.000279 0.017804 7.002701 6.366092
222 212 0.000298 0.020216 7.149612 6.499648
223 213 0.000342 0.021897 7.283936 6.621759
224 214 0.000247 0.022453 7.400742 6.727947
225 215 0.000260 0.020433 7.498062 6.816420
226 216 0.000353 0.019323 7.583618 6.894198
227 217 0.000271 0.016197 7.653748 6.957952
228 218 0.000155 0.015224 7.699860 6.999872
229 219 0.000155 0.014471 7.727631 7.025119
230 220 0.000410 0.009413 7.725525 7.023204
231 221 0.000179 0.007189 7.725708 7.023371
232 222 0.000156 0.005846 7.668350 6.971228
233 223 0.000157 0.008013 7.626709 6.933372
234 224 0.000182 0.009775 7.583466 6.894060
235 225 0.000172 0.012361 7.513992 6.830902
236 226 0.000245 0.011376 7.452286 6.774805
237 227 0.000094 0.015588 7.343582 6.675984
238 228 0.000178 0.017057 7.251724 6.592476
239 229 0.000136 0.017763 7.161179 6.510162
240 230 0.000098 0.018309 7.071152 6.428320
241 231 0.000172 0.018243 6.969894 6.336267
242 232 0.000187 0.015129 6.891510 6.265009
243 233 0.000161 0.014350 6.787857 6.170779
244 234 0.000179 0.017581 6.668289 6.062081
245 235 0.000210 0.017541 6.580246 5.982042
246 236 0.000185 0.020136 6.461960 5.874509
247 237 0.000202 0.013864 6.391449 5.810408
248 238 0.000245 0.012002 6.303528 5.730480
249 239 0.000222 0.009314 6.215988 5.650898
250 240 0.000138 0.009394 6.133011 5.575464
251 241 0.000242 0.007926 6.056351 5.505774
252 242 0.000231 0.007333 5.989731 5.445210
253 243 0.000165 0.004440 5.933121 5.393746
254 244 0.000166 0.002174 5.879868 5.345334
255 245 0.000118 0.006185 5.840469 5.309517
256 246 0.000119 0.007962 5.803955 5.276323
257 247 0.000169 0.007839 5.781784 5.256167
258 248 0.000169 0.009154 5.780304 5.254822
259 249 0.000119 0.009958 5.796951 5.269956
260 250 0.000084 0.013707 5.830292 5.300265
261 251 0.000204 0.016281 5.875916 5.341742
262 252 0.000165 0.019038 5.927414 5.388558
263 253 0.000305 0.019072 5.982437 5.438579
264 254 0.000378 0.019599 6.063660 5.512418
265 255 0.000251 0.018895 6.142883 5.584439
266 256 0.000413 0.021369 6.251740 5.683400
267 257 0.000266 0.022144 6.367447 5.788588
268 258 0.000250 0.023815 6.486206 5.896551
269 259 0.000181 0.025407 6.606354 6.005776
270 260 0.000272 0.023893 6.726593 6.115085
271 261 0.000202 0.022561 6.845825 6.223477
272 262 0.000099 0.022000 6.964890 6.331718
273 263 0.000168 0.021036 7.100571 6.455064
274 264 0.000202 0.019751 7.236465 6.578605
275 265 0.000209 0.019330 7.375732 6.705211
276 266 0.000206 0.017957 7.505402 6.823092
277 267 0.000239 0.019059 7.649384 6.953985
278 268 0.000227 0.017369 7.750504 7.045912
279 269 0.000196 0.016136 7.881332 7.164848
280 270 0.000149 0.017522 8.007523 7.279566
281 271 0.000241 0.017171 8.115326 7.377569
282 272 0.000252 0.018276 8.230972 7.482702
283 273 0.000144 0.017388 8.328537 7.571397
284 274 0.000164 0.018940 8.440903 7.673548
285 275 0.000152 0.018219 8.514328 7.740298
286 276 0.000127 0.017301 8.598221 7.816565
287 277 0.000080 0.013641 8.661362 7.873965
288 278 0.000097 0.013398 8.756989 7.960899
289 279 0.000096 0.013307 8.804459 8.004053
290 280 0.000166 0.011470 8.848999 8.044544
291 281 0.000269 0.010530 8.894623 8.086020
292 282 0.000218 0.008777 8.947021 8.133656
293 283 0.000172 0.007834 8.978867 8.162606
294 284 0.000248 0.007453 9.006683 8.187894
295 285 0.000280 0.005544 9.064896 8.240814
296 286 0.000294 0.003535 9.098801 8.271637
297 287 0.000251 0.004835 9.125122 8.295566
298 288 0.000362 0.004053 9.150253 8.318412
299 289 0.000271 0.003862 9.189392 8.353992
300 290 0.000225 0.003740 9.226074 8.387341
301 291 0.000158 0.005659 9.289993 8.445449
302 292 0.000246 0.004540 9.295410 8.450373
303 293 0.000245 0.005847 9.342514 8.493195
304 294 0.000266 0.006583 9.365250 8.513864
305 295 0.000321 0.007744 9.388306 8.534823
306 296 0.000214 0.008581 9.428787 8.571625
307 297 0.000207 0.008016 9.425552 8.568684
308 298 0.000243 0.009287 9.432541 8.575037
309 299 0.000179 0.010739 9.445953 8.587231
310 300 0.000163 0.011491 9.444962 8.586329
311 301 0.000116 0.013658 9.414993 8.559085
312 302 0.000073 0.013398 9.424591 8.567810
313 303 0.000127 0.013927 9.398453 8.544048
314 304 0.000173 0.014571 9.366547 8.515042
315 305 0.000074 0.016175 9.336334 8.487576
316 306 0.000306 0.015689 9.304932 8.459029
317 307 0.000197 0.015492 9.289520 8.445019
318 308 0.000139 0.016538 9.285980 8.441800
319 309 0.000130 0.017139 9.223389 8.384899
320 310 0.000000 0.014424 9.190140 8.354672
321 311 0.000075 0.014017 9.176743 8.342493
322 312 0.000076 0.015571 9.140930 8.309937
323 313 0.000142 0.016520 9.107986 8.279987
324 314 0.000120 0.019363 9.091736 8.265214
325 315 0.000076 0.020025 9.071762 8.247056
326 316 0.000291 0.021011 9.042572 8.220520
327 317 0.000350 0.023990 9.031845 8.210769
328 318 0.000243 0.024971 9.004593 8.185993
329 319 0.000306 0.026321 9.016998 8.197271
330 320 0.000216 0.027588 9.031387 8.210352
331 321 0.000171 0.030690 9.031235 8.210214
332 322 0.000215 0.031614 9.066879 8.242618
333 323 0.000227 0.031095 9.114182 8.285620
334 324 0.000250 0.029853 9.153778 8.321616
335 325 0.000184 0.029289 9.196136 8.360124
336 326 0.000129 0.029379 9.248154 8.407413
337 327 0.000230 0.028167 9.267685 8.425168
338 328 0.000189 0.026975 9.291122 8.446475
339 329 0.000128 0.027570 9.358658 8.507871
340 330 0.000074 0.027744 9.368546 8.516860
341 331 0.000147 0.027399 9.372482 8.520438
342 332 0.000430 0.027124 9.365356 8.513961
343 333 0.000128 0.025284 9.361526 8.510479
344 334 0.000138 0.024053 9.342010 8.492737
345 335 0.000196 0.024379 9.303177 8.457434
346 336 0.000236 0.022269 9.242172 8.401975
347 337 0.000119 0.021928 9.204865 8.368058
348 338 0.000141 0.021792 9.170441 8.336764
349 339 0.000076 0.019111 9.049133 8.226485
350 340 0.000077 0.017500 8.962830 8.148026
351 341 0.000239 0.015731 8.891937 8.083579
352 342 0.000565 0.012998 8.810837 8.009851
353 343 0.000269 0.011163 8.714813 7.922557
354 344 0.000160 0.010276 8.616776 7.833432
355 345 0.000303 0.009533 8.520798 7.746180
356 346 0.000225 0.010022 8.419067 7.653697
357 347 0.000262 0.009620 8.325790 7.568901
358 348 0.000197 0.008804 8.227219 7.479290
359 349 0.000294 0.009807 8.142105 7.401914
360 350 0.000405 0.010676 8.081039 7.346399
361 351 0.000457 0.007996 7.999222 7.272020
362 352 0.000269 0.007223 7.904861 7.186238
363 353 0.000234 0.007147 7.812622 7.102384
364 354 0.000219 0.006098 7.728470 7.025882
365 355 0.000255 0.006273 7.645920 6.950836
366 356 0.000387 0.006414 7.566833 6.878940
367 357 0.000357 0.007980 7.481689 6.801536
368 358 0.000356 0.011843 7.387665 6.716059
369 359 0.000378 0.010552 7.309830 6.645300
370 360 0.000352 0.012402 7.201141 6.546492
371 361 0.000315 0.015327 7.100677 6.455162
372 362 0.000296 0.019327 7.009613 6.372375
373 363 0.000315 0.020402 6.928040 6.298218
374 364 0.000342 0.018497 6.849579 6.226890
375 365 0.000380 0.018777 6.790405 6.173096
376 366 0.000307 0.022000 6.742615 6.129650
377 367 0.000192 0.019191 6.718353 6.107594
378 368 0.000318 0.019228 6.699127 6.090116
379 369 0.000263 0.018583 6.701385 6.092169
380 370 0.000206 0.017138 6.718781 6.107982
381 371 0.000251 0.015712 6.749908 6.136281
382 372 0.000269 0.014845 6.795929 6.178117
383 373 0.000247 0.010349 6.854889 6.231717
384 374 0.000158 0.010351 6.928497 6.298634
385 375 0.000121 0.008699 6.995941 6.359947
386 376 0.000098 0.006602 7.076355 6.433050
387 377 0.000153 0.007078 7.158966 6.508151
388 378 0.000095 0.006641 7.247986 6.589078
389 379 0.000094 0.005991 7.344177 6.676525
390 380 0.000113 0.005267 7.464783 6.786166
391 381 0.000144 0.005241 7.567383 6.879439
392 382 0.000156 0.004416 7.682678 6.984253
393 383 0.000153 0.005130 7.797577 7.088706
394 384 0.000175 0.003731 7.899597 7.181452
395 385 0.000122 0.003530 7.986908 7.260826
396 386 0.000000 0.003156 8.087708 7.352461
397 387 0.000103 0.003651 8.201202 7.455638
398 388 0.000144 0.002538 8.322144 7.565585
399 389 0.000129 0.003255 8.449402 7.681274
400 390 0.000081 0.001086 8.518280 7.743891
401 391 0.000139 0.001256 8.593414 7.812195
402 392 0.000112 0.003813 8.697357 7.906688
403 393 0.000193 0.004298 8.761108 7.964644
404 394 0.000146 0.006692 8.847321 8.043018
405 395 0.000134 0.006695 8.943634 8.130576
406 396 0.000077 0.007133 9.017517 8.197742
407 397 0.000000 0.008479 9.075562 8.250510
408 398 0.000107 0.008958 9.122833 8.293485
409 399 0.000075 0.010026 9.157715 8.325195
410 400 0.000000 0.007802 9.228638 8.389670
411 401 0.000157 0.007960 9.304596 8.458724
412 402 0.000128 0.007581 9.339722 8.490656
413 403 0.000073 0.006016 9.406036 8.550942
414 404 0.000127 0.006369 9.448517 8.589561
415 405 0.000000 0.008440 9.488007 8.625461
416 406 0.000103 0.007373 9.521088 8.655534
417 407 0.000102 0.008371 9.545868 8.678061
418 408 0.000191 0.008027 9.570007 8.700006
419 409 0.000322 0.007958 9.577332 8.706665
420 410 0.000210 0.007644 9.578827 8.708024
421 411 0.000265 0.009620 9.584686 8.713351
422 412 0.000144 0.005645 9.586121 8.714655
423 413 0.000072 0.006590 9.555969 8.687244
424 414 0.000072 0.005267 9.539246 8.672042
425 415 0.000072 0.002842 9.556091 8.687356
426 416 0.000073 0.007816 9.519623 8.654202
427 417 0.000126 0.005608 9.524811 8.658919
428 418 0.000146 0.007990 9.486633 8.624212
429 419 0.000200 0.009605 9.468536 8.607760
430 420 0.000146 0.012547 9.455444 8.595859
431 421 0.000194 0.011739 9.439270 8.581155
432 422 0.000164 0.011470 9.428894 8.571722
433 423 0.000103 0.010377 9.442902 8.584456
434 424 0.000000 0.010188 9.433441 8.575855
435 425 0.000104 0.013254 9.397278 8.542980
436 426 0.000052 0.008099 9.423981 8.567255
437 427 0.000000 0.008886 9.391052 8.537320
438 428 0.000000 0.008028 9.393433 8.539484
439 429 0.000074 0.008023 9.379425 8.526750
440 430 0.000074 0.006790 9.368347 8.516679
441 431 0.000165 0.006232 9.356842 8.506220
442 432 0.000105 0.006900 9.336456 8.487687
443 433 0.000117 0.007279 9.317322 8.470292
444 434 0.000105 0.008188 9.302124 8.456476
445 435 0.000105 0.008592 9.283783 8.439803
446 436 0.000118 0.009113 9.247986 8.407260
447 437 0.000075 0.010167 9.224670 8.386064
448 438 0.000092 0.010119 9.210541 8.373219
449 439 0.000092 0.009281 9.198425 8.362205
450 440 0.000075 0.010871 9.173950 8.339954
451 441 0.000076 0.010430 9.136353 8.305775
452 442 0.000268 0.010147 9.093079 8.266435
453 443 0.000000 0.010382 9.066223 8.242021
454 444 0.000076 0.010330 9.050507 8.227734
455 445 0.000162 0.011125 9.031952 8.210865
456 446 0.000133 0.010397 9.017365 8.197604
457 447 0.000153 0.009822 8.998657 8.180597
458 448 0.000261 0.009605 8.970886 8.155351
459 449 0.000284 0.009468 8.946869 8.133517
460 450 0.000173 0.009952 8.923706 8.112460
461 451 0.000233 0.011264 8.905182 8.095620
462 452 0.000339 0.011822 8.890442 8.082220
463 453 0.000174 0.010803 8.860748 8.055225
464 454 0.000096 0.011214 8.832703 8.029730
465 455 0.000078 0.009309 8.807678 8.006980
466 456 0.000167 0.009636 8.783203 7.984730
467 457 0.000056 0.010518 8.765106 7.968278
468 458 0.000079 0.010533 8.741425 7.946750
469 459 0.000079 0.010295 8.721832 7.928938
470 460 0.000097 0.009969 8.707794 7.916176
471 461 0.000112 0.009852 8.701263 7.910240
472 462 0.000126 0.009784 8.692871 7.902610
473 463 0.000112 0.008983 8.687836 7.898033
474 464 0.000113 0.009442 8.672485 7.884078
475 465 0.000056 0.009284 8.653748 7.867043
476 466 0.000113 0.008946 8.635925 7.850841
477 467 0.000098 0.006651 8.615692 7.832448
478 468 0.000160 0.005417 8.605713 7.823375
479 469 0.000081 0.007190 8.546631 7.769664
480 470 0.000141 0.006088 8.497894 7.725358
481 471 0.000116 0.005424 8.438995 7.671814
482 472 0.000082 0.005477 8.382324 7.620295
483 473 0.000144 0.007783 8.303558 7.548689
484 474 0.000119 0.004994 8.222382 7.474892
485 475 0.000147 0.005148 8.131195 7.391995
486 476 0.000149 0.005118 8.032593 7.302357
487 477 0.000302 0.006478 7.929688 7.208807
488 478 0.000125 0.007812 7.820099 7.109181
489 479 0.000179 0.007101 7.733978 7.030890
490 480 0.000090 0.005881 7.631683 6.937894
491 481 0.000206 0.006228 7.512207 6.829279
492 482 0.000132 0.008225 7.382019 6.710927
493 483 0.000095 0.006502 7.262665 6.602423
494 484 0.000097 0.008600 7.139771 6.490700
495 485 0.000121 0.010467 7.016998 6.379089
496 486 0.000123 0.006949 6.892181 6.265619
497 487 0.000102 0.006889 6.766357 6.151234
498 488 0.000165 0.007038 6.628967 6.026334
499 489 0.000106 0.003732 6.510956 5.919051
500 490 0.000287 0.005660 6.362000 5.783636
501 491 0.000221 0.004184 6.251617 5.683289
502 492 0.000195 0.003971 6.138794 5.580722
503 493 0.000198 0.005669 6.025909 5.478099
504 494 0.000219 0.005454 5.912170 5.374701
505 495 0.000223 0.006555 5.801849 5.274408
506 496 0.000171 0.008409 5.695740 5.177945
507 497 0.000338 0.010476 5.590515 5.082286
508 498 0.000281 0.010757 5.488098 4.989180
509 499 0.000181 0.012276 5.382599 4.893272
510 500 0.000159 0.013519 5.303162 4.821056
511 501 0.000281 0.014318 5.215546 4.741405
512 502 0.000190 0.013722 5.140656 4.673323
513 503 0.000136 0.012869 5.083649 4.621499
514 504 0.000137 0.012589 5.043365 4.584877
515 505 0.000195 0.012038 5.016968 4.560880
516 506 0.000098 0.010485 5.004425 4.549477
517 507 0.000138 0.009865 5.005280 4.550254
518 508 0.000137 0.007416 5.026520 4.569563
519 509 0.000000 0.008377 5.059753 4.599776
520 510 0.000135 0.006754 5.118317 4.653015
521 511 0.000000 0.006050 5.185486 4.714078
522 512 0.000131 0.006813 5.266876 4.788069
523 513 0.000182 0.006532 5.354553 4.867775
524 514 0.000155 0.005233 5.442810 4.948009
525 515 0.000088 0.006609 5.532349 5.029408
526 516 0.000123 0.007023 5.626282 5.114801
527 517 0.000209 0.006153 5.735352 5.213956
528 518 0.000264 0.007173 5.844177 5.312889
529 519 0.000164 0.005095 5.959900 5.418091
530 520 0.000080 0.005490 6.069336 5.517578
531 521 0.000285 0.005969 6.177429 5.615845
532 522 0.000174 0.007087 6.281250 5.710227
533 523 0.000000 0.006364 6.383942 5.803583
534 524 0.000000 0.007014 6.498688 5.907898
535 525 0.000148 0.006538 6.606964 6.006331
536 526 0.000178 0.006831 6.715790 6.105263
537 527 0.000072 0.005044 6.814301 6.194818
538 528 0.000200 0.006427 6.908875 6.280795
539 529 0.000156 0.006534 7.002777 6.366161
540 530 0.000097 0.006726 7.100067 6.454607
541 531 0.000118 0.006455 7.197266 6.542969
542 532 0.000212 0.006845 7.293518 6.630471
543 533 0.000175 0.004895 7.382568 6.711426
544 534 0.000093 0.006102 7.460480 6.782254
545 535 0.000091 0.003811 7.548615 6.862377
546 536 0.000143 0.002544 7.636597 6.942360
547 537 0.000109 0.003381 7.726166 7.023787
548 538 0.000000 0.003520 7.813934 7.103577
549 539 0.000163 0.002978 7.903656 7.185142
550 540 0.000000 0.001433 7.979401 7.254001
551 541 0.000086 0.001556 8.058533 7.325939
552 542 0.000000 0.001511 8.137634 7.397850
553 543 0.000084 0.002047 8.218323 7.471202
554 544 0.000059 0.002740 8.298126 7.543751
555 545 0.000058 0.001382 8.377747 7.616133
556 546 0.000058 0.004308 8.460144 7.691040
557 547 0.000000 0.003923 8.532745 7.757041
558 548 0.000080 0.003911 8.609680 7.826982
559 549 0.000138 0.005240 8.680115 7.891014
560 550 0.000056 0.004636 8.752747 7.957042
561 551 0.000055 0.004382 8.817566 8.015969
562 552 0.000191 0.005477 8.876831 8.069846
563 553 0.000134 0.005857 8.936371 8.123974
564 554 0.000144 0.005980 8.992188 8.174716
565 555 0.000162 0.006008 9.041046 8.219132
566 556 0.000222 0.006653 9.079285 8.253895
567 557 0.000245 0.006215 9.118500 8.289545
568 558 0.000277 0.006626 9.147827 8.316207
569 559 0.000226 0.006624 9.172272 8.338428
570 560 0.000199 0.007880 9.192169 8.356518
571 561 0.000225 0.006783 9.203796 8.367087
572 562 0.000198 0.007728 9.211395 8.373996
573 563 0.000198 0.009045 9.206024 8.369113
574 564 0.000225 0.010244 9.200745 8.364313
575 565 0.000168 0.007792 9.192688 8.356989
576 566 0.000213 0.008417 9.182587 8.347806
577 567 0.000315 0.010107 9.169952 8.336320
578 568 0.000267 0.009769 9.160858 8.328053
579 569 0.000245 0.009558 9.140289 8.309354
580 570 0.000221 0.009472 9.120239 8.291126
581 571 0.000161 0.008287 9.102783 8.275257
582 572 0.000178 0.009346 9.091461 8.264965
583 573 0.000215 0.009135 9.088470 8.262246
584 574 0.000395 0.009841 9.075684 8.250622
585 575 0.000000 0.007213 9.063873 8.239884
586 576 0.000153 0.006840 9.051758 8.228870
587 577 0.000076 0.007286 9.045746 8.223405
588 578 0.000076 0.007727 9.037140 8.215582
589 579 0.000094 0.010104 9.037720 8.216109
590 580 0.000076 0.010234 9.040649 8.218772
591 581 0.000171 0.012167 9.048401 8.225819
592 582 0.000121 0.014695 9.051514 8.228649
593 583 0.000216 0.017002 9.054138 8.231034
594 584 0.000396 0.020509 9.065979 8.241799
595 585 0.000215 0.023440 9.082703 8.257003
596 586 0.000170 0.025666 9.095367 8.268516
597 587 0.000152 0.025831 9.102692 8.275174
598 588 0.000201 0.025847 9.110291 8.282083
599 589 0.000169 0.026446 9.116425 8.287659
600 590 0.000178 0.028064 9.122620 8.293290
601 591 0.000142 0.027936 9.123932 8.294483
602 592 0.000185 0.027852 9.123596 8.294178
603 593 0.000239 0.025659 9.124176 8.294705
604 594 0.000142 0.021746 9.113251 8.284774
605 595 0.000170 0.018354 9.101898 8.274453
606 596 0.000194 0.014859 9.091156 8.264688
607 597 0.000186 0.013267 9.081909 8.256281
608 598 0.000152 0.012086 9.075653 8.250594
609 599 0.000120 0.007673 9.068756 8.244324
610 600 0.000132 0.006289 9.068146 8.243769
611 601 0.000054 0.006020 9.069214 8.244740
612 602 0.000076 0.005394 9.076935 8.251759
613 603 0.000054 0.005812 9.080505 8.255005
614 604 0.000076 0.005677 9.098724 8.271567
615 605 0.000076 0.006062 9.106323 8.278476
616 606 0.000000 0.006211 9.113312 8.284829
617 607 0.000107 0.006608 9.107941 8.279946
618 608 0.000000 0.006282 9.101349 8.273953
619 609 0.000054 0.005357 9.086548 8.260498
620 610 0.000076 0.005923 9.059937 8.236306
621 611 0.000076 0.009468 9.034973 8.213612
622 612 0.000108 0.008026 9.006836 8.188033
623 613 0.000077 0.011059 8.972748 8.157043
624 614 0.000109 0.011276 8.928864 8.117148
625 615 0.000078 0.014724 8.879730 8.072482
626 616 0.000111 0.012370 8.835205 8.032004
627 617 0.000157 0.013320 8.802307 8.002097
628 618 0.000176 0.015641 8.762054 7.965504
629 619 0.000125 0.012756 8.732117 7.938288
630 620 0.000126 0.014518 8.691986 7.901805
631 621 0.000113 0.013337 8.644714 7.858831
632 622 0.000080 0.013610 8.592926 7.811751
633 623 0.000162 0.012037 8.547516 7.770469
634 624 0.000000 0.010772 8.517334 7.743031
635 625 0.000230 0.009073 8.496552 7.724138
636 626 0.000163 0.007345 8.467133 7.697393
637 627 0.000082 0.006644 8.431641 7.665128
638 628 0.000201 0.006742 8.407257 7.642961
639 629 0.000082 0.007759 8.396515 7.633195
640 630 0.000058 0.005927 8.406372 7.642157
641 631 0.000000 0.005231 8.423492 7.657721
642 632 0.000058 0.004960 8.447723 7.679749
643 633 0.000000 0.004330 8.496338 7.723944
644 634 0.000081 0.005916 8.512451 7.738592
645 635 0.000000 0.007114 8.588928 7.808116
646 636 0.000000 0.007021 8.616302 7.833002
647 637 0.000000 0.007005 8.684387 7.894897
648 638 0.000201 0.005543 8.751740 7.956127
649 639 0.000124 0.008656 8.813843 8.012585
650 640 0.000055 0.008249 8.862915 8.057196
651 641 0.000055 0.009277 8.912933 8.102667
652 642 0.000077 0.009532 8.958466 8.144059
653 643 0.000077 0.010168 8.983734 8.167031
654 644 0.000132 0.007962 9.035980 8.214527
655 645 0.000187 0.015781 9.022614 8.202376
656 646 0.000162 0.010923 9.064636 8.240579
657 647 0.000054 0.010237 9.065002 8.240911
658 648 0.000000 0.009658 9.065430 8.241300
659 649 0.000000 0.008154 9.058197 8.234725
660 650 0.000000 0.009479 9.045746 8.223405
661 651 0.000054 0.010226 9.025757 8.205234
662 652 0.000000 0.011622 8.991791 8.174356
663 653 0.000000 0.012422 8.949402 8.135819
664 654 0.000110 0.013531 8.891296 8.082996
665 655 0.000156 0.014313 8.839966 8.036332
666 656 0.000079 0.015641 8.769043 7.971857
667 657 0.000112 0.014678 8.697021 7.906383
668 658 0.000113 0.014746 8.608490 7.825900
669 659 0.000081 0.015461 8.508240 7.734764
670 660 0.000082 0.013762 8.409821 7.645291
671 661 0.000131 0.012264 8.315765 7.559787
672 662 0.000103 0.012226 8.230408 7.482189
673 663 0.000085 0.013834 8.148193 7.407448
674 664 0.000135 0.012763 8.074524 7.340477
675 665 0.000086 0.011852 7.992310 7.265736
676 666 0.000107 0.011849 7.920105 7.200096
677 667 0.000088 0.011685 7.853973 7.139976
678 668 0.000280 0.013672 7.804077 7.094615
679 669 0.000235 0.011419 7.760529 7.055026
680 670 0.000310 0.012507 7.723541 7.021401
681 671 0.000253 0.011434 7.705292 7.004811
682 672 0.000064 0.011635 7.665588 6.968717
683 673 0.000090 0.013056 7.645142 6.950129
684 674 0.000000 0.013551 7.633484 6.939531
685 675 0.000090 0.014207 7.632507 6.938643
686 676 0.000090 0.014190 7.642151 6.947410
687 677 0.000169 0.013913 7.638184 6.943803
688 678 0.000181 0.014059 7.613403 6.921276
689 679 0.000091 0.012094 7.596497 6.905906
690 680 0.000193 0.010476 7.577087 6.888261
691 681 0.000195 0.007278 7.514099 6.830999
692 682 0.000113 0.006078 7.469910 6.790827
693 683 0.000114 0.005174 7.405396 6.732178
694 684 0.000163 0.005471 7.328918 6.662653
695 685 0.000096 0.006285 7.223022 6.566384
696 686 0.000119 0.008560 7.120361 6.473056
697 687 0.000069 0.008787 7.037964 6.398149
698 688 0.000100 0.008958 6.922424 6.293113
699 689 0.000101 0.010140 6.813232 6.193848
700 690 0.000272 0.008131 6.716064 6.105513
701 691 0.000000 0.012767 6.599243 5.999312
702 692 0.000000 0.011227 6.511841 5.919855
703 693 0.000108 0.014013 6.379639 5.799672
704 694 0.000110 0.014767 6.263306 5.693914
705 695 0.000000 0.013350 6.161011 5.600919
706 696 0.000000 0.014633 6.047241 5.497492
707 697 0.000000 0.016374 5.919556 5.381414
708 698 0.000000 0.015411 5.828674 5.298795
709 699 0.000000 0.014914 5.718201 5.198364
710 700 0.000152 0.018714 5.581116 5.073741
711 701 0.000126 0.015783 5.482239 4.983853
712 702 0.000091 0.019048 5.357422 4.870384
713 703 0.000093 0.015573 5.261047 4.782770
714 704 0.000134 0.015537 5.147766 4.679787
715 705 0.000000 0.016853 5.034973 4.577248
716 706 0.000099 0.015787 4.920349 4.473045
717 707 0.000203 0.014874 4.807678 4.370616
718 708 0.000256 0.019241 4.679077 4.253706
719 709 0.000152 0.018772 4.552612 4.138739
720 710 0.000110 0.020452 4.437134 4.033758
721 711 0.000196 0.021552 4.310059 3.918235
722 712 0.000000 0.018969 4.188782 3.807983
723 713 0.000170 0.020337 4.069153 3.699230
724 714 0.000000 0.019126 3.944702 3.586093
725 715 0.000221 0.023730 3.821716 3.474288
726 716 0.000000 0.025169 3.699951 3.363592
727 717 0.000137 0.026605 3.575928 3.250843
728 718 0.000141 0.020247 3.470215 3.154741
729 719 0.000205 0.022037 3.367981 3.061801
730 720 0.000000 0.019301 3.274475 2.976795
731 721 0.000342 0.021196 3.193542 2.903220
732 722 0.000222 0.025754 3.112061 2.829146
733 723 0.000321 0.019679 3.043823 2.767112
734 724 0.000283 0.018817 2.984741 2.713401
735 725 0.000440 0.010244 2.935913 2.669012
736 726 0.000337 0.012028 2.897217 2.633833
737 727 0.000381 0.014832 2.868347 2.607588
738 728 0.000342 0.013886 2.854004 2.594549
739 729 0.000421 0.017163 2.843018 2.584561
740 730 0.000420 0.019664 2.848083 2.589167
741 731 0.000000 0.016177 2.855591 2.595992
742 732 0.000170 0.015723 2.867981 2.607255
743 733 0.000000 0.018350 2.895813 2.632557
744 734 0.000235 0.019424 2.934814 2.668013
745 735 0.000232 0.020915 2.979431 2.708574
746 736 0.000229 0.019511 3.013428 2.739480
747 737 0.000226 0.015206 3.056152 2.778320
748 738 0.000386 0.012794 3.095459 2.814054
749 739 0.000383 0.015427 3.120056 2.836415
750 740 0.000468 0.013294 3.131836 2.847124
751 741 0.000696 0.013485 3.139282 2.853893
752 742 0.000795 0.014101 3.132385 2.847623
753 743 0.000685 0.017349 3.105225 2.822932
754 744 0.000845 0.021566 3.055908 2.778098
755 745 0.000587 0.027101 3.000366 2.727606
756 746 0.000410 0.034933 2.918091 2.652810
757 747 0.000415 0.037759 2.884888 2.622625
758 748 0.000172 0.043631 2.830627 2.573298
759 749 0.000553 0.046152 2.793213 2.539284
760 750 0.000308 0.052081 2.749329 2.499390
761 751 0.000738 0.051533 2.729370 2.481246
762 752 0.000860 0.053345 2.721741 2.474310
763 753 0.000881 0.052181 2.714783 2.467984
764 754 0.001159 0.046927 2.731201 2.482910
765 755 0.000774 0.040193 2.749451 2.499501
766 756 0.000958 0.036312 2.790344 2.536677
767 757 0.001026 0.028619 2.775513 2.523193
768 758 0.000730 0.018347 2.757202 2.506547
769 759 0.000399 0.012584 2.735168 2.486517
770 760 0.000647 0.010738 2.719299 2.472090
771 761 0.000449 0.012902 2.665039 2.422763
772 762 0.000325 0.009653 2.598572 2.362338
773 763 0.000272 0.013027 2.540405 2.309459
774 764 0.000398 0.014498 2.453186 2.230169
775 765 0.000690 0.017367 2.345581 2.132346
776 766 0.000969 0.010822 2.252808 2.048007
777 767 0.001087 0.014110 2.155029 1.959118
778 768 0.003131 0.026840 2.051025 1.864569
779 769 0.001374 0.028292 1.945801 1.768910
780 770 0.001309 0.042603 1.827454 1.661322
781 771 0.001097 0.044449 1.724548 1.567771
782 772 0.001273 0.054028 1.626892 1.478993
783 773 0.000779 0.074216 1.535400 1.395819
784 774 0.001657 0.087650 1.443542 1.312311
785 775 0.001240 0.096735 1.363708 1.239735
786 776 0.000931 0.105578 1.284546 1.167769
787 777 0.000908 0.110979 1.201965 1.092696
788 778 0.003862 0.116349 1.144775 1.040705
789 779 0.001191 0.132892 1.084656 0.986051
790 780 0.001500 0.134438 1.029480 0.935891
791 781 0.001511 0.148099 0.969238 0.881126
792 782 0.001416 0.141922 0.912170 0.829246
793 783 0.003182 0.123828 0.840393 0.763994
794 784 0.002055 0.109396 0.788086 0.716442
795 785 0.003150 0.091184 0.743286 0.675715
796 786 0.002715 0.104319 0.696472 0.633157
797 787 0.002600 0.091921 0.650635 0.591486
798 788 0.002547 0.076539 0.606201 0.551092
799 789 0.001936 0.056139 0.563843 0.512584
800 790 0.002269 0.033325 0.527100 0.479181
