10 0 0.000977 0.084123 13.243317 12.039379
11 1 0.000000 0.081928 13.271094 12.064631
12 2 0.000846 0.090451 13.306585 12.096896
13 3 0.000691 0.094857 13.341675 12.128796
14 4 0.000846 0.092802 13.374796 12.158905
15 5 0.000000 0.088485 13.406183 12.187439
16 6 0.000846 0.088736 13.433725 12.212478
17 7 0.000977 0.094398 13.468238 12.243853
18 8 0.001465 0.077763 13.504048 12.276407
19 9 0.001827 0.091097 13.546104 12.314640
20 10 0.000691 0.065065 13.579966 12.345424
21 11 0.001381 0.043981 13.616044 12.378222
22 12 0.000000 0.050552 13.641276 12.401160
23 13 0.000488 0.053741 13.669559 12.426872
24 14 0.000691 0.076661 13.702682 12.456985
25 15 0.000846 0.053754 13.733328 12.484843
26 16 0.001761 0.044153 13.771935 12.519940
27 17 0.001544 0.050020 13.804550 12.549591
28 18 0.001292 0.053333 13.836195 12.578359
29 19 0.002290 0.070730 13.855316 12.595742
30 20 0.000000 0.060448 13.886518 12.624107
31 21 0.000977 0.067249 13.918783 12.653440
32 22 0.000488 0.059913 13.950964 12.682694
33 23 0.000488 0.061100 13.980831 12.709846
34 24 0.000691 0.055175 14.008347 12.734860
35 25 0.000691 0.072602 14.041531 12.765028
36 26 0.001092 0.076769 14.070930 12.791755
37 27 0.000488 0.068915 14.096230 12.814754
38 28 0.000846 0.077601 14.124283 12.840257
39 29 0.000691 0.092250 14.157383 12.870348
40 30 0.000691 0.080399 14.182076 12.892796
41 31 0.001196 0.091417 14.207291 12.915719
42 32 0.001196 0.099286 14.228565 12.935060
43 33 0.000691 0.114145 14.246990 12.951809
44 34 0.000977 0.112060 14.263432 12.966756
45 35 0.001465 0.097365 14.272408 12.974916
46 36 0.001092 0.123135 14.273853 12.976231
47 37 0.000846 0.123786 14.271175 12.973796
48 38 0.000977 0.118558 14.262585 12.965986
49 39 0.001544 0.097201 14.247471 12.952247
50 40 0.000846 0.129283 14.232910 12.939010
51 41 0.000846 0.137198 14.215065 12.922787
52 42 0.000488 0.126782 14.195965 12.905422
53 43 0.001381 0.125105 14.167908 12.879916
54 44 0.000846 0.114147 14.140942 12.855401
55 45 0.000691 0.131353 14.118290 12.834809
56 46 0.001827 0.106094 14.090515 12.809559
57 47 0.001691 0.114097 14.064796 12.786179
58 48 0.001465 0.115638 14.037720 12.761563
59 49 0.000977 0.134364 14.009521 12.735929
60 50 0.001292 0.111928 13.982849 12.711681
61 51 0.001196 0.095924 13.955223 12.686566
62 52 0.001465 0.104622 13.927391 12.661264
63 53 0.001196 0.092568 13.911987 12.647262
64 54 0.000977 0.104501 13.888390 12.625809
65 55 0.000977 0.098157 13.863579 12.603253
66 56 0.000846 0.089213 13.836205 12.578368
67 57 0.000846 0.048702 13.808159 12.552872
68 58 0.000691 0.082143 13.779877 12.527161
69 59 0.000977 0.069472 13.751945 12.501769
70 60 0.000846 0.063606 13.718910 12.471737
71 61 0.000691 0.069128 13.684219 12.440200
72 62 0.000691 0.093640 13.652130 12.411027
73 63 0.000691 0.088982 13.612686 12.375169
74 64 0.001544 0.094682 13.579010 12.344555
75 65 0.001465 0.091361 13.542305 12.311187
76 66 0.000691 0.141676 13.512123 12.283749
77 67 0.001544 0.149774 13.482300 12.256637
78 68 0.001953 0.142182 13.464836 12.240760
79 69 0.001619 0.154188 13.448494 12.225904
80 70 0.001465 0.188492 13.433754 12.212503
81 71 0.001292 0.190441 13.414177 12.194706
82 72 0.001381 0.165837 13.392906 12.175369
83 73 0.000691 0.138789 13.371323 12.155747
84 74 0.000691 0.153521 13.357582 12.143256
85 75 0.000000 0.136947 13.349876 12.136251
86 76 0.001196 0.102787 13.345505 12.132277
87 77 0.000488 0.105221 13.343033 12.130030
88 78 0.000000 0.085650 13.341522 12.128656
89 79 0.000000 0.112151 13.364540 12.149582
90 80 0.000691 0.109644 13.382042 12.165493
91 81 0.000977 0.114444 13.409325 12.190295
92 82 0.000000 0.125752 13.434418 12.213107
93 83 0.000691 0.161318 13.466637 12.242397
94 84 0.000488 0.157611 13.492432 12.265847
95 85 0.000846 0.212810 13.517235 12.288395
96 86 0.000691 0.181016 13.531685 12.301532
97 87 0.000846 0.203019 13.552002 12.320002
98 88 0.000691 0.200649 13.560799 12.327999
99 89 0.000000 0.191177 13.550056 12.318233
100 90 0.000000 0.184848 13.540199 12.309272
101 91 0.000000 0.169781 13.532646 12.302405
102 92 0.000846 0.173083 13.529259 12.299326
103 93 0.000691 0.162942 13.523972 12.294519
104 94 0.000846 0.150124 13.516068 12.287334
105 95 0.001381 0.139169 13.506165 12.278332
106 96 0.000846 0.155056 13.505386 12.277624
107 97 0.000691 0.144198 13.494766 12.267969
108 98 0.000691 0.149444 13.495804 12.268912
109 99 0.000488 0.132575 13.491592 12.265084
110 100 0.001196 0.140392 13.490738 12.264307
111 101 0.000846 0.125605 13.482544 12.256858
112 102 0.000000 0.126324 13.478256 12.252960
113 103 0.001196 0.112128 13.474899 12.249908
114 104 0.000846 0.099481 13.474243 12.249312
115 105 0.001381 0.104803 13.476547 12.251407
116 106 0.001761 0.104527 13.477600 12.252364
117 107 0.000977 0.072648 13.480835 12.255304
118 108 0.001092 0.062806 13.478287 12.252988
119 109 0.000977 0.070536 13.478836 12.253488
120 110 0.001827 0.070342 13.484390 12.258536
121 111 0.000691 0.071054 13.491913 12.265375
122 112 0.000977 0.083894 13.504288 12.276626
123 113 0.000691 0.096155 13.518234 12.289304
124 114 0.001619 0.090795 13.529755 12.299777
125 115 0.001761 0.110735 13.539383 12.308530
126 116 0.002013 0.127840 13.554855 12.322596
127 117 0.001953 0.157365 13.577133 12.342849
128 118 0.001381 0.162382 13.603058 12.366416
129 119 0.001691 0.192590 13.632858 12.393508
130 120 0.000846 0.165469 13.658615 12.416923
131 121 0.001891 0.173949 13.682846 12.438951
132 122 0.001827 0.178962 13.705734 12.459759
133 123 0.002392 0.172510 13.723999 12.476363
134 124 0.001953 0.190722 13.752213 12.502011
135 125 0.001196 0.190190 13.786682 12.533347
136 126 0.000977 0.178174 13.817657 12.561507
137 127 0.000691 0.160728 13.848145 12.589222
138 128 0.001465 0.149999 13.873383 12.612166
139 129 0.000846 0.146177 13.898361 12.634873
140 130 0.001465 0.162544 13.929916 12.663560
141 131 0.001092 0.167388 13.963089 12.693717
142 132 0.000846 0.157035 14.000443 12.727675
143 133 0.000846 0.160202 14.040710 12.764282
144 134 0.000000 0.163874 14.074326 12.794842
145 135 0.000488 0.190855 14.100616 12.818742
146 136 0.000691 0.199951 14.129059 12.844599
147 137 0.001381 0.226813 14.163254 12.875686
148 138 0.000000 0.206096 14.199600 12.908728
149 139 0.000000 0.189109 14.232727 12.938843
150 140 0.000000 0.166401 14.262527 12.965934
151 141 0.000000 0.143608 14.301819 13.001654
152 142 0.001465 0.143764 14.332794 13.029813
153 143 0.001292 0.142578 14.368454 13.062231
154 144 0.001092 0.119530 14.408295 13.098450
155 145 0.000691 0.091467 14.448441 13.134946
156 146 0.000846 0.087400 14.493668 13.176062
157 147 0.000846 0.063926 14.532349 13.211226
158 148 0.000691 0.064369 14.569550 13.245045
159 149 0.001092 0.064013 14.612366 13.283969
160 150 0.000977 0.058277 14.651932 13.319938
161 151 0.000846 0.062276 14.690292 13.354812
162 152 0.000488 0.064769 14.724899 13.386272
163 153 0.000488 0.065573 14.759186 13.417441
164 154 0.000000 0.054986 14.787506 13.443188
165 155 0.001092 0.064941 14.818146 13.471042
166 156 0.000000 0.061917 14.839935 13.490850
167 157 0.000691 0.067330 14.861877 13.510798
168 158 0.000000 0.069762 14.883453 13.530412
169 159 0.000691 0.079151 14.898697 13.544270
170 160 0.000691 0.084403 14.922592 13.565993
171 161 0.000846 0.085252 14.942093 13.583721
172 162 0.000977 0.091577 14.963379 13.603072
173 163 0.000488 0.113301 14.984344 13.622131
174 164 0.000488 0.106465 15.005112 13.641010
175 165 0.001092 0.089848 15.030121 13.663746
176 166 0.001544 0.085717 15.053986 13.685441
177 167 0.000488 0.080949 15.080841 13.709855
178 168 0.000691 0.068758 15.108765 13.735241
179 169 0.001092 0.074765 15.133530 13.757754
180 170 0.000846 0.075647 15.160446 13.782224
181 171 0.001092 0.078838 15.182358 13.802143
182 172 0.001292 0.084497 15.209793 13.827085
183 173 0.001092 0.084462 15.230728 13.846116
184 174 0.001465 0.092344 15.254257 13.867507
185 175 0.001292 0.094860 15.276276 13.887524
186 176 0.000977 0.098215 15.300598 13.909635
187 177 0.001544 0.106941 15.314346 13.922133
188 178 0.002392 0.110879 15.327606 13.934188
189 179 0.001292 0.096937 15.345352 13.950320
190 180 0.001691 0.092204 15.363113 13.966467
191 181 0.001196 0.109767 15.376663 13.978785
192 182 0.001196 0.122084 15.383606 13.985096
193 183 0.000000 0.116306 15.391876 13.992615
194 184 0.000691 0.120533 15.399078 13.999162
195 185 0.001092 0.146242 15.407654 14.006958
196 186 0.000488 0.158692 15.411072 14.010065
197 187 0.000977 0.168823 15.423157 14.021051
198 188 0.001381 0.178523 15.427338 14.024853
199 189 0.000488 0.198240 15.439606 14.036005
200 190 0.001691 0.206868 15.444580 14.040527
201 191 0.000691 0.198176 15.457672 14.052429
202 192 0.000691 0.181260 15.468750 14.062500
203 193 0.001691 0.181519 15.474182 14.067438
204 194 0.001196 0.187324 15.487305 14.079368
205 195 0.000977 0.178947 15.494507 14.085916
206 196 0.001544 0.177768 15.508911 14.099010
207 197 0.001619 0.147876 15.521057 14.110052
208 198 0.001544 0.140921 15.541656 14.128778
209 199 0.001691 0.123478 15.560516 14.145924
210 200 0.001891 0.120211 15.581451 14.164956
211 201 0.001544 0.100292 15.605164 14.186512
212 202 0.001953 0.095932 15.640900 14.219000
213 203 0.001953 0.092053 15.680267 14.254788
214 204 0.002013 0.092022 15.717529 14.288663
215 205 0.001953 0.089788 15.760132 14.327393
216 206 0.001691 0.096993 15.802521 14.365928
217 207 0.001196 0.092136 15.846619 14.406017
218 208 0.001827 0.108186 15.891663 14.446966
219 209 0.001544 0.117612 15.936798 14.487998
220 210 0.000846 0.122472 15.976685 14.524259
221 211 0.001691 0.120016 16.022766 14.566151
222 212 0.001827 0.119685 16.063477 14.603161
223 213 0.002128 0.136343 16.108063 14.643693
224 214 0.000000 0.131915 16.144531 14.676847
225 215 0.001196 0.132815 16.177948 14.707226
226 216 0.001381 0.138735 16.210419 14.736744
227 217 0.001544 0.144664 16.233337 14.757580
228 218 0.001544 0.146355 16.254364 14.776694
229 219 0.001544 0.149312 16.269623 14.790566
230 220 0.002072 0.136106 16.284637 14.804215
231 221 0.001381 0.136258 16.287354 14.806685
232 222 0.001092 0.139968 16.278717 14.798834
233 223 0.000846 0.129839 16.269806 14.790732
234 224 0.001827 0.137729 16.254547 14.776861
235 225 0.000846 0.131484 16.232147 14.756497
236 226 0.000691 0.131982 16.212006 14.738187
237 227 0.000488 0.129187 16.193756 14.721597
238 228 0.000488 0.116012 16.182587 14.711442
239 229 0.000691 0.108677 16.159424 14.690385
240 230 0.000000 0.102686 16.132263 14.665694
241 231 0.000000 0.093324 16.108307 14.643915
242 232 0.000691 0.102305 16.089386 14.626715
243 233 0.000691 0.129124 16.067322 14.606656
244 234 0.000488 0.115448 16.048828 14.589844
245 235 0.001544 0.112785 16.039948 14.581771
246 236 0.001196 0.113826 16.020050 14.563682
247 237 0.001544 0.090473 16.005371 14.550338
248 238 0.000977 0.107049 15.979095 14.526450
249 239 0.000977 0.104308 15.963440 14.512218
250 240 0.001092 0.094695 15.955231 14.504755
251 241 0.000691 0.104699 15.937927 14.489025
252 242 0.000691 0.112807 15.936127 14.487388
253 243 0.001691 0.116795 15.935425 14.486750
254 244 0.000691 0.118400 15.938110 14.489191
255 245 0.000488 0.135584 15.945282 14.495711
256 246 0.000977 0.112346 15.942505 14.493186
257 247 0.001196 0.126341 15.989899 14.536271
258 248 0.002392 0.122165 16.008789 14.553445
259 249 0.001691 0.127111 15.973938 14.521762
260 250 0.001092 0.114273 15.988861 14.535328
261 251 0.002128 0.107101 16.009064 14.553695
262 252 0.000691 0.113404 16.025421 14.568564
263 253 0.001196 0.121416 16.041321 14.583019
264 254 0.000846 0.121445 16.064636 14.604215
265 255 0.000977 0.118993 16.069336 14.608487
266 256 0.000691 0.120474 16.097198 14.633817
267 257 0.000691 0.102140 16.074677 14.613342
268 258 0.001691 0.127851 16.084808 14.622553
269 259 0.000846 0.096120 16.158783 14.689803
270 260 0.001381 0.156760 16.174561 14.704146
