10 0 0.014923 0.178122 11.923942 10.839947
11 1 0.012601 0.157425 11.917022 10.833656
12 2 0.010896 0.132961 11.923407 10.839460
13 3 0.009568 0.104239 11.925104 10.841003
14 4 0.008387 0.084760 11.924400 10.840364
15 5 0.007705 0.067841 11.922827 10.838933
16 6 0.007160 0.067361 11.927882 10.843530
17 7 0.007340 0.079434 11.928790 10.844355
18 8 0.006623 0.090837 11.931901 10.847182
19 9 0.004784 0.083655 11.934516 10.849560
20 10 0.002342 0.071684 11.937188 10.851989
21 11 0.001196 0.061990 11.939057 10.853688
22 12 0.000977 0.049933 11.943789 10.857990
23 13 0.001092 0.054843 11.949260 10.862964
24 14 0.000000 0.051284 11.953739 10.867036
25 15 0.000691 0.045014 11.951561 10.865055
26 16 0.000846 0.046822 11.955740 10.868855
27 17 0.000488 0.046258 11.966328 10.878480
28 18 0.000691 0.039500 11.960318 10.873016
29 19 0.000691 0.039935 11.960894 10.873540
30 20 0.001092 0.048479 11.964619 10.876926
31 21 0.000846 0.050722 11.967596 10.879633
32 22 0.000488 0.042542 11.969110 10.881009
33 23 0.001465 0.043230 11.969292 10.881174
34 24 0.001465 0.042209 11.971012 10.882738
35 25 0.000977 0.049305 11.976255 10.887505
36 26 0.000691 0.057201 11.973936 10.885396
37 27 0.000488 0.059374 11.969761 10.881600
38 28 0.000488 0.053731 11.981377 10.892160
39 29 0.000488 0.057980 11.987106 10.897369
40 30 0.000846 0.054522 11.994450 10.904045
41 31 0.000000 0.058374 12.000408 10.909462
42 32 0.000691 0.065592 12.001286 10.910259
43 33 0.000488 0.060711 12.003361 10.912147
44 34 0.001292 0.066386 12.007275 10.915704
45 35 0.000977 0.055366 12.015991 10.923629
46 36 0.001465 0.064410 12.022354 10.929413
47 37 0.000691 0.056246 12.027306 10.933914
48 38 0.000977 0.059074 12.034634 10.940576
49 39 0.000846 0.057148 12.038906 10.944460
50 40 0.001381 0.048095 12.039547 10.945043
51 41 0.000846 0.056357 12.040134 10.945577
52 42 0.000691 0.052929 12.044926 10.949932
53 43 0.000977 0.046565 12.045807 10.950733
54 44 0.000977 0.045909 12.044735 10.949759
55 45 0.001196 0.044462 12.042324 10.947567
56 46 0.000488 0.057135 12.035728 10.941571
57 47 0.000977 0.052607 12.024277 10.931161
58 48 0.000977 0.048733 12.011116 10.919196
59 49 0.001381 0.058076 11.997276 10.906615
60 50 0.000691 0.046321 11.981236 10.892033
61 51 0.000977 0.045252 11.963921 10.876291
62 52 0.001092 0.053880 11.945683 10.859712
63 53 0.001092 0.052571 11.921848 10.838044
64 54 0.001381 0.046476 11.896858 10.815326
65 55 0.001891 0.056412 11.869377 10.790343
66 56 0.001381 0.059817 11.850319 10.773017
67 57 0.001465 0.066369 11.830460 10.754963
68 58 0.000977 0.064213 11.802040 10.729127
69 59 0.000488 0.063475 11.775505 10.705005
70 60 0.000977 0.067824 11.744438 10.676762
71 61 0.000977 0.063043 11.717674 10.652431
72 62 0.000977 0.052862 11.691917 10.629016
73 63 0.002013 0.061524 11.668198 10.607452
74 64 0.001196 0.060863 11.646042 10.587311
75 65 0.000977 0.044178 11.620537 10.564124
76 66 0.000846 0.054100 11.592911 10.539010
77 67 0.000488 0.063045 11.572983 10.520893
78 68 0.001381 0.062273 11.562546 10.511405
79 69 0.001381 0.072084 11.554764 10.504331
80 70 0.000691 0.061186 11.552391 10.502173
81 71 0.001292 0.063233 11.546783 10.497076
82 72 0.000846 0.079581 11.546326 10.496659
83 73 0.001092 0.074773 11.552460 10.502236
84 74 0.000846 0.093772 11.568520 10.516836
85 75 0.000977 0.102020 11.594597 10.540543
86 76 0.000691 0.095290 11.626114 10.569195
87 77 0.000977 0.111623 11.657928 10.598117
88 78 0.000691 0.107290 11.695068 10.631881
89 79 0.000846 0.106600 11.737457 10.670416
90 80 0.001196 0.112411 11.781296 10.710269
91 81 0.001092 0.114082 11.832901 10.757183
92 82 0.000977 0.111101 11.881172 10.801065
93 83 0.000488 0.113815 11.934334 10.849395
94 84 0.000691 0.104040 11.981430 10.892209
95 85 0.000488 0.105972 12.022125 10.929205
96 86 0.000691 0.109280 12.058952 10.962684
97 87 0.000000 0.108953 12.093735 10.994305
98 88 0.000000 0.109044 12.124359 11.022144
99 89 0.000000 0.111345 12.150948 11.046316
100 90 0.000000 0.113323 12.178970 11.071792
101 91 0.001092 0.106173 12.205070 11.095519
102 92 0.000488 0.123203 12.227646 11.116042
103 93 0.000846 0.117267 12.255211 11.141101
104 94 0.000691 0.118520 12.279655 11.163323
105 95 0.000488 0.122915 12.304245 11.185678
106 96 0.000691 0.117180 12.331474 11.210431
107 97 0.000846 0.110648 12.361137 11.237397
108 98 0.000691 0.099795 12.387520 11.261382
109 99 0.001196 0.111522 12.411964 11.283604
110 100 0.000846 0.100760 12.438988 11.308170
111 101 0.001092 0.113921 12.465187 11.331988
112 102 0.001381 0.084268 12.497505 11.361368
113 103 0.001691 0.084209 12.519630 11.381482
114 104 0.001381 0.085793 12.542221 11.402020
115 105 0.001092 0.080101 12.567719 11.425199
116 106 0.001196 0.081294 12.588753 11.444321
117 107 0.000977 0.093036 12.612480 11.465891
118 108 0.000691 0.099512 12.638184 11.489258
119 109 0.000000 0.094743 12.662247 11.511133
120 110 0.000977 0.093456 12.679565 11.526877
121 111 0.000691 0.086380 12.692795 11.538904
122 112 0.000691 0.089342 12.700363 11.545785
123 113 0.001196 0.086038 12.704193 11.549267
124 114 0.000977 0.099521 12.707001 11.551819
125 115 0.000691 0.096055 12.705795 11.550723
126 116 0.000000 0.096665 12.702637 11.547852
127 117 0.000488 0.071601 12.697678 11.543344
128 118 0.000691 0.074639 12.686005 11.532731
129 119 0.000488 0.059690 12.676971 11.524520
130 120 0.000977 0.057868 12.667969 11.516335
131 121 0.000000 0.078790 12.657959 11.507236
132 122 0.000691 0.083085 12.652618 11.502380
133 123 0.000488 0.104526 12.647171 11.497428
134 124 0.000000 0.088302 12.641785 11.492532
135 125 0.000691 0.081859 12.638504 11.489549
136 126 0.000846 0.079913 12.638809 11.489826
137 127 0.000691 0.091725 12.631882 11.483529
138 128 0.000691 0.098856 12.630905 11.482641
139 129 0.000000 0.109940 12.628250 11.480227
140 130 0.000000 0.119974 12.629776 11.481614
141 131 0.000488 0.094021 12.632401 11.484000
142 132 0.000488 0.094853 12.634201 11.485638
143 133 0.000488 0.097044 12.636475 11.487704
144 134 0.000000 0.084297 12.640274 11.491158
145 135 0.000691 0.098611 12.639069 11.490063
146 136 0.001292 0.110599 12.642517 11.493197
147 137 0.000691 0.085141 12.643768 11.494335
148 138 0.000977 0.089265 12.641556 11.492324
149 139 0.000846 0.088831 12.640915 11.491741
150 140 0.000846 0.084085 12.637527 11.488662
151 141 0.000977 0.090414 12.638702 11.489730
152 142 0.001196 0.085680 12.629379 11.481254
153 143 0.001381 0.093239 12.615479 11.468616
154 144 0.000488 0.091199 12.600693 11.455175
155 145 0.000846 0.090496 12.586502 11.442275
156 146 0.000488 0.080614 12.565887 11.423534
157 147 0.000000 0.081455 12.548340 11.407581
158 148 0.000000 0.078597 12.527084 11.388259
159 149 0.000846 0.083931 12.499329 11.363026
160 150 0.001196 0.085389 12.468597 11.335089
161 151 0.000488 0.093208 12.430664 11.300604
162 152 0.000000 0.098266 12.394531 11.267756
163 153 0.000000 0.104242 12.361847 11.238043
164 154 0.000846 0.101319 12.325256 11.204779
165 155 0.000691 0.103003 12.286255 11.169323
166 156 0.001292 0.119206 12.240692 11.127902
167 157 0.000691 0.112175 12.190002 11.081820
168 158 0.000000 0.115432 12.138687 11.035171
169 159 0.000691 0.123332 12.083435 10.984941
170 160 0.000000 0.130943 12.022766 10.929788
171 161 0.000846 0.124415 11.952820 10.866199
172 162 0.000488 0.125370 11.874771 10.795246
173 163 0.000488 0.123514 11.787048 10.715499
174 164 0.000846 0.122539 11.685974 10.623612
175 165 0.000691 0.118266 11.575134 10.522849
176 166 0.000488 0.108895 11.457779 10.416162
177 167 0.000977 0.106075 11.333359 10.303054
178 168 0.001465 0.103443 11.204819 10.186199
179 169 0.000846 0.086825 11.069641 10.063310
180 170 0.000846 0.084532 10.936447 9.942225
181 171 0.000846 0.089406 10.801895 9.819904
182 172 0.000977 0.072902 10.662918 9.693562
183 173 0.000488 0.071762 10.517044 9.560949
184 174 0.000488 0.085265 10.371521 9.428656
185 175 0.000488 0.079943 10.216187 9.287442
186 176 0.000000 0.082096 10.052521 9.138656
187 177 0.000000 0.094569 9.878891 8.980810
188 178 0.000846 0.100727 9.694031 8.812756
189 179 0.000488 0.105602 9.504059 8.640054
190 180 0.000488 0.100994 9.297180 8.451982
191 181 0.001092 0.095178 9.088379 8.262162
192 182 0.000846 0.116187 8.878845 8.071677
193 183 0.000488 0.108395 8.672806 7.884369
194 184 0.000977 0.097356 8.464661 7.695146
195 185 0.000977 0.093391 8.264664 7.513330
196 186 0.000488 0.091056 8.075165 7.341059
197 187 0.000846 0.081845 7.906265 7.187514
198 188 0.001196 0.075804 7.754974 7.049977
199 189 0.000691 0.078373 7.623489 6.930445
200 190 0.000691 0.078619 7.511093 6.828267
201 191 0.000977 0.070311 7.411743 6.737948
202 192 0.000691 0.070403 7.328369 6.662154
203 193 0.000000 0.070751 7.257294 6.597540
204 194 0.000691 0.072377 7.202316 6.547560
205 195 0.000000 0.068075 7.160461 6.509511
206 196 0.000000 0.069220 7.125626 6.477841
207 197 0.000488 0.070733 7.090027 6.445479
208 198 0.000846 0.069450 7.054718 6.413380
209 199 0.000000 0.062111 7.019943 6.381767
210 200 0.000691 0.058591 6.990494 6.354994
211 201 0.000488 0.064315 6.969604 6.336004
212 202 0.000488 0.056371 6.954773 6.322521
213 203 0.000000 0.054313 6.950424 6.318567
214 204 0.001196 0.050675 6.950134 6.318304
215 205 0.001196 0.054103 6.954559 6.322327
216 206 0.000691 0.052336 6.966248 6.332952
217 207 0.000846 0.048350 6.988541 6.353219
218 208 0.000000 0.042516 7.022324 6.383931
219 209 0.001292 0.039231 7.062637 6.420579
220 210 0.000000 0.037926 7.107651 6.461501
221 211 0.001092 0.035800 7.156189 6.505626
222 212 0.001465 0.036399 7.205963 6.550876
223 213 0.000977 0.035041 7.256378 6.596707
224 214 0.000977 0.034908 7.314148 6.649225
225 215 0.000691 0.037298 7.383957 6.712688
226 216 0.000977 0.035077 7.459854 6.781685
227 217 0.000846 0.033938 7.532211 6.847465
228 218 0.001292 0.034473 7.605118 6.913743
229 219 0.001092 0.033582 7.672089 6.974626
230 220 0.001292 0.036064 7.744736 7.040669
231 221 0.000846 0.037079 7.820572 7.109611
232 222 0.000977 0.038910 7.903091 7.184628
233 223 0.000846 0.036487 7.985703 7.259729
234 224 0.000691 0.048191 8.061920 7.329018
235 225 0.000977 0.039527 8.127121 7.388292
236 226 0.000846 0.048422 8.177933 7.434484
237 227 0.001381 0.075694 8.228439 7.480400
238 228 0.001619 0.081198 8.273315 7.521196
239 229 0.001827 0.087273 8.321762 7.565238
240 230 0.001691 0.090605 8.358185 7.598350
241 231 0.001196 0.085075 8.380798 7.618907
242 232 0.001891 0.092086 8.396454 7.633140
243 233 0.001891 0.105539 8.405487 7.641352
244 234 0.002072 0.086470 8.415802 7.650729
245 235 0.002290 0.097096 8.425568 7.659607
246 236 0.002128 0.089076 8.439423 7.672203
247 237 0.001381 0.083999 8.455597 7.686906
248 238 0.001465 0.088514 8.469940 7.699945
249 239 0.001465 0.082374 8.483032 7.711847
250 240 0.001544 0.071440 8.495758 7.723416
251 241 0.001544 0.068548 8.508606 7.735096
252 242 0.000488 0.067865 8.521149 7.746499
253 243 0.000488 0.063593 8.530090 7.754628
254 244 0.001292 0.058888 8.534546 7.758678
255 245 0.000977 0.047648 8.535553 7.759593
256 246 0.001196 0.058713 8.535614 7.759649
257 247 0.000846 0.042209 8.527618 7.752380
258 248 0.001381 0.036222 8.512909 7.739008
259 249 0.000846 0.045457 8.490173 7.718339
260 250 0.000977 0.044638 8.455902 7.687184
261 251 0.000977 0.052150 8.416138 7.651034
262 252 0.001292 0.046673 8.360016 7.600014
263 253 0.001381 0.045869 8.290894 7.537176
264 254 0.000691 0.050749 8.206360 7.460327
265 255 0.000691 0.047311 8.106018 7.369107
266 256 0.000000 0.030355 7.988007 7.261824
267 257 0.000691 0.037464 7.850342 7.136674
268 258 0.000000 0.031465 7.700317 7.000288
269 259 0.000488 0.026529 7.534332 6.849393
270 260 0.000000 0.028417 7.364136 6.694669
271 261 0.000000 0.017390 7.189178 6.535617
272 262 0.000691 0.008510 7.018158 6.380144
273 263 0.001092 0.006672 6.846832 6.224393
274 264 0.001196 0.015696 6.685211 6.077465
275 265 0.001691 0.010062 6.516693 5.924266
276 266 0.001544 0.013969 6.366150 5.787409
277 267 0.002013 0.029655 6.226837 5.660761
278 268 0.002762 0.029571 6.082581 5.529619
279 269 0.003239 0.034725 5.963593 5.421448
280 270 0.003275 0.052004 5.850433 5.318576
281 271 0.003127 0.055667 5.718994 5.199086
282 272 0.003906 0.063677 5.606750 5.097046
283 273 0.003686 0.075578 5.476685 4.978804
284 274 0.003814 0.066826 5.373657 4.885143
285 275 0.003719 0.123874 5.291229 4.810208
286 276 0.004395 0.098064 5.173462 4.703147
287 277 0.004143 0.112467 5.093109 4.630099
288 278 0.003654 0.135025 5.032288 4.574807
289 279 0.003383 0.130835 4.932831 4.484392
290 280 0.003312 0.144964 4.871674 4.428794
291 281 0.003654 0.147529 4.804382 4.367620
292 282 0.002930 0.162513 4.758148 4.325589
293 283 0.003312 0.177001 4.738251 4.307501
294 284 0.002584 0.169587 4.663116 4.239197
295 285 0.002537 0.152998 4.613403 4.194003
296 286 0.003312 0.199561 4.592499 4.174999
297 287 0.003521 0.153145 4.516907 4.106279
298 288 0.004312 0.159704 4.456970 4.051791
299 289 0.004858 0.154183 4.418518 4.016835
300 290 0.004809 0.159266 4.360809 3.964372
301 291 0.004026 0.174991 4.343536 3.948669
302 292 0.004709 0.164794 4.300781 3.909801
303 293 0.005652 0.187330 4.277863 3.888966
304 294 0.007813 0.181274 4.297699 3.906999
305 295 0.007873 0.184157 4.317841 3.925310
306 296 0.004931 0.187295 4.344940 3.949946
307 297 0.006176 0.183879 4.428284 4.025712
308 298 0.006329 0.155915 4.493195 4.084723
309 299 0.005715 0.137700 4.581451 4.164956
310 300 0.005777 0.152401 4.699951 4.272683
311 301 0.005652 0.142191 4.804657 4.367870
312 302 0.002490 0.217390 4.948242 4.498402
313 303 0.000846 0.171939 5.074310 4.613009
314 304 0.002128 0.170596 5.218872 4.744429
315 305 0.002847 0.160177 5.383301 4.893910
316 306 0.002128 0.217238 5.550415 5.045832
317 307 0.003814 0.181439 5.738403 5.216730
318 308 0.005694 0.190298 5.931122 5.391929
319 309 0.006310 0.225844 6.158569 5.598700
320 310 0.006695 0.192185 6.347229 5.770208
321 311 0.006020 0.184263 6.571106 5.973732
322 312 0.004422 0.124166 6.795166 6.177423
323 313 0.004528 0.138033 7.032013 6.392739
324 314 0.004422 0.160208 7.286499 6.624090
325 315 0.004172 0.161484 7.501129 6.819208
326 316 0.004257 0.118218 7.759094 7.053722
327 317 0.004340 0.102144 7.971680 7.246982
328 318 0.004475 0.137143 8.211426 7.464932
329 319 0.004632 0.113050 8.450348 7.682135
330 320 0.004632 0.129659 8.692108 7.901917
331 321 0.003814 0.140223 8.943726 8.130660
332 322 0.003521 0.110819 9.160217 8.327470
333 323 0.003418 0.127299 9.399872 8.545338
334 324 0.003202 0.142219 9.629150 8.753773
335 325 0.003239 0.129701 9.871399 8.973999
336 326 0.002238 0.125748 10.098145 9.180131
337 327 0.002847 0.141087 10.339325 9.399386
338 328 0.001827 0.112246 10.584045 9.621860
339 329 0.002072 0.098122 10.798004 9.816367
340 330 0.001381 0.086073 11.023529 10.021390
341 331 0.001827 0.081728 11.232117 10.211015
342 332 0.001761 0.068997 11.448303 10.407548
343 333 0.001953 0.062309 11.655457 10.595870
344 334 0.001544 0.085001 11.842438 10.765853
345 335 0.000977 0.109440 12.033691 10.939719
346 336 0.002392 0.105367 12.209961 11.099964
347 337 0.001544 0.126525 12.381805 11.256186
348 338 0.001092 0.146511 12.540344 11.400313
349 339 0.000000 0.154030 12.694733 11.540666
350 340 0.001619 0.143561 12.835815 11.668923
351 341 0.000000 0.172361 12.957947 11.779952
352 342 0.000691 0.163599 13.058594 11.871449
353 343 0.000846 0.196574 13.151001 11.955456
354 344 0.000488 0.177630 13.228516 12.025924
355 345 0.000000 0.164743 13.289001 12.080911
356 346 0.001196 0.180316 13.339600 12.126908
357 347 0.000691 0.170576 13.379822 12.163474
358 348 0.000488 0.160237 13.406982 12.188166
359 349 0.001092 0.147420 13.423828 12.203480
360 350 0.001381 0.170635 13.446625 12.224204
361 351 0.001196 0.139759 13.465210 12.241100
362 352 0.001292 0.137631 13.494568 12.267789
363 353 0.001465 0.120361 13.520355 12.291232
364 354 0.001381 0.114595 13.548737 12.317033
365 355 0.001292 0.109644 13.580750 12.346136
366 356 0.001092 0.100191 13.607056 12.370050
367 357 0.001544 0.087124 13.641144 12.401040
368 358 0.001691 0.095243 13.670105 12.427368
369 359 0.001891 0.101495 13.704224 12.458385
370 360 0.001465 0.088058 13.736450 12.487682
371 361 0.001292 0.102053 13.777435 12.524941
372 362 0.001196 0.096144 13.817505 12.561368
373 363 0.001381 0.093022 13.850525 12.591386
374 364 0.001292 0.097378 13.883148 12.621044
375 365 0.000846 0.096949 13.912842 12.648038
376 366 0.001196 0.099245 13.944122 12.676475
377 367 0.000691 0.110174 13.972626 12.702387
378 368 0.000000 0.103010 14.008728 12.735208
379 369 0.000691 0.096519 14.044495 12.767722
380 370 0.001292 0.110149 14.078613 12.798739
381 371 0.000691 0.103939 14.110229 12.827481
382 372 0.001196 0.107679 14.141663 12.856057
383 373 0.000846 0.108785 14.169342 12.881220
384 374 0.000977 0.101634 14.205292 12.913901
385 375 0.000977 0.100193 14.240814 12.946195
386 376 0.001691 0.095588 14.278046 12.980042
387 377 0.001381 0.084482 14.306671 13.006064
388 378 0.000846 0.069274 14.337036 13.033669
389 379 0.001196 0.073150 14.368469 13.062244
390 380 0.000846 0.049677 14.399048 13.090043
391 381 0.000000 0.065532 14.435425 13.123114
392 382 0.000488 0.054035 14.469208 13.153825
393 383 0.000691 0.062870 14.504120 13.185563
394 384 0.001196 0.060403 14.530853 13.209867
395 385 0.000691 0.066501 14.551025 13.228205
396 386 0.000691 0.068378 14.578125 13.252841
397 387 0.000000 0.064856 14.601562 13.274148
398 388 0.001092 0.082505 14.615601 13.286910
399 389 0.001761 0.080288 14.623932 13.294483
400 390 0.000488 0.067497 14.625671 13.296065
401 391 0.000846 0.046784 14.621063 13.291876
402 392 0.000977 0.074547 14.610046 13.281860
403 393 0.000691 0.072858 14.595306 13.268460
404 394 0.000691 0.080689 14.580048 13.254589
405 395 0.001196 0.070029 14.562531 13.238664
406 396 0.000691 0.065895 14.537598 13.215998
407 397 0.000691 0.072396 14.512970 13.193609
408 398 0.000691 0.075216 14.488892 13.171720
409 399 0.001092 0.075616 14.459534 13.145031
410 400 0.000691 0.083410 14.429504 13.117731
411 401 0.000000 0.114064 14.397888 13.088989
412 402 0.000488 0.107527 14.358582 13.053256
413 403 0.000488 0.105296 14.317657 13.016052
414 404 0.001465 0.105970 14.261353 12.964866
415 405 0.000691 0.125369 14.200653 12.909684
416 406 0.000846 0.127916 14.121002 12.837275
417 407 0.000488 0.141000 14.026062 12.750965
418 408 0.001092 0.145209 13.909637 12.645125
419 409 0.001196 0.131481 13.783875 12.530795
420 410 0.001196 0.142998 13.641113 12.401012
421 411 0.000000 0.118996 13.476471 12.251337
422 412 0.000691 0.122698 13.295288 12.086625
423 413 0.000488 0.118913 13.097626 11.906933
424 414 0.000000 0.122674 12.889465 11.717696
425 415 0.000977 0.109912 12.668457 11.516779
426 416 0.000488 0.136330 12.437195 11.306540
427 417 0.000691 0.126406 12.201813 11.092557
428 418 0.000691 0.126257 11.962433 10.874939
429 419 0.000691 0.119692 11.709106 10.644642
430 420 0.000691 0.118423 11.455383 10.413985
431 421 0.000846 0.121143 11.196167 10.178333
432 422 0.000846 0.119885 10.940063 9.945512
433 423 0.000977 0.108048 10.678925 9.708114
434 424 0.000846 0.103022 10.417267 9.470243
435 425 0.000846 0.099287 10.157257 9.233871
436 426 0.000488 0.077008 9.902191 9.001992
437 427 0.000488 0.074816 9.654846 8.777133
438 428 0.000000 0.071981 9.418488 8.562262
439 429 0.000000 0.073308 9.198395 8.362177
440 430 0.000488 0.072450 8.987732 8.170666
441 431 0.000000 0.066392 8.788116 7.989197
442 432 0.000488 0.061749 8.594391 7.813083
443 433 0.000691 0.059693 8.412933 7.648121
444 434 0.000691 0.059096 8.249786 7.499806
445 435 0.000977 0.051404 8.099945 7.363586
446 436 0.000000 0.069587 7.964478 7.240434
447 437 0.000691 0.076499 7.836060 7.123691
448 438 0.000488 0.090388 7.712280 7.011164
449 439 0.000488 0.077533 7.594849 6.904408
450 440 0.000000 0.087597 7.484467 6.804060
451 441 0.000000 0.095334 7.387451 6.715865
452 442 0.000488 0.090994 7.305695 6.641541
453 443 0.000000 0.104241 7.237183 6.579257
454 444 0.000000 0.097533 7.174957 6.522688
455 445 0.000691 0.112964 7.120148 6.472862
456 446 0.000691 0.102404 7.072662 6.429693
457 447 0.000846 0.102054 7.026978 6.388161
458 448 0.000977 0.099964 6.985687 6.350625
459 449 0.001544 0.100489 6.953827 6.321661
460 450 0.000977 0.098398 6.930328 6.300299
461 451 0.000977 0.086661 6.923279 6.293890
462 452 0.000000 0.088342 6.930756 6.300687
463 453 0.000691 0.085478 6.954254 6.322049
464 454 0.000488 0.091998 6.989227 6.353843
465 455 0.001292 0.079675 7.034546 6.395042
466 456 0.000691 0.077931 7.090942 6.446311
467 457 0.000000 0.076752 7.165863 6.514421
468 458 0.000000 0.067956 7.268341 6.607583
469 459 0.001953 0.062170 7.387665 6.716059
470 460 0.000846 0.052790 7.521515 6.837741
471 461 0.000977 0.067625 7.659546 6.963223
472 462 0.000691 0.060777 7.799652 7.090593
473 463 0.000691 0.060886 7.943817 7.221652
474 464 0.000488 0.054459 8.093903 7.358093
475 465 0.000977 0.053484 8.252411 7.502192
476 466 0.000977 0.052610 8.421356 7.655778
477 467 0.000691 0.052414 8.595306 7.813915
478 468 0.000977 0.056701 8.770142 7.972856
479 469 0.000000 0.050622 8.939545 8.126859
480 470 0.000691 0.060121 9.107086 8.279169
481 471 0.000488 0.052045 9.274780 8.431619
482 472 0.000488 0.053316 9.448364 8.589422
483 473 0.000488 0.049688 9.623077 8.748252
484 474 0.000691 0.053994 9.798645 8.907859
485 475 0.001092 0.048869 9.971100 9.064636
486 476 0.000977 0.056589 10.140778 9.218888
487 477 0.001092 0.051912 10.309143 9.371948
488 478 0.001381 0.053593 10.484344 9.531222
489 479 0.000977 0.059103 10.666382 9.696711
490 480 0.001196 0.065708 10.846954 9.860868
491 481 0.001196 0.071923 11.018646 10.016952
492 482 0.001292 0.065645 11.191193 10.173812
493 483 0.001196 0.064398 11.361908 10.329007
494 484 0.001196 0.074026 11.530273 10.482067
495 485 0.000691 0.068179 11.699432 10.635848
496 486 0.001465 0.080543 11.866852 10.788047
497 487 0.001196 0.082070 12.038666 10.944242
498 488 0.001292 0.064179 12.192261 11.083874
499 489 0.001196 0.083027 12.343842 11.221674
500 490 0.001381 0.069603 12.494232 11.358393
501 491 0.000691 0.087996 12.641541 11.492310
502 492 0.001953 0.089036 12.792480 11.629528
503 493 0.001465 0.093173 12.953369 11.775790
504 494 0.001092 0.096780 13.113953 11.921775
505 495 0.001619 0.081893 13.268921 12.062655
506 496 0.001953 0.077546 13.415344 12.195767
507 497 0.001619 0.085235 13.565491 12.332264
508 498 0.000977 0.088089 13.722473 12.474976
509 499 0.001544 0.066595 13.874268 12.612970
510 500 0.002072 0.084756 14.027771 12.752519
511 501 0.001292 0.078069 14.179382 12.890347
512 502 0.000846 0.044658 14.309998 13.009089
513 503 0.001196 0.049259 14.411438 13.101307
514 504 0.001827 0.055334 14.497742 13.179765
515 505 0.001092 0.062963 14.569641 13.245129
516 506 0.000488 0.062839 14.635132 13.304666
517 507 0.001196 0.067338 14.675598 13.341453
518 508 0.000977 0.065464 14.702332 13.365756
519 509 0.001827 0.076265 14.710754 13.373413
520 510 0.001891 0.074972 14.703491 13.366810
521 511 0.000691 0.077855 14.700867 13.364425
522 512 0.000691 0.071180 14.694946 13.359042
523 513 0.001544 0.083719 14.688293 13.352994
524 514 0.000691 0.079720 14.678162 13.343783
525 515 0.001092 0.068868 14.663757 13.330688
526 516 0.001544 0.064775 14.652588 13.320535
527 517 0.000846 0.061064 14.641235 13.310214
528 518 0.000846 0.052549 14.625427 13.295843
529 519 0.000846 0.064131 14.616211 13.287464
530 520 0.000488 0.059587 14.603455 13.275867
531 521 0.000846 0.044602 14.580261 13.254783
532 522 0.001092 0.059478 14.548584 13.225986
533 523 0.001196 0.051884 14.519775 13.199796
534 524 0.000977 0.064026 14.496216 13.178378
535 525 0.000488 0.058243 14.478821 13.162564
536 526 0.000691 0.058239 14.457581 13.143255
537 527 0.000000 0.062231 14.429321 13.117565
538 528 0.000977 0.068448 14.402283 13.092984
539 529 0.000691 0.070019 14.372437 13.065851
540 530 0.000000 0.072251 14.341675 13.037887
541 531 0.000691 0.081477 14.310974 13.009976
542 532 0.000691 0.075844 14.295715 12.996105
543 533 0.001092 0.075288 14.273926 12.976296
544 534 0.000691 0.071312 14.245056 12.950051
545 535 0.000000 0.068575 14.216125 12.923751
546 536 0.000977 0.068916 14.183228 12.893844
547 537 0.000691 0.062248 14.152893 12.866266
548 538 0.000000 0.068762 14.117798 12.834362
549 539 0.000000 0.089041 14.076172 12.796520
550 540 0.000691 0.062962 14.040527 12.764115
551 541 0.001465 0.053110 14.003662 12.730602
552 542 0.001465 0.064407 13.956055 12.687323
553 543 0.000846 0.059874 13.909607 12.645097
554 544 0.000691 0.068445 13.866577 12.605979
555 545 0.000691 0.057966 13.832764 12.575240
556 546 0.000691 0.053117 13.797119 12.542835
557 547 0.000691 0.060997 13.764893 12.513538
558 548 0.000000 0.068187 13.737671 12.488791
559 549 0.000488 0.062341 13.712585 12.465987
560 550 0.000000 0.069130 13.692017 12.447288
561 551 0.000846 0.079240 13.673462 12.430420
562 552 0.001381 0.086256 13.660889 12.418990
563 553 0.000846 0.081345 13.657410 12.415827
564 554 0.000691 0.073473 13.662354 12.420321
565 555 0.000488 0.072936 13.662292 12.420266
566 556 0.000691 0.087025 13.670837 12.428034
567 557 0.001381 0.072497 13.683960 12.439963
568 558 0.001544 0.067682 13.703430 12.457664
569 559 0.002013 0.063193 13.734009 12.485462
570 560 0.001544 0.065703 13.761597 12.510543
571 561 0.001196 0.058283 13.798218 12.543835
572 562 0.000000 0.049746 13.830078 12.572799
573 563 0.000488 0.053110 13.860413 12.600375
574 564 0.000977 0.050268 13.891846 12.628951
575 565 0.000846 0.047619 13.926514 12.660467
576 566 0.000977 0.045211 13.954590 12.685990
577 567 0.000488 0.046438 13.984863 12.713512
578 568 0.000000 0.050060 14.011292 12.737537
579 569 0.000488 0.056755 14.041321 12.764837
580 570 0.000977 0.058952 14.070435 12.791305
581 571 0.000488 0.058945 14.092834 12.811667
582 572 0.000691 0.060876 14.120728 12.837025
583 573 0.000846 0.064933 14.143188 12.857444
584 574 0.000977 0.061195 14.166870 12.878973
585 575 0.000488 0.068709 14.191162 12.901056
586 576 0.000000 0.072098 14.211243 12.919312
587 577 0.000691 0.062283 14.225159 12.931962
588 578 0.000691 0.062385 14.238403 12.944003
589 579 0.001092 0.071982 14.243164 12.948331
590 580 0.002072 0.078422 14.243896 12.948997
591 581 0.000000 0.074504 14.239868 12.945334
592 582 0.000000 0.075871 14.234009 12.940008
593 583 0.000691 0.070015 14.228821 12.935291
594 584 0.001544 0.048938 14.210205 12.918368
595 585 0.000977 0.054491 14.179810 12.890736
596 586 0.001196 0.052922 14.160217 12.872925
597 587 0.000488 0.044549 14.144775 12.858887
598 588 0.000977 0.043339 14.127014 12.842740
599 589 0.000691 0.041337 14.105225 12.822931
600 590 0.000846 0.044830 14.086121 12.805564
601 591 0.001092 0.033099 14.073853 12.794412
602 592 0.001381 0.034536 14.052246 12.774769
603 593 0.001381 0.037267 14.038940 12.762673
604 594 0.001381 0.042267 14.032837 12.757125
605 595 0.000846 0.032544 14.030029 12.754572
606 596 0.000846 0.032020 14.023560 12.748691
607 597 0.000846 0.039238 14.014587 12.740534
608 598 0.000000 0.036363 14.010559 12.736872
609 599 0.000691 0.032555 14.007080 12.733709
610 600 0.000846 0.026673 14.005005 12.731823
611 601 0.000000 0.031238 13.996399 12.723999
612 602 0.000977 0.013202 13.993286 12.721169
613 603 0.001381 0.012528 13.987366 12.715787
614 604 0.000691 0.019901 13.973145 12.702859
615 605 0.001381 0.031478 13.958862 12.689875
616 606 0.000488 0.026030 13.946350 12.678500
617 607 0.000691 0.030929 13.928589 12.662354
618 608 0.000488 0.037014 13.906555 12.642323
619 609 0.000488 0.044314 13.877319 12.615745
620 610 0.001196 0.044868 13.844116 12.585560
621 611 0.000691 0.048489 13.808655 12.553323
622 612 0.000000 0.055327 13.780029 12.527299
623 613 0.000977 0.071848 13.747498 12.497725
624 614 0.000846 0.065194 13.713379 12.466708
625 615 0.000691 0.065238 13.677429 12.434027
626 616 0.000846 0.066275 13.633362 12.393966
627 617 0.000691 0.075192 13.596130 12.360119
628 618 0.000000 0.080801 13.553650 12.321500
629 619 0.000846 0.077058 13.516724 12.287930
630 620 0.000000 0.081538 13.485474 12.259521
631 621 0.000000 0.071773 13.448730 12.226119
632 622 0.000000 0.059524 13.409058 12.190052
633 623 0.000846 0.067522 13.366882 12.151711
634 624 0.000977 0.065610 13.330322 12.118475
635 625 0.000000 0.064915 13.294373 12.085793
636 626 0.000000 0.079993 13.258789 12.053445
637 627 0.000488 0.071768 13.221558 12.019598
638 628 0.000000 0.072913 13.186157 11.987415
639 629 0.000846 0.077005 13.152344 11.956676
640 630 0.000691 0.085478 13.110535 11.918668
641 631 0.000691 0.093900 13.073853 11.885321
642 632 0.001092 0.096876 13.039917 11.854470
643 633 0.000488 0.095587 13.001709 11.819736
644 634 0.000691 0.106671 12.966980 11.788163
645 635 0.000691 0.089416 12.930054 11.754594
646 636 0.000691 0.077994 12.894531 11.722301
647 637 0.000691 0.085760 12.858582 11.689620
648 638 0.000691 0.089170 12.819641 11.654220
649 639 0.000488 0.082501 12.778259 11.616599
650 640 0.001092 0.079187 12.739136 11.581033
651 641 0.000488 0.070331 12.701782 11.547074
652 642 0.000488 0.067412 12.652405 11.502186
653 643 0.000691 0.062456 12.600220 11.454745
654 644 0.000846 0.088750 12.539185 11.399259
655 645 0.000488 0.079675 12.477234 11.342940
656 646 0.000691 0.090360 12.411072 11.282792
657 647 0.000488 0.086428 12.338623 11.216930
658 648 0.000691 0.089205 12.260437 11.145852
659 649 0.000846 0.094407 12.177368 11.070334
660 650 0.000691 0.093912 12.086243 10.987494
661 651 0.000488 0.091461 11.989807 10.899825
662 652 0.000846 0.093342 11.886597 10.805997
663 653 0.001196 0.096296 11.773621 10.703292
664 654 0.000000 0.082296 11.648071 10.589156
665 655 0.001196 0.085982 11.513977 10.467252
666 656 0.000846 0.084073 11.368408 10.334916
667 657 0.000488 0.088438 11.203064 10.184604
668 658 0.000000 0.087786 11.026733 10.024303
669 659 0.000488 0.074995 10.832458 9.847690
670 660 0.000488 0.099622 10.623718 9.657926
671 661 0.001381 0.105755 10.395691 9.450628
672 662 0.000000 0.115214 10.154236 9.231124
673 663 0.000000 0.109970 9.905334 9.004849
674 664 0.001196 0.113417 9.642578 8.765980
675 665 0.001292 0.108230 9.370605 8.518732
676 666 0.001465 0.094894 9.092041 8.265491
677 667 0.001544 0.089909 8.815125 8.013749
678 668 0.002072 0.074805 8.534546 7.758678
679 669 0.002490 0.065902 8.260925 7.509932
680 670 0.002930 0.036046 7.983215 7.257469
681 671 0.003275 0.040083 7.701050 7.000954
682 672 0.003686 0.070470 7.431824 6.756203
683 673 0.003654 0.088348 7.171692 6.519720
684 674 0.004026 0.119008 6.909241 6.281128
685 675 0.003588 0.151565 6.673401 6.066728
686 676 0.004143 0.146268 6.426453 5.842230
687 677 0.003997 0.174112 6.219971 5.654519
688 678 0.003937 0.197088 6.035767 5.487061
689 679 0.004172 0.203337 5.842468 5.311335
690 680 0.003997 0.217406 5.698730 5.180664
691 681 0.004114 0.238090 5.581665 5.074241
692 682 0.004257 0.219687 5.452820 4.957109
693 683 0.004367 0.241255 5.357605 4.870550
694 684 0.004085 0.247521 5.277222 4.797474
695 685 0.004312 0.249976 5.205078 4.731889
696 686 0.004931 0.292565 5.164795 4.695268
697 687 0.005673 0.273648 5.094482 4.631348
698 688 0.004683 0.220501 5.034058 4.576416
699 689 0.004257 0.221196 4.998657 4.544234
700 690 0.004257 0.228817 4.942078 4.492798
701 691 0.003312 0.224466 4.895813 4.450739
702 692 0.003845 0.239323 4.887207 4.442915
703 693 0.004172 0.227629 4.866272 4.423883
704 694 0.003383 0.194404 4.873047 4.430043
705 695 0.004143 0.192833 4.885132 4.441029
706 696 0.003453 0.165799 4.896973 4.451793
707 697 0.004980 0.204227 4.940002 4.490911
708 698 0.004883 0.232537 4.971191 4.519265
709 699 0.004980 0.231429 5.020752 4.564320
710 700 0.004709 0.221391 5.106140 4.641945
711 701 0.001691 0.302458 5.178040 4.707309
712 702 0.001292 0.252188 5.275208 4.795643
713 703 0.000977 0.202725 5.354248 4.867498
714 704 0.003010 0.193202 5.440857 4.946234
715 705 0.003588 0.170810 5.549805 5.045277
716 706 0.004528 0.178031 5.659363 5.144875
717 707 0.007226 0.232949 5.795044 5.268222
718 708 0.007405 0.228387 5.925232 5.386574
719 709 0.006940 0.217036 6.055237 5.504761
720 710 0.006641 0.215726 6.194519 5.631381
721 711 0.005349 0.182437 6.338074 5.761885
722 712 0.006404 0.172693 6.481934 5.892667
723 713 0.007485 0.192160 6.648193 6.043812
724 714 0.007782 0.203001 6.836548 6.215044
725 715 0.006385 0.197032 7.003235 6.366577
726 716 0.006766 0.179548 7.198303 6.543912
727 717 0.005259 0.124787 7.376282 6.705711
728 718 0.004554 0.132461 7.584961 6.895419
729 719 0.005304 0.129198 7.803345 7.093950
730 720 0.005121 0.088463 7.996338 7.269398
731 721 0.005167 0.088546 8.217712 7.470648
732 722 0.004285 0.062644 8.423096 7.657360
733 723 0.003453 0.058995 8.643860 7.858055
734 724 0.002392 0.056747 8.848022 8.043656
735 725 0.002128 0.053250 9.057312 8.233920
736 726 0.001196 0.060540 9.260193 8.418357
737 727 0.000691 0.061793 9.455383 8.595803
738 728 0.000000 0.072051 9.653259 8.775690
739 729 0.000000 0.065901 9.847046 8.951859
740 730 0.000846 0.072198 10.039551 9.126864
741 731 0.001381 0.076366 10.227539 9.297763
742 732 0.001381 0.076525 10.413025 9.466386
743 733 0.001381 0.075238 10.593750 9.630682
744 734 0.001292 0.078423 10.772400 9.793091
745 735 0.000488 0.086797 10.942871 9.948065
746 736 0.000488 0.093840 11.117493 10.106812
747 737 0.000691 0.089848 11.289917 10.263561
748 738 0.000488 0.091229 11.458069 10.416427
749 739 0.000691 0.116413 11.619141 10.562855
750 740 0.000691 0.128174 11.775024 10.704568
751 741 0.000691 0.137114 11.930908 10.846280
752 742 0.000977 0.130059 12.090454 10.991322
753 743 0.000488 0.128975 12.244995 11.131814
754 744 0.000488 0.145681 12.398621 11.271473
755 745 0.000846 0.151781 12.550293 11.409357
756 746 0.000000 0.120611 12.696533 11.542303
757 747 0.000977 0.131310 12.848022 11.680020
758 748 0.000846 0.100823 12.996582 11.815075
759 749 0.001092 0.096914 13.145691 11.950628
760 750 0.001619 0.093313 13.295776 12.087070
761 751 0.001292 0.084527 13.445068 12.222790
762 752 0.000691 0.093683 13.587952 12.352683
763 753 0.001827 0.078778 13.730469 12.482244
764 754 0.002184 0.066866 13.875244 12.613858
765 755 0.002184 0.052859 14.027527 12.752297
766 756 0.001544 0.078965 14.172119 12.883744
767 757 0.002013 0.064577 14.320740 13.018854
768 758 0.001381 0.083308 14.463074 13.148249
769 759 0.001544 0.081194 14.596497 13.269543
770 760 0.001292 0.080250 14.714600 13.376908
771 761 0.000488 0.082973 14.814270 13.467518
772 762 0.001292 0.083956 14.896851 13.542591
773 763 0.001761 0.078579 14.963379 13.603072
774 764 0.001381 0.080700 15.015869 13.650790
775 765 0.001196 0.082465 15.043945 13.676314
776 766 0.001544 0.079283 15.077881 13.707165
777 767 0.002290 0.081190 15.079285 13.708441
778 768 0.002013 0.085339 15.072693 13.702448
779 769 0.001196 0.096777 15.062256 13.692960
780 770 0.001544 0.092409 15.054016 13.685470
781 771 0.001827 0.092847 15.049805 13.681641
782 772 0.001196 0.094883 15.045898 13.678089
783 773 0.001544 0.098780 15.038513 13.671375
784 774 0.000488 0.086070 15.025024 13.659113
785 775 0.001381 0.100915 15.012695 13.647904
786 776 0.001092 0.105417 14.993225 13.630204
787 777 0.000846 0.102014 14.979736 13.617942
788 778 0.000691 0.103837 14.957947 13.598133
789 779 0.000977 0.097999 14.938721 13.580655
790 780 0.000691 0.087402 14.915588 13.559626
791 781 0.001092 0.111609 14.890686 13.536987
792 782 0.000000 0.119600 14.858276 13.507524
793 783 0.000691 0.124120 14.834961 13.486328
794 784 0.000691 0.136981 14.818054 13.470959
795 785 0.000000 0.110780 14.797791 13.452537
796 786 0.000000 0.105932 14.767151 13.424683
797 787 0.000000 0.123739 14.737427 13.397660
798 788 0.000488 0.112857 14.713684 13.376077
799 789 0.001092 0.122868 14.685669 13.350608
800 790 0.000977 0.135686 14.659790 13.327082
801 791 0.001196 0.113387 14.631287 13.301169
802 792 0.000691 0.099719 14.611145 13.282859
803 793 0.001381 0.114148 14.581909 13.256281
804 794 0.001092 0.106426 14.552490 13.229537
805 795 0.000977 0.114873 14.528015 13.207287
806 796 0.000977 0.118085 14.504761 13.186146
807 797 0.000488 0.097461 14.477966 13.161788
808 798 0.000691 0.108610 14.454285 13.140259
809 799 0.000846 0.105552 14.431396 13.119452
810 800 0.000977 0.097606 14.408997 13.099088
811 801 0.000691 0.105244 14.385132 13.077393
812 802 0.000488 0.111120 14.357422 13.052201
813 803 0.000691 0.101496 14.334412 13.031283
814 804 0.000691 0.113446 14.304260 13.003873
815 805 0.000846 0.114315 14.283142 12.984674
816 806 0.000846 0.124514 14.251892 12.956265
817 807 0.000691 0.133571 14.221436 12.928577
818 808 0.000691 0.124571 14.190369 12.900335
819 809 0.000488 0.130760 14.159058 12.871871
820 810 0.000691 0.132393 14.125793 12.841630
821 811 0.000000 0.128520 14.095215 12.813831
822 812 0.000691 0.133730 14.066772 12.787975
823 813 0.000691 0.125094 14.031067 12.755515
824 814 0.000488 0.141322 13.998352 12.725775
825 815 0.000691 0.142587 13.955750 12.687045
826 816 0.001292 0.142360 13.924133 12.658303
827 817 0.000977 0.135543 13.892639 12.629672
828 818 0.000691 0.164569 13.858704 12.598822
829 819 0.000691 0.157900 13.828186 12.571078
830 820 0.000000 0.183608 13.796387 12.542170
831 821 0.000977 0.183641 13.764099 12.512817
832 822 0.000488 0.173695 13.735535 12.486850
833 823 0.000977 0.174319 13.713806 12.467096
834 824 0.000691 0.149519 13.696045 12.450950
835 825 0.001292 0.152836 13.677490 12.434082
836 826 0.000691 0.147857 13.660767 12.418879
837 827 0.000846 0.149133 13.647217 12.406561
838 828 0.001092 0.123640 13.633850 12.394409
839 829 0.001196 0.118238 13.623291 12.384810
840 830 0.000977 0.138590 13.612732 12.375211
841 831 0.000691 0.093044 13.604126 12.367387
842 832 0.001196 0.086434 13.594543 12.358676
843 833 0.000691 0.087904 13.584412 12.349465
844 834 0.000691 0.089762 13.572876 12.338978
845 835 0.000846 0.101600 13.565796 12.332541
846 836 0.000977 0.094697 13.556824 12.324386
847 837 0.000846 0.095798 13.550415 12.318559
848 838 0.000691 0.086694 13.543884 12.312622
849 839 0.000000 0.098717 13.533813 12.303467
850 840 0.001092 0.085547 13.525269 12.295699
851 841 0.000977 0.108840 13.515625 12.286932
852 842 0.000977 0.110629 13.507019 12.279108
853 843 0.000691 0.112857 13.495361 12.268510
854 844 0.000691 0.100501 13.482605 12.256913
855 845 0.000691 0.094788 13.467712 12.243375
856 846 0.001196 0.092324 13.447815 12.225286
857 847 0.000977 0.098002 13.422241 12.202038
858 848 0.000000 0.094783 13.404236 12.185669
859 849 0.000691 0.091937 13.377991 12.161810
860 850 0.000488 0.083577 13.351501 12.137729
861 851 0.000691 0.079840 13.321533 12.110485
862 852 0.001196 0.081732 13.286499 12.078635
863 853 0.000691 0.079738 13.257507 12.052279
864 854 0.000691 0.073332 13.223267 12.021152
865 855 0.000691 0.076669 13.191406 11.992188
866 856 0.000977 0.077953 13.158875 11.962613
867 857 0.001092 0.077180 13.129395 11.935813
868 858 0.000691 0.077233 13.094910 11.904464
869 859 0.000488 0.078127 13.067688 11.879716
870 860 0.000691 0.079663 13.038086 11.852805
871 861 0.001381 0.082980 13.009766 11.827060
872 862 0.000977 0.079692 12.976196 11.796542
873 863 0.000000 0.073422 12.947388 11.770352
874 864 0.000488 0.072809 12.916931 11.742664
875 865 0.000977 0.067255 12.884277 11.712979
876 866 0.001544 0.068303 12.854614 11.686013
877 867 0.001381 0.061455 12.829163 11.662875
878 868 0.001092 0.063361 12.801392 11.637629
879 869 0.001381 0.051545 12.767822 11.607111
880 870 0.001196 0.045448 12.737671 11.579700
881 871 0.001381 0.046767 12.704285 11.549350
882 872 0.001196 0.052342 12.684448 11.531317
883 873 0.000846 0.042258 12.652893 11.502630
884 874 0.000846 0.043284 12.628113 11.480103
885 875 0.000977 0.062405 12.598206 11.452914
886 876 0.000000 0.057196 12.567627 11.425116
887 877 0.000846 0.059512 12.537476 11.397705
888 878 0.000488 0.073470 12.504150 11.367410
889 879 0.000488 0.064247 12.472656 11.338778
890 880 0.000846 0.069798 12.439026 11.308206
891 881 0.001196 0.071328 12.398254 11.271140
892 882 0.000977 0.067784 12.342529 11.220481
893 883 0.000000 0.071141 12.270386 11.154896
894 884 0.001544 0.074681 12.182556 11.075051
895 885 0.000000 0.075549 12.089111 10.990101
896 886 0.001381 0.077010 11.973389 10.884899
897 887 0.000846 0.076679 11.838928 10.762662
898 888 0.000977 0.070706 11.701782 10.637984
899 889 0.000488 0.073778 11.564880 10.513528
900 890 0.000691 0.072128 11.433289 10.393899
901 891 0.000691 0.071233 11.316895 10.288086
902 892 0.002013 0.084798 11.210083 10.190985
903 893 0.000691 0.065601 11.116272 10.105701
904 894 0.000691 0.057068 11.034607 10.031461
905 895 0.001691 0.063900 10.963074 9.966431
906 896 0.000691 0.063999 10.918274 9.925704
907 897 0.001092 0.060677 10.884521 9.895020
908 898 0.000977 0.057379 10.854431 9.867664
909 899 0.001196 0.060635 10.822815 9.838923
910 900 0.000691 0.060618 10.789673 9.808793
911 901 0.000691 0.063621 10.745728 9.768844
912 902 0.000488 0.069485 10.703491 9.730447
913 903 0.000691 0.069948 10.674133 9.703757
914 904 0.000000 0.083789 10.653748 9.685225
915 905 0.000488 0.075644 10.641418 9.674017
916 906 0.000846 0.079771 10.638062 9.670965
917 907 0.000691 0.081540 10.641846 9.674405
918 908 0.000691 0.109043 10.654663 9.686057
919 909 0.000000 0.107722 10.680908 9.709916
920 910 0.000488 0.119043 10.713745 9.739768
921 911 0.001092 0.097179 10.759033 9.780939
922 912 0.000488 0.098227 10.811035 9.828214
923 913 0.000000 0.096645 10.866699 9.878818
924 914 0.000691 0.097524 10.926025 9.932751
925 915 0.000846 0.092172 10.986328 9.987571
926 916 0.001381 0.093411 11.047607 10.043280
927 917 0.001691 0.099353 11.107544 10.097767
928 918 0.001092 0.074510 11.170898 10.155362
929 919 0.001092 0.073506 11.233643 10.212402
930 920 0.001292 0.073237 11.301025 10.273660
931 921 0.001381 0.094560 11.368408 10.334916
932 922 0.001092 0.096223 11.439697 10.399725
933 923 0.001465 0.097477 11.510864 10.464422
934 924 0.001092 0.089884 11.580566 10.527787
935 925 0.000846 0.103342 11.656982 10.597257
936 926 0.001092 0.099445 11.730591 10.664173
937 927 0.000691 0.089367 11.812256 10.738415
938 928 0.000846 0.109830 11.895264 10.813876
939 929 0.001092 0.119773 11.978271 10.889338
940 930 0.000000 0.113202 12.061646 10.965133
941 931 0.001092 0.110811 12.152466 11.047696
942 932 0.000977 0.104301 12.247559 11.134144
943 933 0.001381 0.104158 12.345337 11.223034
944 934 0.001381 0.097274 12.447998 11.316361
945 935 0.001381 0.100369 12.546143 11.405584
946 936 0.001092 0.113010 12.645874 11.496249
947 937 0.000488 0.113493 12.752563 11.593240
948 938 0.000000 0.104020 12.859863 11.690784
949 939 0.000846 0.115300 12.966675 11.787887
950 940 0.000691 0.098219 13.080688 11.891535
951 941 0.000000 0.095106 13.189453 11.990412
952 942 0.001196 0.107706 13.290771 12.082520
953 943 0.001292 0.104719 13.393311 12.175736
954 944 0.001544 0.114588 13.487305 12.261186
955 945 0.001381 0.109618 13.590210 12.354736
956 946 0.000691 0.098879 13.694336 12.449396
957 947 0.000000 0.104009 13.791260 12.537509
958 948 0.000977 0.105796 13.884155 12.621960
959 949 0.000691 0.095230 13.978027 12.707297
960 950 0.000691 0.106568 14.061035 12.782760
961 951 0.000000 0.116273 14.136108 12.851007
962 952 0.000846 0.119728 14.205933 12.914484
963 953 0.000000 0.135683 14.263184 12.966531
964 954 0.000000 0.125306 14.315430 13.014027
965 955 0.000488 0.130082 14.348999 13.044544
966 956 0.000977 0.131890 14.372437 13.065851
967 957 0.000691 0.142041 14.386108 13.078280
968 958 0.000977 0.140241 14.391968 13.083607
969 959 0.000488 0.149286 14.396729 13.087935
970 960 0.000691 0.144383 14.387329 13.079391
971 961 0.000488 0.132825 14.378540 13.071400
972 962 0.001092 0.122692 14.363281 13.057528
973 963 0.000846 0.121904 14.345459 13.041327
974 964 0.000977 0.130375 14.329956 13.027233
975 965 0.000488 0.113965 14.310791 13.009810
976 966 0.000000 0.119663 14.288574 12.989613
977 967 0.000977 0.104339 14.265869 12.968972
978 968 0.000000 0.108812 14.243652 12.948775
979 969 0.000488 0.103256 14.213623 12.921475
980 970 0.001196 0.110556 14.180908 12.891735
981 971 0.000846 0.104231 14.142700 12.857000
982 972 0.000691 0.107599 14.107910 12.825373
983 973 0.000488 0.104045 14.078979 12.799072
984 974 0.000000 0.103066 14.047119 12.770108
985 975 0.000846 0.092675 14.014648 12.740589
986 976 0.000846 0.089141 13.980713 12.709739
987 977 0.001092 0.087488 13.942505 12.675004
988 978 0.000691 0.080922 13.905273 12.641158
989 979 0.000000 0.076414 13.866577 12.605979
990 980 0.000691 0.092094 13.832520 12.575018
991 981 0.000846 0.093819 13.803711 12.548828
992 982 0.000000 0.099958 13.767090 12.515536
993 983 0.000846 0.109738 13.732422 12.484020
994 984 0.000977 0.117788 13.692627 12.447843
995 985 0.000977 0.125799 13.652710 12.411554
996 986 0.000488 0.127386 13.615845 12.378040
997 987 0.000977 0.135851 13.578735 12.344305
998 988 0.001092 0.142184 13.544312 12.313010
999 989 0.001544 0.147734 13.506592 12.278720
1000 990 0.001691 0.147450 13.465210 12.241100
1001 991 0.001381 0.143261 13.416382 12.196711
1002 992 0.001544 0.141124 13.359985 12.145441
1003 993 0.000977 0.142457 13.282227 12.074752
1004 994 0.001544 0.129388 13.188721 11.989746
1005 995 0.001381 0.124825 13.077881 11.888983
1006 996 0.001465 0.124406 12.942749 11.766135
1007 997 0.000977 0.129065 12.782227 11.620206
1008 998 0.001196 0.129923 12.598633 11.453302
1009 999 0.001092 0.140123 12.390137 11.263761
1010 1000 0.001092 0.146372 12.159180 11.053800
1011 1001 0.000000 0.149372 11.905273 10.822976
1012 1002 0.000846 0.149541 11.642212 10.583829
1013 1003 0.000000 0.143226 11.361694 10.328813
1014 1004 0.000488 0.151778 11.073486 10.066806
1015 1005 0.000846 0.151190 10.776855 9.797141
1016 1006 0.000488 0.156127 10.471191 9.519265
1017 1007 0.000977 0.138195 10.166016 9.241833
1018 1008 0.000488 0.130294 9.849487 8.954080
1019 1009 0.000488 0.121916 9.531372 8.664884
1020 1010 0.000691 0.122640 9.223267 8.384788
1021 1011 0.000000 0.112447 8.934692 8.122448
1022 1012 0.000488 0.111553 8.671753 7.883412
1023 1013 0.000691 0.102723 8.443237 7.675670
1024 1014 0.000000 0.099617 8.242432 7.493120
1025 1015 0.000488 0.097376 8.072266 7.338423
1026 1016 0.000000 0.091860 7.931885 7.210804
1027 1017 0.000000 0.085990 7.822754 7.111595
1028 1018 0.000000 0.086214 7.739746 7.036133
1029 1019 0.000488 0.083419 7.686401 6.987638
1030 1020 0.000977 0.073889 7.651245 6.955678
1031 1021 0.000977 0.070532 7.624878 6.931707
1032 1022 0.001544 0.059612 7.596191 6.905629
1033 1023 0.001381 0.049836 7.566528 6.878662
1034 1024 0.001891 0.039218 7.532959 6.848145
1035 1025 0.001544 0.034522 7.500977 6.819069
1036 1026 0.001544 0.033644 7.479736 6.799760
1037 1027 0.001691 0.023814 7.461792 6.783447
1038 1028 0.002184 0.028356 7.457886 6.779896
1039 1029 0.002290 0.026035 7.459961 6.781783
1040 1030 0.002072 0.025219 7.469116 6.790106
1041 1031 0.001953 0.021960 7.487671 6.806973
1042 1032 0.001761 0.026251 7.509766 6.827060
1043 1033 0.001891 0.029278 7.540161 6.854692
1044 1034 0.001196 0.027643 7.585205 6.895641
1045 1035 0.001196 0.036548 7.638306 6.943914
1046 1036 0.000977 0.026316 7.694336 6.994851
1047 1037 0.000846 0.019489 7.743286 7.039351
1048 1038 0.000488 0.023576 7.785156 7.077415
1049 1039 0.000000 0.024219 7.829468 7.117698
1050 1040 0.000000 0.027195 7.875854 7.159868
1051 1041 0.000691 0.029697 7.928955 7.208141
1052 1042 0.000000 0.034440 7.984009 7.258190
1053 1043 0.000000 0.045396 8.039185 7.308350
1054 1044 0.000691 0.042002 8.088745 7.353405
1055 1045 0.001691 0.039952 8.135498 7.395907
1056 1046 0.001381 0.070670 8.182861 7.438965
1057 1047 0.001292 0.078933 8.241455 7.492232
1058 1048 0.002072 0.085421 8.313721 7.557928
1059 1049 0.001827 0.079184 8.388184 7.625621
1060 1050 0.001691 0.081087 8.466187 7.696533
1061 1051 0.002238 0.088144 8.539795 7.763450
1062 1052 0.002762 0.097703 8.619141 7.835582
1063 1053 0.002490 0.094348 8.700806 7.909823
1064 1054 0.001761 0.098331 8.788086 7.989169
1065 1055 0.001465 0.101977 8.876709 8.069736
1066 1056 0.000691 0.086728 8.964722 8.149747
1067 1057 0.001196 0.086047 9.046387 8.223988
1068 1058 0.000846 0.083062 9.117188 8.288352
1069 1059 0.000691 0.085793 9.177856 8.343506
1070 1060 0.000846 0.089994 9.229126 8.390115
1071 1061 0.000000 0.081528 9.271729 8.428844
1072 1062 0.000846 0.072856 9.303711 8.457919
1073 1063 0.000846 0.071507 9.327881 8.479892
1074 1064 0.000977 0.074573 9.341553 8.492321
1075 1065 0.000691 0.071249 9.349609 8.499645
1076 1066 0.000977 0.073088 9.344482 8.494984
1077 1067 0.000691 0.075471 9.333984 8.485440
1078 1068 0.000691 0.074386 9.317505 8.470459
1079 1069 0.000691 0.078173 9.300293 8.454812
1080 1070 0.000846 0.067201 9.279541 8.435946
1081 1071 0.000977 0.070349 9.255249 8.413863
1082 1072 0.000691 0.068236 9.220459 8.382236
1083 1073 0.000691 0.067434 9.169556 8.335959
1084 1074 0.000691 0.055678 9.097778 8.270707
1085 1075 0.000977 0.052225 9.008179 8.189254
1086 1076 0.000488 0.047187 8.911255 8.101141
1087 1077 0.000691 0.045534 8.813232 8.012030
1088 1078 0.000488 0.042353 8.716309 7.923917
1089 1079 0.000691 0.031277 8.621704 7.837913
1090 1080 0.000488 0.033574 8.526367 7.751243
1091 1081 0.000488 0.032160 8.430054 7.663685
1092 1082 0.000846 0.037997 8.343018 7.584561
1093 1083 0.000000 0.047993 8.267822 7.516202
1094 1084 0.000000 0.059401 8.215820 7.468927
1095 1085 0.001292 0.041027 8.175537 7.432306
1096 1086 0.000977 0.074291 8.144409 7.404008
1097 1087 0.000977 0.086733 8.115356 7.377597
1098 1088 0.000691 0.085624 8.086548 7.351407
1099 1089 0.000846 0.077804 8.060547 7.327770
1100 1090 0.000977 0.078775 8.041016 7.310014
