10 0 0.000771 0.035825 1.266710 1.151554
11 1 0.000000 0.035941 1.356713 1.233375
12 2 0.000000 0.037837 1.451123 1.319203
13 3 0.000446 0.037948 1.549941 1.409037
14 4 0.000418 0.037349 1.650349 1.500317
15 5 0.000395 0.034044 1.747624 1.588749
16 6 0.000651 0.031207 1.838388 1.671262
17 7 0.000623 0.036037 1.920616 1.746014
18 8 0.000649 0.039511 1.990267 1.809334
19 9 0.000856 0.041160 2.055904 1.869003
20 10 0.000923 0.045675 2.116123 1.923748
21 11 0.001575 0.038878 2.170789 1.973444
22 12 0.001406 0.050637 2.223834 2.021667
23 13 0.000958 0.063563 2.278276 2.071160
24 14 0.001386 0.066857 2.336686 2.124260
25 15 0.001472 0.067440 2.392432 2.174938
26 16 0.001994 0.066012 2.448327 2.225752
27 17 0.002097 0.054375 2.507320 2.279382
28 18 0.002169 0.053336 2.577108 2.342826
29 19 0.002212 0.048093 2.649364 2.408513
30 20 0.002289 0.040313 2.732334 2.483940
31 21 0.001271 0.047385 2.822666 2.566060
32 22 0.001274 0.037333 2.918100 2.652818
33 23 0.001551 0.028776 3.020360 2.745781
34 24 0.001127 0.023772 3.123275 2.839341
35 25 0.001357 0.032737 3.238515 2.944105
36 26 0.001049 0.030901 3.356532 3.051392
37 27 0.000782 0.036798 3.478560 3.162327
38 28 0.000590 0.034085 3.605869 3.278063
39 29 0.000626 0.031498 3.739096 3.399178
40 30 0.001070 0.035997 3.871992 3.519992
41 31 0.000826 0.031273 4.009945 3.645405
42 32 0.000832 0.030048 4.150190 3.772900
43 33 0.000812 0.028807 4.292162 3.901966
44 34 0.000824 0.028057 4.436295 4.032996
45 35 0.000783 0.019252 4.582913 4.166285
46 36 0.000729 0.019111 4.735534 4.305031
47 37 0.000870 0.012422 4.890667 4.446061
48 38 0.000810 0.011972 5.046598 4.587817
49 39 0.000840 0.009939 5.199587 4.726897
50 40 0.000547 0.006024 5.357231 4.870210
51 41 0.000493 0.005482 5.516046 5.014587
52 42 0.000385 0.005480 5.677878 5.161707
53 43 0.000365 0.004849 5.837464 5.306786
54 44 0.000326 0.004925 5.992717 5.447924
55 45 0.000238 0.004202 6.146946 5.588133
56 46 0.000219 0.005997 6.302336 5.729396
57 47 0.000262 0.005792 6.460344 5.873040
58 48 0.000165 0.007592 6.614905 6.013550
59 49 0.000144 0.004123 6.766751 6.151592
60 50 0.000122 0.003606 6.914667 6.286061
61 51 0.000098 0.005552 7.058540 6.416855
62 52 0.000096 0.004513 7.206600 6.551455
63 53 0.000066 0.004738 7.345451 6.677683
64 54 0.000173 0.004981 7.482393 6.802176
65 55 0.000170 0.005260 7.601322 6.910293
66 56 0.000190 0.006157 7.708504 7.007730
67 57 0.000216 0.006815 7.813549 7.103226
68 58 0.000262 0.008253 7.913675 7.194250
69 59 0.000086 0.007935 8.017214 7.288376
70 60 0.000120 0.007424 8.110706 7.373369
71 61 0.000119 0.008684 8.192221 7.447474
72 62 0.000102 0.006716 8.253193 7.502903
73 63 0.000118 0.006330 8.302280 7.547528
74 64 0.000059 0.005715 8.340172 7.581975
75 65 0.000154 0.006370 8.382532 7.620484
76 66 0.000082 0.006224 8.416582 7.651438
77 67 0.000058 0.006342 8.438545 7.671405
78 68 0.000245 0.004550 8.441078 7.673707
79 69 0.000142 0.005507 8.432549 7.665953
80 70 0.000116 0.005285 8.422554 7.656868
81 71 0.000116 0.005997 8.413530 7.648664
82 72 0.000082 0.006831 8.408302 7.643911
83 73 0.000082 0.007263 8.409168 7.644699
84 74 0.000101 0.005887 8.406166 7.641969
85 75 0.000082 0.009238 8.396435 7.633122
86 76 0.000130 0.009736 8.387611 7.625101
87 77 0.000082 0.010413 8.373074 7.611885
88 78 0.000117 0.012455 8.368866 7.608060
89 79 0.000000 0.009977 8.361565 7.601422
90 80 0.000083 0.011471 8.348759 7.589781
91 81 0.000059 0.009502 8.335052 7.577321
92 82 0.000000 0.009694 8.316887 7.560806
93 83 0.000102 0.009115 8.297997 7.543633
94 84 0.000083 0.012619 8.287659 7.534235
95 85 0.000000 0.009508 8.271137 7.519216
96 86 0.000132 0.009383 8.251011 7.500919
97 87 0.000084 0.008677 8.227692 7.479720
98 88 0.000060 0.008181 8.198711 7.453374
99 89 0.000060 0.008884 8.169830 7.427118
100 90 0.000000 0.007159 8.141590 7.401445
101 91 0.000085 0.008559 8.112408 7.374916
102 92 0.000085 0.008416 8.077541 7.343219
103 93 0.000086 0.008770 8.038502 7.307729
104 94 0.000000 0.007620 7.994095 7.267359
105 95 0.000123 0.007063 7.953876 7.230797
106 96 0.000195 0.005683 7.917641 7.197855
107 97 0.000088 0.006056 7.879002 7.162729
108 98 0.000165 0.005241 7.837288 7.124807
109 99 0.000089 0.005608 7.787430 7.079482
110 100 0.000000 0.007314 7.725761 7.023419
111 101 0.000090 0.007545 7.658798 6.962544
112 102 0.000064 0.008202 7.581112 6.891920
113 103 0.000160 0.008177 7.493320 6.812109
114 104 0.000175 0.009106 7.393414 6.721285
115 105 0.000116 0.008316 7.282188 6.620171
116 106 0.000167 0.009086 7.157116 6.506469
117 107 0.000208 0.009601 7.025776 6.387069
118 108 0.000159 0.009773 6.886692 6.260629
119 109 0.000192 0.010257 6.737770 6.125246
120 110 0.000210 0.009599 6.585529 5.986845
121 111 0.000241 0.009295 6.417084 5.833713
122 112 0.000313 0.008990 6.245186 5.677442
123 113 0.000342 0.009880 6.063347 5.512134
124 114 0.000276 0.010035 5.877335 5.343031
125 115 0.000364 0.011330 5.690132 5.172847
126 116 0.000547 0.010488 5.500519 5.000472
127 117 0.000704 0.018124 5.327660 4.843327
128 118 0.000937 0.017723 5.156342 4.687583
129 119 0.000980 0.018531 5.005394 4.550358
130 120 0.001054 0.018241 4.858879 4.417163
131 121 0.001132 0.020380 4.742897 4.311725
132 122 0.001119 0.019869 4.637543 4.215948
133 123 0.001358 0.020229 4.562386 4.147623
134 124 0.001761 0.026700 4.505684 4.096076
135 125 0.002065 0.027959 4.455498 4.050453
136 126 0.001910 0.022270 4.421143 4.019220
137 127 0.001810 0.030738 4.374710 3.977009
138 128 0.001852 0.027291 4.357353 3.961230
139 129 0.002121 0.026768 4.344406 3.949460
140 130 0.002084 0.025549 4.370575 3.973250
141 131 0.001901 0.026130 4.404945 4.004496
142 132 0.001856 0.024692 4.456406 4.051278
143 133 0.001628 0.019488 4.527794 4.116176
144 134 0.001463 0.024806 4.611595 4.192359
145 135 0.001201 0.021353 4.722908 4.293553
146 136 0.001110 0.019313 4.856895 4.415359
147 137 0.001299 0.013491 5.016449 4.560408
148 138 0.001286 0.011888 5.179703 4.708821
149 139 0.000921 0.017432 5.352455 4.865868
150 140 0.000924 0.017430 5.517143 5.015585
151 141 0.000889 0.015062 5.678879 5.162617
152 142 0.000814 0.015680 5.849487 5.317716
153 143 0.000817 0.014470 6.007668 5.461516
154 144 0.000694 0.013697 6.169891 5.608992
155 145 0.000622 0.013542 6.329826 5.754387
156 146 0.000568 0.012479 6.485153 5.895594
157 147 0.000580 0.014634 6.633080 6.030072
158 148 0.000432 0.014040 6.776382 6.160347
159 149 0.000452 0.014137 6.912323 6.283930
160 150 0.000490 0.013916 7.046471 6.405882
161 151 0.000385 0.013351 7.180580 6.527800
162 152 0.000390 0.013169 7.302643 6.638766
163 153 0.000323 0.012554 7.409348 6.735771
164 154 0.000306 0.012892 7.492599 6.811454
165 155 0.000342 0.012310 7.561653 6.874230
166 156 0.000314 0.012031 7.618103 6.925548
167 157 0.000255 0.011178 7.666168 6.969244
168 158 0.000341 0.011955 7.701096 7.000996
169 159 0.000245 0.012376 7.719330 7.017572
170 160 0.000283 0.011752 7.719086 7.017351
171 161 0.000297 0.012088 7.705482 7.004984
172 162 0.000211 0.010863 7.685005 6.986368
173 163 0.000211 0.011360 7.676903 6.979002
174 164 0.000255 0.009882 7.669296 6.972087
175 165 0.000221 0.010185 7.660225 6.963841
176 166 0.000181 0.009207 7.641464 6.946785
177 167 0.000181 0.009039 7.618973 6.926339
178 168 0.000240 0.008328 7.599388 6.908535
179 169 0.000203 0.007520 7.588867 6.898970
180 170 0.000249 0.007742 7.583252 6.893866
181 171 0.000213 0.007776 7.585419 6.895835
182 172 0.000273 0.007698 7.595200 6.904727
183 173 0.000240 0.009231 7.597816 6.907106
184 174 0.000157 0.008652 7.614120 6.921928
185 175 0.000202 0.010008 7.639305 6.944823
186 176 0.000270 0.011154 7.672935 6.975396
187 177 0.000200 0.008372 7.721504 7.019549
188 178 0.000235 0.010433 7.764732 7.058847
189 179 0.000348 0.011466 7.810738 7.100670
190 180 0.000367 0.009455 7.866997 7.151815
191 181 0.000213 0.009864 7.924049 7.203681
192 182 0.000150 0.007222 7.988503 7.262275
193 183 0.000171 0.005932 8.054993 7.322721
194 184 0.000240 0.006090 8.123573 7.385067
195 185 0.000169 0.005673 8.190750 7.446136
196 186 0.000221 0.006652 8.259735 7.508850
197 187 0.000155 0.007063 8.324074 7.567340
198 188 0.000143 0.007082 8.390862 7.628056
199 189 0.000115 0.006015 8.456810 7.688009
200 190 0.000081 0.007003 8.514481 7.740437
201 191 0.000235 0.007964 8.565933 7.787212
202 192 0.000234 0.007991 8.612350 7.829410
203 193 0.000126 0.006513 8.653412 7.866738
204 194 0.000281 0.007110 8.682419 7.893108
205 195 0.000327 0.006365 8.698730 7.907937
206 196 0.000224 0.007592 8.702538 7.911398
207 197 0.000210 0.006450 8.700989 7.909990
208 198 0.000232 0.006353 8.692711 7.902464
209 199 0.000298 0.006109 8.682495 7.893178
210 200 0.000195 0.006799 8.665596 7.877815
211 201 0.000178 0.006478 8.651695 7.865178
212 202 0.000266 0.007271 8.626030 7.841846
213 203 0.000080 0.007071 8.584045 7.803678
214 204 0.000162 0.006447 8.540176 7.763797
215 205 0.000141 0.005987 8.502563 7.729603
216 206 0.000058 0.006101 8.468262 7.698420
217 207 0.000174 0.006295 8.428497 7.662270
218 208 0.000202 0.006527 8.390762 7.627966
219 209 0.000194 0.006552 8.346954 7.588140
220 210 0.000300 0.007672 8.306396 7.551270
221 211 0.000196 0.009586 8.259689 7.508809
222 212 0.000518 0.012084 8.217331 7.470301
223 213 0.000321 0.009492 8.189148 7.444680
224 214 0.000060 0.011183 8.159134 7.417395
225 215 0.000147 0.010638 8.121582 7.383256
226 216 0.000200 0.011106 8.091660 7.356054
227 217 0.000227 0.010729 8.057739 7.325218
228 218 0.000161 0.010111 8.021194 7.291995
229 219 0.000173 0.009647 7.985962 7.259965
230 220 0.000061 0.008302 7.944427 7.222207
231 221 0.000138 0.006729 7.905731 7.187028
232 222 0.000062 0.006058 7.865509 7.150463
233 223 0.000000 0.007806 7.826508 7.115007
234 224 0.000063 0.007513 7.788788 7.080716
235 225 0.000189 0.007230 7.749939 7.045399
236 226 0.000210 0.008326 7.704605 7.004187
237 227 0.000090 0.009129 7.669937 6.972670
238 228 0.000278 0.010198 7.645813 6.950739
239 229 0.000169 0.010558 7.624634 6.931485
240 230 0.000231 0.009963 7.612015 6.920013
241 231 0.000203 0.010215 7.590820 6.900746
242 232 0.000266 0.007042 7.559692 6.872447
243 233 0.000065 0.007537 7.521790 6.837990
244 234 0.000065 0.008649 7.495407 6.814006
245 235 0.000226 0.008706 7.490982 6.809984
246 236 0.000160 0.008434 7.496109 6.814644
247 237 0.000368 0.009571 7.499130 6.817391
248 238 0.000113 0.010055 7.489670 6.808791
249 239 0.000196 0.010843 7.479675 6.799705
250 240 0.000285 0.010650 7.467255 6.788414
251 241 0.000185 0.010722 7.461945 6.783586
252 242 0.000185 0.010874 7.474594 6.795085
253 243 0.000172 0.010042 7.497955 6.816323
254 244 0.000260 0.007700 7.512436 6.829487
255 245 0.000275 0.007186 7.521561 6.837782
256 246 0.000205 0.005661 7.529404 6.844913
257 247 0.000275 0.006305 7.538727 6.853388
258 248 0.000242 0.003271 7.549942 6.863584
259 249 0.000258 0.004020 7.556747 6.869771
260 250 0.000171 0.003653 7.565155 6.877414
261 251 0.000129 0.005612 7.581406 6.892187
262 252 0.000064 0.005902 7.602997 6.911815
263 253 0.000143 0.005789 7.621552 6.928683
264 254 0.000221 0.004141 7.642075 6.947340
265 255 0.000286 0.004575 7.646011 6.950920
266 256 0.000271 0.004530 7.647003 6.951821
267 257 0.000064 0.002787 7.649796 6.954360
268 258 0.000255 0.002477 7.667572 6.970520
269 259 0.000127 0.004458 7.687103 6.988276
270 260 0.000127 0.005481 7.700302 7.000275
271 261 0.000323 0.005713 7.701797 7.001634
272 262 0.000246 0.005232 7.689392 6.990356
273 263 0.000201 0.003855 7.675446 6.977678
274 264 0.000090 0.004805 7.662247 6.965679
275 265 0.000180 0.004894 7.651810 6.956191
276 266 0.000202 0.004856 7.630539 6.936853
277 267 0.000315 0.005043 7.602600 6.911455
278 268 0.000214 0.003644 7.560791 6.873446
279 269 0.000159 0.002989 7.530838 6.846216
280 270 0.000159 0.004245 7.499191 6.817447
281 271 0.000113 0.005043 7.463882 6.785347
282 272 0.000174 0.004439 7.413727 6.739752
283 273 0.000163 0.004281 7.348831 6.680756
284 274 0.000260 0.003504 7.265015 6.604559
285 275 0.000215 0.004020 7.172012 6.520011
286 276 0.000138 0.006026 7.074692 6.431538
287 277 0.000186 0.004185 6.961304 6.328458
288 278 0.000214 0.003490 6.836533 6.215030
289 279 0.000310 0.003015 6.683319 6.075745
290 280 0.000397 0.001752 6.509262 5.917511
291 281 0.000289 0.001304 6.319138 5.744670
292 282 0.000252 0.002992 6.121735 5.565213
293 283 0.000350 0.003646 5.919937 5.381761
294 284 0.000352 0.002862 5.715546 5.195951
295 285 0.000343 0.005805 5.506088 5.005535
296 286 0.000513 0.008036 5.295807 4.814370
297 287 0.000235 0.001070 5.084641 4.622400
298 288 0.000361 0.003545 4.873230 4.430209
299 289 0.000209 0.005879 4.664200 4.240181
300 290 0.000155 0.006149 4.463974 4.058158
301 291 0.000537 0.007568 4.264526 3.876842
302 292 0.000268 0.009140 4.067352 3.697593
303 293 0.000218 0.010070 3.875641 3.523310
304 294 0.000000 0.011122 3.689255 3.353868
305 295 0.000394 0.015992 3.507980 3.189073
306 296 0.000623 0.015473 3.325333 3.023030
307 297 0.000580 0.015214 3.152527 2.865933
308 298 0.000401 0.013335 2.982193 2.711085
309 299 0.000849 0.010439 2.816910 2.560827
310 300 0.000579 0.015624 2.668396 2.425815
311 301 0.002021 0.029191 2.545593 2.314176
312 302 0.001969 0.027354 2.441818 2.219835
313 303 0.000717 0.032796 2.359436 2.144942
314 304 0.000952 0.037658 2.293198 2.084725
315 305 0.000927 0.037735 2.235794 2.032540
316 306 0.001215 0.042207 2.201218 2.001107
317 307 0.001457 0.036065 2.171371 1.973974
318 308 0.001707 0.042848 2.160156 1.963778
319 309 0.001778 0.045485 2.161926 1.965387
320 310 0.001431 0.035236 2.158646 1.962405
321 311 0.001085 0.039999 2.158585 1.962350
322 312 0.000319 0.051941 2.164688 1.967898
323 313 0.001593 0.062682 2.167831 1.970756
324 314 0.001630 0.061571 2.200821 2.000746
325 315 0.001711 0.059371 2.247360 2.043055
326 316 0.001965 0.059310 2.317337 2.106670
327 317 0.002058 0.062812 2.407715 2.188832
328 318 0.001956 0.057111 2.496857 2.269870
329 319 0.001517 0.070710 2.614487 2.376806
330 320 0.001362 0.081744 2.754486 2.504078
331 321 0.001801 0.074711 2.881851 2.619865
332 322 0.002015 0.072920 3.036743 2.760676
333 323 0.001802 0.053270 3.183380 2.893982
334 324 0.001376 0.055764 3.329514 3.026830
335 325 0.001286 0.052198 3.480225 3.163841
336 326 0.001119 0.041509 3.599808 3.272552
337 327 0.000943 0.033498 3.733521 3.394109
338 328 0.000816 0.034730 3.879333 3.526667
339 329 0.000385 0.021469 4.011002 3.646365
340 330 0.000926 0.022898 4.150345 3.773041
341 331 0.000825 0.022369 4.307724 3.916113
342 332 0.000718 0.019300 4.458694 4.053359
343 333 0.000596 0.018999 4.637970 4.216336
344 334 0.000102 0.014950 4.803177 4.366524
345 335 0.000139 0.013465 4.979385 4.526714
346 336 0.000463 0.020054 5.169327 4.699388
347 337 0.000591 0.020757 5.353760 4.867054
348 338 0.000543 0.020527 5.541138 5.037398
349 339 0.000839 0.017810 5.734497 5.213179
350 340 0.000719 0.013874 5.920715 5.382469
351 341 0.000710 0.013218 6.110413 5.554921
352 342 0.000645 0.017856 6.292099 5.720090
353 343 0.000613 0.015449 6.465988 5.878171
354 344 0.000441 0.015995 6.644272 6.040247
355 345 0.000379 0.016742 6.810059 6.190962
356 346 0.000221 0.007079 6.984436 6.349487
357 347 0.000227 0.007990 7.147903 6.498094
358 348 0.000221 0.010800 7.311569 6.646881
359 349 0.000146 0.010354 7.471878 6.792616
360 350 0.000192 0.010052 7.631378 6.937616
361 351 0.000235 0.008378 7.785583 7.077803
362 352 0.000275 0.004438 7.940552 7.218683
363 353 0.000325 0.005420 8.085434 7.350395
364 354 0.000366 0.006864 8.225662 7.477875
365 355 0.000433 0.005203 8.367767 7.607061
366 356 0.000418 0.005369 8.504761 7.731601
367 357 0.000479 0.004522 8.643143 7.857402
368 358 0.000386 0.006063 8.771698 7.974271
369 359 0.000418 0.005888 8.894653 8.086048
370 360 0.000379 0.006667 9.011612 8.192374
371 361 0.000338 0.004997 9.133453 8.303140
372 362 0.000303 0.003940 9.249924 8.409021
373 363 0.000250 0.004760 9.369537 8.517761
374 364 0.000219 0.005403 9.472733 8.611575
375 365 0.000114 0.005469 9.567963 8.698148
376 366 0.000101 0.005442 9.645828 8.768935
377 367 0.000101 0.006439 9.711548 8.828680
378 368 0.000087 0.007193 9.768661 8.880601
379 369 0.000111 0.008428 9.817398 8.924908
380 370 0.000000 0.009434 9.863037 8.966397
381 371 0.000070 0.009370 9.887192 8.988357
382 372 0.000209 0.009388 9.902664 9.002422
383 373 0.000178 0.009140 9.914841 9.013492
384 374 0.000130 0.010635 9.920212 9.018374
385 375 0.000190 0.012222 9.927994 9.025449
386 376 0.000225 0.012252 9.930496 9.027724
387 377 0.000147 0.014966 9.932709 9.029736
388 378 0.000163 0.013024 9.930939 9.028126
389 379 0.000197 0.015516 9.933838 9.030762
390 380 0.000220 0.016097 9.930771 9.027973
391 381 0.000241 0.018485 9.929916 9.027197
392 382 0.000184 0.021014 9.923325 9.021204
393 383 0.000139 0.018815 9.910507 9.009552
394 384 0.000139 0.018664 9.910629 9.009663
395 385 0.000099 0.018341 9.906937 9.006306
396 386 0.000070 0.018968 9.907074 9.006431
397 387 0.000099 0.018868 9.911469 9.010426
398 388 0.000139 0.019626 9.911087 9.010079
399 389 0.000110 0.018080 9.899307 8.999371
400 390 0.000070 0.017306 9.885498 8.986816
401 391 0.000121 0.015939 9.878769 8.980699
402 392 0.000049 0.015393 9.878906 8.980824
403 393 0.000099 0.014645 9.873825 8.976205
404 394 0.000099 0.013102 9.860138 8.963761
405 395 0.000070 0.014350 9.841385 8.946713
406 396 0.000099 0.014625 9.824829 8.931663
407 397 0.000100 0.013770 9.803192 8.911993
408 398 0.000000 0.013534 9.787445 8.897677
409 399 0.000050 0.014351 9.774384 8.885803
410 400 0.000000 0.014455 9.752808 8.866189
411 401 0.000000 0.015256 9.720886 8.837170
412 402 0.000000 0.013432 9.685516 8.805015
413 403 0.000152 0.013630 9.653931 8.776300
414 404 0.000072 0.015283 9.626587 8.751443
415 405 0.000051 0.012901 9.597778 8.725253
416 406 0.000000 0.012572 9.567505 8.697732
417 407 0.000000 0.011387 9.534576 8.667797
418 408 0.000103 0.011393 9.501221 8.637473
419 409 0.000146 0.009745 9.468170 8.607428
420 410 0.000103 0.009872 9.442719 8.584290
421 411 0.000180 0.010076 9.422638 8.566034
422 412 0.000156 0.012953 9.398895 8.544450
423 413 0.000090 0.013489 9.373230 8.521118
424 414 0.000074 0.013844 9.342377 8.493070
425 415 0.000074 0.015327 9.306274 8.460250
426 416 0.000053 0.015898 9.262573 8.420521
427 417 0.000075 0.017656 9.210724 8.373385
428 418 0.000107 0.018550 9.155060 8.322782
429 419 0.000093 0.018773 9.083466 8.257696
430 420 0.000133 0.019333 9.003296 8.184814
431 421 0.000155 0.020370 8.911469 8.101335
432 422 0.000096 0.021134 8.810059 8.009144
433 423 0.000112 0.020318 8.704437 7.913125
434 424 0.000139 0.020088 8.593201 7.812001
435 425 0.000115 0.020841 8.481750 7.710682
436 426 0.000082 0.019352 8.370178 7.609253
437 427 0.000132 0.018900 8.254547 7.504134
438 428 0.000085 0.015665 8.130798 7.391635
439 429 0.000106 0.014393 8.009399 7.281272
440 430 0.000062 0.013217 7.882202 7.165638
441 431 0.000126 0.012401 7.760895 7.055359
442 432 0.000128 0.011740 7.627625 6.934204
443 433 0.000172 0.012295 7.494965 6.813604
444 434 0.000199 0.013319 7.360046 6.690951
445 435 0.000279 0.013231 7.222565 6.565968
446 436 0.000323 0.014141 7.081726 6.437933
447 437 0.000352 0.014968 6.945648 6.314226
448 438 0.000351 0.014314 6.814484 6.194985
449 439 0.000393 0.013889 6.689758 6.081598
450 440 0.000364 0.013372 6.573883 5.976257
451 441 0.000303 0.011611 6.455383 5.868530
452 442 0.000441 0.010571 6.353760 5.776145
453 443 0.000221 0.013927 6.241943 5.674494
454 444 0.000318 0.013051 6.134857 5.577143
455 445 0.000405 0.013394 6.029572 5.481429
456 446 0.000350 0.015376 5.924500 5.385909
457 447 0.000419 0.016785 5.823639 5.294217
458 448 0.000362 0.020333 5.721100 5.201000
459 449 0.000359 0.029881 5.612183 5.101984
460 450 0.000443 0.032032 5.504883 5.004439
461 451 0.000470 0.036850 5.401215 4.910195
462 452 0.000513 0.041295 5.301056 4.819142
463 453 0.000883 0.033708 5.214508 4.740462
464 454 0.000861 0.035527 5.137726 4.670660
465 455 0.000851 0.035877 5.065796 4.605269
466 456 0.001211 0.035026 5.004974 4.549977
467 457 0.001269 0.034387 4.956635 4.506032
468 458 0.000777 0.033667 4.906036 4.460033
469 459 0.000846 0.021411 4.860901 4.419001
470 460 0.000899 0.019988 4.826904 4.388095
471 461 0.001094 0.017773 4.787079 4.351890
472 462 0.000870 0.019676 4.760864 4.328058
473 463 0.000474 0.020893 4.721405 4.292186
474 464 0.000362 0.018668 4.676300 4.251182
475 465 0.000420 0.020116 4.650177 4.227434
476 466 0.000652 0.018301 4.619476 4.199524
477 467 0.000645 0.016905 4.604309 4.185736
478 468 0.000383 0.021395 4.599396 4.181269
479 469 0.000450 0.021199 4.606903 4.188094
480 470 0.000540 0.018563 4.614502 4.195002
481 471 0.000624 0.018617 4.632629 4.211481
482 472 0.000612 0.016103 4.651550 4.228682
483 473 0.000208 0.018217 4.690399 4.263999
484 474 0.000385 0.015822 4.742096 4.310997
485 475 0.000368 0.014037 4.785797 4.350725
486 476 0.000377 0.013774 4.844452 4.404047
487 477 0.000632 0.014444 4.888824 4.444386
488 478 0.000513 0.012759 4.946686 4.496987
489 479 0.000467 0.011146 5.013428 4.557662
490 480 0.000490 0.010477 5.084656 4.622414
491 481 0.000422 0.008107 5.170593 4.700539
492 482 0.000335 0.006956 5.257599 4.779635
493 483 0.000257 0.005855 5.363495 4.875905
494 484 0.000252 0.005935 5.470245 4.972950
495 485 0.000195 0.006232 5.587769 5.079790
496 486 0.000296 0.005231 5.710785 5.191623
497 487 0.000145 0.006715 5.839661 5.308783
498 488 0.000116 0.007427 5.970245 5.427496
499 489 0.000113 0.007685 6.107056 5.551869
500 490 0.000000 0.011035 6.257050 5.688227
501 491 0.000108 0.009041 6.410400 5.827637
502 492 0.000074 0.008831 6.569641 5.972401
503 493 0.000103 0.008044 6.724457 6.113142
504 494 0.000100 0.008765 6.884857 6.258961
505 495 0.000069 0.010942 7.051605 6.410550
506 496 0.000068 0.011928 7.220581 6.564165
507 497 0.000114 0.012563 7.389679 6.717890
508 498 0.000000 0.012112 7.558990 6.871809
509 499 0.000063 0.011512 7.718964 7.017240
510 500 0.000088 0.012510 7.875916 7.159923
511 501 0.000061 0.011855 8.030701 7.300637
512 502 0.000060 0.010906 8.177368 7.433971
513 503 0.000131 0.011080 8.315430 7.559482
514 504 0.000100 0.011949 8.451233 7.682939
515 505 0.000099 0.011558 8.571777 7.792525
516 506 0.000138 0.011701 8.685883 7.896257
517 507 0.000111 0.012032 8.796936 7.997215
518 508 0.000078 0.012181 8.907928 8.098117
519 509 0.000077 0.011955 9.012207 8.192916
520 510 0.000152 0.011357 9.096741 8.269764
521 511 0.000092 0.011045 9.162292 8.329357
522 512 0.000150 0.011901 9.216003 8.378185
523 513 0.000264 0.012774 9.262848 8.420771
524 514 0.000246 0.012282 9.302917 8.457198
525 515 0.000314 0.012496 9.330688 8.482444
526 516 0.000381 0.012332 9.339996 8.490906
527 517 0.000331 0.012404 9.331085 8.482804
528 518 0.000344 0.012408 9.303314 8.457559
529 519 0.000302 0.011621 9.285400 8.441273
530 520 0.000329 0.011039 9.260742 8.418857
531 521 0.000342 0.010812 9.242249 8.402044
532 522 0.000290 0.008685 9.229919 8.390836
533 523 0.000260 0.007492 9.193176 8.357433
534 524 0.000226 0.008419 9.159485 8.326804
535 525 0.000227 0.009120 9.124603 8.295094
536 526 0.000161 0.009348 9.090057 8.263688
537 527 0.000179 0.008355 9.059082 8.235529
538 528 0.000108 0.008521 9.031616 8.210560
539 529 0.000172 0.007674 8.992310 8.174827
540 530 0.000000 0.008208 8.949951 8.136319
541 531 0.000123 0.008057 8.905762 8.096147
542 532 0.000156 0.010244 8.853851 8.048956
543 533 0.000157 0.010083 8.824158 8.021961
544 534 0.000176 0.010082 8.785065 7.986423
545 535 0.000349 0.010771 8.735596 7.941451
546 536 0.000308 0.010532 8.692291 7.902083
547 537 0.000324 0.012059 8.650665 7.864241
548 538 0.000266 0.011580 8.624268 7.840243
549 539 0.000331 0.011299 8.596741 7.815219
550 540 0.000127 0.011548 8.580017 7.800015
551 541 0.000171 0.009924 8.569519 7.790472
552 542 0.000279 0.009589 8.570221 7.791110
553 543 0.000248 0.009350 8.586884 7.806258
554 544 0.000179 0.007868 8.606506 7.824097
555 545 0.000288 0.007769 8.646667 7.860607
556 546 0.000264 0.006715 8.690582 7.900529
557 547 0.000316 0.005356 8.749786 7.954351
558 548 0.000277 0.004346 8.821045 8.019132
559 549 0.000280 0.004572 8.900116 8.091015
560 550 0.000217 0.004726 8.991669 8.174244
561 551 0.000170 0.004229 9.078613 8.253284
562 552 0.000199 0.002655 9.165771 8.332520
563 553 0.000248 0.003341 9.245728 8.405207
564 554 0.000196 0.003972 9.341431 8.492209
565 555 0.000155 0.003635 9.448120 8.589200
566 556 0.000153 0.003743 9.561615 8.692377
567 557 0.000242 0.003945 9.668640 8.789673
568 558 0.000300 0.002787 9.768616 8.880560
569 559 0.000317 0.003644 9.861542 8.965038
570 560 0.000278 0.003827 9.951385 9.046714
571 561 0.000194 0.003886 10.043945 9.130859
572 562 0.000167 0.003867 10.137939 9.216309
573 563 0.000191 0.004393 10.230530 9.300482
574 564 0.000157 0.004247 10.307434 9.370395
575 565 0.000149 0.005264 10.369659 9.426963
576 566 0.000199 0.005519 10.422699 9.475181
577 567 0.000114 0.005766 10.471161 9.519238
578 568 0.000093 0.005094 10.504059 9.549145
579 569 0.000093 0.005324 10.533264 9.575695
580 570 0.000065 0.004495 10.545227 9.586570
581 571 0.000131 0.004102 10.551147 9.591952
582 572 0.000093 0.003397 10.548798 9.589816
583 573 0.000046 0.002851 10.537567 9.579606
584 574 0.000000 0.002345 10.526123 9.569202
585 575 0.000093 0.002233 10.514954 9.559049
586 576 0.000093 0.002195 10.485077 9.531888
587 577 0.000104 0.002233 10.457123 9.506475
588 578 0.000094 0.002386 10.426544 9.478677
589 579 0.000000 0.001651 10.398254 9.452958
590 580 0.000082 0.001955 10.372589 9.429626
591 581 0.000094 0.002526 10.346924 9.406295
592 582 0.000067 0.002565 10.316956 9.379050
593 583 0.000150 0.002478 10.285004 9.350003
594 584 0.000067 0.002405 10.251617 9.319653
595 585 0.000068 0.003047 10.207092 9.279175
596 586 0.000068 0.003343 10.186066 9.260059
597 587 0.000048 0.003270 10.153778 9.230707
598 588 0.000084 0.004167 10.119232 9.199302
599 589 0.000000 0.004376 10.082794 9.166177
600 590 0.000097 0.004611 10.049408 9.135825
601 591 0.000069 0.005818 10.016144 9.105585
602 592 0.000049 0.006319 9.984497 9.076816
603 593 0.000049 0.006760 9.955139 9.050126
604 594 0.000085 0.005893 9.918793 9.017084
605 595 0.000049 0.006661 9.886536 8.987760
606 596 0.000000 0.006648 9.851105 8.955550
607 597 0.000050 0.006485 9.819214 8.926558
608 598 0.000050 0.006984 9.786377 8.896707
609 599 0.000087 0.006192 9.755096 8.868270
610 600 0.000100 0.007392 9.718536 8.835033
611 601 0.000071 0.006154 9.682129 8.801935
612 602 0.000072 0.006428 9.642822 8.766202
613 603 0.000102 0.006590 9.600098 8.727362
614 604 0.000072 0.007028 9.557037 8.688216
615 605 0.000126 0.006503 9.508728 8.644299
616 606 0.000073 0.006886 9.453094 8.593722
617 607 0.000074 0.006690 9.381042 8.528220
618 608 0.000148 0.006852 9.302307 8.456643
619 609 0.000130 0.007157 9.210297 8.372997
620 610 0.000054 0.007325 9.108978 8.280890
621 611 0.000094 0.007249 8.990509 8.173190
622 612 0.000000 0.008011 8.856598 8.051453
623 613 0.000056 0.007791 8.705078 7.913707
624 614 0.000099 0.007961 8.536652 7.760592
625 615 0.000117 0.009259 8.353088 7.593717
626 616 0.000000 0.011722 8.151489 7.410445
627 617 0.000123 0.012392 7.941833 7.219849
628 618 0.000089 0.012018 7.717743 7.016130
629 619 0.000092 0.013287 7.482971 6.802701
630 620 0.000095 0.014283 7.236725 6.578841
631 621 0.000000 0.015618 6.982727 6.347934
632 622 0.000103 0.015411 6.727631 6.116028
633 623 0.000000 0.016131 6.464233 5.876576
634 624 0.000193 0.016083 6.195587 5.632352
635 625 0.000000 0.016283 5.920288 5.382080
636 626 0.000122 0.012685 5.642426 5.129478
637 627 0.000158 0.013750 5.357941 4.870855
638 628 0.000236 0.017306 5.068878 4.608071
639 629 0.000251 0.016858 4.773376 4.339433
640 630 0.000309 0.019971 4.474579 4.067799
641 631 0.000664 0.019802 4.161957 3.783597
642 632 0.000659 0.022943 3.850494 3.500449
643 633 0.001159 0.026104 3.550781 3.227983
644 634 0.001190 0.029223 3.256653 2.960593
645 635 0.000730 0.026222 2.990173 2.718339
646 636 0.000689 0.026229 2.742920 2.493564
647 637 0.000927 0.025970 2.526672 2.296975
648 638 0.000754 0.027493 2.333435 2.121305
649 639 0.000553 0.022741 2.161346 1.964860
650 640 0.000731 0.027623 2.004395 1.822177
651 641 0.001424 0.048090 1.878693 1.707902
652 642 0.001409 0.047488 1.766418 1.605835
653 643 0.001986 0.056006 1.667358 1.515780
654 644 0.002043 0.046239 1.585327 1.441206
655 645 0.002412 0.062573 1.501160 1.364691
656 646 0.000974 0.045782 1.417664 1.288785
657 647 0.001377 0.062653 1.326324 1.205750
658 648 0.001125 0.063555 1.227478 1.115889
659 649 0.001373 0.056916 1.124847 1.022589
660 650 0.001263 0.049982 1.022766 0.929787
661 651 0.001502 0.060607 0.919189 0.835627
662 652 0.001343 0.056526 0.812866 0.738969
663 653 0.000981 0.078425 0.703796 0.639815
664 654 0.002850 0.073575 0.593475 0.539523
665 655 0.005116 0.063452 0.486694 0.442449
666 656 0.003770 0.119256 0.388550 0.353227
667 657 0.006985 0.158560 0.296570 0.269609
668 658 0.004900 0.187974 0.222839 0.202581
669 659 0.010205 0.107616 0.165741 0.150674
670 660 0.018042 0.405532 0.121033 0.110030
671 661 0.022039 0.433197 0.088623 0.080566
672 662 0.017694 0.582052 0.067596 0.061451
673 663 0.019647 0.698209 0.055573 0.050520
674 664 0.000000 0.584530 0.052734 0.047940
675 665 0.000000 0.699518 0.051208 0.046553
676 666 0.017277 0.927464 0.048950 0.044500
677 667 0.022139 1.130407 0.049316 0.044833
678 668 0.000000 0.925606 0.053955 0.049050
679 669 0.012952 0.880689 0.053314 0.048467
680 670 0.027513 1.308987 0.056122 0.051020
681 671 0.023170 1.058370 0.055756 0.050687
682 672 0.019402 0.734077 0.056274 0.051159
683 673 0.012529 0.864159 0.055115 0.050104
684 674 0.008954 1.017111 0.054535 0.049577
685 675 0.008820 0.849830 0.055359 0.050326
686 676 0.011979 1.000358 0.057648 0.052407
687 677 0.007674 0.886034 0.063629 0.057845
688 678 0.013706 0.932554 0.061707 0.056097
689 679 0.000000 0.902960 0.060974 0.055431
690 680 0.011804 0.960463 0.058502 0.053184
691 681 0.008205 0.850857 0.059509 0.054099
692 682 0.000000 0.895591 0.057556 0.052324
693 683 0.012238 0.868530 0.056427 0.051297
694 684 0.018735 1.117005 0.052124 0.047385
695 685 0.036033 1.247804 0.048859 0.044417
696 686 0.032118 1.301636 0.042999 0.039090
697 687 0.017775 1.029535 0.038849 0.035317
698 688 0.000000 1.087502 0.034637 0.031489
699 689 0.021049 1.333331 0.032806 0.029824
700 690 0.022605 1.063930 0.030548 0.027771
701 691 0.022718 1.119716 0.030396 0.027632
702 692 0.045666 1.550865 0.030243 0.027494
703 693 0.023303 0.649665 0.029633 0.026939
704 694 0.024123 0.585247 0.028625 0.026023
705 695 0.025539 1.100031 0.027039 0.024581
706 696 0.026311 0.839542 0.026245 0.023859
707 697 0.041558 1.429001 0.023499 0.021362
708 698 0.036117 1.537225 0.027039 0.024581
709 699 0.037859 1.465428 0.028839 0.026217
710 700 0.023113 1.046696 0.029877 0.027161
711 701 0.026434 0.641467 0.026123 0.023748
712 702 0.046546 1.289200 0.025696 0.023360
713 703 0.033837 1.026764 0.024994 0.022722
714 704 0.038694 1.044712 0.025238 0.022944
715 705 0.036077 1.414495 0.027069 0.024608
716 706 0.015315 0.851533 0.078094 0.070995
717 707 0.014467 0.806473 0.111938 0.101762
718 708 0.012328 0.867972 0.137207 0.124734
719 709 0.010943 0.985980 0.166962 0.151783
720 710 0.007606 1.023409 0.192596 0.175088
721 711 0.004293 0.988206 0.227478 0.206798
722 712 0.000000 0.956271 0.257050 0.233681
723 713 0.004992 1.010053 0.293427 0.266751
724 714 0.002106 0.917070 0.327850 0.298046
725 715 0.000000 0.857291 0.366791 0.333446
726 716 0.000000 0.752071 0.357605 0.325095
727 717 0.001318 0.701351 0.370361 0.336692
728 718 0.001255 0.595576 0.389191 0.353810
729 719 0.002669 0.503791 0.409088 0.371898
730 720 0.002926 0.397353 0.441467 0.401334
731 721 0.003078 0.293013 0.475861 0.432601
732 722 0.003451 0.259574 0.529358 0.481234
733 723 0.003831 0.169395 0.597839 0.543490
734 724 0.003209 0.141764 0.680573 0.618702
735 725 0.002595 0.113081 0.775848 0.705317
736 726 0.002274 0.090603 0.885284 0.804804
737 727 0.002285 0.059709 1.002136 0.911033
738 728 0.002282 0.052355 1.132233 1.029302
739 729 0.001888 0.037898 1.267273 1.152066
740 730 0.000777 0.048051 1.405304 1.277549
741 731 0.000894 0.055414 1.545441 1.404946
742 732 0.000504 0.077955 1.679352 1.526683
743 733 0.000541 0.071405 1.804016 1.640015
744 734 0.000716 0.065483 1.929657 1.754234
745 735 0.000978 0.062578 2.058167 1.871060
746 736 0.000944 0.072454 2.194061 1.994601
747 737 0.001282 0.081127 2.347931 2.134483
748 738 0.001520 0.074413 2.508423 2.280384
749 739 0.001800 0.071948 2.685608 2.441462
750 740 0.002305 0.064416 2.889038 2.626398
751 741 0.002698 0.051697 3.103546 2.821406
752 742 0.001687 0.022392 3.338898 3.035362
753 743 0.001622 0.017563 3.598999 3.271817
754 744 0.001501 0.014548 3.863586 3.512351
755 745 0.001524 0.009187 4.141724 3.765203
756 746 0.001441 0.010527 4.403778 4.003435
757 747 0.000770 0.022520 4.657104 4.233731
758 748 0.000619 0.021086 4.925201 4.477456
759 749 0.000231 0.023049 5.174194 4.703813
760 750 0.000382 0.020382 5.424835 4.931668
761 751 0.000259 0.020745 5.660156 5.145597
762 752 0.000574 0.014295 5.891327 5.355752
763 753 0.000357 0.016138 6.118622 5.562384
764 754 0.000172 0.013712 6.346222 5.769293
765 755 0.000197 0.015518 6.568787 5.971624
766 756 0.000176 0.014351 6.808990 6.189991
767 757 0.000139 0.011381 7.049866 6.408969
768 758 0.000212 0.011781 7.273804 6.612549
769 759 0.000130 0.009612 7.510681 6.827892
770 760 0.000167 0.011814 7.732330 7.029391
771 761 0.000318 0.010916 7.972565 7.247786
772 762 0.000252 0.010218 8.207031 7.460938
773 763 0.000278 0.010100 8.431824 7.665294
774 764 0.000309 0.011133 8.661621 7.874201
775 765 0.000233 0.010970 8.885223 8.077476
776 766 0.000169 0.008982 9.109833 8.281666
777 767 0.000138 0.007728 9.335205 8.486550
778 768 0.000102 0.008588 9.557892 8.688993
779 769 0.000071 0.007635 9.782471 8.893155
780 770 0.000154 0.005393 10.002930 9.093573
781 771 0.000179 0.003972 10.215210 9.286554
782 772 0.000175 0.003059 10.419861 9.472601
783 773 0.000113 0.003532 10.620728 9.655207
784 774 0.000128 0.004460 10.815247 9.832043
785 775 0.000178 0.004953 10.998840 9.998946
786 776 0.000205 0.006623 11.170532 10.155029
787 777 0.000308 0.007342 11.332642 10.302402
788 778 0.000282 0.008179 11.483154 10.439231
789 779 0.000303 0.009077 11.617035 10.560941
790 780 0.000204 0.009300 11.726074 10.660068
791 781 0.000245 0.007343 11.811890 10.738082
792 782 0.000213 0.008372 11.883881 10.803528
793 783 0.000259 0.007651 11.931976 10.847251
794 784 0.000224 0.007739 11.963593 10.875993
795 785 0.000147 0.007244 11.983215 10.893832
796 786 0.000178 0.007132 11.989532 10.899575
797 787 0.000141 0.005972 11.980347 10.891224
798 788 0.000141 0.006789 11.961334 10.873940
799 789 0.000092 0.006389 11.931396 10.846725
800 790 0.000209 0.005968 11.905060 10.822782
801 791 0.000082 0.006580 11.883728 10.803390
802 792 0.000143 0.005906 11.862732 10.784302
803 793 0.000101 0.006140 11.844604 10.767822
804 794 0.000101 0.005309 11.819946 10.745406
805 795 0.000083 0.005829 11.788757 10.717052
806 796 0.000117 0.004585 11.755005 10.686368
807 797 0.000083 0.005209 11.721069 10.655518
808 798 0.000125 0.002798 11.690216 10.627469
809 799 0.000151 0.003088 11.661652 10.601501
810 800 0.000084 0.002890 11.630249 10.572953
811 801 0.000174 0.002888 11.593262 10.539329
812 802 0.000104 0.003110 11.553314 10.503013
813 803 0.000000 0.003521 11.519897 10.472634
814 804 0.000104 0.004090 11.486694 10.442450
815 805 0.000074 0.003054 11.457275 10.415705
816 806 0.000043 0.003521 11.423401 10.384910
817 807 0.000043 0.003177 11.386902 10.351729
818 808 0.000129 0.004321 11.355835 10.323486
819 809 0.000000 0.005599 11.322327 10.293024
820 810 0.000130 0.007277 11.291626 10.265115
821 811 0.000150 0.008152 11.263489 10.239535
822 812 0.000123 0.008946 11.237976 10.216342
823 813 0.000145 0.009755 11.203857 10.185325
824 814 0.000164 0.010127 11.173401 10.157638
825 815 0.000152 0.010663 11.140930 10.128119
826 816 0.000088 0.011704 11.114075 10.103704
827 817 0.000088 0.011179 11.092468 10.084062
828 818 0.000139 0.008586 11.070679 10.064254
829 819 0.000088 0.007645 11.052124 10.047385
830 820 0.000117 0.005551 11.041504 10.037731
831 821 0.000000 0.004864 11.016479 10.014981
832 822 0.000099 0.005450 11.003418 10.003107
833 823 0.000077 0.005751 10.993042 9.993674
834 824 0.000089 0.005324 10.969543 9.972312
835 825 0.000100 0.005119 10.945801 9.950728
836 826 0.000063 0.005019 10.915100 9.922818
837 827 0.000078 0.005214 10.897095 9.906449
838 828 0.000135 0.006330 10.869690 9.881536
839 829 0.000045 0.007233 10.849304 9.863004
840 830 0.000064 0.008285 10.822144 9.838312
841 831 0.000000 0.007937 10.811035 9.828214
842 832 0.000064 0.008500 10.779846 9.799860
843 833 0.000064 0.009916 10.735962 9.759965
844 834 0.000064 0.009953 10.708679 9.735163
845 835 0.000000 0.008656 10.685181 9.713800
846 836 0.000129 0.010370 10.664673 9.695157
847 837 0.000112 0.010636 10.634399 9.667636
848 838 0.000138 0.007998 10.621460 9.655872
849 839 0.000122 0.006690 10.603577 9.639615
850 840 0.000179 0.008038 10.593262 9.630238
851 841 0.000173 0.007461 10.580872 9.618974
852 842 0.000065 0.006155 10.579834 9.618031
853 843 0.000046 0.004694 10.584473 9.622248
854 844 0.000092 0.001163 10.590027 9.627297
855 845 0.000080 0.004711 10.590637 9.627852
856 846 0.000146 0.007245 10.594666 9.631515
857 847 0.000130 0.007188 10.587524 9.625022
858 848 0.000131 0.006516 10.562500 9.602273
859 849 0.000114 0.006008 10.537109 9.579190
860 850 0.000255 0.006940 10.497437 9.543124
861 851 0.000238 0.007281 10.468079 9.516435
862 852 0.000132 0.006484 10.433472 9.484974
863 853 0.000148 0.006685 10.402710 9.457009
864 854 0.000133 0.004318 10.364014 9.421830
865 855 0.000142 0.003891 10.323364 9.384876
866 856 0.000150 0.004281 10.287109 9.351917
867 857 0.000126 0.004004 10.257141 9.324674
868 858 0.000135 0.005211 10.226074 9.296432
869 859 0.000127 0.006403 10.194702 9.267911
870 860 0.000136 0.006968 10.163757 9.239779
871 861 0.000153 0.006536 10.123291 9.202991
872 862 0.000153 0.007877 10.071045 9.155496
873 863 0.000183 0.008667 10.002808 9.093461
874 864 0.000098 0.008990 9.923401 9.021274
875 865 0.000099 0.009797 9.835876 8.941706
876 866 0.000087 0.008212 9.726257 8.842052
877 867 0.000072 0.008372 9.596741 8.724310
878 868 0.000103 0.008811 9.448669 8.589700
879 869 0.000118 0.009420 9.285522 8.441384
880 870 0.000076 0.008888 9.106140 8.278309
881 871 0.000055 0.010461 8.911865 8.101696
882 872 0.000097 0.009839 8.717468 7.924971
883 873 0.000199 0.011704 8.520691 7.746083
884 874 0.000117 0.011943 8.320862 7.564420
885 875 0.000159 0.012102 8.113281 7.375710
886 876 0.000124 0.013818 7.905945 7.187222
887 877 0.000127 0.015218 7.692566 6.993242
888 878 0.000206 0.015687 7.486755 6.806141
889 879 0.000202 0.017156 7.267822 6.607111
890 880 0.000208 0.017792 7.056152 6.414684
891 881 0.000236 0.018152 6.870728 6.246116
892 882 0.000275 0.019796 6.637451 6.034047
893 883 0.000214 0.020252 6.456665 5.869696
894 884 0.000191 0.019885 6.256470 5.687700
895 885 0.000331 0.019894 6.080505 5.527732
896 886 0.000350 0.017741 5.912659 5.375144
897 887 0.000293 0.016467 5.764160 5.240146
898 888 0.000288 0.018683 5.623291 5.112083
899 889 0.000416 0.017490 5.508667 5.007879
900 890 0.000651 0.019676 5.412354 4.920321
901 891 0.000583 0.017775 5.299133 4.817394
902 892 0.000406 0.026552 5.242981 4.766346
903 893 0.000628 0.022522 5.158142 4.689220
904 894 0.000812 0.027950 5.102173 4.638339
905 895 0.000983 0.034878 5.041016 4.582741
906 896 0.001205 0.040573 4.993958 4.539961
907 897 0.001117 0.040936 4.945801 4.496182
908 898 0.001024 0.032725 4.910339 4.463945
909 899 0.001272 0.032263 4.871094 4.428267
910 900 0.001340 0.024218 4.833862 4.394420
911 901 0.001663 0.024458 4.816101 4.378273
912 902 0.001527 0.020956 4.797974 4.361794
913 903 0.001382 0.020380 4.791260 4.355690
914 904 0.001177 0.016800 4.783691 4.348810
915 905 0.000830 0.011411 4.780212 4.345648
916 906 0.000890 0.012725 4.784485 4.349532
917 907 0.000922 0.013701 4.796936 4.360851
918 908 0.000778 0.015703 4.818176 4.380160
919 909 0.000473 0.016927 4.846252 4.405684
920 910 0.000575 0.021332 4.881775 4.437977
921 911 0.000730 0.024567 4.915466 4.468606
922 912 0.000800 0.023644 4.960938 4.509943
923 913 0.000894 0.022125 5.003052 4.548229
924 914 0.000708 0.022063 5.067993 4.607266
925 915 0.000629 0.021059 5.147278 4.679344
926 916 0.000544 0.015302 5.233337 4.757579
927 917 0.000647 0.013448 5.333679 4.848799
928 918 0.000602 0.009731 5.440552 4.945956
929 919 0.000526 0.012958 5.564819 5.058927
930 920 0.000514 0.010419 5.694580 5.176891
931 921 0.000459 0.006088 5.831787 5.301625
932 922 0.000440 0.006665 5.978271 5.434792
933 923 0.000421 0.008867 6.134521 5.576838
934 924 0.000508 0.009183 6.300049 5.727317
935 925 0.000513 0.007002 6.461304 5.873912
936 926 0.000542 0.008329 6.621765 6.019786
937 927 0.000394 0.005722 6.783203 6.166548
938 928 0.000372 0.005879 6.936584 6.305986
939 929 0.000414 0.004729 7.077393 6.433993
940 930 0.000365 0.005576 7.204651 6.549683
941 931 0.000298 0.005377 7.315918 6.650835
942 932 0.000330 0.005407 7.409424 6.735840
943 933 0.000206 0.004767 7.489441 6.808583
944 934 0.000171 0.003330 7.549377 6.863070
945 935 0.000193 0.004030 7.600891 6.909901
946 936 0.000181 0.003191 7.634399 6.940363
947 937 0.000239 0.001966 7.654785 6.958896
948 938 0.000278 0.001878 7.663452 6.966774
949 939 0.000201 0.001718 7.670105 6.972823
950 940 0.000229 0.001382 7.671204 6.973822
951 941 0.000238 0.002305 7.670837 6.973488
952 942 0.000156 0.002569 7.672913 6.975375
953 943 0.000127 0.003845 7.666687 6.969716
954 944 0.000090 0.005626 7.659668 6.963335
955 945 0.000000 0.007621 7.646790 6.951627
956 946 0.000000 0.009015 7.632507 6.938643
957 947 0.000091 0.009598 7.614441 6.922219
958 948 0.000158 0.011421 7.592896 6.902632
959 949 0.000158 0.013988 7.565308 6.877553
960 950 0.000205 0.014008 7.530762 6.846147
961 951 0.000196 0.014042 7.488037 6.807306
962 952 0.000093 0.014827 7.436157 6.760143
963 953 0.000187 0.013672 7.378113 6.707375
964 954 0.000116 0.015209 7.307434 6.643122
965 955 0.000117 0.015999 7.228088 6.570990
966 956 0.000205 0.017828 7.140320 6.491200
967 957 0.000230 0.019022 7.048279 6.407526
968 958 0.000172 0.018369 6.956177 6.323797
969 959 0.000174 0.018315 6.863892 6.239902
970 960 0.000191 0.018517 6.777832 6.161665
971 961 0.000179 0.017163 6.693481 6.084983
972 962 0.000128 0.016968 6.614258 6.012962
973 963 0.000075 0.016441 6.540161 5.945601
974 964 0.000238 0.016935 6.476196 5.887451
975 965 0.000186 0.018345 6.419922 5.836293
976 966 0.000242 0.017262 6.371094 5.791903
977 967 0.000109 0.017060 6.323792 5.748901
978 968 0.000174 0.017389 6.280823 5.709839
979 969 0.000192 0.018649 6.238525 5.671387
980 970 0.000136 0.019847 6.198242 5.634766
981 971 0.000000 0.019419 6.163147 5.602861
982 972 0.000080 0.020533 6.128601 5.571455
983 973 0.000179 0.022162 6.097900 5.543546
984 974 0.000114 0.021288 6.068420 5.516746
985 975 0.000000 0.021562 6.042297 5.492998
986 976 0.000162 0.021782 6.013611 5.466919
987 977 0.000182 0.021631 5.987305 5.443004
988 978 0.000142 0.021220 5.957092 5.415538
989 979 0.000184 0.021249 5.923767 5.385243
990 980 0.000000 0.019218 5.881042 5.346402
991 981 0.000084 0.017899 5.832703 5.302457
992 982 0.000189 0.018613 5.777100 5.251909
993 983 0.000148 0.018469 5.710876 5.191706
994 984 0.000229 0.019538 5.636475 5.124068
995 985 0.000124 0.017791 5.552002 5.047275
996 986 0.000179 0.017337 5.460815 4.964378
997 987 0.000129 0.017381 5.360596 4.873269
998 988 0.000161 0.017731 5.256165 4.778331
999 989 0.000190 0.016604 5.144714 4.677013
1000 990 0.000137 0.016615 5.035217 4.577470
1001 991 0.000140 0.017199 4.918823 4.471657
1002 992 0.000249 0.016421 4.797302 4.361184
1003 993 0.000255 0.016060 4.687561 4.261419
1004 994 0.000285 0.012294 4.537170 4.124701
1005 995 0.000222 0.012457 4.397217 3.997470
1006 996 0.000345 0.011219 4.243042 3.857311
1007 997 0.000339 0.012010 4.079529 3.708663
1008 998 0.000353 0.011035 3.908447 3.553134
1009 999 0.000392 0.011683 3.733276 3.393888
1010 1000 0.000307 0.013682 3.555908 3.232644
1011 1001 0.000353 0.013881 3.386658 3.078780
1012 1002 0.000214 0.016015 3.225098 2.931907
1013 1003 0.000159 0.019174 3.062256 2.783869
1014 1004 0.000234 0.019372 2.949341 2.681219
1015 1005 0.000243 0.021631 2.836182 2.578347
1016 1006 0.000000 0.024671 2.746948 2.497226
1017 1007 0.000258 0.024077 2.678223 2.434748
1018 1008 0.000000 0.026592 2.624756 2.386142
1019 1009 0.000189 0.025346 2.584961 2.349964
1020 1010 0.000000 0.024533 2.557800 2.325273
1021 1011 0.000193 0.026494 2.535767 2.305242
1022 1012 0.000274 0.024680 2.521362 2.292148
1023 1013 0.000000 0.026349 2.507080 2.279164
1024 1014 0.000392 0.026747 2.492371 2.265791
1025 1015 0.000279 0.027267 2.477295 2.252086
1026 1016 0.000280 0.026658 2.466003 2.241821
1027 1017 0.000345 0.028915 2.450439 2.227672
1028 1018 0.000201 0.033725 2.434692 2.213357
1029 1019 0.000000 0.034938 2.425476 2.204978
1030 1020 0.000000 0.034356 2.412109 2.192827
1031 1021 0.000288 0.030989 2.400391 2.182173
1032 1022 0.000354 0.033919 2.386963 2.169966
1033 1023 0.000412 0.027332 2.373047 2.157315
1034 1024 0.000507 0.026525 2.359802 2.145275
1035 1025 0.000416 0.021130 2.347168 2.133789
1036 1026 0.000468 0.019378 2.332825 2.120750
1037 1027 0.000297 0.014466 2.326660 2.115146
1038 1028 0.000298 0.011915 2.318359 2.107599
1039 1029 0.000299 0.009992 2.305908 2.096280
1040 1030 0.000426 0.013272 2.294922 2.086293
1041 1031 0.000302 0.017044 2.284363 2.076694
1042 1032 0.000000 0.018001 2.275391 2.068537
1043 1033 0.000000 0.016672 2.268188 2.061990
1044 1034 0.000000 0.018751 2.265625 2.059659
1045 1035 0.000215 0.020065 2.272644 2.066040
1046 1036 0.000301 0.022128 2.292236 2.083851
1047 1037 0.000210 0.020998 2.320374 2.109431
1048 1038 0.000292 0.017244 2.363892 2.148992
1049 1039 0.000404 0.016940 2.419983 2.199985
1050 1040 0.000000 0.017482 2.488586 2.262351
1051 1041 0.000000 0.017883 2.565369 2.332153
1052 1042 0.000184 0.015491 2.650635 2.409668
1053 1043 0.000000 0.013898 2.743713 2.494285
1054 1044 0.000344 0.016441 2.840698 2.582453
1055 1045 0.000000 0.015047 2.939331 2.672119
1056 1046 0.000161 0.014692 3.032898 2.757180
1057 1047 0.000000 0.017476 3.123169 2.839245
1058 1048 0.000000 0.011042 3.208679 2.916981
1059 1049 0.000297 0.012546 3.292480 2.993164
1060 1050 0.000205 0.013023 3.375854 3.068959
1061 1051 0.000244 0.011384 3.461670 3.146973
1062 1052 0.000194 0.018506 3.553833 3.230757
1063 1053 0.000299 0.032083 3.648071 3.316428
1064 1054 0.000346 0.036983 3.728577 3.389615
1065 1055 0.000000 0.043722 3.795044 3.450040
1066 1056 0.000180 0.050164 3.845825 3.496205
1067 1057 0.000503 0.053008 3.884033 3.530939
1068 1058 0.000484 0.055415 3.909729 3.554299
1069 1059 0.000466 0.060090 3.923096 3.566451
1070 1060 0.000557 0.063113 3.922180 3.565618
1071 1061 0.000707 0.071149 3.908203 3.552912
1072 1062 0.000755 0.074742 3.880493 3.527721
1073 1063 0.000794 0.061560 3.839417 3.490379
1074 1064 0.000813 0.058098 3.796570 3.451427
1075 1065 0.000521 0.055125 3.751770 3.410700
1076 1066 0.000474 0.052101 3.713440 3.375854
1077 1067 0.000230 0.047191 3.678040 3.343672
1078 1068 0.000189 0.045699 3.645935 3.314487
1079 1069 0.000382 0.041507 3.615051 3.286410
1080 1070 0.000545 0.038440 3.583313 3.257557
1081 1071 0.000802 0.034623 3.548401 3.225819
1082 1072 0.000823 0.030685 3.508789 3.189808
1083 1073 0.000907 0.025478 3.448669 3.135154
1084 1074 0.000907 0.021789 3.362000 3.056363
1085 1075 0.000929 0.016635 3.240723 2.946111
1086 1076 0.001050 0.012984 3.085999 2.805453
1087 1077 0.000924 0.014818 2.895142 2.631947
1088 1078 0.000754 0.019158 2.671692 2.428811
1089 1079 0.000639 0.021626 2.416870 2.197155
1090 1080 0.000397 0.019847 2.130310 1.936646
1091 1081 0.000380 0.018855 1.817627 1.652388
1092 1082 0.000000 0.014976 1.484619 1.349654
1093 1083 0.001158 0.010396 1.192749 1.084317
1094 1084 0.000000 0.028243 0.926819 0.842563
1095 1085 0.001568 0.026749 0.696167 0.632879
1096 1086 0.002749 0.039212 0.502441 0.456765
1097 1087 0.002825 0.063209 0.345642 0.314220
1098 1088 0.005418 0.111111 0.220764 0.200695
1099 1089 0.003795 0.178410 0.128662 0.116966
1100 1090 0.011339 0.298037 0.074585 0.067805
