10 0 0.004448 0.057762 3.253834 2.958031
11 1 0.004367 0.058797 3.350588 3.045989
12 2 0.004312 0.055994 3.452013 3.138193
13 3 0.003555 0.059690 3.555781 3.232528
14 4 0.002970 0.056348 3.667050 3.333682
15 5 0.002392 0.053951 3.780179 3.436526
16 6 0.002762 0.064131 3.899457 3.544961
17 7 0.002490 0.063732 4.014642 3.649675
18 8 0.001619 0.044978 4.127816 3.752560
19 9 0.002184 0.036278 4.249754 3.863413
20 10 0.002072 0.041772 4.379120 3.981018
21 11 0.002290 0.034102 4.498250 4.089318
22 12 0.002184 0.035321 4.628991 4.208174
23 13 0.001891 0.033037 4.762322 4.329384
24 14 0.001691 0.041549 4.894853 4.449866
25 15 0.001465 0.046431 5.026602 4.569638
26 16 0.001381 0.053992 5.152709 4.684281
27 17 0.000977 0.066593 5.280436 4.800396
28 18 0.001465 0.079977 5.401201 4.910183
29 19 0.000691 0.099500 5.525923 5.023567
30 20 0.000000 0.114276 5.639318 5.126653
31 21 0.000977 0.105294 5.764733 5.240667
32 22 0.000977 0.114483 5.882024 5.347294
33 23 0.002290 0.122065 6.002373 5.456703
34 24 0.000488 0.136254 6.121512 5.565012
35 25 0.000691 0.139577 6.244309 5.676645
36 26 0.000488 0.116597 6.388078 5.807343
37 27 0.000000 0.121980 6.497367 5.906697
38 28 0.000977 0.109835 6.627835 6.025305
39 29 0.000691 0.088638 6.757765 6.143423
40 30 0.001196 0.081757 6.889436 6.263124
41 31 0.000000 0.081017 7.021366 6.383060
42 32 0.000691 0.057419 7.149651 6.499682
43 33 0.001465 0.049672 7.281487 6.619533
44 34 0.001381 0.040350 7.406689 6.733353
45 35 0.001292 0.049693 7.545471 6.859519
46 36 0.001196 0.045373 7.640900 6.946272
47 37 0.000977 0.065585 7.779228 7.072026
48 38 0.000691 0.075413 7.891356 7.173960
49 39 0.001292 0.086832 7.998020 7.270927
50 40 0.000488 0.101526 8.101250 7.364772
51 41 0.001381 0.107014 8.203306 7.457551
52 42 0.000977 0.096721 8.303648 7.548771
53 43 0.000977 0.105805 8.403770 7.639791
54 44 0.000691 0.104333 8.508360 7.734873
55 45 0.000977 0.085533 8.594692 7.813356
56 46 0.000977 0.095051 8.705050 7.913682
57 47 0.000977 0.082333 8.805281 8.004801
58 48 0.001544 0.086676 8.915117 8.104652
59 49 0.001292 0.078754 9.026524 8.205931
60 50 0.001292 0.079816 9.144859 8.313508
61 51 0.000977 0.069010 9.255169 8.413790
62 52 0.000846 0.076444 9.391220 8.537473
63 53 0.001544 0.092097 9.527475 8.661342
64 54 0.001381 0.105149 9.659006 8.780914
65 55 0.001196 0.124771 9.793827 8.903480
66 56 0.001891 0.129815 9.930019 9.027290
67 57 0.002290 0.135182 10.065357 9.150325
68 58 0.002584 0.126470 10.193024 9.266385
69 59 0.002013 0.132785 10.309616 9.372378
70 60 0.002184 0.139440 10.409393 9.463085
71 61 0.001691 0.136566 10.502625 9.547840
72 62 0.001827 0.130528 10.560196 9.600178
73 63 0.001196 0.116008 10.611885 9.647168
74 64 0.000691 0.091644 10.657593 9.688721
75 65 0.000000 0.071246 10.693527 9.721389
76 66 0.000691 0.087378 10.713818 9.739834
77 67 0.001761 0.085516 10.715816 9.741652
78 68 0.000846 0.083338 10.707821 9.734383
79 69 0.001544 0.109895 10.695164 9.722877
80 70 0.001381 0.131135 10.693680 9.721527
81 71 0.002290 0.105070 10.696980 9.724526
82 72 0.002072 0.109225 10.708656 9.735142
83 73 0.002184 0.121977 10.708210 9.734736
84 74 0.002013 0.100062 10.707798 9.734362
85 75 0.001953 0.108827 10.707378 9.733980
86 76 0.001544 0.100174 10.705982 9.732711
87 77 0.001827 0.060876 10.725227 9.750207
88 78 0.001891 0.049944 10.737000 9.760909
89 79 0.002441 0.016040 10.760365 9.782149
90 80 0.002584 0.039035 10.777660 9.797873
91 81 0.002584 0.035379 10.797359 9.815782
92 82 0.002128 0.047865 10.813198 9.830180
93 83 0.003418 0.051275 10.832745 9.847950
94 84 0.002762 0.068050 10.869469 9.881335
95 85 0.003312 0.062805 10.899426 9.908568
96 86 0.003621 0.075637 10.921600 9.928727
97 87 0.003127 0.106573 10.950081 9.954619
98 88 0.002674 0.108782 10.992790 9.993445
99 89 0.004528 0.160146 11.036690 10.033355
100 90 0.003164 0.145500 11.081917 10.074470
101 91 0.003588 0.158058 11.131966 10.119968
102 92 0.003782 0.171713 11.179199 10.162909
103 93 0.001953 0.178493 11.227280 10.206618
104 94 0.001761 0.186216 11.261185 10.237441
105 95 0.002584 0.202718 11.304024 10.276385
106 96 0.001761 0.194280 11.366959 10.333599
107 97 0.001827 0.196337 11.417580 10.379618
108 98 0.002629 0.205304 11.470757 10.427960
109 99 0.001292 0.195216 11.514954 10.468140
110 100 0.001381 0.190046 11.555260 10.504782
111 101 0.001196 0.177677 11.598907 10.544461
112 102 0.000846 0.162372 11.649521 10.590473
113 103 0.002128 0.158319 11.697433 10.634030
114 104 0.001619 0.154141 11.745064 10.677331
115 105 0.001544 0.150579 11.797768 10.725244
116 106 0.001544 0.152836 11.840965 10.764514
117 107 0.001196 0.137538 11.885399 10.804908
118 108 0.001381 0.122303 11.933228 10.848389
119 109 0.001953 0.109431 11.985519 10.895926
120 110 0.002537 0.113386 12.039970 10.945428
121 111 0.001619 0.115018 12.081993 10.983630
122 112 0.002392 0.118205 12.121933 11.019939
123 113 0.002674 0.141774 12.165619 11.059653
124 114 0.002674 0.142080 12.209183 11.099257
125 115 0.001891 0.130837 12.248619 11.135108
126 116 0.003010 0.122533 12.292328 11.174844
127 117 0.002441 0.131945 12.331535 11.210486
128 118 0.002392 0.131935 12.369942 11.245401
129 119 0.002392 0.146232 12.397797 11.270724
130 120 0.001953 0.152457 12.438919 11.308108
131 121 0.001953 0.146007 12.480743 11.346130
132 122 0.002490 0.159650 12.522430 11.384027
133 123 0.001691 0.134108 12.560318 11.418471
134 124 0.001292 0.113298 12.593864 11.448968
135 125 0.001691 0.109432 12.625076 11.477342
136 126 0.001827 0.111576 12.653694 11.503358
137 127 0.001619 0.103678 12.683113 11.530103
138 128 0.001691 0.092660 12.694115 11.540104
139 129 0.001292 0.090927 12.716278 11.560253
140 130 0.001953 0.080752 12.762390 11.602173
141 131 0.000977 0.080675 12.712311 11.556646
142 132 0.000691 0.090576 12.695168 11.541061
143 133 0.001196 0.093357 12.672256 11.520233
144 134 0.002013 0.103980 12.648651 11.498774
145 135 0.001691 0.108630 12.609955 11.463595
146 136 0.001381 0.104627 12.549614 11.408740
147 137 0.001196 0.123022 12.475098 11.340998
148 138 0.001381 0.129927 12.407753 11.279776
149 139 0.002290 0.136364 12.323639 11.203308
150 140 0.000846 0.172456 12.188507 11.080461
151 141 0.001196 0.140975 12.133560 11.030509
152 142 0.001761 0.139547 12.031265 10.937514
153 143 0.002238 0.154680 11.921158 10.837417
154 144 0.001544 0.156461 11.807404 10.734003
155 145 0.001761 0.162162 11.698502 10.635001
156 146 0.002184 0.163007 11.610580 10.555073
157 147 0.001761 0.141596 11.528793 10.480721
158 148 0.001465 0.133419 11.445633 10.405121
159 149 0.002238 0.100076 11.370178 10.336526
160 150 0.000846 0.094498 11.302231 10.274755
161 151 0.001092 0.097997 11.240082 10.218256
162 152 0.001292 0.071485 11.184509 10.167736
163 153 0.001196 0.050135 11.137985 10.125442
164 154 0.000488 0.033040 11.101212 10.092010
165 155 0.000488 0.026848 11.070389 10.063990
166 156 0.000000 0.043819 11.037125 10.033750
167 157 0.000000 0.065165 11.002686 10.002441
168 158 0.001381 0.109178 10.969330 9.972118
169 159 0.001619 0.112702 10.921249 9.928409
170 160 0.001292 0.118915 10.869019 9.880926
171 161 0.001827 0.154824 10.818207 9.834733
172 162 0.001691 0.165400 10.763794 9.785267
173 163 0.002847 0.178443 10.705872 9.732611
174 164 0.002537 0.174359 10.629944 9.663586
175 165 0.001827 0.161420 10.547333 9.588485
176 166 0.002805 0.154383 10.458267 9.507516
177 167 0.002441 0.125794 10.366180 9.423800
178 168 0.001761 0.101242 10.271881 9.338074
179 169 0.002537 0.088172 10.186874 9.260795
180 170 0.002238 0.081346 10.100845 9.182587
181 171 0.001761 0.078130 10.012070 9.101882
182 172 0.001953 0.089706 9.922668 9.020608
183 173 0.001691 0.085702 9.831055 8.937323
184 174 0.002184 0.108874 9.729538 8.845035
185 175 0.001619 0.115523 9.629196 8.753815
186 176 0.002072 0.133096 9.515900 8.650818
187 177 0.002719 0.152472 9.407455 8.552232
188 178 0.002762 0.155032 9.294769 8.449790
189 179 0.002490 0.148751 9.190872 8.355338
190 180 0.003010 0.139394 9.089279 8.262981
191 181 0.003202 0.149446 8.970322 8.154838
192 182 0.002490 0.155807 8.863922 8.058111
193 183 0.002847 0.175052 8.762146 7.965587
194 184 0.001953 0.162248 8.687592 7.897810
195 185 0.002674 0.157792 8.612717 7.829742
196 186 0.001691 0.144503 8.563187 7.784715
197 187 0.001827 0.141032 8.517929 7.743572
198 188 0.001827 0.127309 8.480240 7.709309
199 189 0.001691 0.130071 8.439926 7.672660
200 190 0.001691 0.126056 8.409134 7.644667
201 191 0.001465 0.104630 8.419540 7.654128
202 192 0.002238 0.124565 8.398956 7.635415
203 193 0.001544 0.118462 8.401855 7.638051
204 194 0.001619 0.118656 8.404663 7.640603
205 195 0.001761 0.109619 8.422379 7.656708
206 196 0.001827 0.111619 8.438171 7.671065
207 197 0.001544 0.086957 8.469055 7.699141
208 198 0.002072 0.088851 8.514114 7.740104
209 199 0.002072 0.082511 8.576004 7.796367
210 200 0.000977 0.091843 8.636398 7.851271
211 201 0.001381 0.110526 8.694550 7.904136
212 202 0.000846 0.087710 8.794846 7.995314
213 203 0.000691 0.087611 8.888565 8.080514
214 204 0.000691 0.088960 8.990891 8.173537
215 205 0.000488 0.114517 9.096161 8.269238
216 206 0.000488 0.113991 9.211914 8.374467
217 207 0.000000 0.115614 9.323807 8.476188
218 208 0.000000 0.121793 9.435822 8.578019
219 209 0.000000 0.119762 9.563339 8.693945
220 210 0.001292 0.140883 9.664688 8.786080
221 211 0.000691 0.148207 9.787155 8.897414
222 212 0.000977 0.155459 9.906067 9.005515
223 213 0.000691 0.146382 10.027527 9.115933
224 214 0.000691 0.168489 10.139069 9.217335
225 215 0.001292 0.144557 10.255768 9.323425
226 216 0.001891 0.157693 10.376450 9.433136
227 217 0.002013 0.174055 10.491592 9.537811
228 218 0.002629 0.171044 10.613983 9.649076
229 219 0.002584 0.207185 10.719116 9.744651
230 220 0.003164 0.200456 10.857178 9.870162
231 221 0.003088 0.181217 10.976257 9.978415
232 222 0.003654 0.181027 11.094467 10.085879
233 223 0.003654 0.183881 11.214828 10.195298
234 224 0.004114 0.169794 11.352066 10.320060
235 225 0.003997 0.170249 11.477600 10.434182
236 226 0.004085 0.162750 11.613647 10.557861
237 227 0.004143 0.164489 11.738297 10.671179
238 228 0.003383 0.173113 11.861191 10.782901
239 229 0.003654 0.163360 11.977417 10.888561
240 230 0.003239 0.176199 12.093460 10.994055
241 231 0.003383 0.186457 12.214523 11.104112
242 232 0.003312 0.192818 12.334991 11.213629
243 233 0.003049 0.206732 12.442291 11.311173
244 234 0.002930 0.233207 12.542084 11.401895
245 235 0.003239 0.231297 12.651077 11.500979
246 236 0.003239 0.235125 12.745651 11.586956
247 237 0.003418 0.248807 12.860962 11.691784
248 238 0.003164 0.248428 12.964722 11.786111
249 239 0.003312 0.249998 13.085648 11.896043
250 240 0.003383 0.237852 13.209381 12.008529
251 241 0.002674 0.249934 13.313812 12.103466
252 242 0.003164 0.250215 13.417206 12.197460
253 243 0.003127 0.261569 13.529480 12.299527
254 244 0.002629 0.263281 13.638977 12.399070
255 245 0.002128 0.279178 13.747894 12.498086
256 246 0.001381 0.286480 13.849457 12.590415
257 247 0.000846 0.288871 13.949661 12.681510
258 248 0.001691 0.290014 14.054565 12.776877
259 249 0.002128 0.306959 14.133331 12.848483
260 250 0.002674 0.309748 14.226440 12.933127
261 251 0.001953 0.292336 14.316254 13.014776
262 252 0.002490 0.292455 14.416443 13.105857
263 253 0.003521 0.271421 14.503235 13.184759
264 254 0.003453 0.269067 14.584778 13.258889
265 255 0.003967 0.257252 14.666748 13.333407
266 256 0.004422 0.247861 14.742920 13.402655
267 257 0.005027 0.234926 14.810959 13.464508
268 258 0.005393 0.237368 14.870209 13.518372
269 259 0.004606 0.212609 14.938812 13.580738
270 260 0.004085 0.216463 14.987274 13.624795
271 261 0.004085 0.240114 15.047546 13.679587
272 262 0.003967 0.248670 15.087189 13.715626
273 263 0.003383 0.267815 15.127533 13.752303
274 264 0.002930 0.263109 15.168121 13.789201
275 265 0.002930 0.283440 15.203217 13.821106
276 266 0.001196 0.312118 15.239349 13.853954
277 267 0.000977 0.326819 15.277374 13.888522
278 268 0.000691 0.346937 15.309845 13.918041
279 269 0.001619 0.336763 15.335236 13.941123
280 270 0.000488 0.345870 15.342804 13.948004
281 271 0.001691 0.336307 15.329102 13.935547
282 272 0.001953 0.335701 15.300751 13.909774
283 273 0.001196 0.330627 15.255188 13.868353
284 274 0.001196 0.328651 15.208771 13.826156
285 275 0.000488 0.352748 15.137299 13.761181
286 276 0.001691 0.348855 15.055664 13.686967
287 277 0.002013 0.354499 14.950928 13.591752
288 278 0.002072 0.350938 14.835175 13.486523
289 279 0.002629 0.356376 14.711212 13.373829
290 280 0.002342 0.370592 14.580261 13.254783
291 281 0.002719 0.388043 14.454407 13.140369
292 282 0.002847 0.385363 14.327667 13.025152
293 283 0.002930 0.382593 14.204712 12.913375
294 284 0.003088 0.379691 14.069641 12.790583
295 285 0.003049 0.371410 13.934174 12.667431
296 286 0.004257 0.370215 13.784485 12.531350
297 287 0.002537 0.371934 13.640686 12.400623
298 288 0.003453 0.366523 13.505188 12.277444
299 289 0.002629 0.387147 13.368347 12.153043
300 290 0.003202 0.376518 13.237000 12.033636
301 291 0.002584 0.385557 13.103638 11.912398
302 292 0.002290 0.385786 12.978577 11.798706
303 293 0.002441 0.401856 12.858368 11.689425
304 294 0.002674 0.401452 12.735687 11.577897
305 295 0.002762 0.402135 12.617462 11.470420
306 296 0.002584 0.398393 12.514557 11.376870
307 297 0.003088 0.404827 12.412476 11.284069
308 298 0.002290 0.404499 12.311768 11.192516
309 299 0.002970 0.395826 12.225555 11.114141
310 300 0.001891 0.399253 12.100342 11.000311
311 301 0.002490 0.407953 11.985657 10.896051
312 302 0.002629 0.394863 11.863770 10.785245
313 303 0.002537 0.394985 11.741852 10.674411
314 304 0.002128 0.435424 11.616302 10.560275
315 305 0.001953 0.400512 11.485291 10.441174
316 306 0.003088 0.409940 11.361572 10.328702
317 307 0.001544 0.402915 11.247833 10.225303
318 308 0.001196 0.378636 11.134338 10.122126
319 309 0.001544 0.372574 10.998199 9.998363
320 310 0.002392 0.363648 10.902802 9.911637
321 311 0.000691 0.346763 10.797455 9.815868
322 312 0.002072 0.356006 10.699219 9.726562
323 313 0.000846 0.327309 10.607513 9.643194
324 314 0.000000 0.296826 10.522705 9.566095
325 315 0.000000 0.289262 10.451263 9.501148
326 316 0.001691 0.270846 10.375824 9.432568
327 317 0.001196 0.236448 10.303345 9.366677
328 318 0.001196 0.233678 10.233704 9.303367
329 319 0.001292 0.226977 10.165833 9.241666
330 320 0.000488 0.219899 10.111755 9.192505
331 321 0.000691 0.188947 10.067383 9.152166
332 322 0.000691 0.144645 10.030243 9.118402
333 323 0.001292 0.152245 9.992889 9.084445
334 324 0.001092 0.112313 9.961456 9.055869
335 325 0.001292 0.100619 9.926025 9.023660
336 326 0.001196 0.096859 9.895020 8.995472
337 327 0.001953 0.088016 9.859222 8.962930
338 328 0.003202 0.083087 9.825317 8.932107
339 329 0.001619 0.078405 9.804169 8.912881
340 330 0.001292 0.072239 9.782288 8.892989
341 331 0.000846 0.076414 9.757812 8.870739
342 332 0.000691 0.086157 9.735321 8.850292
343 333 0.000977 0.080399 9.710480 8.827709
344 334 0.001092 0.101779 9.685059 8.804599
345 335 0.000691 0.092176 9.666351 8.787592
346 336 0.001381 0.088825 9.646942 8.769947
347 337 0.001381 0.083831 9.624634 8.749667
348 338 0.002238 0.099798 9.597717 8.725198
349 339 0.001691 0.105606 9.572327 8.702115
350 340 0.001761 0.085960 9.548798 8.680725
351 341 0.002392 0.087478 9.530945 8.664495
352 342 0.002441 0.080363 9.515381 8.650346
353 343 0.002184 0.074072 9.510742 8.646130
354 344 0.003239 0.070135 9.516327 8.651206
355 345 0.002290 0.071570 9.529022 8.662747
356 346 0.002013 0.066891 9.549408 8.681280
357 347 0.001891 0.064977 9.577911 8.707192
358 348 0.001953 0.065495 9.615173 8.741067
359 349 0.002013 0.051911 9.659973 8.781794
360 350 0.001092 0.061745 9.702545 8.820496
361 351 0.001092 0.070737 9.743073 8.857339
362 352 0.000846 0.069593 9.781281 8.892074
363 353 0.001092 0.067651 9.815735 8.923395
364 354 0.000691 0.070072 9.848785 8.953442
365 355 0.001761 0.084197 9.879578 8.981434
366 356 0.001465 0.098456 9.887695 8.988814
367 357 0.000691 0.094150 9.898651 8.998774
368 358 0.001292 0.081319 9.907257 9.006598
369 359 0.002072 0.096391 9.912231 9.011120
370 360 0.001196 0.085534 9.913116 9.011924
371 361 0.001953 0.071319 9.915283 9.013894
372 362 0.002184 0.081249 9.915100 9.013727
373 363 0.002762 0.069919 9.908600 9.007818
374 364 0.001827 0.064566 9.900726 9.000660
375 365 0.001544 0.072932 9.887115 8.988287
376 366 0.002290 0.078387 9.894196 8.994723
377 367 0.001953 0.064251 9.892059 8.992782
378 368 0.002441 0.069170 9.887085 8.988259
379 369 0.001827 0.073862 9.876038 8.978216
380 370 0.002128 0.089237 9.868500 8.971363
381 371 0.001544 0.089246 9.853455 8.957686
382 372 0.000977 0.089235 9.835541 8.941401
383 373 0.001953 0.081537 9.817810 8.925282
384 374 0.002128 0.077162 9.788696 8.898815
385 375 0.001544 0.081760 9.765198 8.877453
386 376 0.002072 0.086995 9.741608 8.856007
387 377 0.002072 0.088411 9.697479 8.815890
388 378 0.000977 0.099988 9.660675 8.782432
389 379 0.001544 0.080475 9.623474 8.748612
390 380 0.001381 0.073936 9.591736 8.719760
391 381 0.001544 0.062238 9.553619 8.685108
392 382 0.001544 0.062064 9.520447 8.654952
393 383 0.000691 0.061193 9.485229 8.622936
394 384 0.001381 0.048509 9.461029 8.600936
395 385 0.001953 0.060352 9.435455 8.577686
396 386 0.002674 0.058795 9.411041 8.555492
397 387 0.002674 0.059427 9.408203 8.552912
398 388 0.003453 0.038205 9.403839 8.548944
399 389 0.002930 0.091939 9.411652 8.556046
400 390 0.002719 0.121720 9.421814 8.565286
401 391 0.001891 0.150116 9.438324 8.580295
402 392 0.001953 0.183598 9.454468 8.594971
403 393 0.002013 0.200983 9.474701 8.613364
404 394 0.001196 0.235051 9.494507 8.631370
405 395 0.002184 0.235330 9.519714 8.654285
406 396 0.001761 0.246980 9.540161 8.672873
407 397 0.001544 0.252868 9.563965 8.694513
408 398 0.002072 0.272654 9.584137 8.712852
409 399 0.000000 0.245999 9.602783 8.729803
410 400 0.001544 0.206461 9.615753 8.741593
411 401 0.001619 0.188738 9.625061 8.750055
412 402 0.001196 0.170104 9.644348 8.767590
413 403 0.000000 0.152804 9.670349 8.791226
414 404 0.000977 0.131096 9.700226 8.818387
415 405 0.001619 0.130085 9.724243 8.840221
416 406 0.001465 0.112950 9.748596 8.862360
417 407 0.001544 0.087769 9.770538 8.882308
418 408 0.002072 0.098090 9.789948 8.899952
419 409 0.001827 0.084988 9.805237 8.913852
420 410 0.002719 0.096223 9.817139 8.924671
421 411 0.000977 0.076358 9.832764 8.938876
422 412 0.000691 0.087599 9.838104 8.943731
423 413 0.000000 0.086848 9.837402 8.943093
424 414 0.001465 0.082128 9.836273 8.942066
425 415 0.001196 0.087624 9.826538 8.933216
426 416 0.001196 0.085056 9.817780 8.925254
427 417 0.000977 0.088339 9.803375 8.912159
428 418 0.001381 0.086071 9.805573 8.914157
429 419 0.000846 0.081098 9.781281 8.892074
430 420 0.000977 0.082027 9.776825 8.888022
431 421 0.000488 0.095956 9.772522 8.884110
432 422 0.000691 0.094017 9.765839 8.878036
433 423 0.001196 0.107397 9.774292 8.885720
434 424 0.000691 0.104089 9.759644 8.872403
435 425 0.001381 0.115807 9.782562 8.893238
436 426 0.000846 0.107023 9.777740 8.888855
437 427 0.000000 0.108126 9.800049 8.909135
438 428 0.001196 0.097689 9.810822 8.918929
439 429 0.000846 0.116839 9.855835 8.959850
440 430 0.001196 0.109894 9.886841 8.988037
441 431 0.000000 0.101184 9.930542 9.027765
442 432 0.001619 0.096509 9.974121 9.067383
443 433 0.000691 0.091557 10.013733 9.103394
444 434 0.000977 0.097229 10.075989 9.159989
445 435 0.001092 0.075618 10.107941 9.189037
446 436 0.001544 0.103265 10.175934 9.250849
447 437 0.001544 0.100971 10.224854 9.295321
448 438 0.001544 0.102013 10.277405 9.343095
449 439 0.001196 0.084094 10.324371 9.385792
450 440 0.002537 0.078700 10.373047 9.430042
451 441 0.001827 0.091594 10.413239 9.466580
452 442 0.001544 0.088480 10.463989 9.512717
453 443 0.001196 0.074709 10.506897 9.551724
454 444 0.002490 0.087229 10.548584 9.589622
455 445 0.002184 0.086121 10.595459 9.632236
456 446 0.001381 0.074214 10.638428 9.671298
457 447 0.001953 0.065465 10.687317 9.715743
458 448 0.001465 0.052775 10.729553 9.754139
459 449 0.002490 0.063280 10.773956 9.794506
460 450 0.001292 0.045972 10.816254 9.832958
461 451 0.002584 0.049485 10.862732 9.875211
462 452 0.002128 0.040409 10.901794 9.910722
463 453 0.002490 0.047803 10.939606 9.945096
464 454 0.001953 0.047390 10.978577 9.980524
465 455 0.002184 0.048582 11.020782 10.018893
466 456 0.001761 0.038666 11.066071 10.060064
467 457 0.001827 0.076203 11.101044 10.091858
468 458 0.001827 0.049930 11.140869 10.128063
469 459 0.000846 0.060102 11.176666 10.160605
470 460 0.001092 0.047441 11.212067 10.192788
471 461 0.000488 0.035661 11.246155 10.223777
472 462 0.000488 0.045228 11.284119 10.258289
473 463 0.000691 0.038870 11.321838 10.292581
474 464 0.000977 0.046499 11.350006 10.318188
475 465 0.001292 0.054324 11.370544 10.336859
476 466 0.001891 0.061278 11.382782 10.347983
477 467 0.002128 0.073920 11.400146 10.363770
478 468 0.001953 0.082172 11.406860 10.369873
479 469 0.001292 0.095000 11.409363 10.372148
480 470 0.001196 0.098963 11.406799 10.369818
481 471 0.000691 0.090285 11.399445 10.363132
482 472 0.000846 0.085046 11.381042 10.346402
483 473 0.001092 0.083720 11.360565 10.327786
484 474 0.001381 0.101323 11.344147 10.312860
485 475 0.001292 0.098126 11.320831 10.291665
486 476 0.001953 0.098583 11.296753 10.269775
487 477 0.001544 0.108059 11.266754 10.242504
488 478 0.000488 0.083750 11.240906 10.219006
489 479 0.001544 0.082999 11.215576 10.195978
490 480 0.001691 0.070031 11.190735 10.173395
491 481 0.002128 0.103257 11.167664 10.152421
492 482 0.001544 0.099514 11.149994 10.136358
493 483 0.002490 0.101799 11.131866 10.119879
494 484 0.001544 0.075831 11.110596 10.100541
495 485 0.001761 0.114206 11.092346 10.083951
496 486 0.001544 0.107055 11.079346 10.072132
497 487 0.001196 0.095937 11.065247 10.059315
498 488 0.001196 0.106531 11.054321 10.049383
499 489 0.001619 0.112978 11.045837 10.041671
500 490 0.001827 0.115192 11.034790 10.031628
501 491 0.001465 0.122417 11.015198 10.013816
502 492 0.002184 0.119580 10.994446 9.994950
503 493 0.001196 0.117255 10.970398 9.973089
504 494 0.002889 0.122503 10.948425 9.953114
505 495 0.000691 0.089401 10.918640 9.926037
506 496 0.001827 0.099310 10.875793 9.887085
507 497 0.002128 0.093064 10.821472 9.837702
508 498 0.001544 0.097713 10.751892 9.774447
509 499 0.001953 0.101526 10.663208 9.693826
510 500 0.002184 0.106917 10.569092 9.608265
511 501 0.000846 0.096966 10.464783 9.513439
512 502 0.001761 0.104005 10.345581 9.405074
513 503 0.001691 0.087047 10.218384 9.289440
514 504 0.003088 0.127276 10.085632 9.168756
515 505 0.000977 0.114569 9.964478 9.058616
516 506 0.001619 0.102335 9.850220 8.954745
517 507 0.002674 0.099922 9.744690 8.858809
518 508 0.002290 0.060346 9.653320 8.775745
519 509 0.002290 0.052112 9.576416 8.705832
520 510 0.002584 0.038943 9.504089 8.640081
521 511 0.002490 0.024505 9.449341 8.590310
522 512 0.002930 0.021061 9.400330 8.545754
523 513 0.001761 0.039949 9.371216 8.519287
524 514 0.001891 0.067918 9.343994 8.494540
525 515 0.002847 0.056763 9.302979 8.457253
526 516 0.002847 0.064872 9.276733 8.433394
527 517 0.002392 0.075926 9.260559 8.418690
528 518 0.001827 0.038994 9.230713 8.391557
529 519 0.001381 0.060640 9.219116 8.381015
530 520 0.001196 0.059269 9.196716 8.360651
531 521 0.000488 0.076104 9.191589 8.355990
532 522 0.000000 0.085827 9.200134 8.363758
533 523 0.000691 0.078380 9.192078 8.356434
534 524 0.000488 0.072185 9.203247 8.366589
535 525 0.001196 0.082461 9.238037 8.398215
536 526 0.002013 0.079729 9.264832 8.422574
537 527 0.002762 0.053855 9.290222 8.445657
538 528 0.002847 0.060773 9.329529 8.481390
539 529 0.002762 0.041075 9.366943 8.515403
540 530 0.003383 0.036547 9.431458 8.574052
541 531 0.002930 0.045045 9.491211 8.628373
542 532 0.003202 0.051291 9.554993 8.686357
543 533 0.003487 0.053910 9.634766 8.758878
544 534 0.003654 0.067145 9.710388 8.827625
545 535 0.001953 0.063262 9.786804 8.897095
546 536 0.001953 0.081273 9.871704 8.974277
547 537 0.000977 0.079319 9.971863 9.065330
548 538 0.000977 0.079085 10.082336 9.165760
549 539 0.001381 0.045943 10.191284 9.264804
550 540 0.001292 0.041311 10.298279 9.362072
551 541 0.000488 0.049419 10.403259 9.457508
552 542 0.000846 0.055526 10.508179 9.552890
553 543 0.000977 0.057260 10.612671 9.647882
554 544 0.001092 0.050579 10.715515 9.741378
555 545 0.000691 0.062418 10.811340 9.828491
556 546 0.001092 0.055117 10.901855 9.910778
557 547 0.001092 0.056751 10.976379 9.978527
558 548 0.000488 0.057406 11.037109 10.033736
559 549 0.000846 0.077446 11.088806 10.080733
560 550 0.000488 0.081490 11.129333 10.117576
561 551 0.000488 0.073841 11.159607 10.145097
562 552 0.000691 0.066535 11.186462 10.169511
563 553 0.000000 0.083676 11.208252 10.189320
564 554 0.000846 0.067601 11.217224 10.197476
565 555 0.001196 0.067289 11.218201 10.198364
566 556 0.001619 0.072282 11.206665 10.187878
567 557 0.001292 0.063405 11.188049 10.170954
568 558 0.001465 0.071433 11.173096 10.157360
569 559 0.002072 0.073859 11.151184 10.137440
570 560 0.001761 0.072029 11.126526 10.115024
571 561 0.002392 0.080147 11.102722 10.093384
572 562 0.003383 0.085670 11.072144 10.065585
573 563 0.001827 0.095087 11.041870 10.038064
574 564 0.001761 0.090759 11.019165 10.017423
575 565 0.003383 0.083322 11.004089 10.003717
576 566 0.000000 0.075172 10.994568 9.995062
577 567 0.000846 0.077514 10.992004 9.992731
578 568 0.000846 0.075172 10.991455 9.992232
579 569 0.000488 0.069958 10.998291 9.998446
580 570 0.001544 0.057248 11.012695 10.011541
581 571 0.001544 0.048275 11.024231 10.022028
582 572 0.002072 0.048004 11.039734 10.036121
583 573 0.001381 0.038868 11.061035 10.055487
584 574 0.001092 0.039015 11.079834 10.072577
585 575 0.002290 0.035184 11.096741 10.087946
586 576 0.001827 0.048705 11.113586 10.103260
587 577 0.001544 0.039129 11.132996 10.120905
588 578 0.001196 0.029111 11.152100 10.138272
589 579 0.001196 0.032543 11.166199 10.151090
590 580 0.002072 0.049643 11.175598 10.159635
591 581 0.002013 0.048468 11.186035 10.169123
592 582 0.001092 0.066474 11.191956 10.174505
593 583 0.000691 0.061279 11.190186 10.172896
594 584 0.000691 0.065819 11.188171 10.171065
595 585 0.000691 0.079619 11.179688 10.163352
596 586 0.000691 0.085667 11.169067 10.153698
597 587 0.000000 0.104596 11.155701 10.141546
598 588 0.000691 0.092588 11.135925 10.123569
599 589 0.000000 0.112742 11.112732 10.102484
600 590 0.000691 0.117225 11.084351 10.076682
601 591 0.000691 0.119363 11.053345 10.048495
602 592 0.000488 0.109817 11.031189 10.028354
603 593 0.000846 0.120513 11.000793 10.000721
604 594 0.000488 0.132540 10.965576 9.968705
605 595 0.001196 0.122460 10.926941 9.933582
606 596 0.000691 0.128051 10.881958 9.892689
607 597 0.002184 0.121834 10.838684 9.853349
608 598 0.000000 0.145871 10.788879 9.808072
609 599 0.000691 0.126814 10.738037 9.761852
610 600 0.001092 0.121206 10.690796 9.718905
611 601 0.001381 0.116576 10.644714 9.677013
612 602 0.001092 0.121490 10.589233 9.626575
613 603 0.001196 0.124795 10.533386 9.575806
614 604 0.000977 0.119510 10.474182 9.521984
615 605 0.001196 0.124520 10.414490 9.467718
616 606 0.000000 0.120018 10.364136 9.421942
617 607 0.001544 0.130766 10.305298 9.368453
618 608 0.000691 0.125984 10.248718 9.317017
619 609 0.000691 0.110128 10.192566 9.265969
620 610 0.000846 0.096829 10.135803 9.214367
621 611 0.001381 0.104524 10.080872 9.164429
622 612 0.000488 0.081254 10.026428 9.114935
623 613 0.000977 0.076171 9.974548 9.067771
624 614 0.001092 0.064137 9.926147 9.023770
625 615 0.000000 0.056296 9.878845 8.980768
626 616 0.000000 0.041920 9.831482 8.937711
627 617 0.000846 0.035159 9.784058 8.894598
628 618 0.001092 0.029357 9.745850 8.859863
629 619 0.000691 0.035001 9.707520 8.825018
630 620 0.000691 0.031088 9.661743 8.783402
631 621 0.000977 0.020329 9.620239 8.745672
632 622 0.001465 0.024836 9.577087 8.706443
633 623 0.000691 0.005196 9.535522 8.668656
634 624 0.000488 0.008226 9.489685 8.626987
635 625 0.000977 0.018666 9.440796 8.582541
636 626 0.001691 0.028433 9.384277 8.531161
637 627 0.001619 0.038716 9.322327 8.474842
638 628 0.001292 0.039673 9.247925 8.407205
639 629 0.001953 0.057589 9.171509 8.337735
640 630 0.001092 0.049888 9.088623 8.262384
641 631 0.000977 0.042388 8.989624 8.172385
642 632 0.001544 0.048602 8.881958 8.074508
643 633 0.000846 0.042638 8.767639 7.970581
644 634 0.001092 0.036043 8.653687 7.866988
645 635 0.000488 0.027545 8.544617 7.767833
646 636 0.000691 0.028933 8.437500 7.670455
647 637 0.001292 0.067107 8.338135 7.580122
648 638 0.000846 0.072551 8.247864 7.498058
649 639 0.000488 0.057100 8.164307 7.422097
650 640 0.001381 0.066635 8.100647 7.364224
651 641 0.001381 0.062373 8.048462 7.316783
652 642 0.000846 0.076675 8.009705 7.281549
653 643 0.000000 0.082504 7.991455 7.264959
654 644 0.000488 0.095445 7.964417 7.240379
655 645 0.000977 0.122190 7.949463 7.226784
656 646 0.000846 0.129537 7.941101 7.219183
657 647 0.001196 0.107354 7.921753 7.201593
658 648 0.002013 0.107672 7.919006 7.199097
659 649 0.001691 0.145196 7.899475 7.181341
660 650 0.001827 0.135743 7.899353 7.181230
661 651 0.002290 0.157003 7.898010 7.180009
662 652 0.002392 0.123178 7.882202 7.165638
663 653 0.002184 0.137546 7.877686 7.161532
664 654 0.001196 0.133628 7.889893 7.172630
665 655 0.001381 0.127030 7.884644 7.167858
666 656 0.001196 0.105486 7.895447 7.177679
667 657 0.001761 0.109684 7.907471 7.188610
668 658 0.001196 0.118719 7.924316 7.203924
669 659 0.001953 0.087881 7.965698 7.241544
670 660 0.000977 0.109684 7.974548 7.249589
671 661 0.001465 0.108491 8.004211 7.276556
672 662 0.001465 0.096342 8.038635 7.307850
673 663 0.001619 0.081324 8.071838 7.338035
674 664 0.001953 0.077691 8.111511 7.374101
675 665 0.001691 0.055483 8.153625 7.412387
676 666 0.002072 0.074957 8.191711 7.447011
677 667 0.001292 0.075416 8.247253 7.497503
678 668 0.001891 0.074058 8.279419 7.526744
679 669 0.001619 0.074407 8.319153 7.562866
680 670 0.001953 0.063416 8.367920 7.607200
681 671 0.002238 0.082881 8.409973 7.645430
682 672 0.000977 0.091136 8.463867 7.694425
683 673 0.000691 0.107074 8.492126 7.720115
684 674 0.000488 0.100269 8.523682 7.748802
685 675 0.002184 0.096486 8.568665 7.789695
686 676 0.000000 0.100574 8.590027 7.809115
687 677 0.001465 0.116009 8.622925 7.839023
688 678 0.000977 0.106189 8.661011 7.873646
689 679 0.001619 0.121560 8.683411 7.894010
690 680 0.000977 0.129677 8.716370 7.923973
691 681 0.001827 0.130828 8.723633 7.930575
692 682 0.002184 0.123106 8.741516 7.946833
693 683 0.001827 0.111538 8.767029 7.970026
694 684 0.001691 0.130344 8.763550 7.966864
695 685 0.003521 0.147608 8.765076 7.968251
696 686 0.002290 0.133006 8.772461 7.974965
697 687 0.001196 0.122890 8.745789 7.950717
698 688 0.001092 0.114922 8.733521 7.939564
699 689 0.001196 0.111710 8.714233 7.922030
700 690 0.001691 0.109750 8.700256 7.909324
701 691 0.002013 0.083635 8.703735 7.912487
702 692 0.001891 0.103072 8.690125 7.900113
703 693 0.001619 0.098646 8.683105 7.893732
704 694 0.001381 0.088624 8.701294 7.910267
705 695 0.001691 0.091041 8.710999 7.919090
706 696 0.001691 0.086547 8.737549 7.943226
707 697 0.001092 0.095550 8.772278 7.974798
708 698 0.001381 0.101072 8.804688 8.004261
709 699 0.001381 0.081941 8.849182 8.044711
710 700 0.000691 0.080894 8.871826 8.065296
711 701 0.000488 0.072109 8.906799 8.097091
712 702 0.000000 0.065846 8.952148 8.138317
713 703 0.000000 0.091674 8.985413 8.168557
714 704 0.000000 0.083292 9.028259 8.207508
715 705 0.000977 0.092681 9.066528 8.242298
716 706 0.001196 0.105724 9.105530 8.277755
717 707 0.001196 0.083883 9.158997 8.326361
718 708 0.001381 0.097967 9.199768 8.363425
719 709 0.001544 0.119961 9.249817 8.408924
720 710 0.001953 0.107997 9.315430 8.468573
721 711 0.002290 0.133986 9.361938 8.510853
722 712 0.001544 0.134956 9.419250 8.562955
723 713 0.002072 0.126207 9.480652 8.618774
724 714 0.001827 0.121868 9.537842 8.670765
725 715 0.002128 0.150953 9.604736 8.731579
726 716 0.002072 0.150891 9.653870 8.776245
727 717 0.001544 0.142477 9.712585 8.829623
728 718 0.001827 0.136832 9.776672 8.887884
729 719 0.001891 0.159577 9.834900 8.940818
730 720 0.001544 0.161225 9.897095 8.997359
731 721 0.002013 0.144466 9.964417 9.058560
732 722 0.002392 0.148905 10.021057 9.110052
733 723 0.001691 0.194143 10.085999 9.169089
734 724 0.002674 0.196239 10.140503 9.218639
735 725 0.000691 0.169145 10.199585 9.272350
736 726 0.001544 0.180410 10.262634 9.329667
737 727 0.001827 0.184224 10.325806 9.387096
738 728 0.001691 0.178108 10.384338 9.440308
739 729 0.001953 0.166307 10.438416 9.489469
740 730 0.002584 0.161512 10.487793 9.534357
741 731 0.002674 0.220353 10.544739 9.586126
742 732 0.002184 0.224235 10.607361 9.643055
743 733 0.000691 0.170928 10.658630 9.689664
744 734 0.001196 0.173613 10.715759 9.741599
745 735 0.000977 0.165663 10.768799 9.789817
746 736 0.000691 0.153118 10.826965 9.842696
747 737 0.000846 0.150348 10.876282 9.887528
748 738 0.001381 0.172956 10.930725 9.937023
749 739 0.001381 0.156648 10.986084 9.987350
750 740 0.002072 0.165188 11.037109 10.033736
751 741 0.001953 0.122436 11.086731 10.078846
752 742 0.001891 0.112709 11.132263 10.120239
753 743 0.001292 0.106436 11.187073 10.170066
754 744 0.000846 0.110551 11.239319 10.217563
755 745 0.000691 0.106358 11.291809 10.265281
756 746 0.001465 0.102780 11.346436 10.314941
757 747 0.001381 0.093110 11.404419 10.367654
758 748 0.001381 0.070688 11.459229 10.417480
759 749 0.001619 0.066351 11.525452 10.477683
760 750 0.002184 0.071196 11.578308 10.525735
761 751 0.002072 0.060023 11.635193 10.577448
762 752 0.002719 0.073561 11.757935 10.689032
763 753 0.001544 0.060796 11.752502 10.684093
764 754 0.001544 0.062551 11.812866 10.738969
765 755 0.000977 0.070938 11.875549 10.795954
766 756 0.000977 0.079361 11.939636 10.854215
767 757 0.001544 0.077640 11.999207 10.908370
768 758 0.000977 0.080095 12.059692 10.963357
769 759 0.001691 0.079648 12.112549 11.011408
770 760 0.000977 0.079364 12.182617 11.075107
771 761 0.001544 0.082652 12.244995 11.131814
772 762 0.001544 0.099526 12.239990 11.127264
773 763 0.001381 0.082424 12.368896 11.244452
774 764 0.001827 0.076155 12.437866 11.307151
775 765 0.001196 0.069986 12.497803 11.361639
776 766 0.002072 0.074155 12.555969 11.414517
777 767 0.001953 0.089256 12.616943 11.469949
778 768 0.002013 0.089785 12.680359 11.527599
779 769 0.002013 0.092277 12.752563 11.593240
780 770 0.001381 0.099312 12.832764 11.666149
781 771 0.001381 0.098723 12.908203 11.734730
782 772 0.001381 0.093909 12.984558 11.804144
783 773 0.001761 0.089972 13.058228 11.871116
784 774 0.002013 0.114454 13.128906 11.935369
785 775 0.003088 0.087791 13.208984 12.008167
786 776 0.002441 0.100959 13.286682 12.078802
787 777 0.001953 0.110734 13.364136 12.149215
788 778 0.001619 0.095757 13.442200 12.220181
789 779 0.001691 0.102574 13.510803 12.282548
790 780 0.003127 0.100949 13.573486 12.339533
791 781 0.002290 0.110118 13.642578 12.402344
792 782 0.002072 0.098148 13.709290 12.462991
793 783 0.002584 0.097998 13.771973 12.519975
794 784 0.001465 0.106007 13.827820 12.570745
795 785 0.000977 0.103667 13.881531 12.619574
796 786 0.001292 0.107172 13.927856 12.661688
797 787 0.001381 0.070746 13.971802 12.701638
798 788 0.001544 0.078529 14.006348 12.733044
799 789 0.001953 0.078187 14.038025 12.761841
800 790 0.001619 0.066367 14.061523 12.783203
801 791 0.000977 0.055032 14.078918 12.799017
802 792 0.001292 0.058698 14.092041 12.810946
803 793 0.000691 0.060513 14.098328 12.816662
804 794 0.002072 0.086467 14.106934 12.824485
805 795 0.001544 0.081317 14.108032 12.825484
806 796 0.001381 0.095243 14.107666 12.825150
807 797 0.001292 0.085662 14.108215 12.825650
808 798 0.002128 0.094337 14.115051 12.831864
809 799 0.000977 0.092570 14.109192 12.826538
810 800 0.000000 0.094257 14.098816 12.817105
811 801 0.001196 0.079038 14.085022 12.804565
812 802 0.001092 0.092141 14.068481 12.789529
813 803 0.001292 0.113309 14.050659 12.773327
814 804 0.001196 0.079173 14.034729 12.758844
815 805 0.001465 0.089986 14.016174 12.741977
816 806 0.001092 0.076987 13.997925 12.725387
817 807 0.001544 0.074717 13.972473 12.702249
818 808 0.001827 0.081279 13.938171 12.671065
819 809 0.000846 0.075684 13.918335 12.653031
820 810 0.001292 0.065013 13.892578 12.629617
821 811 0.001196 0.070154 13.870422 12.609475
822 812 0.001381 0.056735 13.845642 12.586947
823 813 0.000977 0.048460 13.821655 12.565141
824 814 0.001953 0.038231 13.792053 12.538230
825 815 0.000977 0.049807 13.754272 12.503884
826 816 0.001891 0.032791 13.717041 12.470037
827 817 0.001092 0.029447 13.678101 12.434637
828 818 0.000691 0.037401 13.641296 12.401178
829 819 0.001196 0.029267 13.593994 12.358176
830 820 0.002584 0.042258 13.550781 12.318892
831 821 0.000977 0.040440 13.496643 12.269675
832 822 0.001092 0.073261 13.428833 12.208030
833 823 0.000977 0.049579 13.351074 12.137341
834 824 0.002441 0.052035 13.255493 12.050448
835 825 0.001544 0.060118 13.147522 11.952292
836 826 0.001761 0.066457 13.022095 11.838268
837 827 0.002072 0.074215 12.879883 11.708984
838 828 0.001292 0.071658 12.726379 11.569436
839 829 0.001544 0.094820 12.554626 11.413297
840 830 0.001196 0.106915 12.368591 11.244174
841 831 0.001891 0.114249 12.169861 11.063510
842 832 0.000977 0.082513 11.971313 10.883012
843 833 0.000691 0.098619 11.767944 10.698132
844 834 0.000977 0.118026 11.566895 10.515359
845 835 0.000977 0.109009 11.381714 10.347013
846 836 0.001465 0.105595 11.205566 10.186878
847 837 0.001953 0.105219 11.038940 10.035400
848 838 0.001827 0.097856 10.880371 9.891247
849 839 0.000977 0.059762 10.732361 9.756692
850 840 0.001827 0.063850 10.598755 9.635232
851 841 0.002674 0.062135 10.482544 9.529586
852 842 0.001827 0.067825 10.390198 9.445634
853 843 0.001619 0.072737 10.314575 9.376886
854 844 0.003164 0.070322 10.259460 9.326782
855 845 0.002847 0.076414 10.206787 9.278897
856 846 0.000846 0.079923 10.169067 9.244607
857 847 0.001465 0.065975 10.142395 9.220359
858 848 0.001196 0.096754 10.110962 9.191784
859 849 0.001292 0.107903 10.092163 9.174694
860 850 0.000000 0.109536 10.082031 9.165483
861 851 0.002490 0.099971 10.079834 9.163486
862 852 0.000846 0.076601 10.080872 9.164429
863 853 0.000977 0.108876 10.074036 9.158215
864 854 0.001953 0.108717 10.071838 9.156217
865 855 0.001891 0.086906 10.084900 9.168091
866 856 0.000977 0.100025 10.090698 9.173362
867 857 0.001891 0.136288 10.112000 9.192727
868 858 0.001953 0.105335 10.152588 9.229626
869 859 0.001092 0.065979 10.190674 9.264249
870 860 0.002584 0.084881 10.243347 9.312134
871 861 0.002584 0.086601 10.299500 9.363181
872 862 0.001691 0.080761 10.335022 9.395474
873 863 0.001196 0.053776 10.398071 9.452792
874 864 0.002490 0.065082 10.443115 9.493741
875 865 0.001827 0.063097 10.497681 9.543346
876 866 0.002128 0.055792 10.561340 9.601218
877 867 0.002290 0.063849 10.609436 9.644942
878 868 0.002290 0.065001 10.666870 9.697155
879 869 0.003275 0.067112 10.731628 9.756026
880 870 0.002674 0.075845 10.766052 9.787320
881 871 0.001544 0.068200 10.812500 9.829545
882 872 0.001953 0.088823 10.870422 9.882202
883 873 0.001761 0.082764 10.928955 9.935413
884 874 0.001691 0.119594 11.002991 10.002719
885 875 0.001891 0.095843 11.044678 10.040616
886 876 0.001465 0.096516 11.104126 10.094660
887 877 0.002762 0.110049 11.160645 10.146041
888 878 0.002184 0.123211 11.193237 10.175671
889 879 0.001544 0.083298 11.235229 10.213845
890 880 0.003487 0.089595 11.283020 10.257291
891 881 0.003049 0.076704 11.333435 10.303123
892 882 0.003312 0.100317 11.386230 10.351119
893 883 0.002238 0.028282 11.416260 10.378418
894 884 0.002392 0.025537 11.451355 10.410323
895 885 0.001619 0.029771 11.496338 10.451217
896 886 0.002184 0.031124 11.526794 10.478904
897 887 0.002805 0.028428 11.563110 10.511918
898 888 0.001619 0.032558 11.611145 10.555587
899 889 0.001761 0.035466 11.649780 10.590710
900 890 0.001544 0.043823 11.686462 10.624057
901 891 0.001092 0.053671 11.703308 10.639371
902 892 0.000977 0.052705 11.715393 10.650357
903 893 0.001196 0.104801 11.732361 10.665783
904 894 0.001544 0.077880 11.734375 10.667614
905 895 0.000691 0.081925 11.733887 10.667170
906 896 0.001196 0.079803 11.723389 10.657626
907 897 0.001092 0.083453 11.703186 10.639260
908 898 0.001691 0.084205 11.673096 10.611905
909 899 0.001196 0.090992 11.623169 10.566517
910 900 0.001196 0.088497 11.573120 10.521018
911 901 0.001196 0.111825 11.510681 10.464255
912 902 0.001092 0.124350 11.444397 10.403997
913 903 0.001381 0.136611 11.352844 10.320767
914 904 0.002072 0.120348 11.244263 10.222057
915 905 0.000977 0.105053 11.127747 10.116134
916 906 0.001465 0.114785 10.989441 9.990401
917 907 0.001196 0.101230 10.847473 9.861340
918 908 0.000488 0.105050 10.691101 9.719183
919 909 0.000846 0.098191 10.524658 9.567871
920 910 0.000691 0.099894 10.358398 9.416726
921 911 0.001544 0.092006 10.182434 9.256759
922 912 0.000691 0.089023 9.989807 9.081643
923 913 0.001619 0.083159 9.799438 8.908581
924 914 0.000000 0.086435 9.590515 8.718650
925 915 0.001092 0.116245 9.387878 8.534435
926 916 0.001292 0.113772 9.181091 8.346447
927 917 0.001953 0.083309 8.985107 8.168280
928 918 0.001544 0.081953 8.801819 8.001654
929 919 0.001465 0.109865 8.609741 7.827037
930 920 0.001827 0.113024 8.437561 7.670510
931 921 0.002889 0.125969 8.248108 7.498280
932 922 0.002719 0.134053 8.091736 7.356123
933 923 0.003239 0.107401 7.960693 7.236994
934 924 0.003202 0.123868 7.827393 7.115811
935 925 0.001891 0.091452 7.737671 7.034246
936 926 0.002290 0.119810 7.637146 6.942860
937 927 0.002629 0.121337 7.579590 6.890536
938 928 0.003906 0.121245 7.529358 6.844871
939 929 0.004475 0.119981 7.480408 6.800371
940 930 0.003088 0.119526 7.439636 6.763306
941 931 0.003164 0.132074 7.406250 6.732955
942 932 0.003088 0.117424 7.384033 6.712758
943 933 0.003521 0.144140 7.352661 6.684237
944 934 0.001465 0.178100 7.348816 6.680742
945 935 0.002013 0.186587 7.327393 6.661266
946 936 0.002342 0.172952 7.331299 6.664817
947 937 0.001691 0.217506 7.302551 6.638683
948 938 0.001827 0.233406 7.275024 6.613658
949 939 0.002072 0.234472 7.276978 6.615434
950 940 0.002847 0.233405 7.264832 6.604393
951 941 0.003453 0.224067 7.288879 6.626254
952 942 0.002342 0.241343 7.296204 6.632912
953 943 0.002290 0.253792 7.312683 6.647894
954 944 0.003487 0.206691 7.348694 6.680631
955 945 0.003588 0.272166 7.365295 6.695723
956 946 0.002584 0.258102 7.397217 6.724742
957 947 0.002847 0.262758 7.417725 6.743386
958 948 0.002342 0.260502 7.437744 6.761586
959 949 0.002537 0.233485 7.455750 6.777954
960 950 0.002674 0.222167 7.471863 6.792603
961 951 0.002013 0.202149 7.487061 6.806419
962 952 0.002441 0.213875 7.504272 6.822066
963 953 0.002392 0.185892 7.515259 6.832054
964 954 0.003127 0.217072 7.521912 6.838101
965 955 0.003127 0.154253 7.516785 6.833441
966 956 0.002072 0.146215 7.501099 6.819180
967 957 0.002290 0.165296 7.495483 6.814076
968 958 0.002490 0.164415 7.465393 6.786721
969 959 0.004200 0.192608 7.449524 6.772295
970 960 0.003719 0.204963 7.400452 6.727684
971 961 0.003967 0.198989 7.338440 6.671309
972 962 0.004422 0.217397 7.278625 6.616932
973 963 0.005610 0.207441 7.207886 6.552623
974 964 0.003347 0.173053 7.138245 6.489313
975 965 0.002392 0.215923 7.091431 6.446755
976 966 0.002392 0.198585 7.046082 6.405529
977 967 0.001691 0.169331 7.002808 6.366189
978 968 0.002072 0.173316 6.973511 6.339555
979 969 0.001953 0.186892 6.933350 6.303045
980 970 0.001691 0.180324 6.942688 6.311534
981 971 0.002441 0.192008 6.948181 6.316528
982 972 0.002392 0.213016 6.943298 6.312089
983 973 0.003782 0.212174 6.973206 6.339278
984 974 0.003312 0.208646 6.977783 6.343439
985 975 0.003164 0.175470 7.009216 6.372015
986 976 0.003588 0.176007 7.025879 6.387163
987 977 0.003383 0.172739 7.029053 6.390048
988 978 0.002930 0.147199 7.067749 6.425226
989 979 0.002629 0.133491 7.088074 6.443703
990 980 0.002805 0.140196 7.101013 6.455467
991 981 0.002128 0.113101 7.159546 6.508678
992 982 0.002674 0.108694 7.204224 6.549294
993 983 0.002441 0.100968 7.252441 6.593129
994 984 0.002072 0.107128 7.313904 6.649004
995 985 0.001544 0.123778 7.347168 6.679244
996 986 0.001953 0.126713 7.420227 6.745661
997 987 0.002013 0.128709 7.498291 6.816628
998 988 0.001953 0.137052 7.560364 6.873058
999 989 0.002805 0.137104 7.655884 6.959894
1000 990 0.002013 0.150051 7.745361 7.041237
1001 991 0.002629 0.172915 7.818604 7.107821
1002 992 0.002441 0.156284 7.919556 7.199596
1003 993 0.002762 0.162812 8.003906 7.276278
1004 994 0.002238 0.162623 8.109375 7.372159
1005 995 0.001827 0.143937 8.212036 7.465487
1006 996 0.002072 0.133536 8.301636 7.546942
1007 997 0.001544 0.125793 8.408936 7.644487
1008 998 0.001953 0.133178 8.513306 7.739369
1009 999 0.000691 0.122526 8.613770 7.830699
1010 1000 0.001381 0.095028 8.715820 7.923473
1011 1001 0.001691 0.088121 8.810791 8.009810
1012 1002 0.000691 0.090961 8.908081 8.098255
1013 1003 0.000977 0.087983 9.006348 8.187589
1014 1004 0.000488 0.072468 9.105591 8.277810
1015 1005 0.001092 0.069490 9.198853 8.362594
1016 1006 0.000691 0.070984 9.300537 8.455033
1017 1007 0.001092 0.061132 9.389771 8.536155
1018 1008 0.001196 0.067052 9.476807 8.615279
1019 1009 0.001292 0.065663 9.564331 8.694846
1020 1010 0.000846 0.063636 9.652100 8.774636
1021 1011 0.000488 0.066830 9.732300 8.847546
1022 1012 0.000691 0.087068 9.803467 8.912243
1023 1013 0.000691 0.088090 9.867432 8.970392
1024 1014 0.001619 0.078195 9.923584 9.021440
1025 1015 0.002930 0.071225 9.978394 9.071267
1026 1016 0.002072 0.068094 10.021362 9.110330
1027 1017 0.001292 0.058509 10.063599 9.148726
1028 1018 0.001891 0.073098 10.100708 9.182462
1029 1019 0.001953 0.071216 10.123413 9.203103
1030 1020 0.000977 0.053231 10.138794 9.217086
1031 1021 0.002184 0.059802 10.155640 9.232400
1032 1022 0.001292 0.054394 10.169556 9.245050
1033 1023 0.001544 0.058397 10.181396 9.255815
1034 1024 0.000691 0.051421 10.187744 9.261585
1035 1025 0.003312 0.077619 10.190674 9.264249
1036 1026 0.002441 0.059312 10.195068 9.268244
1037 1027 0.002072 0.082004 10.188477 9.262252
1038 1028 0.001619 0.057301 10.186401 9.260365
1039 1029 0.000846 0.081496 10.185913 9.259921
1040 1030 0.001619 0.089422 10.183716 9.257923
1041 1031 0.001827 0.085045 10.185181 9.259255
1042 1032 0.001465 0.102348 10.175415 9.250378
1043 1033 0.000000 0.110383 10.161865 9.238059
1044 1034 0.001381 0.120831 10.150879 9.228072
1045 1035 0.000691 0.128211 10.142090 9.220081
1046 1036 0.001761 0.121929 10.129517 9.208652
1047 1037 0.001827 0.123582 10.124634 9.204212
1048 1038 0.001381 0.131864 10.111328 9.192117
1049 1039 0.001827 0.121054 10.096680 9.178800
1050 1040 0.001381 0.114097 10.090210 9.172918
1051 1041 0.001092 0.100887 10.071777 9.156161
1052 1042 0.001092 0.108327 10.070312 9.154830
1053 1043 0.001953 0.098276 10.067261 9.152055
1054 1044 0.000846 0.102614 10.058838 9.144398
1055 1045 0.001196 0.097091 10.057373 9.143066
1056 1046 0.000977 0.096061 10.051636 9.137851
1057 1047 0.000488 0.083210 10.047607 9.134189
1058 1048 0.000977 0.052877 10.045776 9.132524
1059 1049 0.001196 0.049457 10.056763 9.142511
1060 1050 0.001691 0.046865 10.043701 9.130637
1061 1051 0.000846 0.042865 10.041260 9.128418
1062 1052 0.001196 0.039736 10.032471 9.120428
1063 1053 0.000691 0.043650 10.031616 9.119651
1064 1054 0.001619 0.049513 10.033081 9.120983
1065 1055 0.001292 0.049169 10.033813 9.121649
1066 1056 0.000977 0.056403 10.040649 9.127863
1067 1057 0.000691 0.069303 10.037964 9.125422
1068 1058 0.001292 0.058338 10.034302 9.122092
1069 1059 0.000488 0.046648 10.022949 9.111772
1070 1060 0.000488 0.049336 10.028931 9.117209
1071 1061 0.000488 0.054934 10.026855 9.115323
1072 1062 0.000488 0.056901 10.020996 9.109997
1073 1063 0.001092 0.050918 10.010742 9.100675
1074 1064 0.000977 0.039704 9.998779 9.089799
1075 1065 0.001092 0.063760 9.978760 9.071600
1076 1066 0.001544 0.076143 9.956055 9.050959
1077 1067 0.002184 0.082313 9.934204 9.031095
1078 1068 0.001196 0.077028 9.907349 9.006680
1079 1069 0.001827 0.080437 9.884033 8.985485
1080 1070 0.000977 0.081681 9.856567 8.960516
1081 1071 0.001465 0.089615 9.826782 8.933438
1082 1072 0.001953 0.068769 9.810791 8.918900
1083 1073 0.000488 0.076251 9.749390 8.863082
1084 1074 0.000977 0.092324 9.703125 8.821023
1085 1075 0.001544 0.087411 9.647095 8.770086
1086 1076 0.001691 0.083848 9.582764 8.711603
1087 1077 0.001891 0.090524 9.504761 8.640692
1088 1078 0.001953 0.111845 9.413330 8.557572
1089 1079 0.001953 0.109676 9.299072 8.453702
1090 1080 0.002719 0.111856 9.158325 8.325750
1091 1081 0.001953 0.113425 8.997437 8.179488
1092 1082 0.001292 0.124611 8.810791 8.009810
1093 1083 0.001953 0.125603 8.642456 7.856778
1094 1084 0.002342 0.111502 8.438110 7.671010
1095 1085 0.002584 0.095273 8.225464 7.477695
1096 1086 0.001381 0.091747 8.005127 7.277388
1097 1087 0.001196 0.100014 7.795898 7.087181
1098 1088 0.001691 0.107109 7.609131 6.917392
1099 1089 0.001827 0.137088 7.439087 6.762806
1100 1090 0.001465 0.159161 7.288940 6.626309
1101 1091 0.001381 0.182421 7.154663 6.504239
1102 1092 0.001953 0.201622 7.033203 6.393821
1103 1093 0.001544 0.211368 6.932617 6.302379
1104 1094 0.002762 0.223861 6.849243 6.226585
1105 1095 0.002719 0.246274 6.797119 6.179199
1106 1096 0.002847 0.237983 6.736816 6.124379
1107 1097 0.004229 0.252089 6.696899 6.088090
1108 1098 0.005144 0.243620 6.625854 6.023504
1109 1099 0.005327 0.248904 6.589478 5.990434
1110 1100 0.004734 0.234200 6.529053 5.935503
1111 1101 0.004395 0.187334 6.472534 5.884122
1112 1102 0.005920 0.232190 6.459717 5.872470
1113 1103 0.005349 0.205558 6.415161 5.831964
1114 1104 0.005304 0.219653 6.425415 5.841286
1115 1105 0.005349 0.213529 6.392578 5.811435
1116 1106 0.006000 0.238836 6.393188 5.811989
1117 1107 0.005327 0.243733 6.422485 5.838623
1118 1108 0.004143 0.244411 6.442505 5.856822
1119 1109 0.004257 0.244286 6.477783 5.888894
1120 1110 0.004395 0.282682 6.513794 5.921631
1121 1111 0.004229 0.290060 6.554321 5.958474
1122 1112 0.002584 0.251748 6.598633 5.998757
1123 1113 0.002184 0.239917 6.652100 6.047363
1124 1114 0.003239 0.237594 6.692749 6.084317
1125 1115 0.002584 0.234323 6.755127 6.141025
1126 1116 0.002719 0.215603 6.822632 6.202393
1127 1117 0.002392 0.192608 6.877075 6.251886
1128 1118 0.003164 0.193835 6.967407 6.334007
1129 1119 0.002584 0.180181 7.029175 6.390159
1130 1120 0.002674 0.140490 7.139282 6.490257
1131 1121 0.003686 0.142264 7.259399 6.599454
1132 1122 0.002674 0.139150 7.363647 6.694225
1133 1123 0.003088 0.140105 7.499268 6.817516
1134 1124 0.002970 0.123748 7.621948 6.929044
1135 1125 0.002930 0.122696 7.769653 7.063321
1136 1126 0.002584 0.123079 7.922974 7.202703
1137 1127 0.002537 0.119538 8.060913 7.328103
1138 1128 0.002805 0.110594 8.217407 7.470370
1139 1129 0.003010 0.112755 8.372437 7.611306
1140 1130 0.002184 0.122342 8.524902 7.749911
1141 1131 0.001953 0.126496 8.683838 7.894398
1142 1132 0.002584 0.130772 8.818970 8.017245
1143 1133 0.002128 0.136816 8.970459 8.154963
1144 1134 0.001953 0.153838 9.111206 8.282914
1145 1135 0.001691 0.144267 9.244629 8.404208
1146 1136 0.001465 0.161078 9.375977 8.523615
1147 1137 0.000691 0.158278 9.497559 8.634144
1148 1138 0.001381 0.159165 9.611084 8.737350
1149 1139 0.000691 0.151271 9.719727 8.836115
1150 1140 0.001092 0.139338 9.826538 8.933216
1151 1141 0.001092 0.132783 9.922729 9.020663
1152 1142 0.000691 0.118720 10.023193 9.111994
1153 1143 0.001827 0.106216 10.104736 9.186124
1154 1144 0.001292 0.085305 10.186279 9.260254
1155 1145 0.001381 0.080445 10.258301 9.325728
1156 1146 0.000000 0.071151 10.319092 9.380993
1157 1147 0.001092 0.061312 10.376221 9.432928
1158 1148 0.001196 0.059302 10.431396 9.483088
1159 1149 0.000691 0.059498 10.472656 9.520597
1160 1150 0.001381 0.068239 10.504028 9.549117
1161 1151 0.001953 0.065535 10.538574 9.580522
1162 1152 0.000977 0.076935 10.566650 9.606046
1163 1153 0.001381 0.082922 10.595215 9.632013
1164 1154 0.000977 0.066549 10.607178 9.642889
1165 1155 0.001092 0.058855 10.631592 9.665084
1166 1156 0.000691 0.054597 10.637207 9.670188
1167 1157 0.001196 0.042964 10.650024 9.681840
1168 1158 0.000691 0.045778 10.661377 9.692161
1169 1159 0.001092 0.047959 10.669556 9.699596
1170 1160 0.000488 0.054345 10.681274 9.710250
1171 1161 0.001292 0.059574 10.682129 9.711026
1172 1162 0.000977 0.078592 10.676270 9.705700
1173 1163 0.001891 0.092061 10.682617 9.711471
1174 1164 0.001465 0.106294 10.693481 9.721347
1175 1165 0.001691 0.127827 10.699463 9.726785
1176 1166 0.002490 0.110599 10.727295 9.752087
1177 1167 0.002762 0.134223 10.744995 9.768177
1178 1168 0.002674 0.118583 10.767578 9.788708
1179 1169 0.002290 0.109611 10.797363 9.815784
1180 1170 0.002238 0.102635 10.834229 9.849298
1181 1171 0.002072 0.101334 10.877686 9.888805
1182 1172 0.001691 0.075732 10.929077 9.935525
1183 1173 0.001619 0.088227 10.972778 9.975253
1184 1174 0.001544 0.060869 11.019409 10.017645
1185 1175 0.002013 0.053978 11.065063 10.059149
1186 1176 0.000691 0.051583 11.109863 10.099875
1187 1177 0.000488 0.052680 11.160400 10.145819
1188 1178 0.001544 0.049725 11.206665 10.187878
1189 1179 0.001196 0.052080 11.255249 10.232044
1190 1180 0.001196 0.051671 11.306396 10.278543
1191 1181 0.001092 0.062634 11.351807 10.319824
1192 1182 0.001196 0.067380 11.400146 10.363770
1193 1183 0.000691 0.063347 11.449829 10.408936
1194 1184 0.000977 0.083505 11.507446 10.461315
1195 1185 0.002072 0.088308 11.569458 10.517689
1196 1186 0.001381 0.105107 11.632080 10.574618
1197 1187 0.000691 0.101727 11.697266 10.633878
1198 1188 0.001381 0.112398 11.755737 10.687034
1199 1189 0.000488 0.117343 11.820679 10.746072
1200 1190 0.000977 0.128203 11.877930 10.798118
1201 1191 0.001381 0.136451 11.947754 10.861594
1202 1192 0.000977 0.149008 12.011963 10.919967
1203 1193 0.000846 0.148798 12.078735 10.980668
1204 1194 0.000977 0.159748 12.145752 11.041593
1205 1195 0.000977 0.154576 12.215088 11.104626
1206 1196 0.002290 0.155269 12.276978 11.160889
1207 1197 0.001761 0.152539 12.333496 11.212269
1208 1198 0.001544 0.150834 12.394897 11.268088
1209 1199 0.002537 0.140830 12.453003 11.320911
1210 1200 0.000691 0.126751 12.509399 11.372181
1211 1201 0.002013 0.119839 12.563477 11.421342
1212 1202 0.002184 0.112208 12.622070 11.474609
1213 1203 0.002184 0.123189 12.669922 11.518111
1214 1204 0.001891 0.120593 12.713013 11.557284
1215 1205 0.002290 0.097439 12.755981 11.596347
1216 1206 0.001953 0.094767 12.805420 11.641291
1217 1207 0.001891 0.090567 12.851074 11.682795
1218 1208 0.003202 0.102879 12.894653 11.722412
1219 1209 0.001827 0.075548 12.920044 11.745495
1220 1210 0.001691 0.075493 12.946655 11.769687
1221 1211 0.001953 0.063268 12.969482 11.790439
1222 1212 0.002072 0.050365 12.993408 11.812189
1223 1213 0.001891 0.042519 13.030640 11.846036
1224 1214 0.001619 0.051780 13.064209 11.876554
1225 1215 0.001891 0.055720 13.094116 11.903742
1226 1216 0.002537 0.064523 13.119629 11.926935
1227 1217 0.002584 0.075494 13.144409 11.949463
1228 1218 0.003010 0.068997 13.171753 11.974320
1229 1219 0.001092 0.047418 13.222656 12.020597
1230 1220 0.001196 0.062673 13.272095 12.065540
1231 1221 0.001292 0.071400 13.325317 12.113925
1232 1222 0.000977 0.112765 13.376465 12.160422
1233 1223 0.003312 0.126534 13.421753 12.201593
1234 1224 0.001196 0.137832 13.462646 12.238770
1235 1225 0.001381 0.151969 13.500854 12.273504
1236 1226 0.001827 0.153436 13.538574 12.307795
1237 1227 0.000977 0.178412 13.576416 12.342196
1238 1228 0.001465 0.160745 13.619019 12.380926
1239 1229 0.001292 0.141365 13.647949 12.407227
1240 1230 0.001381 0.140639 13.678955 12.435413
1241 1231 0.001953 0.136986 13.702026 12.456388
1242 1232 0.001891 0.103541 13.722290 12.474809
1243 1233 0.002930 0.091102 13.754150 12.503773
1244 1234 0.001381 0.097680 13.786987 12.533625
1245 1235 0.001544 0.125228 13.822632 12.566029
1246 1236 0.001691 0.131376 13.861572 12.601429
1247 1237 0.000846 0.113623 13.913818 12.648926
1248 1238 0.001196 0.155043 13.963013 12.693648
1249 1239 0.001092 0.167926 14.023926 12.749023
1250 1240 0.001196 0.196236 14.077637 12.797852
1251 1241 0.000488 0.172334 14.136841 12.851673
1252 1242 0.001292 0.209932 14.200317 12.909379
1253 1243 0.000977 0.232554 14.248901 12.953547
1254 1244 0.000691 0.238165 14.297241 12.997492
1255 1245 0.002184 0.243315 14.348999 13.044544
1256 1246 0.001953 0.282993 14.399170 13.090155
1257 1247 0.002290 0.322251 14.443115 13.130105
1258 1248 0.000691 0.350714 14.492554 13.175049
1259 1249 0.000977 0.352761 14.527100 13.206454
1260 1250 0.001691 0.367018 14.572998 13.248180
1261 1251 0.001953 0.392687 14.598999 13.271817
1262 1252 0.001891 0.386928 14.629883 13.299893
1263 1253 0.002537 0.387547 14.657715 13.325195
1264 1254 0.001827 0.381843 14.691284 13.355713
1265 1255 0.002629 0.374941 14.715698 13.377908
1266 1256 0.001381 0.342163 14.728760 13.389782
1267 1257 0.001196 0.338584 14.744629 13.404208
1268 1258 0.001465 0.291080 14.743774 13.403431
1269 1259 0.001196 0.283287 14.752930 13.411755
1270 1260 0.001196 0.254535 14.750732 13.409757
1271 1261 0.000977 0.232018 14.758911 13.417192
1272 1262 0.001381 0.239991 14.765991 13.423629
1273 1263 0.001092 0.233998 14.765747 13.423407
1274 1264 0.000488 0.228718 14.754639 13.413308
1275 1265 0.000846 0.213258 14.745850 13.405318
1276 1266 0.001092 0.214056 14.741821 13.401656
1277 1267 0.002719 0.184144 14.734863 13.395330
1278 1268 0.001381 0.189572 14.731689 13.392445
1279 1269 0.000977 0.171473 14.714233 13.376575
1280 1270 0.001891 0.177844 14.700439 13.364036
1281 1271 0.001465 0.176744 14.692993 13.357266
1282 1272 0.001761 0.166768 14.677612 13.343284
1283 1273 0.001619 0.148444 14.673584 13.339622
1284 1274 0.000977 0.159924 14.673096 13.339178
1285 1275 0.002238 0.153056 14.671021 13.337292
1286 1276 0.001196 0.140768 14.668823 13.335294
1287 1277 0.000977 0.134646 14.658325 13.325750
1288 1278 0.000488 0.126743 14.644653 13.313321
1289 1279 0.002392 0.132218 14.644043 13.312766
1290 1280 0.000000 0.112851 14.636475 13.305886
1291 1281 0.001544 0.121599 14.626099 13.296453
1292 1282 0.001544 0.072544 14.614014 13.285467
1293 1283 0.001381 0.080673 14.602783 13.275257
1294 1284 0.000691 0.087069 14.594360 13.267600
1295 1285 0.001691 0.088272 14.582642 13.256947
1296 1286 0.001196 0.087361 14.579834 13.254395
1297 1287 0.001292 0.105036 14.566528 13.242298
1298 1288 0.003088 0.120360 14.559692 13.236084
1299 1289 0.003127 0.133395 14.555054 13.231867
1300 1290 0.001196 0.136722 14.556030 13.232755
1301 1291 0.001691 0.143347 14.557495 13.234086
1302 1292 0.001761 0.159945 14.542358 13.220325
1303 1293 0.001619 0.158982 14.526001 13.205456
1304 1294 0.002072 0.153232 14.509888 13.190807
1305 1295 0.001292 0.152544 14.500488 13.182262
1306 1296 0.001465 0.147246 14.481812 13.165283
1307 1297 0.002013 0.143707 14.480835 13.164395
1308 1298 0.001953 0.120097 14.473145 13.157404
1309 1299 0.001292 0.139175 14.460693 13.146085
1310 1300 0.001381 0.136304 14.439819 13.127109
1311 1301 0.000977 0.145283 14.426758 13.115234
1312 1302 0.001092 0.134568 14.433228 13.121116
1313 1303 0.001619 0.133511 14.440918 13.128107
1314 1304 0.000691 0.110057 14.447510 13.134100
1315 1305 0.000846 0.124368 14.449463 13.135876
1316 1306 0.001381 0.100147 14.461670 13.146973
1317 1307 0.000846 0.111463 14.467407 13.152188
1318 1308 0.001292 0.082291 14.480225 13.163840
1319 1309 0.000691 0.081012 14.489990 13.172718
1320 1310 0.000000 0.068525 14.509155 13.190141
1321 1311 0.000846 0.054343 14.518555 13.198686
1322 1312 0.000000 0.048343 14.522827 13.202570
1323 1313 0.000000 0.055996 14.527588 13.206898
1324 1314 0.000488 0.055546 14.527832 13.207120
1325 1315 0.000691 0.045059 14.538330 13.216663
1326 1316 0.000691 0.056511 14.532349 13.211226
1327 1317 0.000691 0.063396 14.527832 13.207120
1328 1318 0.000691 0.051717 14.516968 13.197244
1329 1319 0.000488 0.054433 14.512329 13.193027
1330 1320 0.000691 0.062734 14.503540 13.185037
1331 1321 0.001196 0.047723 14.499634 13.181485
1332 1322 0.001196 0.052859 14.507446 13.188587
1333 1323 0.001381 0.042959 14.508667 13.189697
1334 1324 0.001381 0.067666 14.520630 13.200573
1335 1325 0.000691 0.074326 14.509399 13.190363
1336 1326 0.001465 0.107731 14.501953 13.183594
1337 1327 0.001827 0.110134 14.494263 13.176602
1338 1328 0.001465 0.106062 14.494141 13.176492
1339 1329 0.001691 0.139066 14.485107 13.168280
1340 1330 0.001827 0.152814 14.474487 13.158625
1341 1331 0.001292 0.166138 14.455933 13.141757
1342 1332 0.000846 0.182290 14.429932 13.118119
1343 1333 0.000977 0.192949 14.401245 13.092041
1344 1334 0.001465 0.200469 14.375244 13.068404
1345 1335 0.001381 0.191011 14.356567 13.051425
1346 1336 0.000691 0.195163 14.340210 13.036554
1347 1337 0.000977 0.149845 14.328613 13.026012
1348 1338 0.000846 0.114027 14.314941 13.013583
1349 1339 0.000977 0.087991 14.304077 13.003707
1350 1340 0.001691 0.062738 14.291992 12.992721
1351 1341 0.001292 0.040172 14.290527 12.991388
1352 1342 0.000846 0.052512 14.292603 12.993275
1353 1343 0.001691 0.083064 14.295776 12.996161
1354 1344 0.001691 0.111444 14.294067 12.994607
1355 1345 0.002805 0.125408 14.293213 12.993830
1356 1346 0.002930 0.152829 14.292236 12.992942
1357 1347 0.001953 0.142107 14.283325 12.984841
1358 1348 0.001544 0.116571 14.271606 12.974188
1359 1349 0.003164 0.104913 14.259155 12.962869
1360 1350 0.002238 0.107553 14.258179 12.961981
1361 1351 0.002629 0.089410 14.248291 12.952991
1362 1352 0.002290 0.076438 14.231445 12.937677
1363 1353 0.001465 0.049779 14.226440 12.933127
1364 1354 0.001827 0.039055 14.221313 12.928467
1365 1355 0.001953 0.019885 14.225586 12.932351
1366 1356 0.001381 0.011216 14.234131 12.940119
1367 1357 0.000000 0.036710 14.245850 12.950772
1368 1358 0.003782 0.070292 14.256592 12.960538
1369 1359 0.000977 0.069484 14.273315 12.975741
1370 1360 0.002762 0.088455 14.288818 12.989835
1371 1361 0.001953 0.105070 14.303345 13.003040
1372 1362 0.000488 0.113832 14.317993 13.016357
1373 1363 0.000000 0.126927 14.329834 13.027122
1374 1364 0.000977 0.118454 14.330200 13.027454
1375 1365 0.002072 0.117719 14.334595 13.031449
1376 1366 0.001544 0.145626 14.339233 13.035666
1377 1367 0.001544 0.139773 14.346802 13.042547
1378 1368 0.001381 0.143655 14.364624 13.058749
1379 1369 0.002392 0.118803 14.376465 13.069513
1380 1370 0.001953 0.119311 14.382568 13.075062
1381 1371 0.001953 0.102910 14.399780 13.090710
1382 1372 0.001544 0.094047 14.423462 13.112238
1383 1373 0.001691 0.074717 14.447144 13.133767
1384 1374 0.001196 0.062080 14.475830 13.159845
1385 1375 0.000000 0.055861 14.500488 13.182262
1386 1376 0.001619 0.085813 14.520264 13.200240
1387 1377 0.001465 0.097032 14.546997 13.224543
1388 1378 0.001092 0.129277 14.567261 13.242965
1389 1379 0.001381 0.147424 14.584473 13.258612
1390 1380 0.001196 0.129828 14.598755 13.271595
1391 1381 0.001092 0.123652 14.609375 13.281250
1392 1382 0.000977 0.118038 14.621460 13.292236
1393 1383 0.001691 0.115614 14.629150 13.299228
1394 1384 0.000691 0.122435 14.645020 13.313654
1395 1385 0.000977 0.122147 14.655396 13.323087
1396 1386 0.000691 0.090020 14.665894 13.332630
1397 1387 0.000846 0.089228 14.674805 13.340732
1398 1388 0.000691 0.080065 14.682007 13.347279
1399 1389 0.000000 0.069951 14.696899 13.360818
1400 1390 0.000488 0.075898 14.716553 13.378684
1401 1391 0.000000 0.053441 14.731323 13.392112
1402 1392 0.000000 0.059547 14.744629 13.404208
1403 1393 0.001465 0.058828 14.766846 13.424405
1404 1394 0.001381 0.053605 14.786987 13.442716
1405 1395 0.001381 0.067276 14.812622 13.466020
1406 1396 0.000488 0.070019 14.851074 13.500977
1407 1397 0.000000 0.086325 14.875000 13.522727
1408 1398 0.000488 0.086457 14.894897 13.540816
1409 1399 0.000977 0.086058 14.912842 13.557129
1410 1400 0.000488 0.092363 14.938599 13.580544
1411 1401 0.001092 0.130332 14.977539 13.615945
1412 1402 0.001381 0.121972 15.002319 13.638473
1413 1403 0.002490 0.110566 15.001587 13.637806
1414 1404 0.002392 0.109123 14.991577 13.628707
1415 1405 0.002290 0.086836 14.986938 13.624490
1416 1406 0.001953 0.090845 14.981567 13.619607
1417 1407 0.001196 0.080458 14.977905 13.616278
1418 1408 0.001544 0.073036 14.978271 13.616611
1419 1409 0.001544 0.064081 14.973267 13.612061
1420 1410 0.000488 0.046152 14.969849 13.608953
1421 1411 0.001381 0.044660 14.962524 13.602295
1422 1412 0.000691 0.062606 14.964478 13.604071
1423 1413 0.001196 0.077119 14.975220 13.613836
1424 1414 0.000000 0.077376 14.990723 13.627930
1425 1415 0.000691 0.082299 14.986938 13.624490
1426 1416 0.001381 0.081070 14.976074 13.614613
1427 1417 0.001381 0.106820 14.972656 13.611506
1428 1418 0.000846 0.126260 14.972778 13.611617
1429 1419 0.000000 0.130494 14.975220 13.613836
1430 1420 0.001953 0.151843 14.960571 13.600519
1431 1421 0.001196 0.151518 14.946289 13.587536
1432 1422 0.001891 0.133218 14.923950 13.567227
1433 1423 0.001292 0.136988 14.910156 13.554688
1434 1424 0.001196 0.144744 14.899170 13.544700
1435 1425 0.001381 0.149569 14.896362 13.542148
1436 1426 0.000977 0.152889 14.892334 13.538486
1437 1427 0.000691 0.154616 14.888184 13.534713
1438 1428 0.001196 0.134266 14.878540 13.525946
1439 1429 0.000846 0.128222 14.865356 13.513961
1440 1430 0.000000 0.114088 14.862183 13.511075
1441 1431 0.000488 0.095178 14.857056 13.506414
1442 1432 0.000977 0.083278 14.855469 13.504972
1443 1433 0.000977 0.079818 14.849731 13.499756
1444 1434 0.000977 0.089109 14.859253 13.508411
1445 1435 0.000691 0.081774 14.865845 13.514404
1446 1436 0.000000 0.101929 14.879272 13.526611
1447 1437 0.001196 0.098665 14.882202 13.529275
1448 1438 0.001691 0.144886 14.905762 13.550693
1449 1439 0.000691 0.169591 14.920898 13.564453
1450 1440 0.001544 0.217930 14.944702 13.586093
1451 1441 0.001196 0.232761 14.951050 13.591864
1452 1442 0.000488 0.271173 14.961914 13.601740
1453 1443 0.001465 0.313674 14.971069 13.610063
1454 1444 0.002184 0.297135 14.960571 13.600519
1455 1445 0.000691 0.316268 14.954224 13.594748
1456 1446 0.001196 0.298231 14.950195 13.591086
1457 1447 0.001092 0.313524 14.958862 13.598966
1458 1448 0.002184 0.261001 14.941284 13.582986
1459 1449 0.001381 0.279637 14.937256 13.579324
1460 1450 0.001619 0.240414 14.913818 13.558017
1461 1451 0.000691 0.223624 14.898071 13.543701
1462 1452 0.000691 0.185629 14.879028 13.526389
1463 1453 0.001381 0.176265 14.867188 13.515625
1464 1454 0.000691 0.206256 14.846802 13.497092
1465 1455 0.001196 0.198281 14.825439 13.477673
1466 1456 0.000000 0.198878 14.794189 13.449264
1467 1457 0.001381 0.204788 14.765381 13.423074
1468 1458 0.000977 0.254901 14.759277 13.417525
1469 1459 0.001092 0.256276 14.737549 13.397772
1470 1460 0.000691 0.276738 14.713501 13.375910
1471 1461 0.001544 0.298150 14.668701 13.335183
1472 1462 0.000691 0.307709 14.615234 13.286576
1473 1463 0.001292 0.291026 14.552002 13.229093
1474 1464 0.001092 0.269418 14.489380 13.172164
1475 1465 0.001292 0.274959 14.407104 13.097367
1476 1466 0.001196 0.248693 14.304565 13.004150
1477 1467 0.001691 0.206590 14.183105 12.893732
1478 1468 0.001196 0.166873 14.031006 12.755460
1479 1469 0.000691 0.115577 13.878174 12.616522
1480 1470 0.001196 0.077886 13.709351 12.463046
1481 1471 0.001953 0.041525 13.551392 12.319447
1482 1472 0.001196 0.032421 13.398193 12.180176
1483 1473 0.001953 0.026089 13.213623 12.012384
1484 1474 0.001827 0.050279 13.023071 11.839156
1485 1475 0.000977 0.063560 12.844604 11.676913
1486 1476 0.000977 0.051501 12.664062 11.512784
1487 1477 0.000691 0.043542 12.462036 11.329123
1488 1478 0.000488 0.047731 12.233765 11.121604
1489 1479 0.000488 0.056989 11.995728 10.905207
1490 1480 0.000691 0.071812 11.757080 10.688254
1491 1481 0.001092 0.075208 11.504395 10.458541
1492 1482 0.001092 0.110499 11.216675 10.196977
1493 1483 0.001465 0.123844 10.933105 9.939187
1494 1484 0.001196 0.134715 10.628906 9.662642
1495 1485 0.001544 0.128570 10.308105 9.371005
1496 1486 0.001196 0.137507 9.973389 9.066717
1497 1487 0.001092 0.140216 9.643311 8.766646
1498 1488 0.001465 0.129669 9.328491 8.480447
1499 1489 0.001761 0.108488 9.010864 8.191695
1500 1490 0.002013 0.079440 8.693237 7.902943
1501 1491 0.002290 0.067081 8.377197 7.615634
1502 1492 0.003164 0.075047 8.071289 7.337535
1503 1493 0.003010 0.069505 7.772827 7.066206
1504 1494 0.003010 0.073281 7.485107 6.804643
1505 1495 0.002537 0.083354 7.203613 6.548739
1506 1496 0.002889 0.080727 6.955688 6.323353
1507 1497 0.003312 0.107577 6.727173 6.115612
1508 1498 0.003588 0.101364 6.520020 5.927290
1509 1499 0.005236 0.126410 6.329712 5.754283
1510 1500 0.006291 0.134891 6.160645 5.600586
1511 1501 0.005459 0.127085 6.000610 5.455101
1512 1502 0.005798 0.128562 5.866577 5.333252
1513 1503 0.004658 0.115627 5.752686 5.229714
1514 1504 0.006310 0.139184 5.657593 5.143266
1515 1505 0.009766 0.217577 5.562256 5.056596
1516 1506 0.011430 0.231083 5.471436 4.974032
1517 1507 0.011368 0.224521 5.392212 4.902011
1518 1508 0.010787 0.216173 5.314087 4.830988
1519 1509 0.010787 0.245728 5.252197 4.774725
1520 1510 0.009680 0.235337 5.192139 4.720126
1521 1511 0.011049 0.245497 5.151611 4.683283
1522 1512 0.011156 0.248572 5.129395 4.663086
1523 1513 0.014016 0.269530 5.114990 4.649991
1524 1514 0.013292 0.247869 5.119995 4.654541
1525 1515 0.009766 0.232756 5.150635 4.682395
1526 1516 0.009518 0.240093 5.187378 4.715798
1527 1517 0.009252 0.241022 5.231934 4.756303
1528 1518 0.012000 0.260273 5.286865 4.806241
1529 1519 0.006605 0.253724 5.343262 4.857511
1530 1520 0.007564 0.255504 5.415771 4.923429
1531 1521 0.006801 0.249101 5.492188 4.992898
1532 1522 0.005900 0.266375 5.565430 5.059482
1533 1523 0.004931 0.287237 5.653931 5.139937
1534 1524 0.003088 0.277454 5.736572 5.215065
1535 1525 0.003239 0.277005 5.827148 5.297408
1536 1526 0.002930 0.267370 5.916504 5.378640
1537 1527 0.003967 0.262154 6.017578 5.470526
1538 1528 0.007873 0.253808 6.118896 5.562633
1539 1529 0.002930 0.208175 6.227051 5.660955
1540 1530 0.003555 0.202156 6.329956 5.754506
1541 1531 0.003997 0.200532 6.441162 5.855602
1542 1532 0.004285 0.163544 6.554199 5.958363
1543 1533 0.006040 0.121251 6.663208 6.057462
1544 1534 0.005349 0.162813 6.778809 6.162553
1545 1535 0.004784 0.183480 6.885742 6.259766
1546 1536 0.004980 0.196293 7.000610 6.364191
1547 1537 0.003937 0.196813 7.103394 6.457631
1548 1538 0.003453 0.202593 7.211426 6.555841
1549 1539 0.002930 0.211828 7.309937 6.645397
1550 1540 0.002847 0.219323 7.412720 6.738836
1551 1541 0.002441 0.214844 7.511719 6.828835
1552 1542 0.002584 0.246534 7.609985 6.918169
1553 1543 0.002072 0.260806 7.706909 7.006281
1554 1544 0.000977 0.262049 7.800537 7.091397
1555 1545 0.002184 0.245391 7.896729 7.178844
1556 1546 0.001292 0.265522 7.992920 7.266291
1557 1547 0.001827 0.273154 8.089722 7.354292
1558 1548 0.002184 0.263464 8.180176 7.436523
1559 1549 0.004085 0.265025 8.273438 7.521307
1560 1550 0.002490 0.291084 8.348145 7.589222
1561 1551 0.003088 0.300494 8.406128 7.641934
1562 1552 0.002584 0.277261 8.443481 7.675892
1563 1553 0.002762 0.297843 8.467529 7.697754
1564 1554 0.002805 0.281748 8.473877 7.703525
1565 1555 0.001891 0.287382 8.464233 7.694757
1566 1556 0.002072 0.271564 8.430054 7.663685
1567 1557 0.002584 0.266423 8.376099 7.614635
1568 1558 0.002342 0.265744 8.307617 7.552379
1569 1559 0.002719 0.248921 8.221558 7.474144
1570 1560 0.001691 0.197938 8.132935 7.393577
1571 1561 0.000488 0.162437 8.046875 7.315341
1572 1562 0.001691 0.173717 7.967651 7.243320
1573 1563 0.001381 0.144577 7.881714 7.165195
1574 1564 0.001691 0.132515 7.790894 7.082631
1575 1565 0.001827 0.130904 7.696777 6.997070
1576 1566 0.002013 0.154994 7.611206 6.919278
1577 1567 0.002072 0.161444 7.533569 6.848700
1578 1568 0.001953 0.150045 7.457397 6.779452
1579 1569 0.001953 0.150918 7.388550 6.716864
1580 1570 0.003588 0.109194 7.319092 6.653720
1581 1571 0.003239 0.152832 7.253296 6.593905
1582 1572 0.002072 0.146595 7.196655 6.542414
1583 1573 0.002584 0.140159 7.156860 6.506237
1584 1574 0.002584 0.141312 7.136597 6.487815
1585 1575 0.002889 0.140787 7.131226 6.482933
1586 1576 0.002762 0.153186 7.125854 6.478050
1587 1577 0.003239 0.164281 7.124878 6.477162
1588 1578 0.002805 0.176107 7.130615 6.482378
1589 1579 0.003686 0.163180 7.143921 6.494473
1590 1580 0.002072 0.185073 7.175537 6.523216
