10 0 0.004056 0.023127 1.983223 1.802930
11 1 0.004285 0.021480 2.126309 1.933008
12 2 0.004143 0.015252 2.262142 2.056493
13 3 0.003383 0.039587 2.392069 2.174608
14 4 0.003876 0.045795 2.519156 2.290142
15 5 0.003751 0.053230 2.643861 2.403510
16 6 0.004056 0.058455 2.768438 2.516762
17 7 0.004085 0.071840 2.895061 2.631874
18 8 0.004312 0.064220 3.027321 2.752110
19 9 0.005503 0.066796 3.161983 2.874531
20 10 0.005481 0.058758 3.301869 3.001699
21 11 0.004528 0.058979 3.458311 3.143919
22 12 0.004554 0.056864 3.628403 3.298548
23 13 0.004809 0.054424 3.807008 3.460916
24 14 0.004285 0.054582 3.995807 3.632552
25 15 0.004114 0.054980 4.195102 3.813729
26 16 0.003906 0.051233 4.404866 4.004424
27 17 0.004085 0.063594 4.627497 4.206815
28 18 0.003845 0.055548 4.855162 4.413784
29 19 0.003383 0.088765 5.094316 4.631196
30 20 0.003521 0.086830 5.335626 4.850569
31 21 0.003967 0.101960 5.580175 5.072887
32 22 0.003621 0.093873 5.827864 5.298058
33 23 0.003383 0.105294 6.070926 5.519024
34 24 0.003719 0.098567 6.315001 5.740911
35 25 0.003845 0.112189 6.554842 5.958947
36 26 0.002674 0.112694 6.786128 6.169207
37 27 0.002184 0.112304 7.008708 6.371553
38 28 0.001465 0.135619 7.214122 6.558292
39 29 0.001691 0.116421 7.397054 6.724594
40 30 0.001619 0.118180 7.560268 6.872971
41 31 0.001381 0.116535 7.699060 6.999146
42 32 0.001761 0.122662 7.818621 7.107837
43 33 0.001827 0.117558 7.922507 7.202280
44 34 0.002392 0.120013 8.006457 7.278597
45 35 0.002930 0.106038 8.077344 7.343040
46 36 0.002805 0.103813 8.132635 7.393305
47 37 0.002847 0.101406 8.176329 7.433026
48 38 0.002847 0.088369 8.214033 7.467303
49 39 0.002805 0.094033 8.247381 7.497619
50 40 0.002537 0.104639 8.278751 7.526138
51 41 0.002719 0.089060 8.310097 7.554634
52 42 0.002128 0.088437 8.336506 7.578642
53 43 0.002490 0.085290 8.360655 7.600595
54 44 0.000977 0.092637 8.379436 7.617670
55 45 0.000691 0.080927 8.396051 7.632774
56 46 0.000488 0.073493 8.418509 7.653190
57 47 0.001761 0.055394 8.427551 7.661410
58 48 0.002629 0.041188 8.425896 7.659905
59 49 0.002072 0.027213 8.417219 7.652018
60 50 0.001465 0.012456 8.402266 7.638423
61 51 0.000846 0.010789 8.393715 7.630650
62 52 0.001691 0.014917 8.384771 7.622519
63 53 0.000846 0.017724 8.374899 7.613544
64 54 0.002013 0.026712 8.367945 7.607223
65 55 0.001292 0.023665 8.352541 7.593219
66 56 0.003312 0.030903 8.323490 7.566809
67 57 0.002762 0.037914 8.290993 7.537266
68 58 0.004257 0.038260 8.259636 7.508760
69 59 0.003418 0.040956 8.230148 7.481953
70 60 0.002674 0.035112 8.207527 7.461388
71 61 0.003088 0.035334 8.179104 7.435549
72 62 0.002970 0.038384 8.155693 7.414267
73 63 0.003164 0.045220 8.144142 7.403766
74 64 0.003010 0.046580 8.148472 7.407701
75 65 0.004683 0.057584 8.177490 7.434082
76 66 0.001827 0.044474 8.231262 7.482965
77 67 0.002847 0.051030 8.311054 7.555504
78 68 0.002342 0.049174 8.415451 7.650410
79 69 0.002128 0.047160 8.539726 7.763388
80 70 0.002537 0.055191 8.678913 7.889921
81 71 0.001691 0.056895 8.835575 8.032341
82 72 0.002013 0.065507 9.001965 8.183604
83 73 0.001691 0.066249 9.169613 8.336012
84 74 0.002072 0.084392 9.332039 8.483672
85 75 0.001544 0.078102 9.491188 8.628353
86 76 0.001381 0.088024 9.643822 8.767111
87 77 0.001544 0.083176 9.786728 8.897025
88 78 0.000846 0.087492 9.919403 9.017639
89 79 0.000977 0.091367 10.033260 9.121146
90 80 0.000977 0.091479 10.127522 9.206838
91 81 0.000691 0.086334 10.201164 9.273786
92 82 0.000691 0.083516 10.258926 9.326297
93 83 0.000691 0.096326 10.300293 9.363903
94 84 0.000488 0.086194 10.326172 9.387429
95 85 0.001381 0.093831 10.334431 9.394937
96 86 0.001381 0.092448 10.328976 9.389977
97 87 0.000977 0.086579 10.309555 9.372323
98 88 0.000000 0.087170 10.279839 9.345307
99 89 0.000000 0.083094 10.247162 9.315601
100 90 0.000488 0.083238 10.217770 9.288881
101 91 0.000691 0.079139 10.185932 9.259938
102 92 0.001691 0.082339 10.147224 9.224750
103 93 0.001761 0.099355 10.103714 9.185195
104 94 0.001691 0.103023 10.059013 9.144558
105 95 0.001691 0.093416 10.015045 9.104587
106 96 0.000488 0.100149 9.967964 9.061786
107 97 0.001381 0.091807 9.926781 9.024346
108 98 0.000691 0.095939 9.894165 8.994696
109 99 0.001196 0.100182 9.864166 8.967423
110 100 0.003347 0.084886 9.825577 8.932343
111 101 0.000000 0.083793 9.775452 8.886774
112 102 0.000691 0.094608 9.728371 8.843973
113 103 0.001292 0.076370 9.691368 8.810334
114 104 0.001544 0.064147 9.661026 8.782751
115 105 0.002013 0.084087 9.630196 8.754724
116 106 0.002762 0.088007 9.603096 8.730087
117 107 0.002128 0.066884 9.578247 8.707498
118 108 0.002930 0.081765 9.540558 8.673234
119 109 0.001827 0.086945 9.505188 8.641080
120 110 0.002290 0.103242 9.474144 8.612858
121 111 0.001891 0.069809 9.455414 8.595831
122 112 0.001092 0.087950 9.437454 8.579504
123 113 0.000977 0.074505 9.417801 8.561637
124 114 0.000977 0.073153 9.400177 8.545615
125 115 0.000846 0.060702 9.377731 8.525210
126 116 0.000977 0.061319 9.359184 8.508349
127 117 0.001761 0.061265 9.339417 8.490378
128 118 0.001292 0.034406 9.321045 8.473678
129 119 0.001381 0.017771 9.307281 8.461165
130 120 0.001196 0.037365 9.289825 8.445296
131 121 0.002238 0.066488 9.272202 8.429275
132 122 0.002184 0.040479 9.249825 8.408932
133 123 0.003686 0.041638 9.228828 8.389844
134 124 0.004784 0.060168 9.211372 8.373975
135 125 0.003164 0.048722 9.199730 8.363391
136 126 0.002490 0.027184 9.177284 8.342986
137 127 0.004834 0.045810 9.149529 8.317753
138 128 0.005437 0.042616 9.129028 8.299117
139 129 0.004580 0.048244 9.107445 8.279495
140 130 0.001891 0.039582 9.093323 8.266657
141 131 0.004200 0.050077 9.079681 8.254256
142 132 0.002674 0.038393 9.077942 8.252674
143 133 0.002128 0.046151 9.076576 8.251433
144 134 0.002490 0.068300 9.062698 8.238816
145 135 0.002072 0.043684 9.045769 8.223426
146 136 0.001544 0.050460 9.034233 8.212939
147 137 0.000691 0.065175 9.025131 8.204665
148 138 0.000000 0.054324 9.017723 8.197930
149 139 0.000977 0.055044 9.010651 8.191501
150 140 0.002537 0.058590 9.006180 8.187436
151 141 0.000000 0.064213 9.006111 8.187374
152 142 0.002128 0.061631 8.993271 8.175701
153 143 0.001196 0.065458 8.979126 8.162842
154 144 0.000000 0.062713 8.971458 8.155871
155 145 0.001196 0.070895 8.971001 8.155456
156 146 0.000691 0.066090 8.971794 8.156177
157 147 0.001691 0.074272 8.975510 8.159554
158 148 0.000977 0.076380 8.976387 8.160352
159 149 0.000691 0.080768 8.973793 8.157993
160 150 0.001292 0.077904 8.968498 8.153180
161 151 0.001544 0.073063 8.962006 8.147278
162 152 0.000691 0.074073 8.963760 8.148873
163 153 0.000691 0.074935 8.961174 8.146522
164 154 0.001196 0.071688 8.964500 8.149546
165 155 0.000488 0.074357 8.961472 8.146792
166 156 0.001953 0.071104 8.956703 8.142457
167 157 0.000977 0.067132 8.952362 8.138511
168 158 0.001196 0.055489 8.944199 8.131089
169 159 0.001092 0.055725 8.938988 8.126352
170 160 0.001465 0.054943 8.932114 8.120103
171 161 0.001196 0.056348 8.924454 8.113140
172 162 0.001092 0.056321 8.922638 8.111489
173 163 0.002072 0.048227 8.914429 8.104026
174 164 0.002537 0.047409 8.889526 8.081388
175 165 0.002128 0.056923 8.865051 8.059137
176 166 0.002072 0.054704 8.845551 8.041409
177 167 0.002290 0.052580 8.826614 8.024195
178 168 0.001465 0.060819 8.808624 8.007840
179 169 0.001953 0.054320 8.780594 7.982358
180 170 0.001381 0.053602 8.749283 7.953894
181 171 0.001544 0.047166 8.713257 7.921143
182 172 0.002674 0.052801 8.669571 7.881428
183 173 0.002072 0.059532 8.630600 7.846000
184 174 0.002238 0.058307 8.593704 7.812459
185 175 0.003814 0.071833 8.563873 7.785339
186 176 0.004285 0.056487 8.523605 7.748732
187 177 0.004257 0.053305 8.488129 7.716481
188 178 0.003719 0.057254 8.442322 7.674838
189 179 0.005027 0.059745 8.395294 7.632086
190 180 0.003967 0.052744 8.347763 7.588875
191 181 0.002342 0.055480 8.303604 7.548731
192 182 0.001292 0.052544 8.264450 7.513136
193 183 0.000846 0.061778 8.224365 7.476696
194 184 0.000977 0.057031 8.183716 7.439742
195 185 0.001196 0.061012 8.135834 7.396213
196 186 0.002290 0.057897 8.096039 7.360035
197 187 0.001465 0.059525 8.040314 7.309376
198 188 0.002930 0.052479 7.991226 7.264751
199 189 0.002762 0.055961 7.940399 7.218544
200 190 0.003088 0.057670 7.891022 7.173656
201 191 0.002537 0.046020 7.850937 7.137215
202 192 0.002490 0.049436 7.811600 7.101454
203 193 0.001953 0.050735 7.769409 7.063099
204 194 0.001953 0.047232 7.723007 7.020916
205 195 0.002184 0.050415 7.673630 6.976027
206 196 0.001891 0.061787 7.629883 6.936257
207 197 0.002184 0.060628 7.607483 6.915894
208 198 0.001691 0.074361 7.590134 6.900122
209 199 0.002013 0.079740 7.581802 6.892548
210 200 0.001691 0.089708 7.570145 6.881950
211 201 0.001891 0.083252 7.548828 6.862571
212 202 0.001953 0.097313 7.531143 6.846494
213 203 0.001292 0.102282 7.516693 6.833357
214 204 0.001092 0.102261 7.514969 6.831790
215 205 0.001465 0.109142 7.516968 6.833607
216 206 0.000977 0.103424 7.503265 6.821150
217 207 0.002342 0.098796 7.476364 6.796695
218 208 0.000977 0.105848 7.447327 6.770297
219 209 0.001691 0.105181 7.413284 6.739349
220 210 0.002674 0.102403 7.379700 6.708818
221 211 0.002184 0.099184 7.353622 6.685112
222 212 0.001827 0.097396 7.318314 6.653012
223 213 0.002184 0.096274 7.280075 6.618250
224 214 0.002184 0.092595 7.233261 6.575692
225 215 0.001465 0.086449 7.183990 6.530900
226 216 0.001292 0.083261 7.141510 6.492282
227 217 0.002013 0.081206 7.096725 6.451569
228 218 0.001544 0.082381 7.054398 6.413089
229 219 0.001381 0.075628 7.013245 6.375677
230 220 0.000691 0.075726 6.972031 6.338210
231 221 0.001196 0.072215 6.918915 6.289923
232 222 0.000977 0.065132 6.857407 6.234006
233 223 0.001619 0.069032 6.802704 6.184276
234 224 0.001292 0.064172 6.740234 6.127486
235 225 0.001761 0.054823 6.684387 6.076715
236 226 0.001092 0.050443 6.626953 6.024503
237 227 0.001196 0.050778 6.575363 5.977603
238 228 0.001691 0.045509 6.520126 5.927388
239 229 0.001691 0.043229 6.460892 5.873538
240 230 0.002184 0.027746 6.400269 5.818426
241 231 0.001691 0.024567 6.339737 5.763397
242 232 0.001465 0.028889 6.293091 5.720992
243 233 0.001953 0.016254 6.252899 5.684454
244 234 0.002392 0.021543 6.242691 5.675174
245 235 0.000977 0.016901 6.232574 5.665977
246 236 0.001196 0.022479 6.228714 5.662467
247 237 0.001953 0.018848 6.214645 5.649678
248 238 0.001196 0.023840 6.203201 5.639274
249 239 0.000977 0.026506 6.201797 5.637998
250 240 0.002238 0.032822 6.212082 5.647347
251 241 0.001381 0.045246 6.232880 5.666254
252 242 0.001691 0.030136 6.262161 5.692874
253 243 0.001381 0.036065 6.289276 5.717524
254 244 0.000977 0.037188 6.306778 5.733435
255 245 0.000977 0.033564 6.323593 5.748721
256 246 0.001827 0.050428 6.338196 5.761996
257 247 0.000977 0.054002 6.362885 5.784441
258 248 0.001465 0.050807 6.392303 5.811185
259 249 0.000977 0.048111 6.427673 5.843339
260 250 0.000488 0.054707 6.470062 5.881875
261 251 0.000488 0.072311 6.518265 5.925695
262 252 0.000691 0.085352 6.552902 5.957184
263 253 0.000977 0.086724 6.584625 5.986023
264 254 0.000846 0.081875 6.625687 6.023352
265 255 0.000488 0.081805 6.666962 6.060874
266 256 0.001092 0.078218 6.725266 6.113878
267 257 0.001827 0.080807 6.793045 6.175496
268 258 0.001691 0.080251 6.853806 6.230732
269 259 0.001827 0.068486 6.917816 6.288924
270 260 0.001891 0.054434 6.981552 6.346866
271 261 0.001196 0.051526 7.050995 6.409996
272 262 0.001619 0.053617 7.124481 6.476801
273 263 0.001953 0.060117 7.201141 6.546492
274 264 0.001891 0.063814 7.264816 6.604378
275 265 0.001381 0.061556 7.328384 6.662168
276 266 0.001827 0.058667 7.375244 6.704767
277 267 0.001465 0.054548 7.407990 6.734536
278 268 0.001827 0.062680 7.446136 6.769215
279 269 0.002342 0.065116 7.470581 6.791437
280 270 0.002128 0.057143 7.485214 6.804740
281 271 0.000977 0.029703 7.489639 6.808763
282 272 0.000691 0.017099 7.489807 6.808916
283 273 0.000691 0.018893 7.486710 6.806099
284 274 0.002013 0.024515 7.483841 6.803492
285 275 0.000691 0.024789 7.474503 6.795002
286 276 0.000691 0.033802 7.467941 6.789038
287 277 0.001827 0.035392 7.458939 6.780853
288 278 0.001092 0.037762 7.454391 6.776720
289 279 0.001619 0.035024 7.453598 6.775998
290 280 0.003555 0.038412 7.456100 6.778273
291 281 0.001544 0.029036 7.453384 6.775804
292 282 0.001292 0.022702 7.447800 6.770727
293 283 0.001381 0.030697 7.444077 6.767342
294 284 0.001544 0.027507 7.439850 6.763500
295 285 0.001827 0.039957 7.448471 6.771338
296 286 0.002290 0.043629 7.452332 6.774847
297 287 0.002930 0.061023 7.468796 6.789814
298 288 0.002072 0.053047 7.485107 6.804643
299 289 0.002184 0.057104 7.502792 6.820720
300 290 0.003967 0.049714 7.518143 6.834675
301 291 0.002490 0.052604 7.537155 6.851959
302 292 0.002674 0.077771 7.569733 6.881575
303 293 0.002930 0.078174 7.601715 6.910650
304 294 0.003010 0.087737 7.641953 6.947229
305 295 0.001544 0.070990 7.671799 6.974362
306 296 0.003049 0.072629 7.709183 7.008348
307 297 0.002184 0.096167 7.742142 7.038311
308 298 0.002128 0.096870 7.771774 7.065249
309 299 0.002184 0.102786 7.802567 7.093242
310 300 0.001292 0.102802 7.836411 7.124010
311 301 0.001619 0.107377 7.864243 7.149312
312 302 0.001544 0.102955 7.889603 7.172366
313 303 0.000691 0.112338 7.915024 7.195476
314 304 0.001691 0.121023 7.930679 7.209709
315 305 0.001544 0.122421 7.942856 7.220778
316 306 0.002392 0.110408 7.945465 7.223150
317 307 0.001827 0.075262 7.948257 7.225688
318 308 0.001381 0.056344 7.954590 7.231445
319 309 0.002441 0.046074 7.953735 7.230669
320 310 0.002441 0.046393 7.936600 7.215091
321 311 0.000977 0.047386 7.922195 7.201996
322 312 0.000488 0.068670 7.906479 7.187708
323 313 0.000977 0.087775 7.899460 7.181327
324 314 0.000846 0.099231 7.900177 7.181979
325 315 0.000846 0.102184 7.909546 7.190496
326 316 0.000000 0.093127 7.925049 7.204590
327 317 0.002392 0.090532 7.935150 7.213773
328 318 0.001544 0.076168 7.929947 7.209043
329 319 0.000846 0.057192 7.929947 7.209043
330 320 0.001292 0.044361 7.942688 7.220625
331 321 0.000488 0.038639 7.955978 7.232708
332 322 0.000488 0.037860 7.963394 7.239449
333 323 0.001381 0.033618 7.967010 7.242737
334 324 0.001092 0.025401 7.971771 7.247065
335 325 0.001691 0.023785 7.974838 7.249853
336 326 0.000846 0.032516 7.981186 7.255623
337 327 0.002013 0.037361 7.992523 7.265930
338 328 0.001544 0.044524 8.019806 7.290733
339 329 0.000691 0.039488 8.040878 7.309889
340 330 0.002013 0.032117 8.046936 7.315396
341 331 0.002584 0.029541 8.051849 7.319863
342 332 0.001827 0.038686 8.055878 7.323525
343 333 0.001381 0.030009 8.069153 7.335594
344 334 0.001196 0.029455 8.080627 7.346025
345 335 0.001092 0.035890 8.085602 7.350547
346 336 0.000977 0.037617 8.086029 7.350935
347 337 0.001544 0.031284 8.091675 7.356068
348 338 0.002537 0.040176 8.095520 7.359564
349 339 0.001196 0.035960 8.100647 7.364224
350 340 0.001092 0.047453 8.118317 7.380288
351 341 0.000977 0.045504 8.134308 7.394825
352 342 0.000000 0.053417 8.151947 7.410861
353 343 0.000000 0.048495 8.157227 7.415660
354 344 0.001092 0.057715 8.158356 7.416687
355 345 0.001381 0.053756 8.166107 7.423734
356 346 0.001196 0.058833 8.172089 7.429172
357 347 0.001691 0.083221 8.169220 7.426564
358 348 0.001761 0.093891 8.162018 7.420016
359 349 0.000977 0.091129 8.155884 7.414440
360 350 0.001691 0.106570 8.156342 7.414856
361 351 0.001691 0.111238 8.160309 7.418463
362 352 0.002290 0.124203 8.166229 7.423845
363 353 0.001544 0.129912 8.164307 7.422097
364 354 0.002238 0.120109 8.168335 7.425759
365 355 0.002537 0.122328 8.174042 7.430947
366 356 0.002184 0.106572 8.180267 7.436607
367 357 0.002013 0.109947 8.186707 7.442461
368 358 0.001196 0.087352 8.188721 7.444292
369 359 0.001381 0.088444 8.193237 7.448398
370 360 0.001544 0.093431 8.196411 7.451283
371 361 0.002342 0.092305 8.196747 7.451588
372 362 0.002013 0.084394 8.192078 7.447343
373 363 0.002342 0.082542 8.189209 7.444736
374 364 0.003049 0.083225 8.179871 7.436246
375 365 0.002889 0.084426 8.174744 7.431585
376 366 0.002128 0.081346 8.167511 7.425010
377 367 0.002072 0.092137 8.162506 7.420460
378 368 0.001691 0.101503 8.158752 7.417048
379 369 0.000977 0.100353 8.154572 7.413247
380 370 0.001465 0.092890 8.153351 7.412137
381 371 0.001196 0.098734 8.153259 7.412054
382 372 0.001092 0.105884 8.163116 7.421015
383 373 0.001292 0.113465 8.177673 7.434248
384 374 0.002490 0.111452 8.194336 7.449396
385 375 0.002584 0.109410 8.197723 7.452476
386 376 0.001827 0.100486 8.201416 7.455833
387 377 0.001761 0.101474 8.200836 7.455306
388 378 0.001381 0.105039 8.212189 7.465626
389 379 0.001619 0.130257 8.234131 7.485573
390 380 0.001092 0.132034 8.258209 7.507463
391 381 0.000846 0.135592 8.281311 7.528465
392 382 0.000488 0.119987 8.305725 7.550659
393 383 0.001196 0.130764 8.333832 7.576210
394 384 0.000846 0.106120 8.362793 7.602539
395 385 0.000691 0.096900 8.400208 7.636552
396 386 0.000846 0.103183 8.445282 7.677529
397 387 0.000691 0.078180 8.498932 7.726302
398 388 0.001381 0.062831 8.539642 7.763311
399 389 0.001619 0.044870 8.577148 7.797408
400 390 0.002184 0.026914 8.604797 7.822543
401 391 0.001827 0.025993 8.642090 7.856445
402 392 0.002342 0.025967 8.679626 7.890570
403 393 0.002584 0.034280 8.717194 7.924721
404 394 0.001827 0.055010 8.760773 7.964339
405 395 0.001953 0.057263 8.809174 8.008340
406 396 0.001196 0.076500 8.850616 8.046015
407 397 0.002290 0.061843 8.883881 8.076255
408 398 0.001544 0.057830 8.915497 8.104997
409 399 0.001953 0.034879 8.934479 8.122253
410 400 0.000691 0.023336 8.956573 8.142340
411 401 0.001544 0.035051 8.973724 8.157931
412 402 0.000977 0.025347 8.992706 8.175187
413 403 0.001691 0.047181 9.019104 8.199185
414 404 0.001292 0.071889 9.042084 8.220077
415 405 0.001381 0.100435 9.058716 8.235196
416 406 0.002290 0.112113 9.077667 8.252425
417 407 0.003239 0.145563 9.159698 8.326999
418 408 0.001619 0.248421 9.271942 8.429038
419 409 0.001619 0.375677 9.392365 8.538513
420 410 0.002290 0.450424 9.486328 8.623935
421 411 0.001953 0.532049 9.571106 8.701005
422 412 0.001953 0.600106 9.647186 8.770169
423 413 0.001827 0.636057 9.708191 8.825628
424 414 0.003088 0.691988 9.769257 8.881143
425 415 0.001292 0.725088 9.827942 8.934493
426 416 0.001196 0.772011 9.884491 8.985901
427 417 0.000691 0.699746 9.863861 8.967147
428 418 0.001092 0.610332 9.831543 8.937766
429 419 0.000846 0.502584 9.790100 8.900091
430 420 0.001381 0.461267 9.777161 8.888328
431 421 0.000488 0.415747 9.761414 8.874012
432 422 0.002490 0.354594 9.748810 8.862555
433 423 0.002342 0.324916 9.732056 8.847323
434 424 0.000977 0.268496 9.708374 8.825794
435 425 0.000691 0.243945 9.684540 8.804127
436 426 0.000846 0.209134 9.653717 8.776107
437 427 0.001292 0.199620 9.647247 8.770225
438 428 0.002072 0.187553 9.622650 8.747864
439 429 0.001761 0.172826 9.605621 8.732383
440 430 0.000977 0.160241 9.577148 8.706498
441 431 0.001092 0.149561 9.560303 8.691184
442 432 0.001381 0.146824 9.541962 8.674511
443 433 0.001827 0.143331 9.528961 8.662692
444 434 0.002584 0.131412 9.514984 8.649985
445 435 0.001544 0.142730 9.502716 8.638833
446 436 0.002290 0.126637 9.492706 8.629733
447 437 0.002674 0.122845 9.476135 8.614669
448 438 0.002584 0.133010 9.458923 8.599021
449 439 0.002584 0.106341 9.447083 8.588257
450 440 0.001761 0.113164 9.447479 8.588617
451 441 0.001465 0.099074 9.449707 8.590643
452 442 0.002392 0.098167 9.453339 8.593945
453 443 0.000488 0.091615 9.455170 8.595609
454 444 0.001292 0.099936 9.458099 8.598272
455 445 0.001619 0.076638 9.461945 8.601768
456 446 0.001092 0.098741 9.479126 8.617387
457 447 0.000691 0.068673 9.501404 8.637640
458 448 0.001196 0.070248 9.532776 8.666160
459 449 0.002238 0.083137 9.562286 8.692987
460 450 0.000977 0.091245 9.595215 8.722922
461 451 0.002128 0.079196 9.625092 8.750083
462 452 0.001953 0.080979 9.641235 8.764759
463 453 0.001544 0.084905 9.658905 8.780823
464 454 0.002072 0.084008 9.681549 8.801408
465 455 0.000691 0.072852 9.711029 8.828208
466 456 0.000846 0.086201 9.741180 8.855618
467 457 0.002128 0.076309 9.767395 8.879450
468 458 0.002290 0.078108 9.795105 8.904641
469 459 0.001196 0.064507 9.820984 8.928167
470 460 0.000691 0.058907 9.842712 8.947921
471 461 0.001544 0.072500 9.861603 8.965094
472 462 0.002238 0.085201 9.894623 8.995111
473 463 0.000691 0.072296 9.931030 9.028210
474 464 0.001691 0.076899 9.966949 9.060863
475 465 0.001691 0.058148 9.993683 9.085166
476 466 0.002013 0.051342 10.022034 9.110940
477 467 0.000977 0.065726 10.045990 9.132718
478 468 0.000691 0.064112 10.066559 9.151417
479 469 0.000000 0.056005 10.086578 9.169617
480 470 0.001292 0.064835 10.096069 9.178245
481 471 0.000488 0.059620 10.106781 9.187983
482 472 0.000691 0.059525 10.114563 9.195057
483 473 0.001196 0.059121 10.125854 9.205322
484 474 0.000000 0.050254 10.135742 9.214311
485 475 0.001196 0.055026 10.147583 9.225076
486 476 0.002238 0.048149 10.142944 9.220859
487 477 0.000977 0.056420 10.135895 9.214450
488 478 0.000488 0.055404 10.129028 9.208207
489 479 0.000691 0.072163 10.122498 9.202271
490 480 0.000691 0.080666 10.130737 9.209762
491 481 0.001196 0.080965 10.137085 9.215531
492 482 0.001292 0.088787 10.142090 9.220081
493 483 0.001292 0.098068 10.142426 9.220387
494 484 0.000691 0.108288 10.134705 9.213367
495 485 0.000977 0.121243 10.127991 9.207264
496 486 0.002013 0.128714 10.125000 9.204545
497 487 0.001196 0.131192 10.134460 9.213146
498 488 0.001196 0.125286 10.144318 9.222107
499 489 0.001691 0.122488 10.147919 9.225381
500 490 0.001891 0.127686 10.143860 9.221691
501 491 0.001953 0.129359 10.139435 9.217668
502 492 0.002674 0.132764 10.137085 9.215531
503 493 0.002290 0.128249 10.134003 9.212729
504 494 0.002441 0.133165 10.134338 9.213035
505 495 0.001691 0.126243 10.130341 9.209400
506 496 0.000488 0.115109 10.128143 9.207403
507 497 0.000000 0.108730 10.114349 9.194863
508 498 0.001292 0.100034 10.097107 9.179188
509 499 0.001953 0.095283 10.080261 9.163874
510 500 0.001953 0.089630 10.058350 9.143954
511 501 0.001196 0.083554 10.029175 9.117432
512 502 0.001619 0.062475 9.987671 9.079700
513 503 0.000977 0.062848 9.935211 9.032010
514 504 0.001544 0.051057 9.873444 8.975858
515 505 0.003164 0.048779 9.801056 8.910050
516 506 0.003453 0.052872 9.718842 8.835311
517 507 0.003719 0.047075 9.629517 8.754106
518 508 0.003555 0.052807 9.524445 8.658586
519 509 0.001544 0.051072 9.406860 8.551691
520 510 0.000000 0.050492 9.273712 8.430648
521 511 0.001544 0.050933 9.132660 8.302418
522 512 0.001381 0.061635 8.983917 8.167197
523 513 0.000691 0.063956 8.828613 8.026012
524 514 0.001196 0.066022 8.672791 7.884355
525 515 0.002847 0.072616 8.519226 7.744751
526 516 0.002072 0.069516 8.365814 7.605286
527 517 0.001953 0.084375 8.212250 7.465682
528 518 0.001827 0.087346 8.063782 7.330711
529 519 0.000691 0.098844 7.922913 7.202648
530 520 0.000977 0.104007 7.787811 7.079828
531 521 0.002128 0.108140 7.654816 6.958923
532 522 0.001691 0.107993 7.532166 6.847423
533 523 0.001092 0.115221 7.425354 6.750322
534 524 0.001544 0.120326 7.333344 6.666676
535 525 0.002290 0.126017 7.264008 6.603643
536 526 0.001544 0.127594 7.212433 6.556757
537 527 0.000691 0.138679 7.178162 6.525601
538 528 0.000691 0.139476 7.162659 6.511508
539 529 0.001292 0.131812 7.153992 6.503629
540 530 0.000977 0.136473 7.162964 6.511786
541 531 0.002290 0.136833 7.186890 6.533536
542 532 0.001761 0.139620 7.223358 6.566689
543 533 0.002674 0.125422 7.270905 6.609913
544 534 0.003588 0.116075 7.324585 6.658714
545 535 0.003487 0.109079 7.386444 6.714949
546 536 0.002072 0.101252 7.454193 6.776539
547 537 0.002762 0.075773 7.518341 6.834856
548 538 0.003010 0.068987 7.575256 6.886597
549 539 0.002674 0.071991 7.636932 6.942666
550 540 0.001761 0.061363 7.697693 6.997902
551 541 0.002847 0.053576 7.770691 7.064264
552 542 0.002847 0.049363 7.839081 7.126437
553 543 0.002847 0.048895 7.900665 7.182423
554 544 0.002970 0.041172 7.944122 7.221930
555 545 0.002847 0.039897 7.959839 7.236217
556 546 0.002584 0.030001 7.961548 7.237771
557 547 0.001092 0.041446 7.957520 7.234108
558 548 0.000977 0.043512 7.947021 7.224565
559 549 0.001761 0.030252 7.927795 7.207087
560 550 0.001619 0.023387 7.894165 7.176514
561 551 0.003814 0.036723 7.843872 7.130793
562 552 0.003418 0.044640 7.781616 7.074196
563 553 0.003312 0.040129 7.702301 7.002092
564 554 0.003202 0.047230 7.623077 6.930070
565 555 0.002238 0.060598 7.545654 6.859686
566 556 0.002970 0.055964 7.465088 6.786444
567 557 0.003164 0.064743 7.398468 6.725880
568 558 0.002392 0.066160 7.324860 6.658963
569 559 0.002674 0.068093 7.265198 6.604725
570 560 0.003088 0.071044 7.220367 6.563971
571 561 0.000977 0.052070 7.173676 6.521523
572 562 0.000977 0.043324 7.160950 6.509954
573 563 0.001544 0.054190 7.159790 6.508900
574 564 0.002184 0.049231 7.188354 6.534868
575 565 0.002584 0.058720 7.229523 6.572293
576 566 0.001465 0.041477 7.274475 6.613159
577 567 0.002013 0.049196 7.317169 6.651972
578 568 0.002342 0.058401 7.377563 6.706876
579 569 0.002490 0.073108 7.434418 6.758562
580 570 0.001465 0.076631 7.493591 6.812356
581 571 0.004026 0.070886 7.553192 6.866539
582 572 0.003719 0.074966 7.580017 6.890924
583 573 0.003275 0.067262 7.605377 6.913979
584 574 0.002719 0.068842 7.612305 6.920277
585 575 0.003654 0.062843 7.635742 6.941584
586 576 0.002342 0.079860 7.675781 6.977983
587 577 0.002970 0.075908 7.702820 7.002563
588 578 0.003347 0.079417 7.705383 7.004894
589 579 0.003164 0.077169 7.679230 6.981118
590 580 0.003654 0.086066 7.657501 6.961365
591 581 0.002930 0.085147 7.655060 6.959145
592 582 0.001544 0.094963 7.667175 6.970160
593 583 0.001691 0.103563 7.667480 6.970437
594 584 0.002805 0.075452 7.643402 6.948547
595 585 0.003418 0.076436 7.580688 6.891535
596 586 0.002674 0.083180 7.500671 6.818792
597 587 0.000691 0.092042 7.422852 6.748047
598 588 0.002184 0.092179 7.356384 6.687622
599 589 0.002184 0.082934 7.300995 6.637268
600 590 0.003845 0.079233 7.225281 6.568437
601 591 0.004784 0.070798 7.126373 6.478521
602 592 0.002013 0.086729 7.018890 6.380809
603 593 0.001827 0.089150 6.918762 6.289784
604 594 0.002072 0.103599 6.836639 6.215127
605 595 0.002184 0.107174 6.754181 6.140164
606 596 0.001953 0.114855 6.668304 6.062095
607 597 0.000977 0.110614 6.557129 5.961026
608 598 0.001381 0.110535 6.432343 5.847584
609 599 0.001381 0.112878 6.304108 5.731007
610 600 0.001761 0.115682 6.160950 5.600863
611 601 0.000977 0.118028 6.012146 5.465587
612 602 0.000846 0.109563 5.841248 5.310225
613 603 0.000977 0.108165 5.643341 5.130310
614 604 0.001691 0.110222 5.424225 4.931114
615 605 0.001381 0.116977 5.196045 4.723677
616 606 0.001827 0.122575 4.946594 4.496904
617 607 0.001381 0.110087 4.714813 4.286194
618 608 0.001465 0.098717 4.491455 4.083141
619 609 0.001465 0.089577 4.270020 3.881836
620 610 0.001544 0.087531 4.058472 3.689520
621 611 0.001619 0.077795 3.845367 3.495789
622 612 0.001092 0.072242 3.640472 3.309520
623 613 0.002629 0.045437 3.449890 3.136264
624 614 0.002441 0.043690 3.266602 2.969638
625 615 0.002013 0.044011 3.086365 2.805786
626 616 0.001827 0.043837 2.909882 2.645347
627 617 0.000846 0.053929 2.719849 2.472590
628 618 0.001196 0.052603 2.527679 2.297890
629 619 0.001827 0.050645 2.342133 2.129211
630 620 0.002392 0.057097 2.170563 1.973239
631 621 0.000977 0.072168 2.018494 1.834994
632 622 0.001381 0.083427 1.889160 1.717418
633 623 0.001891 0.093394 1.776855 1.615323
634 624 0.001465 0.101196 1.677429 1.524936
635 625 0.001691 0.109377 1.598724 1.453386
636 626 0.001619 0.109715 1.544006 1.403642
637 627 0.001619 0.107355 1.516602 1.378729
638 628 0.002441 0.129457 1.519623 1.381475
639 629 0.002072 0.125852 1.545624 1.405113
640 630 0.001544 0.117866 1.590942 1.446311
641 631 0.001953 0.127414 1.653168 1.502880
642 632 0.001381 0.113556 1.722137 1.565580
643 633 0.001381 0.123879 1.803589 1.639626
644 634 0.001691 0.124263 1.903687 1.730624
645 635 0.001544 0.126349 2.008545 1.825950
646 636 0.002072 0.128260 2.125793 1.932539
647 637 0.002584 0.141423 2.246979 2.042708
648 638 0.001891 0.122397 2.356537 2.142306
649 639 0.002342 0.128351 2.469330 2.244845
650 640 0.003088 0.145081 2.575104 2.341003
651 641 0.003049 0.151072 2.662109 2.420099
652 642 0.003164 0.147047 2.762939 2.511763
653 643 0.002290 0.140855 2.867157 2.606506
654 644 0.001891 0.135611 2.955963 2.687239
655 645 0.001465 0.142913 3.070496 2.791360
656 646 0.001891 0.141893 3.168945 2.880859
657 647 0.001691 0.145222 3.291870 2.992609
658 648 0.001381 0.149029 3.428833 3.117121
659 649 0.000846 0.140768 3.548401 3.225819
660 650 0.001544 0.158025 3.687836 3.352578
661 651 0.001196 0.206366 3.845245 3.495678
662 652 0.001619 0.231818 3.987152 3.624684
663 653 0.001544 0.257401 4.144958 3.768144
664 654 0.001292 0.290122 4.314850 3.922591
665 655 0.001544 0.306797 4.481537 4.074124
666 656 0.002013 0.329077 4.670654 4.246049
667 657 0.001827 0.347529 4.834442 4.394948
668 658 0.002184 0.333791 5.000702 4.546093
669 659 0.001196 0.332878 5.185364 4.713967
670 660 0.001691 0.292791 5.347870 4.861700
671 661 0.002013 0.243764 5.516205 5.014732
672 662 0.001761 0.227236 5.686066 5.169151
673 663 0.001544 0.200085 5.860046 5.327315
674 664 0.001544 0.184493 6.040527 5.491388
675 665 0.001691 0.177132 6.211670 5.646973
676 666 0.001092 0.178059 6.377625 5.797841
677 667 0.001827 0.157957 6.551270 5.955699
678 668 0.001196 0.167395 6.721863 6.110785
679 669 0.001691 0.193121 6.888794 6.262540
680 670 0.000691 0.178059 7.060120 6.418291
681 671 0.000691 0.177025 7.222961 6.566329
682 672 0.000691 0.172994 7.388428 6.716753
683 673 0.001691 0.151037 7.538147 6.852861
684 674 0.001092 0.134743 7.683777 6.985252
685 675 0.001381 0.118754 7.824890 7.113536
686 676 0.000691 0.112240 7.961792 7.237993
687 677 0.001292 0.111010 8.092773 7.357067
688 678 0.001381 0.099282 8.225647 7.477861
689 679 0.001292 0.083965 8.349365 7.590332
690 680 0.000977 0.103579 8.472900 7.702637
691 681 0.001691 0.107868 8.592163 7.811058
692 682 0.001761 0.108850 8.712830 7.920754
693 683 0.000846 0.111441 8.831360 8.028509
694 684 0.000977 0.100454 8.946899 8.133545
695 685 0.000977 0.114558 9.060364 8.236694
696 686 0.000977 0.111496 9.173218 8.339289
697 687 0.000000 0.117236 9.292664 8.447876
698 688 0.000488 0.120188 9.406311 8.551192
699 689 0.000691 0.126173 9.526978 8.660889
700 690 0.001292 0.120007 9.643921 8.767200
701 691 0.001544 0.116945 9.759277 8.872070
702 692 0.000691 0.111384 9.873840 8.976218
703 693 0.000977 0.120132 9.984070 9.076427
704 694 0.000977 0.115101 10.088074 9.170976
705 695 0.000691 0.102622 10.177063 9.251876
706 696 0.001196 0.104889 10.267395 9.333996
707 697 0.000691 0.104713 10.348389 9.407626
708 698 0.000846 0.108331 10.431396 9.483088
709 699 0.001381 0.108794 10.501526 9.546842
710 700 0.001465 0.118572 10.567566 9.606878
711 701 0.001619 0.146015 10.623901 9.658092
712 702 0.001292 0.154606 10.664551 9.695046
713 703 0.001827 0.176029 10.709167 9.735607
714 704 0.002290 0.186461 10.748901 9.771729
715 705 0.002342 0.188879 10.788330 9.807572
716 706 0.001619 0.189258 10.823486 9.839533
717 707 0.001691 0.190933 10.852661 9.866055
718 708 0.001544 0.214681 10.887939 9.898127
719 709 0.001761 0.211867 10.923157 9.930142
720 710 0.002184 0.225447 10.933533 9.939575
721 711 0.001827 0.225068 10.959473 9.963157
722 712 0.002584 0.233693 10.969604 9.972367
723 713 0.001691 0.247066 10.984436 9.985851
724 714 0.001381 0.214806 11.001953 10.001776
725 715 0.000488 0.228551 11.001221 10.001110
726 716 0.000977 0.216786 11.020996 10.019088
727 717 0.000000 0.207071 11.021362 10.019421
728 718 0.000000 0.190380 11.023743 10.021585
729 719 0.001691 0.197496 11.028320 10.025745
730 720 0.002441 0.154009 11.047119 10.042835
731 721 0.002584 0.132026 11.069458 10.063144
732 722 0.003418 0.100337 11.105957 10.096325
733 723 0.003010 0.112943 11.117249 10.106589
734 724 0.002930 0.128989 11.143677 10.130615
735 725 0.003487 0.116326 11.190247 10.172952
736 726 0.003654 0.134609 11.218750 10.198864
737 727 0.003383 0.132466 11.268188 10.243808
738 728 0.003010 0.109487 11.301392 10.273993
739 729 0.002629 0.117688 11.332581 10.302346
740 730 0.002128 0.127914 11.373596 10.339633
741 731 0.001691 0.146319 11.401611 10.365101
742 732 0.000488 0.143628 11.444336 10.403942
743 733 0.001953 0.138430 11.505188 10.459262
744 734 0.002072 0.144498 11.562683 10.511530
745 735 0.002290 0.141115 11.629761 10.572510
746 736 0.001544 0.155143 11.693604 10.630548
747 737 0.001092 0.148878 11.758423 10.689475
748 738 0.001196 0.151217 11.833191 10.757446
749 739 0.000846 0.132223 11.914978 10.831799
750 740 0.000691 0.148790 12.004089 10.912808
751 741 0.001544 0.142209 12.093628 10.994207
752 742 0.000846 0.150317 12.175049 11.068226
753 743 0.000977 0.130803 12.256592 11.142356
754 744 0.001465 0.155160 12.336121 11.214655
755 745 0.000488 0.172073 12.409607 11.281461
756 746 0.001381 0.161374 12.489807 11.354370
757 747 0.001691 0.149873 12.575378 11.432162
758 748 0.001381 0.167991 12.655518 11.505016
759 749 0.001196 0.166008 12.735352 11.577592
760 750 0.000977 0.155841 12.830200 11.663818
761 751 0.001381 0.140938 12.926331 11.751209
762 752 0.001092 0.132331 13.026306 11.842096
763 753 0.000977 0.109873 13.117432 11.924938
764 754 0.002238 0.077850 13.208252 12.007502
765 755 0.002490 0.103926 13.304443 12.094949
766 756 0.001761 0.104632 13.395447 12.177679
767 757 0.002805 0.110313 13.485168 12.259244
768 758 0.001691 0.110003 13.574097 12.340088
769 759 0.001544 0.120300 13.661865 12.419877
770 760 0.001891 0.110781 13.730774 12.482522
771 761 0.000977 0.092502 13.799561 12.545055
772 762 0.001092 0.096853 13.864746 12.604315
773 763 0.000977 0.058862 13.940735 12.673395
774 764 0.000488 0.063130 14.008362 12.734875
775 765 0.000691 0.054489 14.082947 12.802679
776 766 0.000488 0.070104 14.155212 12.868375
777 767 0.000846 0.080582 14.230835 12.937122
778 768 0.001196 0.053930 14.302917 13.002652
779 769 0.000691 0.083684 14.381714 13.074286
780 770 0.001196 0.083461 14.453491 13.139538
781 771 0.001292 0.080047 14.527222 13.206565
782 772 0.002584 0.076616 14.602783 13.275257
783 773 0.000488 0.059590 14.679993 13.345448
784 774 0.000691 0.066037 14.750122 13.409202
785 775 0.000000 0.072521 14.803772 13.457974
786 776 0.000691 0.048916 14.858459 13.507690
787 777 0.000846 0.061329 14.905945 13.550858
788 778 0.001092 0.063513 14.955139 13.595581
789 779 0.000977 0.097555 14.996948 13.633590
790 780 0.001465 0.121071 15.036682 13.669711
791 781 0.001196 0.137864 15.068787 13.698897
792 782 0.001092 0.148305 15.096680 13.724255
793 783 0.001292 0.158053 15.108398 13.734908
794 784 0.001381 0.181267 15.132385 13.756714
795 785 0.001381 0.185901 15.154114 13.776467
796 786 0.000846 0.216972 15.169067 13.790061
797 787 0.001196 0.222056 15.180237 13.800216
798 788 0.001465 0.212087 15.186890 13.806263
799 789 0.000977 0.198117 15.185974 13.805431
800 790 0.000846 0.189618 15.181824 13.801658
801 791 0.001196 0.160513 15.170410 13.791282
802 792 0.000846 0.145455 15.159302 13.781183
803 793 0.001619 0.139707 15.149353 13.772140
804 794 0.000691 0.116061 15.130371 13.754883
805 795 0.001761 0.081855 15.113220 13.739291
806 796 0.001381 0.066947 15.093445 13.721313
807 797 0.001092 0.068362 15.083679 13.712436
808 798 0.001092 0.061209 15.070435 13.700395
809 799 0.001196 0.056953 15.057556 13.688687
810 800 0.000846 0.054427 15.048889 13.680808
811 801 0.000846 0.049756 15.045593 13.677812
812 802 0.000846 0.053245 15.037964 13.670877
813 803 0.000846 0.058881 15.033203 13.666549
814 804 0.001196 0.061716 15.024170 13.658337
815 805 0.001465 0.057338 15.019104 13.653731
816 806 0.000846 0.051890 15.015381 13.650346
817 807 0.000691 0.057097 15.005188 13.641080
818 808 0.000691 0.053316 14.986328 13.623935
819 809 0.001544 0.059486 14.958679 13.598800
820 810 0.001827 0.062688 14.929565 13.572332
821 811 0.000000 0.082768 14.889954 13.536322
822 812 0.002072 0.077890 14.843506 13.494096
823 813 0.001196 0.064915 14.782837 13.438943
824 814 0.000691 0.081212 14.722473 13.384067
825 815 0.001196 0.092325 14.653625 13.321478
826 816 0.001092 0.086587 14.576721 13.251565
827 817 0.001196 0.094907 14.491333 13.173939
828 818 0.000488 0.104332 14.401733 13.092484
829 819 0.000691 0.110710 14.306763 13.006148
830 820 0.000977 0.120226 14.187927 12.898116
831 821 0.001619 0.131804 14.060059 12.781872
832 822 0.000488 0.110181 13.914307 12.649369
833 823 0.001465 0.117549 13.752502 12.502275
834 824 0.000691 0.121822 13.562439 12.329490
835 825 0.000977 0.113074 13.359131 12.144665
836 826 0.000977 0.121062 13.144043 11.949130
837 827 0.000846 0.118209 12.898376 11.725797
838 828 0.000000 0.133399 12.633850 11.485318
839 829 0.000846 0.123929 12.350952 11.228138
840 830 0.000691 0.132239 12.059509 10.963190
841 831 0.000000 0.122213 11.747437 10.679488
842 832 0.000691 0.123298 11.428101 10.389182
843 833 0.001465 0.119639 11.089111 10.081010
844 834 0.001381 0.099741 10.743347 9.766679
845 835 0.002238 0.108176 10.380615 9.436923
846 836 0.001827 0.100717 9.994324 9.085749
847 837 0.001196 0.103234 9.606506 8.733188
848 838 0.000000 0.108837 9.212952 8.375411
849 839 0.001619 0.115288 8.809875 8.008978
850 840 0.001761 0.102732 8.414551 7.649591
851 841 0.001196 0.101135 8.035278 7.304799
852 842 0.002342 0.107462 7.638611 6.944191
853 843 0.003088 0.093517 7.322937 6.657216
854 844 0.003621 0.119682 6.980042 6.345492
855 845 0.004172 0.080182 6.732605 6.120550
856 846 0.003654 0.045428 6.532593 5.938721
857 847 0.002930 0.068378 6.281067 5.710061
858 848 0.003418 0.042359 6.138733 5.580666
859 849 0.003967 0.068486 5.936401 5.396729
860 850 0.004114 0.028120 5.840393 5.309448
861 851 0.003588 0.110717 5.675720 5.159746
862 852 0.003312 0.028785 5.621704 5.110640
863 853 0.003239 0.055288 5.533325 5.030296
864 854 0.003588 0.015590 5.454163 4.958330
865 855 0.003845 0.051054 5.367188 4.879261
866 856 0.003312 0.099984 5.243896 4.767179
867 857 0.004257 0.029140 5.244812 4.768011
868 858 0.003782 0.052772 5.175903 4.705367
869 859 0.004658 0.061118 5.200928 4.728116
870 860 0.006253 0.077435 5.157043 4.688221
871 861 0.007109 0.099919 5.220520 4.745927
872 862 0.007689 0.094590 5.228394 4.753085
873 863 0.007176 0.102561 5.244263 4.767511
874 864 0.007209 0.078952 5.354309 4.867554
875 865 0.005940 0.092369 5.384949 4.895408
876 866 0.006441 0.072205 5.508789 5.007990
877 867 0.006731 0.054377 5.551758 5.047052
878 868 0.006329 0.061084 5.613159 5.102872
879 869 0.005415 0.059586 5.762390 5.238536
880 870 0.006551 0.084498 5.851135 5.319214
881 871 0.004502 0.065628 5.945984 5.405440
882 872 0.005736 0.082544 6.101074 5.546431
883 873 0.006138 0.131689 6.215027 5.650024
884 874 0.006059 0.053790 6.313782 5.739801
885 875 0.007373 0.114071 6.485779 5.896163
886 876 0.006766 0.055452 6.592712 5.993375
887 877 0.007340 0.086242 6.765259 6.150235
888 878 0.007025 0.122677 6.934998 6.304543
889 879 0.006801 0.088163 7.024963 6.386330
890 880 0.004734 0.125656 7.197693 6.543357
891 881 0.005191 0.158790 7.348267 6.680243
892 882 0.004172 0.152371 7.436218 6.760199
893 883 0.004395 0.155067 7.579956 6.890869
894 884 0.004085 0.172712 7.700195 7.000177
895 885 0.002290 0.172127 7.784180 7.076527
896 886 0.003876 0.127579 7.891357 7.173961
897 887 0.003347 0.123604 7.964233 7.240212
898 888 0.003049 0.112359 8.043762 7.312511
899 889 0.003164 0.107575 8.110229 7.372936
900 890 0.003719 0.095943 8.160889 7.418990
901 891 0.004683 0.085921 8.226501 7.478638
902 892 0.004632 0.089815 8.283691 7.530629
903 893 0.004683 0.086091 8.327148 7.570135
904 894 0.005839 0.099539 8.395142 7.631947
905 895 0.004784 0.104037 8.464844 7.695312
906 896 0.004026 0.102215 8.525391 7.750355
907 897 0.004114 0.117822 8.607178 7.824707
908 898 0.004085 0.106299 8.665710 7.877919
909 899 0.003555 0.100729 8.754150 7.958319
910 900 0.003239 0.095872 8.828369 8.025790
911 901 0.002584 0.084403 8.907471 8.097701
912 902 0.001827 0.083041 9.002563 8.184149
913 903 0.003202 0.082780 9.096008 8.269098
914 904 0.002013 0.085921 9.172302 8.338456
915 905 0.001381 0.086723 9.247131 8.406483
916 906 0.001465 0.091260 9.332642 8.484220
917 907 0.003555 0.100245 9.422668 8.566062
918 908 0.003751 0.108836 9.525818 8.659835
919 909 0.002674 0.110050 9.625732 8.750666
920 910 0.002290 0.117479 9.728088 8.843717
921 911 0.002490 0.110329 9.812561 8.920510
922 912 0.003049 0.109141 9.884583 8.985984
923 913 0.003654 0.103047 9.950562 9.045965
924 914 0.002762 0.080341 10.010742 9.100675
925 915 0.001827 0.066386 10.067566 9.152332
926 916 0.002674 0.047847 10.102051 9.183682
927 917 0.000846 0.063283 10.118591 9.198719
928 918 0.000691 0.083774 10.123962 9.203602
929 919 0.001092 0.090660 10.111755 9.192505
930 920 0.001196 0.084043 10.080811 9.164373
931 921 0.000846 0.096438 10.042847 9.129861
932 922 0.002342 0.111626 9.997009 9.088190
933 923 0.002584 0.119058 9.953430 9.048573
934 924 0.001544 0.117162 9.905579 9.005072
935 925 0.001761 0.114871 9.846191 8.951083
936 926 0.001953 0.121274 9.783508 8.894098
937 927 0.001196 0.119700 9.716003 8.832730
938 928 0.001292 0.111821 9.638428 8.762207
939 929 0.000691 0.111503 9.555176 8.686523
940 930 0.001196 0.128042 9.481812 8.619828
941 931 0.001381 0.121307 9.399231 8.544755
942 932 0.003049 0.124975 9.316895 8.469904
943 933 0.000846 0.140478 9.212646 8.375134
944 934 0.000691 0.145569 9.097595 8.270541
945 935 0.000691 0.152539 8.976318 8.160290
946 936 0.001292 0.151125 8.840759 8.037054
947 937 0.001619 0.177160 8.694153 7.903775
948 938 0.000977 0.187959 8.534302 7.758456
949 939 0.002762 0.188789 8.362244 7.602040
950 940 0.000691 0.196089 8.167969 7.425426
951 941 0.002674 0.197353 7.964233 7.240212
952 942 0.001761 0.197324 7.741760 7.037964
953 943 0.001196 0.185857 7.509827 6.827115
954 944 0.002128 0.186597 7.263916 6.603560
955 945 0.001196 0.170164 7.000610 6.364191
956 946 0.000000 0.155580 6.720032 6.109120
957 947 0.001292 0.139742 6.432007 5.847279
958 948 0.001381 0.153046 6.134460 5.576782
959 949 0.000691 0.144791 5.826904 5.297186
960 950 0.001381 0.132176 5.518433 5.016757
961 951 0.001292 0.116055 5.198730 4.726119
962 952 0.001691 0.099152 4.881714 4.437922
963 953 0.001544 0.090142 4.563171 4.148338
964 954 0.001619 0.073377 4.247437 3.861306
965 955 0.002184 0.057519 3.938660 3.580600
966 956 0.001891 0.070045 3.650879 3.318981
967 957 0.002674 0.073162 3.372925 3.066295
968 958 0.002392 0.081344 3.119995 2.836359
969 959 0.002674 0.087515 2.894958 2.631780
970 960 0.002392 0.085770 2.692078 2.447343
971 961 0.002290 0.087686 2.525757 2.296143
972 962 0.002013 0.096722 2.388245 2.171131
973 963 0.002238 0.100048 2.275696 2.068814
974 964 0.002290 0.098519 2.189697 1.990634
975 965 0.000977 0.088862 2.129944 1.936313
976 966 0.001544 0.092934 2.086670 1.896973
977 967 0.001381 0.100366 2.069336 1.881214
978 968 0.001381 0.095415 2.049866 1.863514
979 969 0.001381 0.091796 2.033020 1.848200
980 970 0.002392 0.082520 2.010376 1.827615
981 971 0.002184 0.072357 1.984985 1.804532
982 972 0.002013 0.070525 1.958557 1.780506
983 973 0.001196 0.068732 1.932373 1.756703
984 974 0.001827 0.066040 1.902283 1.729348
985 975 0.001544 0.052509 1.862915 1.693559
986 976 0.001092 0.050523 1.815552 1.650502
987 977 0.001619 0.048378 1.756592 1.596902
988 978 0.000977 0.046366 1.703064 1.548240
989 979 0.000488 0.054092 1.649963 1.499967
990 980 0.000000 0.032258 1.607422 1.461293
991 981 0.000488 0.027099 1.564636 1.422397
992 982 0.000488 0.025961 1.529419 1.390381
993 983 0.000000 0.025420 1.496582 1.360529
994 984 0.000691 0.026004 1.459473 1.326793
995 985 0.000488 0.029409 1.424927 1.295388
996 986 0.000691 0.030247 1.400269 1.272971
997 987 0.000977 0.039530 1.384155 1.258323
998 988 0.001196 0.036697 1.374695 1.249723
999 989 0.001381 0.030124 1.373779 1.248890
1000 990 0.000846 0.033515 1.381958 1.256325
1001 991 0.000846 0.031193 1.401733 1.274303
1002 992 0.001092 0.031273 1.432312 1.302102
1003 993 0.001092 0.031141 1.491760 1.356146
1004 994 0.000846 0.036220 1.588989 1.444536
1005 995 0.000846 0.038882 1.719971 1.563610
1006 996 0.000977 0.043609 1.880554 1.709595
1007 997 0.001691 0.057276 2.069214 1.881104
1008 998 0.001465 0.064818 2.281311 2.073919
1009 999 0.002184 0.071272 2.518188 2.289262
1010 1000 0.002184 0.073120 2.763733 2.512485
1011 1001 0.002290 0.085535 3.033203 2.757457
1012 1002 0.001381 0.097399 3.304871 3.004428
1013 1003 0.001827 0.121731 3.574036 3.249123
1014 1004 0.002290 0.126457 3.830811 3.482555
1015 1005 0.001381 0.142837 4.085083 3.713712
1016 1006 0.001292 0.161071 4.337708 3.943371
1017 1007 0.001381 0.173851 4.582458 4.165871
1018 1008 0.000691 0.177663 4.813293 4.375721
1019 1009 0.001381 0.186263 5.035461 4.577692
1020 1010 0.001619 0.188679 5.261780 4.783436
1021 1011 0.001544 0.178887 5.464844 4.968040
1022 1012 0.001761 0.169092 5.671875 5.156250
1023 1013 0.001292 0.169167 5.871948 5.338135
1024 1014 0.001196 0.164196 6.075317 5.523016
1025 1015 0.001619 0.162494 6.271667 5.701516
1026 1016 0.001196 0.147108 6.457886 5.870805
1027 1017 0.001381 0.125124 6.634216 6.031106
1028 1018 0.001544 0.123556 6.816956 6.197232
1029 1019 0.002392 0.109937 6.993347 6.357588
1030 1020 0.002072 0.091690 7.171631 6.519664
1031 1021 0.002013 0.078987 7.359741 6.690674
1032 1022 0.000488 0.071467 7.534973 6.849976
1033 1023 0.001827 0.064363 7.710022 7.009111
1034 1024 0.001465 0.051542 7.875732 7.159757
1035 1025 0.000977 0.078198 8.050415 7.318559
1036 1026 0.000977 0.083962 8.215820 7.468927
1037 1027 0.001544 0.095644 8.380737 7.618852
1038 1028 0.001196 0.101435 8.536499 7.760454
1039 1029 0.001691 0.120169 8.683594 7.894176
1040 1030 0.002674 0.109401 8.804565 8.004150
1041 1031 0.001381 0.119991 8.905029 8.095481
1042 1032 0.002184 0.112399 8.991882 8.174438
1043 1033 0.001544 0.112592 9.058228 8.234753
1044 1034 0.001465 0.098839 9.119385 8.290350
1045 1035 0.001381 0.080027 9.151245 8.319314
1046 1036 0.002072 0.067486 9.174988 8.340898
1047 1037 0.002072 0.047931 9.188599 8.353271
1048 1038 0.000977 0.071943 9.200378 8.363980
1049 1039 0.002342 0.058095 9.211487 8.374079
1050 1040 0.000846 0.066770 9.224304 8.385731
1051 1041 0.002441 0.089528 9.238708 8.398826
1052 1042 0.001691 0.083495 9.260193 8.418357
1053 1043 0.002584 0.086155 9.287292 8.442993
1054 1044 0.003049 0.070418 9.314880 8.468073
1055 1045 0.002441 0.077693 9.346863 8.497148
1056 1046 0.001691 0.071814 9.375793 8.523449
1057 1047 0.000977 0.081503 9.408325 8.553023
1058 1048 0.000846 0.057621 9.437988 8.579989
1059 1049 0.001691 0.049672 9.461670 8.601518
1060 1050 0.001544 0.044282 9.493713 8.630649
1061 1051 0.000000 0.023344 9.526001 8.660001
1062 1052 0.000691 0.018777 9.554871 8.686246
1063 1053 0.000977 0.017276 9.585144 8.713767
1064 1054 0.000000 0.030358 9.616821 8.742565
1065 1055 0.001465 0.020228 9.648193 8.771085
1066 1056 0.000000 0.024674 9.676819 8.797108
1067 1057 0.001691 0.019115 9.700500 8.818637
1068 1058 0.001381 0.038303 9.715454 8.832231
1069 1059 0.003010 0.041819 9.734802 8.849820
1070 1060 0.001381 0.057071 9.740906 8.855369
1071 1061 0.002584 0.052947 9.747253 8.861139
1072 1062 0.002072 0.060411 9.743469 8.857699
1073 1063 0.002013 0.039019 9.735718 8.850653
1074 1064 0.001196 0.038415 9.716736 8.833396
1075 1065 0.002184 0.045295 9.690430 8.809482
1076 1066 0.001196 0.036445 9.661865 8.783514
1077 1067 0.001092 0.043040 9.629089 8.753717
1078 1068 0.002072 0.027233 9.599182 8.726529
1079 1069 0.002072 0.017729 9.563416 8.694015
1080 1070 0.002238 0.039244 9.530151 8.663774
1081 1071 0.000691 0.036652 9.486450 8.624045
1082 1072 0.001953 0.026598 9.438354 8.580322
1083 1073 0.001092 0.009411 9.392578 8.538708
1084 1074 0.001544 0.030549 9.347412 8.497647
1085 1075 0.001381 0.018362 9.303101 8.457364
1086 1076 0.002238 0.017537 9.256775 8.415250
1087 1077 0.001953 0.020641 9.202148 8.365589
1088 1078 0.002762 0.015337 9.142151 8.311047
1089 1079 0.002805 0.019354 9.067810 8.243464
1090 1080 0.002537 0.030345 8.983948 8.167225
1091 1081 0.002889 0.036719 8.880920 8.073564
1092 1082 0.002072 0.027331 8.770874 7.973522
1093 1083 0.001691 0.017173 8.643738 7.857944
1094 1084 0.001761 0.019151 8.503662 7.730602
1095 1085 0.001953 0.012150 8.346191 7.587447
1096 1086 0.000977 0.010228 8.161926 7.419933
1097 1087 0.000691 0.018398 7.961975 7.238159
1098 1088 0.002128 0.024781 7.734680 7.031528
1099 1089 0.001196 0.022113 7.494446 6.813133
1100 1090 0.001544 0.019442 7.245178 6.586525
1101 1091 0.000846 0.023433 7.000061 6.363692
1102 1092 0.000691 0.026213 6.751343 6.137584
1103 1093 0.001196 0.011476 6.495972 5.905429
1104 1094 0.000691 0.012654 6.239197 5.671997
1105 1095 0.000977 0.042340 5.993713 5.448830
1106 1096 0.000488 0.054692 5.773926 5.249023
1107 1097 0.001953 0.059137 5.572937 5.066307
1108 1098 0.001544 0.064903 5.395996 4.905451
1109 1099 0.000000 0.057106 5.233521 4.757746
1110 1100 0.000691 0.063402 5.080200 4.618364
1111 1101 0.001092 0.052534 4.942261 4.492964
1112 1102 0.001292 0.049028 4.818542 4.380493
1113 1103 0.001092 0.031287 4.707214 4.279286
1114 1104 0.001196 0.025232 4.605652 4.186956
1115 1105 0.001381 0.022651 4.500122 4.091020
1116 1106 0.001953 0.032682 4.390320 3.991200
1117 1107 0.001196 0.025910 4.277344 3.888494
1118 1108 0.000000 0.024045 4.158630 3.780573
1119 1109 0.001292 0.032699 4.044067 3.676425
1120 1110 0.001761 0.044447 3.925964 3.569058
1121 1111 0.001544 0.053489 3.805969 3.459972
1122 1112 0.000977 0.064842 3.684326 3.349387
1123 1113 0.001544 0.078669 3.565308 3.241189
1124 1114 0.000977 0.089486 3.443237 3.130216
1125 1115 0.001381 0.101896 3.320190 3.018355
1126 1116 0.001891 0.090184 3.197449 2.906772
1127 1117 0.000000 0.087546 3.073669 2.794245
1128 1118 0.000691 0.074512 2.945312 2.677557
1129 1119 0.000977 0.061632 2.814819 2.558927
1130 1120 0.001691 0.045981 2.686218 2.442017
1131 1121 0.001691 0.034281 2.559082 2.326438
1132 1122 0.001953 0.032427 2.427124 2.206476
1133 1123 0.001953 0.032603 2.292175 2.083796
1134 1124 0.001891 0.031874 2.157410 1.961282
1135 1125 0.001953 0.035365 2.027832 1.843484
1136 1126 0.002290 0.041122 1.905334 1.732122
1137 1127 0.001292 0.038417 1.786438 1.624035
1138 1128 0.001092 0.031493 1.679993 1.527266
1139 1129 0.000691 0.042716 1.577576 1.434160
1140 1130 0.001465 0.042830 1.477661 1.343328
1141 1131 0.001465 0.044648 1.381470 1.255882
1142 1132 0.000488 0.047980 1.295776 1.177979
1143 1133 0.000846 0.043743 1.216370 1.105791
1144 1134 0.000977 0.039345 1.142395 1.038541
1145 1135 0.000691 0.037608 1.069824 0.972567
1146 1136 0.000488 0.034515 1.000061 0.909146
1147 1137 0.000000 0.027488 0.937683 0.852439
1148 1138 0.000000 0.021302 0.875488 0.795898
1149 1139 0.000977 0.019772 0.817627 0.743297
1150 1140 0.000977 0.022934 0.767273 0.697521
1151 1141 0.000846 0.020152 0.719360 0.653964
1152 1142 0.000691 0.017427 0.671875 0.610795
1153 1143 0.000691 0.017574 0.624329 0.567571
1154 1144 0.000691 0.023791 0.577576 0.525069
1155 1145 0.000488 0.026912 0.536560 0.487782
1156 1146 0.000000 0.027319 0.495117 0.450107
1157 1147 0.000488 0.033618 0.452515 0.411377
1158 1148 0.000000 0.037144 0.411072 0.373702
1159 1149 0.000691 0.038583 0.369507 0.335915
1160 1150 0.000000 0.034000 0.328247 0.298406
1161 1151 0.000488 0.021533 0.288391 0.262174
1162 1152 0.000000 0.024456 0.253113 0.230103
1163 1153 0.000488 0.025025 0.221497 0.201361
1164 1154 0.000000 0.018360 0.205017 0.186379
1165 1155 0.000691 0.019361 0.190552 0.173229
1166 1156 0.000000 0.034803 0.191956 0.174505
1167 1157 0.000488 0.048963 0.198120 0.180109
1168 1158 0.000846 0.061227 0.211975 0.192705
1169 1159 0.000691 0.072110 0.227966 0.207242
1170 1160 0.000691 0.075940 0.247803 0.225275
1171 1161 0.000846 0.068716 0.274414 0.249467
1172 1162 0.000000 0.074337 0.305298 0.277544
1173 1163 0.000000 0.077204 0.341064 0.310059
1174 1164 0.000488 0.070935 0.370361 0.336692
1175 1165 0.000000 0.061477 0.406982 0.369984
1176 1166 0.000691 0.047965 0.435791 0.396174
1177 1167 0.000691 0.036789 0.472168 0.429244
1178 1168 0.000000 0.027644 0.509155 0.462868
1179 1169 0.000977 0.022990 0.553650 0.503318
1180 1170 0.000488 0.025306 0.601440 0.546764
1181 1171 0.000000 0.036845 0.650269 0.591153
1182 1172 0.000488 0.038412 0.698425 0.634932
1183 1173 0.000691 0.046346 0.745972 0.678156
1184 1174 0.000691 0.058739 0.796692 0.724265
1185 1175 0.000488 0.060005 0.842224 0.765658
1186 1176 0.000000 0.066081 0.886902 0.806274
1187 1177 0.000691 0.066251 0.925293 0.841175
1188 1178 0.000000 0.068714 0.967041 0.879128
1189 1179 0.000000 0.068571 1.004517 0.913197
1190 1180 0.000691 0.067731 1.039307 0.944824
1191 1181 0.000000 0.065495 1.068665 0.971513
1192 1182 0.000691 0.065880 1.093689 0.994263
1193 1183 0.000691 0.073044 1.110107 1.009189
1194 1184 0.000488 0.071194 1.114319 1.013017
1195 1185 0.000691 0.070541 1.112549 1.011408
1196 1186 0.000691 0.069156 1.104004 1.003640
1197 1187 0.000488 0.071563 1.089172 0.990157
1198 1188 0.000691 0.067771 1.061218 0.964744
1199 1189 0.000691 0.078094 1.026245 0.932950
1200 1190 0.000000 0.076173 0.980530 0.891391
